# Postprocessed output from file: /home/jose/RUNS/marconis/lhdis_0112/flsurf_phi.dat
# Time average interval         : 100000	500000
# load_s0, nchi, nphi, nfp
#
0.640625
65
65
10
1.40149064642	1.24303738303	1.0628337669	0.861722488645	0.642106378293	0.407883342693	0.164175277154	-0.0831351305755	-0.327967526616	-0.564630269666	-0.788343213551	-0.995621967116	-1.18447615516	-1.35440332732	-1.50619135585	-1.64156809841	-1.76276320086	-1.87203979725	-1.97127565155	-2.06163351227	-2.14337125953	-2.21579767333	-2.27737180775	-2.32591947776	-2.35892506307	-2.37386753973	-2.36852147118	-2.34121978775	-2.29103277057	-2.21782679905	-2.12224259517	-2.0055764992	-1.86958778105	-1.71629239179	-1.54774450423	-1.36586714485	-1.17233283503	-0.968535532564	-0.755647351766	-0.534734022397	-0.306944132769	-0.0737078585544	0.163073282885	0.400888316715	0.63656002087	0.866296820244	1.08584971189	1.29077617534	1.47677364188	1.64004477385	1.77764505066	1.8877510029	1.96981516229	2.02456106491	2.05381903908	2.06021218916	2.04673078908	2.01626204883	1.97113792237	1.91278717803	1.84154066204	1.75663227889	1.65642052418	1.53875496662	1.40149064642	
1.47000458936	1.26374512236	1.04078533958	0.803897685599	0.557077496962	0.305318874576	0.0542462205095	-0.190369578309	-0.423112656269	-0.639391686703	-0.835801837773	-1.01033869186	-1.16243967794	-1.29285598436	-1.40338054009	-1.49647791197	-1.57486440055	-1.64109993816	-1.69723814591	-1.74457615112	-1.78352190061	-1.81358996568	-1.83351494137	-1.84144937154	-1.83522942009	-1.8126537604	-1.77175357502	-1.71100645742	-1.62949971046	-1.52698891712	-1.40389960513	-1.26125533149	-1.10053500758	-0.923538229702	-0.732228707499	-0.528609278143	-0.314643775674	-0.0922307046273	0.13677153577	0.370464176256	0.606805231552	0.843497818812	1.077901182	1.30698373409	1.5273468305	1.73532093065	1.9271367052	2.09915733243	2.24813905509	2.37149257315	2.4674959443	2.53542944686	2.57559863179	2.58923400919	2.57827727894	2.54507007129	2.49200207224	2.42116199841	2.33405493784	2.23144073539	2.11330200446	1.97900695192	1.82758053295	1.65807218471	1.47000458936	
1.42755582707	1.18631933187	0.936238996111	0.681578237888	0.427273742785	0.178606775367	-0.0591867909943	-0.281325105086	-0.483846532424	-0.66389066645	-0.81986008298	-0.951445909035	-1.05951837157	-1.14590558836	-1.2130889717	-1.2638553032	-1.3009483589	-1.32676067264	-1.34309534183	-1.35101178873	-1.35077645063	-1.34190528903	-1.32328370936	-1.29335122507	-1.2503154597	-1.19237136125	-1.11790926623	-1.02567810439	-0.914904976045	-0.785355309966	-0.637337143165	-0.471675380131	-0.289637114928	-0.0928520490598	0.116767271991	0.337094939101	0.565835933063	0.800547887277	1.03863583884	1.27733955836	1.51371383921	1.74462062723	1.9667589826	2.1767090069	2.37104518032	2.54646301512	2.69994834112	2.82895253124	2.9315476554	3.00655589326	3.05359834054	3.07308458801	3.06610411953	3.03425343794	2.97940023662	2.90343573042	2.80803596547	2.6944905897	2.56361808633	2.41578687387	2.25105494957	2.06940447209	1.87101929066	1.65658428354	1.42755582707	
1.30093211476	1.04257544746	0.784925235647	0.533041584775	0.291996172529	0.0665181799113	-0.139337912948	-0.32245968741	-0.480852132613	-0.613701939404	-0.721331024214	-0.805045955775	-0.866909873001	-0.909467247639	-0.935443936816	-0.947469943402	-0.947838728433	-0.938328885627	-0.920098672885	-0.893649636362	-0.858866307953	-0.815106706141	-0.761335118065	-0.696276466895	-0.618574931621	-0.526944171364	-0.420291397719	-0.297816927088	-0.159081000981	-0.00404026326811	0.166933394782	0.353063142853	0.553171589066	0.765693673313	0.988694903303	1.21987426785	1.4565770323	1.69580690804	1.9342565089	2.16835173886	2.39433336452	2.60835589804	2.80663341102	2.98559261379	3.14203906435	3.27332992343	3.37750248259	3.45336622297	3.50053676876	3.51939843122	3.51098720466	3.47682693811	3.41871033648	3.33847678668	3.23780414639	3.1180562681	2.98020941342	2.82487288297	2.65240395763	2.46310067577	2.25745489357	2.03639968869	1.80153382958	1.55528134455	1.30093211476	
1.12574235857	0.87058591039	0.625961490367	0.396944899414	0.187975606051	0.00254130381162	-0.15703117279	-0.28966854361	-0.395516440035	-0.475795220325	-0.53256459387	-0.568434827505	-0.58626075475	-0.588845239222	-0.578691721256	-0.557820561397	-0.5276603305	-0.489015002694	-0.4421001419	-0.386634067209	-0.321961906311	-0.247198798385	-0.16136802781	-0.0635242810993	0.047147960477	0.171269602205	0.309224667118	0.461143528844	0.626897798768	0.806101485258	0.998102422148	1.20195817749	1.41640589971	1.63981529354	1.87013388244	2.10484166443	2.34092766815	2.57490288549	2.80285157428	3.02055265876	3.22364377389	3.40783626747	3.5691620319	3.70421999723	3.81039961603	3.88603673747	3.93051753166	3.94425020011	3.92855012787	3.88543794263	3.81735548198	3.72686408916	3.61634664752	3.48777155609	3.34255422843	3.18152713378	3.00505521111	2.81323536175	2.60619724717	2.384426636	2.14904829341	1.90205960657	1.64643162749	1.38609166089	1.12574235857	
0.94216286123	0.710052874455	0.497159614694	0.307882321299	0.145448616623	0.0116922572703	-0.0930102098744	-0.169650730703	-0.220365456226	-0.248111581689	-0.256287609239	-0.248351359404	-0.227473349788	-0.196259716202	-0.156578148759	-0.109484228408	-0.055250031666	0.00651968730631	0.0767124213832	0.156500437807	0.247129748913	0.349735650132	0.465193861455	0.594036224005	0.736413287847	0.892111016408	1.06060363201	1.24112041535	1.43271083351	1.63430203059	1.84470690795	2.06258572067	2.28639952835	2.51430376793	2.74404939753	2.97289066336	3.19753140256	3.414135445	3.61841247075	3.80579205183	3.97166876267	4.11171700383	4.22221479602	4.30036016186	4.34451089767	4.3543301989	4.33080109925	4.27608098551	4.19323812942	4.08587877878	3.95772643974	3.81221298494	3.65214251972	3.47948466113	3.29532781997	3.10000544796	2.89336792102	2.67516348204	2.44545916909	2.20502761808	1.95564402179	1.70022121315	1.44278526149	1.1882711339	0.94216286123	
0.789916870024	0.597501757177	0.430711654531	0.292790123401	0.185454949035	0.10879166063	0.0613288188946	0.040285800007	0.041946762665	0.0621111185962	0.09656570049	0.141517422175	0.193942461033	0.251815504497	0.314204879627	0.381230505767	0.453904650165	0.533883262429	0.623166655268	0.723788432268	0.837530988645	0.965698724995	1.10897321382	1.26736043097	1.44020208506	1.62627903927	1.82396720577	2.03137102883	2.24648324651	2.46729569343	2.69183110951	2.91814833165	3.14425391481	3.36798305115	3.58686471655	3.79799283418	3.99795918813	4.18285356606	4.34837839324	4.4900614773	4.60356154895	4.68504652299	4.73155909499	4.74136395623	4.71418241998	4.65128333589	4.55539271192	4.43042496167	4.28108404986	4.11234762429	3.92894930012	3.73491248139	3.5332221081	3.32568457601	3.11299280315	2.89499536516	2.67111066611	2.44083111018	2.20421023119	1.9622623903	1.71722145185	1.47256998603	1.23288204215	1.00347381722	0.789916870024	
0.703702908354	0.562352212164	0.450085176921	0.368789271382	0.318676085383	0.298280061832	0.30465567491	0.333731134301	0.380782619534	0.440958960107	0.509791771679	0.583639039242	0.660003164327	0.737706740676	0.816899879577	0.898918996396	0.986016220859	1.08100121774	1.18684383827	1.30627594825	1.4414514715	1.59369379006	1.7633396778	1.94972075935	2.15123151313	2.3655081987	2.58964422348	2.82044286788	3.05464858183	3.28910863046	3.52089245192	3.74729186207	3.96576904609	4.1738224062	4.36883541281	4.54793857029	4.70790409546	4.84517354422	4.95594979241	5.03643226799	5.08316175259	5.09338972588	5.06547323758	4.99918747475	4.89592111853	4.75867740628	4.59188733893	4.40103133931	4.19211687345	3.97108946746	3.74326575458	3.51286869505	3.28275629405	3.054367315	2.8279058792	2.6027284549	2.37785103254	2.15251945301	1.92671180946	1.70151255862	1.47928777813	1.26363125951	1.05910061118	0.870773457405	0.703702908354	
0.709343282642	0.624003462837	0.568112500328	0.542273257577	0.545449971402	0.575050968652	0.627200520014	0.697158032374	0.779827306963	0.870303987996	0.964382052161	1.0589649878	1.15234238041	1.24429974534	1.33605179667	1.43002535673	1.52949920763	1.63817443488	1.75970504004	1.89724221708	2.05305353188	2.22824840065	2.42263611731	2.63471411775	2.86179216442	3.1002339526	3.34575312868	3.5937396879	3.83957031375	4.07887022362	4.30767814766	4.52250243569	4.72030561605	4.89837660998	5.05418548052	5.18522777222	5.28892248678	5.36258751266	5.40354059007	5.40931017643	5.37794439693	5.30836161472	5.20068552924	5.05650862748	4.87899064615	4.67278241187	4.44373825965	4.19846044548	3.94372068847	3.68585051837	3.43019435537	3.18070775362	2.93976965613	2.70823140769	2.48570333354	2.27101276629	2.06276099669	1.85989776153	1.66219051569	1.47054465345	1.28710382351	1.11512111962	0.958636533496	0.822003949377	0.709343282642	
0.821298766346	0.790414170375	0.786601218406	0.809464547866	0.857155164286	0.926501450867	1.01331436414	1.11282213959	1.22016585011	1.33091566178	1.44153486566	1.5497431883	1.65473003575	1.75720854386	1.85928972711	1.96421032394	2.07592704944	2.19863666956	2.3362784039	2.49203762648	2.66795763759	2.86465943836	3.0811875725	3.31505844392	3.56239238204	3.81819299766	4.07678031183	4.33213577467	4.57831022938	4.80977543634	5.02165254291	5.20984608832	5.37104919012	5.50266275323	5.60264643902	5.66935240193	5.70140758224	5.69763043863	5.65708212627	5.5792358628	5.46418349197	5.31292367048	5.12759603641	4.91164547559	4.66983662417	4.40808321265	4.13311181489	3.85197509544	3.57148683814	3.29766611511	3.03527124397	2.78750344943	2.55592461927	2.34060205158	2.14045832295	1.9537577192	1.77866252625	1.61375800534	1.45846273687	1.31328017432	1.17982913562	1.06068541852	0.959040013613	0.878240517028	0.821298766346	
1.04186078873	1.05823154463	1.09727373905	1.15800830436	1.23827866876	1.33490931754	1.4439929458	1.56129228791	1.68269025608	1.80463234453	1.9245229747	2.04102031822	2.15418407254	2.26548269726	2.37762783578	2.49427070697	2.6195868775	2.75778349947	2.9125884268	3.08677589868	3.28177635126	3.4973884422	3.73167024981	3.98100260477	4.24024649289	4.50311389453	4.76260492704	5.01145755059	5.24265371924	5.44978973034	5.6274256521	5.7712741372	5.87822298461	5.94629189422	5.97450777161	5.96267662178	5.91121071411	5.82104021547	5.69351057623	5.53045070891	5.33431035746	5.10827786809	4.85642234452	4.58374536063	4.29610281142	4.0000032456	3.70225694438	3.40953478511	3.1278877	2.86230515841	2.6163809108	2.39214279775	2.19007536595	2.0093347619	1.8481204114	1.70414834931	1.57514843401	1.45931606105	1.35564703683	1.26411013394	1.1856396014	1.12196958025	1.07531391162	1.04796103284	1.04186078873	
1.36191295625	1.4142936095	1.48382981174	1.56940789362	1.66906672046	1.78012797892	1.89946118245	2.02380811394	2.15014221405	2.27603503534	2.39995048953	2.52146456421	2.64135861102	2.76157334451	2.88502900131	3.0153240881	3.15631350906	3.31167378933	3.48438434793	3.67631390933	3.88785754804	4.11766484382	4.36260439069	4.61781444024	4.87695480187	5.13260429145	5.37673090823	5.60122925312	5.79847643	5.96177165706	6.08573622469	6.16652418301	6.2019012976	6.19120792228	6.13515089665	6.03559019632	5.8952746572	5.71762337932	5.50654164149	5.26634037194	5.00172185	4.71777734786	4.42001014807	4.11429628734	3.80677597073	3.50365070885	3.210899351	2.93394560507	2.67732076363	2.44438022816	2.23712049942	2.05613567002	1.90072223035	1.76912427682	1.6588899636	1.56728346981	1.49169569027	1.42999599217	1.38078357358	1.34350139287	1.31840431299	1.30639980073	1.30878522657	1.32692357542	1.36191295625	
1.76335121348	1.83839101451	1.92488395177	2.02199749383	2.1283690974	2.24220729536	2.36150199897	2.48424794655	2.60870233477	2.73364464164	2.85857242617	2.98384575103	3.11070512283	3.24120476591	3.37802530274	3.52419288382	3.68269685562	3.85609401525	4.04607896379	4.25311770631	4.47616153225	4.71244441083	4.9574889562	5.20523547416	5.44833500029	5.67858028616	5.88743187337	6.06660858231	6.20863243262	6.30735012533	6.35830124746	6.3589403051	6.30874277881	6.20905073979	6.06286295335	5.87455365103	5.64947221624	5.39358792986	5.11321978347	4.81480803324	4.50473490479	4.18924886867	3.87439753591	3.5659497557	3.2693165939	2.98941674716	2.73051952672	2.49606943831	2.28852467174	2.10924396213	1.95844571745	1.83526259721	1.73789461122	1.66384249739	1.61020453669	1.57399743349	1.55245882912	1.54329632447	1.54485178774	1.55617074064	1.57696190853	1.6074668403	1.64826650308	1.700044911	1.76335121348	
2.22155920572	2.3056932703	2.39619378026	2.49282559114	2.59510510252	2.70237887657	2.81392717045	2.92909812607	3.04746109608	3.1689388592	3.29391210818	3.4232705449	3.5583874968	3.70102144362	3.85313443828	4.01664576642	4.19313021926	4.3834699616	4.58757384021	4.80408117075	5.03016328765	5.26148046488	5.49223139059	5.71536438764	5.92293001008	6.10655805778	6.2580095972	6.36973563124	6.43544182518	6.45057743475	6.41260152372	6.32122797961	6.17840253439	5.9880632827	5.75588228134	5.48882502608	5.19466342976	4.8815110515	4.55742545174	4.23007539934	3.90650091535	3.59297431913	3.29491856508	3.01688383819	2.76254183972	2.53468547678	2.3352339266	2.16522906557	2.02484898664	1.913438528	1.82957209509	1.77116678967	1.73563140937	1.72004511493	1.72137264475	1.73667193087	1.76327926662	1.79896115076	1.84201046824	1.8912741268	1.94612459504	2.00637805699	2.07216502363	2.14378480177	2.22155920572	
2.70945050892	2.79051306532	2.87407838884	2.96069533797	3.05091579849	3.14529723399	3.24442080375	3.34893478	3.45958404855	3.57723953048	3.70289403503	3.83763665203	3.98258308276	4.13874573828	4.30688723175	4.48731960838	4.67967867705	4.88273491455	5.09418314739	5.31054407466	5.52709240478	5.73793738093	5.93621417509	6.11435452378	6.26453208574	6.37911379163	6.45121635084	6.47519966342	6.44713811752	6.36519299399	6.2297844646	6.04366026123	5.81175704946	5.540878842	5.2392433964	4.91597480815	4.58053191385	4.24216656932	3.9094704153	3.59001594463	3.29013318693	3.01479416112	2.76761431953	2.55092679201	2.3659131887	2.21275689106	2.09080125065	1.99870952892	1.93459470325	1.896140469	1.88072695927	1.88552949682	1.90761710981	1.94406918412	1.99207955715	2.04904465084	2.11265563829	2.18095117592	2.25238468338	2.3258267046	2.40054642812	2.47619312937	2.55272553202	2.63035075469	2.70945050892	
3.19806252244	3.2663754259	3.33492942906	3.405143212	3.47860032582	3.55699310888	3.64206544319	3.73555328465	3.83910654313	3.95421733206	4.08212688543	4.22370776033	4.3793894476	4.54898627673	4.73159402334	4.92548663704	5.12797795334	5.33539710534	5.54303271437	5.74523542163	5.93553382274	6.10684465201	6.25182084186	6.36322130381	6.43433236773	6.45944114778	6.43425795267	6.35629455214	6.22515533983	6.04267547509	5.81295176717	5.54216287434	5.23826191579	4.91053310881	4.56901852645	4.22394485541	3.88513031058	3.5614626231	3.26049665157	2.98817647146	2.74871678796	2.54460684253	2.37674964975	2.24467868041	2.14682228388	2.0807924497	2.04365704061	2.0321767391	2.04300990578	2.07283588669	2.11847585191	2.17695070401	2.2454863063	2.32156170712	2.40290616788	2.48749381805	2.57355602704	2.65958932884	2.74438062443	2.82701375345	2.90688240494	2.98371318229	3.05755250698	3.12877462085	3.19806252244	
3.66118855259	3.71028250321	3.75912977912	3.80997196698	3.86529876566	3.92772560845	3.99987437393	4.08421716725	4.18290706375	4.29762652974	4.429395555	4.57841802838	4.74395979453	4.92421021548	5.11623451144	5.31594188107	5.51813736565	5.71664448787	5.90448560007	6.07416332488	6.21798758787	6.32848760055	6.39882061164	6.42321422932	6.39734998151	6.31871706475	6.18685697857	6.00349365311	5.77257868816	5.50013893411	5.19403610184	4.86358288979	4.51904365304	4.17108535813	3.83017136094	3.50600735426	3.20703898687	2.94006614982	2.71001566018	2.51983727809	2.37056772442	2.26151906993	2.19055889085	2.15445018334	2.14921333389	2.17048387825	2.21379699208	2.27485168054	2.34967156434	2.43471043736	2.52690170411	2.62362343713	2.72268261647	2.82224342707	2.92075611879	3.01690312471	3.10956469877	3.19781182009	3.28089581712	3.35827903279	3.42967963326	3.49511630259	3.55494880922	3.60992425665	3.66118855259	
4.07348073302	4.1003855505	4.12831837334	4.16018151598	4.1991154752	4.24832274124	4.3108786021	4.38952127097	4.48640050024	4.60283521892	4.7391116452	4.89425408996	5.06594166061	5.25037716568	5.44235816177	5.63538911589	5.82186615813	5.99345642782	6.14146981207	6.25738446865	6.33333360109	6.36265525923	6.34035343719	6.2634878995	6.13144001562	5.946042442	5.71154807203	5.43444265779	5.12315178553	4.78759368323	4.43865137222	4.0876148744	3.74557146921	3.42282129384	3.12837423242	2.8695387201	2.65163872395	2.47789364626	2.34942118515	2.26539298262	2.22330788321	2.21933021129	2.24867437361	2.30600787525	2.38581123224	2.4827088889	2.59170313429	2.70836841683	2.82892774903	2.95027848171	3.06999423897	3.18619397814	3.29748413146	3.40284704467	3.50153232514	3.59298050733	3.67676413086	3.75258350823	3.82026004286	3.8797784222	3.93134710329	3.97545055016	4.01293183856	4.0450442903	4.07348073302	
4.41360071115	4.41872592959	4.42771089393	4.44385460774	4.47057540026	4.51120536314	4.56875750481	4.64563600514	4.74337611003	4.86235265332	5.00153291298	5.15830726599	5.3284211546	5.50592798478	5.68341641619	5.85227580835	6.00308506764	6.12620928075	6.21237505275	6.25336690793	6.24262524549	6.17582505397	6.05127668483	5.87015764747	5.63653085776	5.35717421299	5.04119637057	4.69949867018	4.34414172877	3.98763955632	3.64224362253	3.31928356106	3.02859588272	2.77806826023	2.57335144335	2.41773055457	2.31217129471	2.25548929919	2.24463721118	2.27510247128	2.3413121492	2.43704981363	2.55586705897	2.69142671803	2.83778799659	2.98962673376	3.14236473771	3.2922324479	3.43629363139	3.5723501237	3.69888821141	3.81496600117	3.92005932995	4.01398100224	4.09676409743	4.1685939683	4.22975284492	4.28061218947	4.3216445093	4.35345873885	4.37687348846	4.39297224715	4.40317512655	4.40930366992	4.41360071115	
4.66458621406	4.65136615014	4.64600898216	4.65184331804	4.67209845961	4.70968904233	4.76693090467	4.84525047873	4.94490183604	5.06468516443	5.20177995146	5.35159526044	5.50778377839	5.66247630669	5.80651609915	5.92997886725	6.02280245832	6.07546442924	6.07975568391	6.02948624564	5.92110481882	5.75413555121	5.53139465885	5.25893942189	4.94576414978	4.60325782059	4.24447894756	3.88331402409	3.53359256223	3.20825339789	2.91859051746	2.67366191125	2.4799228948	2.3410487201	2.25797461668	2.22912488839	2.25078063149	2.31752352862	2.42276530396	2.55923455281	2.71941639131	2.89597942752	3.08204414125	3.2714420365	3.45885208783	3.63986603546	3.81101338855	3.96970959416	4.11416438073	4.24331021644	4.35667529114	4.45422323791	4.53629984807	4.60350270626	4.65658881056	4.69645310393	4.72408077844	4.74053716362	4.74698515611	4.74472710967	4.73525544187	4.7203029114	4.70191070759	4.68243727018	4.66458621406	
4.81195301059	4.78598871123	4.77252215148	4.77445637141	4.79429351422	4.83388900466	4.89418241219	4.97495569159	5.07455714833	5.18969768017	5.31545944583	5.44522462564	5.57087484233	5.68325426946	5.77251263177	5.82884673899	5.84323458742	5.80813710642	5.71830178239	5.57133673915	5.3681527782	5.11314179106	4.81406582687	4.48166490955	4.12899941343	3.77058851519	3.42143725165	3.09601463593	2.8073214994	2.5661111462	2.38030201798	2.25465088016	2.19069662609	2.18696212025	2.23935039661	2.34168383029	2.48630071054	2.6646959707	2.86807672778	3.08784635087	3.31597735382	3.54530398625	3.76964658581	3.98393319949	4.18417020374	4.36739605944	4.53159929916	4.67558854859	4.79886391658	4.90147685957	4.98396212589	5.047161242	5.09219074247	5.12035482594	5.13308704964	5.13194734856	5.11858423912	5.09473798302	5.06228298753	5.02320838034	4.97968815937	4.93411010108	4.8890563282	4.84733814325	4.81195301059	
4.84616190291	4.81416012183	4.79924251045	4.80335317272	4.82766077285	4.87232233378	4.93625816291	5.01699491142	5.11052802491	5.21128666316	5.31228207013	5.40533468365	5.4814473438	5.53138233165	5.54625629373	5.51825582141	5.44136260573	5.31197944289	5.12948417878	4.89655644686	4.61926685345	4.30689256247	3.97144333237	3.62692952688	3.28844372667	2.97112920075	2.68913430133	2.45466897188	2.27722227249	2.16303723566	2.11488977824	2.13212831325	2.21098927009	2.34512265535	2.52625225637	2.74488064131	2.99097924985	3.2545963774	3.52634576356	3.79777383052	4.06158080804	4.31175009127	4.54357762411	4.75359260825	4.9394785301	5.09990501568	5.23441143545	5.34320311998	5.4269971198	5.48693783221	5.52444775844	5.54114981482	5.53884943959	5.51947622628	5.48505117299	5.43773002566	5.37975635438	5.31350469082	5.24150485785	5.16640559356	5.09099765134	5.01822745815	4.95112701027	4.89276271146	4.84616190291	
4.75846127859	4.72702242243	4.71643943965	4.72712824098	4.75832301305	4.80789653159	4.87228540853	4.94640192311	5.0237935534	5.09690840595	5.15731798518	5.19632931213	5.20552511659	5.17736415562	5.10585969248	4.98715753233	4.8200434575	4.60629125271	4.35081175012	4.06158214538	3.7493280332	3.4269446191	3.10873513287	2.80947587364	2.54342346713	2.32334562803	2.1596568956	2.05976746317	2.02769000375	2.06390881873	2.16554687143	2.32678713593	2.53945644085	2.79373291294	3.07887324287	3.38390054476	3.69821351786	4.01202889043	4.31673840527	4.60511588661	4.87139092257	5.11124898102	5.32175848948	5.50123758213	5.64909233798	5.76560967999	5.85177195612	5.90906262295	5.93933880492	5.94468786825	5.9273309529	5.8895652089	5.83376964057	5.76239419461	5.67795152532	5.58308268719	5.48055461678	5.37330240349	5.26438934805	5.15704441553	5.05456938037	4.96030252623	4.87754940766	4.8093622228	4.75846127859	
4.54308763122	4.51746893598	4.51488403112	4.53369599832	4.57070407741	4.62113220168	4.67874292298	4.73599366941	4.78447370933	4.81548820774	4.82049266195	4.7919107078	4.72372508901	4.61203338785	4.45556140379	4.25591776216	4.01771971646	3.74847928957	3.45829228084	3.15930184904	2.86502750299	2.58953066335	2.3465243879	2.14848060469	2.00583051095	1.92630064922	1.91447064059	1.97158015153	2.09556902965	2.28138150118	2.52143638057	2.80622450978	3.12500399808	3.46644787296	3.81927505075	4.17278888544	4.5172678054	4.84425338455	5.14677232709	5.41936244476	5.6581062186	5.86057492894	6.02560249908	6.15324100096	6.244469616	6.30103871871	6.3252310243	6.31965447007	6.28716224227	6.23064584327	6.15299151199	6.0570592494	5.9456916471	5.82171973371	5.68807426624	5.54775036332	5.40392477727	5.25997244249	5.1193938407	4.98582571622	4.86291699329	4.75421143306	4.66296383905	4.59192305679	4.54308763122	
4.19511320333	4.17860416557	4.18501517802	4.21026505015	4.24850956435	4.29235409033	4.33319082544	4.36178759635	4.36893747281	4.34624113134	4.28686132691	4.18620430828	4.04247441636	3.85699565623	3.63430083478	3.38196213849	3.11018140082	2.83118568903	2.55846670707	2.3059126881	2.08693890672	1.91364554609	1.79607173889	1.74162574092	1.75470501433	1.83653884504	1.9852570759	2.19616188766	2.46212711461	2.77412537294	3.1218197732	3.49412616815	3.87976698774	4.26776932623	4.64785014387	5.01076724019	5.34853619634	5.65460241728	5.92391948396	6.15292597535	6.33959520588	6.48320207384	6.58427892551	6.64438779281	6.66589525724	6.65182726763	6.60556494744	6.53070031851	6.43087543349	6.30967939297	6.17051090166	6.01666414047	5.85132360696	5.67761758196	5.49874079182	5.31796877836	5.13877110963	4.96478353194	4.79980346549	4.64769275657	4.51220402421	4.39678199741	4.30431090006	4.23681126862	4.19511320333	
3.71392754452	3.70742067256	3.72098089977	3.74798488809	3.78015202794	3.80797715781	3.82155314326	3.81127362765	3.7688308717	3.68806489476	3.56567365425	3.40175405258	3.19999835367	2.96760302062	2.71482566009	2.45429496567	2.20009487727	1.96675428598	1.76821447314	1.61689101119	1.52289209612	1.49344337421	1.53258671474	1.64111870526	1.81675174458	2.05448480358	2.34706766269	2.68556047331	3.05986844414	3.45924771682	3.87278332719	4.28973386195	4.6998840039	5.09383379205	5.46312786975	5.80050559846	6.10000763171	6.35704901901	6.56849320134	6.73256798283	6.84890822603	6.91838477942	6.94296566776	6.92550542324	6.86959477982	6.77930070854	6.65892094699	6.5128380822	6.34533469389	6.16050777407	5.96217787131	5.75395059289	5.53924896614	5.32140025043	5.10375159828	4.88975823712	4.68304470906	4.48739407499	4.30667590636	4.14472047642	4.00509350157	3.89078641317	3.80387923922	3.74519959134	3.71392754452	
3.10579934348	3.10815028646	3.12486751352	3.14711574477	3.16489991381	3.16786050549	3.14631198591	3.09218170112	3.00000317713	2.86768531696	2.69697170765	2.49356548592	2.26684138697	2.02920332582	1.79511769995	1.57995015562	1.39873028385	1.26498088921	1.18973600271	1.18083343358	1.24254118516	1.37549794876	1.5769847647	1.84139964624	2.16087214109	2.52596487191	2.92627094446	3.35100359426	3.78942120989	4.2310856416	4.66616641716	5.08552780561	5.48085224872	5.84478860583	6.17097467061	6.4541943491	6.69042822699	6.8769244433	7.0122781796	7.09637159752	7.13021971332	7.11606333117	7.05711660892	6.95733906531	6.82129249117	6.65386006539	6.46009519413	6.24496819642	6.01324187989	5.76938266232	5.51749234303	5.2613760988	5.00465151506	4.750756645	4.50311301481	4.26525316674	4.04082201985	3.83356630303	3.64720023376	3.48521687725	3.35059898853	3.2454242412	3.17049253038	3.1249135345	3.10579934348	
2.38642035549	2.39485604786	2.40942414391	2.41999543729	2.41625354385	2.38876211988	2.33000273473	2.23542370241	2.1041443376	1.9393898276	1.74850554151	1.54250402023	1.3352437322	1.14226237744	0.979427191104	0.861553874282	0.801156861876	0.807481644654	0.885900320619	1.03773391534	1.26044680973	1.5481958381	1.8925366346	2.28328324227	2.70928500243	3.15914464209	3.62172232508	4.08648348206	4.54373069471	4.98464303248	5.40126789972	5.78656311273	6.13433376866	6.43930819011	6.69711581505	6.90447342237	7.05908810973	7.1598762722	7.20701696881	7.20171303998	7.14631600692	7.04417109141	6.899528613	6.71722561214	6.50259507657	6.26113464012	5.99839578679	5.71980184881	5.43039415212	5.13491278455	4.83765200041	4.54256488913	4.25337296192	3.97359471884	3.70671455026	3.45623635217	3.2256923001	3.01855451829	2.83808063471	2.68702481995	2.56727384953	2.47942933144	2.42242421384	2.39316508936	2.38642035549	
1.58341699842	1.59392774345	1.60076105929	1.59404991782	1.56505557174	1.50725296641	1.41728994254	1.29566013209	1.14703037841	0.980106603232	0.807056104609	0.642524770292	0.50233796944	0.402048916281	0.35550343604	0.373603132309	0.463415732827	0.627725818213	0.865052529236	1.17006815284	1.53435191313	1.94726664003	2.39695584659	2.87114257945	3.35784402037	3.84587575296	4.32508083331	4.78648858671	5.22227559346	5.62563895487	5.99076520147	6.31271215528	6.58731063565	6.81124455182	6.9820057594	7.09801032659	7.15867982394	7.16435929112	7.11655827531	7.01776702158	6.87139170397	6.68178005038	6.45389048526	6.19324480215	5.90569677825	5.59713622319	5.2734175632	4.94018981442	4.60269789389	4.26582083227	3.93401685936	3.61138088097	3.30172672993	3.00866204238	2.73568973104	2.48619181102	2.26338798875	2.07018969878	1.90893365375	1.78104631976	1.68665910344	1.62423444776	1.590263439	1.5791686186	1.58341699842	
0.732873901962	0.740868001556	0.735535537201	0.709242242722	0.656851818017	0.576571982073	0.470496880445	0.344772713379	0.20930760471	0.0770520243842	-0.0371078103985	-0.117719011102	-0.150232845735	-0.122397889359	-0.0253954767402	0.145420119083	0.390262587538	0.705112886108	1.08233207278	1.51153443864	1.98055302617	2.47647818082	2.98638136652	3.49806471572	4.00047663699	4.48382006211	4.93976013821	5.36133999513	5.7427673903	6.07925252908	6.36706485913	6.60323079418	6.78544958031	6.9122984752	6.98304664937	6.99768660863	6.95717603498	6.86332996929	6.71881634609	6.52720095799	6.29280095306	6.02059673708	5.71610352662	5.38524566791	5.03409692526	4.66873726364	4.29519748551	3.9191302942	3.54595577496	3.18066581355	2.82785881317	2.49185817347	2.1765922548	1.88580529907	1.62289735356	1.39094471348	1.19251111401	1.02938205698	0.902287886113	0.810540487634	0.751744821511	0.721597422725	0.713880900827	0.720680381877	0.732873901962	
-0.125556127468	-0.124419590663	-0.143761424211	-0.187028658282	-0.254165866166	-0.341276388662	-0.440658514551	-0.541291472694	-0.629696047006	-0.691135601405	-0.711001388719	-0.67622684575	-0.576553083264	-0.4054902843	-0.160848292828	0.155197481754	0.536489812082	0.97359910303	1.45478439959	1.96695993274	2.49660704763	3.03062080464	3.55675247133	4.0640994414	4.54326932039	4.98634547108	5.3869598673	5.74004668228	6.04178507242	6.28936438521	6.48092049478	6.61531871048	6.69218301627	6.71187861737	6.67532781104	6.58419748468	6.44080982955	6.24831253588	6.01044265728	5.7315205197	5.41654861864	5.07091217904	4.70040657255	4.3110584596	3.90895078335	3.50020164861	3.09081041369	2.68649740937	2.29278075852	1.91486190244	1.55760919832	1.22557789962	0.922896001941	0.653273900747	0.419789022787	0.224716336582	0.0692569710882	-0.0467611573239	-0.125143938485	-0.169531098337	-0.185441806673	-0.180119984234	-0.162159144617	-0.14088531804	-0.125556127468	
-0.9556234335	-0.963693571815	-0.994515802667	-1.046066117	-1.11256726434	-1.18476212676	-1.25060637539	-1.29627173741	-1.30741586657	-1.27053578854	-1.17427072007	-1.01048306697	-0.77499291046	-0.467878684425	-0.0933500314424	0.340762257857	0.823793415417	1.34318066914	1.88535974722	2.43665808995	2.98391084634	3.51502340033	4.01924894796	4.4873364778	4.91173211089	5.28641064623	5.6067854524	5.86962760126	6.07297285292	6.21586629916	6.2982546343	6.32088348271	6.28526440944	6.19341687115	6.04792776637	5.85208002566	5.60951432342	5.32434294932	5.00116229239	4.64492938536	4.26095792157	3.85481678971	3.43230434384	2.99937463186	2.56200869134	2.12624653766	1.69804521103	1.2832867524	0.8876894496	0.516748944433	0.175656880989	-0.130859380725	-0.398689298152	-0.624623877441	-0.806612458397	-0.944094465743	-1.03826669824	-1.09228677243	-1.11132724825	-1.10244212875	-1.07420326409	-1.03613964437	-0.997958043422	-0.968664567192	-0.9556234335	
-1.73051747044	-1.74626679964	-1.78060964914	-1.825999635	-1.87177668217	-1.90504565786	-1.91182185612	-1.87831890685	-1.79225094821	-1.64398058255	-1.42739023581	-1.14037265617	-0.784918286802	-0.366816026507	0.104947596425	0.618976761145	1.16234247138	1.72141489792	2.28255076483	2.83278762514	3.36014583852	3.85401887356	4.3053184779	4.70652719467	5.05181480028	5.33686962848	5.55885761959	5.7163384539	5.80911083731	5.83799582981	5.80480764718	5.71215328313	5.56318917801	5.36161880398	5.11164408785	4.81781590237	4.48486098822	4.11773803606	3.72163989091	3.30185404845	2.8638264193	2.4131407719	1.9554787257	1.49664141213	1.04255022121	0.599215162419	0.172724854249	-0.230825605008	-0.605425320073	-0.945335038288	-1.2452846473	-1.50081652841	-1.70864576127	-1.86702581949	-1.97614387894	-2.03835100456	-2.05829437543	-2.04281249645	-2.00060617141	-1.94166481072	-1.87650751668	-1.81525412312	-1.76668082598	-1.73728420135	-1.73051747044	
-2.43504918585	-2.45170055514	-2.47643844644	-2.49751442316	-2.50149490478	-2.47448976394	-2.40343047911	-2.27728840113	-2.08804726534	-1.83136910591	-1.50686331642	-1.11799854295	-0.671668166699	-0.177548576677	0.352663655369	0.906026572859	1.46910965287	2.02855795534	2.57165555131	3.08666604416	3.56311965762	3.99201419801	4.365896088	4.6789877844	4.92707110516	5.10754528992	5.21932481542	5.26267805272	5.23915020996	5.15132932589	5.00275864669	4.79771000834	4.54089730789	4.23755113644	3.89314611999	3.51319415195	3.10330635582	2.66907036139	2.21603006349	1.74969105531	1.27556920498	0.799221308795	0.326301651522	-0.137410945726	-0.585941034465	-1.01312329235	-1.41270596429	-1.77841800867	-2.10423820034	-2.38470430279	-2.61532537592	-2.79306700472	-2.91678735552	-2.98764129495	-3.0093023131	-2.98795482516	-2.93205672184	-2.85181215265	-2.75842151411	-2.66315270349	-2.57632684292	-2.5063204328	-2.45869230233	-2.43551821667	-2.43504918585	
-3.06368320103	-3.06944316007	-3.06831843712	-3.04675237187	-2.99129301501	-2.88980462039	-2.7325601434	-2.5130408818	-2.22842134683	-1.8796526172	-1.47124704763	-1.01078048052	-0.508239790458	0.024692188866	0.575326968693	1.13060771942	1.67760998576	2.20400846438	2.69837923937	3.1504662737	3.55143449716	3.89391886479	4.17214189079	4.38202687586	4.52108884031	4.58842459471	4.58466678773	4.511756192	4.37290814069	4.17234089872	3.9150452217	3.60671337871	3.25344046724	2.86157806208	2.43749812125	1.98754657035	1.51795577241	1.0347563815	0.543837144738	0.0509379611407	-0.438237379978	-0.917959250293	-1.38243618788	-1.82566373799	-2.24150185229	-2.62375855646	-2.96621920224	-3.26310402218	-3.50931369252	-3.70094064522	-3.83582652708	-3.91394574572	-3.93781567278	-3.91261007188	-3.84604109984	-3.74796870356	-3.62971960579	-3.50321111692	-3.3799380095	-3.26992932541	-3.18077752561	-3.11686626166	-3.07883942391	-3.06343894015	-3.06368320103	
-3.61755679267	-3.59762671109	-3.55454556977	-3.47568419249	-3.35010072687	-3.16946691222	-2.92870832261	-2.62629857702	-2.26424262103	-1.84775461684	-1.38477456814	-0.88532054289	-0.360851924882	0.176340747507	0.713687898061	1.23881585901	1.73985965699	2.20585148231	2.62689686687	2.99438750832	3.30121926226	3.54176453291	3.71207999455	3.80984734678	3.83433682736	3.78638494375	3.66825784674	3.48348486029	3.23671109069	2.93349050952	2.58006593943	2.18317656115	1.7498849801	1.2873248045	0.802582284566	0.302615425823	-0.205839826557	-0.716266001322	-1.2223480174	-1.71790406529	-2.19681563503	-2.65296058101	-3.08023200386	-3.47248205711	-3.82370278238	-4.12823786175	-4.38101444742	-4.57807066544	-4.71689209566	-4.79692878707	-4.8199766321	-4.79034902503	-4.71493723007	-4.60289682144	-4.4651508652	-4.31360192216	-4.16021128176	-4.01598012979	-3.88997097028	-3.78844523475	-3.71424027766	-3.66640485023	-3.64021869292	-3.62755366358	-3.61755679267	
-4.09966581598	-4.03977706187	-3.94258873261	-3.79859930083	-3.60100844121	-3.34617974026	-3.03377526467	-2.66665668607	-2.25055150175	-1.79355202357	-1.30555821941	-0.797702683087	-0.281808272204	0.230095305	0.726174321514	1.19513746235	1.62651502538	2.01089130913	2.34009469138	2.60736216681	2.80742284125	2.93661009064	2.99288325724	2.9757662543	2.88631834813	2.72704229051	2.50169699031	2.21520236818	1.87337742832	1.48279695118	1.05061944141	0.584321409144	0.0915918368218	-0.419852292778	-0.942367475735	-1.46846445617	-1.99084135193	-2.50238590836	-2.99615987973	-3.46537816321	-3.90338849454	-4.30377092409	-4.66038593887	-4.96762921384	-5.2206755498	-5.4157957769	-5.55079813738	-5.62533822003	-5.64126743098	-5.60277596738	-5.51641733744	-5.39092704632	-5.23677790116	-5.06555180265	-4.88913235587	-4.71879741615	-4.56429583674	-4.43301543711	-4.32929830802	-4.2540033392	-4.20437876328	-4.17422814106	-4.15443094368	-4.13372177755	-4.09966581598	
-4.51338809699	-4.40310889248	-4.24601351649	-4.03690229508	-3.77360603075	-3.45694073928	-3.09056550032	-2.68062077263	-2.23527849732	-1.76426082148	-1.27833747614	-0.788855691934	-0.307312362926	0.155011494183	0.587388663573	0.979900377679	1.32368228309	1.61110058463	1.83588872334	1.99329552093	2.08009673053	2.09465401912	2.03690299326	1.90824061288	1.71145810276	1.45057828548	1.130703513	0.757852962894	0.338791011569	-0.119169122454	-0.608300645599	-1.12059461777	-1.64792536919	-2.18211192878	-2.71502587813	-3.238624578	-3.74498394638	-4.22635265316	-4.67520495937	-5.08428343311	-5.44686352783	-5.75689529569	-6.0093336978	-6.20050034007	-6.3284180279	-6.39314934486	-6.39699234404	-6.34463120414	-6.24301744296	-6.10114834505	-5.92960296193	-5.73997493648	-5.54412669014	-5.35339387272	-5.17776384761	-5.02510889643	-4.90056464007	-4.80605714521	-4.74014629369	-4.69808544986	-4.67215528476	-4.65237294157	-4.62722876904	-4.58473432585	-4.51338809699	
-4.8626317481	-4.69790259243	-4.48244794705	-4.21551772945	-3.89906840966	-3.53752136705	-3.1374435267	-2.7071095835	-2.25609144497	-1.79484104915	-1.33426718594	-0.885382068508	-0.458943060648	-0.0651531348997	0.286623062154	0.588077263798	0.832147820439	1.01316897586	1.12696904066	1.17092035095	1.14396047795	1.04654931686	0.880588009182	0.649303972211	0.357097771982	0.00937048207752	-0.387618001035	-0.826935277578	-1.30113357337	-1.80233400357	-2.32238624414	-2.85293082856	-3.38547873197	-3.91149178786	-4.42239655835	-4.90970464492	-5.36508358373	-5.7804593848	-6.14831775989	-6.46184010947	-6.71533888973	-6.90465998872	-7.02749475394	-7.08384145577	-7.07614485501	-7.00943289778	-6.89121024389	-6.73107612578	-6.54025681228	-6.33094562518	-6.11552949811	-5.90579710806	-5.71215108357	-5.54290152764	-5.40368288156	-5.29706033877	-5.22233278392	-5.17559692362	-5.15004152427	-5.13650727263	-5.12419785312	-5.10149247385	-5.05697915694	-4.98023699174	-4.8626317481	
-5.15091845735	-4.93440454714	-4.66856280207	-4.35641429496	-4.00310619882	-3.6156349186	-3.20243382279	-2.77299425129	-2.33751868949	-1.90656584222	-1.49071382094	-1.10024824952	-0.744876745431	-0.43345737623	-0.17376746139	0.0276899604642	0.165833576664	0.237102751051	0.239505612196	0.172626422026	0.0375668550048	-0.163152441452	-0.425714651367	-0.745188180378	-1.11569581533	-1.53059011218	-1.98263887476	-2.46413758722	-2.96705874807	-3.4831125795	-4.00382862542	-4.52059044693	-5.02470318701	-5.50746533628	-5.96018685651	-6.37442679482	-6.74216550176	-7.05604922369	-7.30981456713	-7.49862616367	-7.61955536989	-7.67198119798	-7.65785508715	-7.58192339103	-7.45156965006	-7.27659040274	-7.06869336017	-6.84072086823	-6.60588802968	-6.37689776099	-6.16508004601	-5.97964738479	-5.8270790909	-5.71072477612	-5.63059770054	-5.58345231824	-5.5630522671	-5.56071148691	-5.56593332203	-5.56725564174	-5.55314389444	-5.51270012947	-5.43662642291	-5.31762845184	-5.15091845735	
-5.38405099819	-5.12388294365	-4.81991656761	-4.47796267466	-4.10540717369	-3.71086342555	-3.30383612679	-2.89436949133	-2.49273646254	-2.1091485565	-1.75347726644	-1.43496428956	-1.16198780215	-0.941816090918	-0.780428129301	-0.682351521589	-0.650565515751	-0.686449167061	-0.789775419749	-0.958786596865	-1.19028595666	-1.47979275874	-1.82171553089	-2.20956257876	-2.63612209811	-3.09366211129	-3.57408264707	-4.06902263561	-4.57000626086	-5.0684490937	-5.55574292944	-6.02329322545	-6.46258237615	-6.86531554868	-7.22355243695	-7.52998032778	-7.77823711179	-7.96324107609	-8.08167677416	-8.13234341869	-8.1164531496	-8.0379260235	-7.90339795226	-7.72201968527	-7.50507445327	-7.26537696252	-7.01645776982	-6.77170313311	-6.5434436962	-6.34208527855	-6.17542236502	-6.0481190579	-5.96141593452	-5.913116002	-5.89782077048	-5.90739820623	-5.93166001818	-5.95913807311	-5.97795767855	-5.97669728995	-5.94512679595	-5.87488586558	-5.75987500047	-5.59656805842	-5.38405099819	
-5.56754201067	-5.27558738052	-4.94810366225	-4.5927927195	-4.21842708102	-3.83451822404	-3.45100521659	-3.07795333524	-2.72526723521	-2.40244073605	-2.118280845	-1.8806928683	-1.69647118084	-1.57107818345	-1.50852790978	-1.51126313968	-1.58010506864	-1.71425849475	-1.9113699627	-2.1676046984	-2.47784651056	-2.83584438596	-3.23442641638	-3.66572889801	-4.12137349088	-4.59272068066	-5.0709473483	-5.54722836987	-6.01283535036	-6.45918167432	-6.87795523096	-7.26117803193	-7.60133687635	-7.89161866243	-8.12613640002	-8.30021050414	-8.41073640902	-8.45647163456	-8.43833883236	-8.35966254441	-8.22618340077	-8.04602071947	-7.82939707075	-7.58816510294	-7.33521806486	-7.0836982291	-6.84616847348	-6.6337665079	-6.45544795781	-6.31731876727	-6.22223911852	-6.16963232067	-6.15557294727	-6.17310418024	-6.21285733652	-6.26372930984	-6.31376389799	-6.35109664564	-6.36456513589	-6.34463474761	-6.28383520142	-6.17702489829	-6.02165077041	-5.81770581837	-5.56754201067	
-5.70630373301	-5.39591425363	-5.05991573256	-4.70712964654	-4.34705968586	-3.98949922497	-3.64431643434	-3.32114125588	-3.02908780421	-2.7765561144	-2.57097550195	-2.41862905728	-2.32447148786	-2.29199975839	-2.32313918575	-2.41820006257	-2.57588910567	-2.79334213707	-3.06621650555	-3.38885694702	-3.75445992598	-4.15527172059	-4.58282038983	-5.02813029784	-5.48196091085	-5.93500242899	-6.37805541612	-6.80220645772	-7.19893791054	-7.56030833226	-7.87910110928	-8.14894479575	-8.36456853511	-8.52200028118	-8.61880010572	-8.6542875812	-8.62971956994	-8.54844623993	-8.41589330475	-8.23946146173	-8.02837734546	-7.79331606411	-7.54591936309	-7.2982499644	-7.06212110249	-6.84838242353	-6.66624017095	-6.5226049934	-6.42161475701	-6.36431256548	-6.34854218648	-6.369103574	-6.41813143982	-6.48566935662	-6.56043006488	-6.63056911873	-6.68455143941	-6.71195570171	-6.70392184024	-6.65378527758	-6.55729072339	-6.41259520162	-6.22030780383	-5.98326829583	-5.70630373301	
-5.80429934219	-5.48894518221	-5.15871677063	-4.82293751874	-4.4912318194	-4.17320063812	-3.87813719836	-3.61479225092	-3.39112178324	-3.2140587028	-3.08935938392	-3.02144383289	-3.01325276319	-3.06619634604	-3.18008889867	-3.35316489237	-3.58213194068	-3.86225830912	-4.18749020599	-4.55064350067	-4.94357030418	-5.35737701107	-5.78268133041	-6.20983029947	-6.62916612817	-7.03122721064	-7.40702473513	-7.74824317233	-8.04744146688	-8.29828625566	-8.49573415587	-8.63625552804	-8.71799846092	-8.74093113039	-8.70694699965	-8.61987437371	-8.48538615392	-8.31085154286	-8.10513539176	-7.87818154538	-7.64061918805	-7.40335377277	-7.17702358035	-6.97148651954	-6.79529230134	-6.65517062573	-6.55560845067	-6.4985241164	-6.48308471241	-6.50570813354	-6.5602666231	-6.63843610678	-6.730272635	-6.82486015701	-6.91102062005	-6.97809021485	-7.01651569012	-7.01841545556	-6.97799158336	-6.89168610999	-6.75826793428	-6.57879286793	-6.35639365709	-6.09604888543	-5.80429934219	
-5.86209107101	-5.55439222294	-5.24272982053	-4.93638067678	-4.64457796475	-4.3762255632	-4.13960178073	-3.9421585361	-3.79031207868	-3.68923942087	-3.64277349109	-3.65328426928	-3.72161323775	-3.84707233574	-4.02743999619	-4.25902258965	-4.53677552533	-4.85436431772	-5.20439638676	-5.57855335062	-5.96781820198	-6.36267229615	-6.75340711374	-7.13033967299	-7.48409768718	-7.80595252672	-8.08801226619	-8.3235843555	-8.50738495503	-8.63575909243	-8.70689611341	-8.72097505566	-8.68015925342	-8.58860829509	-8.45234314244	-8.27900740379	-8.07751413796	-7.8576571707	-7.62969847325	-7.40393614909	-7.19021747533	-6.9974898156	-6.83343916767	-6.70411710533	-6.61363668372	-6.56394590113	-6.55468351656	-6.58316306244	-6.64447926024	-6.73173164945	-6.83644885277	-6.94898568625	-7.05916531002	-7.15688422852	-7.23256763741	-7.27791432621	-7.28618018693	-7.2524602418	-7.1740227015	-7.0502109194	-6.88241782042	-6.67398614106	-6.4299474679	-6.15677439969	-5.86209107101	
-5.88005463291	-5.59111994851	-5.30872044011	-5.04159268189	-4.79810721612	-4.58598754587	-4.41210228767	-4.28224755638	-4.20098493221	-4.17151740532	-4.19559658917	-4.27347793174	-4.40392430821	-4.58425483629	-4.81038665691	-5.07695306598	-5.37746750958	-5.70442083523	-6.04950738387	-6.40383609789	-6.75813514759	-7.10300578654	-7.42922160657	-7.727987478	-7.99127083746	-8.21211492767	-8.3848613165	-8.50552522336	-8.57190682648	-8.58380592715	-8.54312456345	-8.45375175174	-8.32149920278	-8.15385894524	-7.95965004061	-7.74859991295	-7.53088363499	-7.31659878369	-7.11531274009	-6.93564636622	-6.78487661484	-6.66863637488	-6.59068238344	-6.55274927439	-6.55448591199	-6.59347775413	-6.66536915032	-6.76406906943	-6.88205441582	-7.01073988681	-7.14093019223	-7.26326202327	-7.36872642319	-7.44910423943	-7.49731762555	-7.50787278751	-7.47699401261	-7.40275219631	-7.28515157858	-7.12602337833	-6.92891864085	-6.69891018118	-6.44236052737	-6.16668517672	-5.88005463291	
-5.85529246	-5.59430922499	-5.34939329045	-5.12826629392	-4.93798522009	-4.78472613276	-4.67359326902	-4.60845427786	-4.59183648573	-4.62484319736	-4.70712448212	-4.83689625708	-5.01098039148	-5.22491173131	-5.47304751389	-5.74874654531	-6.04448828421	-6.35212376776	-6.66309637746	-6.96862268616	-7.26002404439	-7.52895705358	-7.76771030111	-7.96950023528	-8.12873805037	-8.24128859413	-8.30470895221	-8.31837224761	-8.28357151855	-8.20356983265	-8.08342798726	-7.92984086977	-7.75089141443	-7.55564744318	-7.35373290078	-7.15485597618	-6.96835065545	-6.8027153959	-6.66520284178	-6.56150596973	-6.49550817749	-6.46911903617	-6.48222313308	-6.53272214078	-6.61664660345	-6.72837532114	-6.86092065463	-7.00629146039	-7.15585175348	-7.3007794131	-7.43242951073	-7.54279775884	-7.62479026989	-7.67258419556	-7.68188389631	-7.64996868387	-7.5758711762	-7.46033288534	-7.30571774259	-7.11589702359	-6.89609056257	-6.65262280495	-6.39271060115	-6.1241960661	-5.85529246	
-5.78658925303	-5.56024930062	-5.35798128045	-5.18608824537	-5.0499624489	-4.95392336702	-4.90108948622	-4.89325586439	-4.93085213752	-5.01291648604	-5.13711251411	-5.29981453879	-5.49619208188	-5.72036070371	-5.96554210985	-6.22428962715	-6.48873522814	-6.75073620942	-7.00227023936	-7.23562175065	-7.44366347891	-7.62016990286	-7.76000639123	-7.85939911943	-7.91607524245	-7.92940697436	-7.90044709539	-7.83191437209	-7.72812784368	-7.59481681117	-7.43888282101	-7.26816162848	-7.09105510673	-6.91617474812	-6.75196006211	-6.60628176048	-6.48608945919	-6.39709587663	-6.34347252677	-6.32765168537	-6.35021872746	-6.40985185778	-6.50338972196	-6.62598757571	-6.77135118334	-6.93205141694	-7.09989060664	-7.26631896082	-7.42280831469	-7.56129175034	-7.67446390896	-7.75615700223	-7.80149981788	-7.80714852871	-7.77139485687	-7.69411607618	-7.57682775982	-7.42250730663	-7.23549595863	-7.0212784776	-6.78627506296	-6.5376262673	-6.28292965893	-6.02998819265	-5.78658925303	
-5.67010070969	-5.48228874299	-5.32452252745	-5.20137317504	-5.11632063512	-5.07166908705	-5.0684584069	-5.10642496774	-5.18400868397	-5.29837165429	-5.44546620122	-5.62018158915	-5.81647557525	-6.02756785575	-6.24615821291	-6.46469485664	-6.67567867462	-6.87188633498	-7.0467258235	-7.19448162491	-7.31056039422	-7.39172312312	-7.43616567301	-7.44365345181	-7.41548533956	-7.35441220454	-7.26449346717	-7.15090407869	-7.0196840611	-6.87746706844	-6.73125451826	-6.58811899043	-6.45495816915	-6.33826601889	-6.24387873302	-6.17677311788	-6.14083788647	-6.13869079613	-6.17151758021	-6.23893756893	-6.33898357604	-6.46809229063	-6.62122599474	-6.7920732146	-6.97331192202	-7.15696682762	-7.33477596181	-7.49861136417	-7.64084241551	-7.75470615205	-7.83458716283	-7.87627242658	-7.87709303221	-7.83600164174	-7.75358974286	-7.63198736912	-7.47478435835	-7.28681202592	-7.07392167294	-6.84277684644	-6.60057400018	-6.35479570123	-6.11297258381	-5.88243152856	-5.67010070969	
-5.50278463736	-5.35419346332	-5.23920952171	-5.16048325092	-5.11948881528	-5.11650007212	-5.150560596	-5.21953341883	-5.32012864293	-5.44799258487	-5.59784926192	-5.76363589831	-5.93871334528	-6.11608562163	-6.28869882406	-6.44977395814	-6.59301329257	-6.71298633283	-6.80541084976	-6.867309043	-6.8972345237	-6.89530500051	-6.86318257585	-6.80395324722	-6.7219035734	-6.6222541829	-6.51084660278	-6.39380257439	-6.27724817985	-6.16705877472	-6.06866784678	-5.98692912797	-5.92603625137	-5.88947163718	-5.87993043778	-5.89928911869	-5.94851585974	-6.02757135373	-6.13533582097	-6.26950480648	-6.42656924134	-6.601832351	-6.78950968473	-6.98292915338	-7.17477404452	-7.35741923024	-7.52332237735	-7.66534804543	-7.77714976878	-7.85351957742	-7.89057536734	-7.88601115145	-7.83912444036	-7.75089667761	-7.62389405792	-7.46208657304	-7.27072999062	-7.05604557387	-6.82496922726	-6.58487122512	-6.34325885962	-6.10752297182	-5.88469052816	-5.68121104893	-5.50278463736	
-5.28145459281	-5.16945741722	-5.09202034249	-5.04984724855	-5.04247238591	-5.06830236809	-5.12465864197	-5.20789387024	-5.3134520932	-5.43601838665	-5.56971249602	-5.70822973587	-5.84510597996	-5.97396874001	-6.0888592077	-6.18453783652	-6.25674192584	-6.30247610675	-6.32024099321	-6.31010641118	-6.27373905254	-6.21432357275	-6.13632629387	-6.04519116253	-5.94696463334	-5.84788592219	-5.75399680908	-5.67080333578	-5.60303756946	-5.55450533306	-5.52805748144	-5.52562667562	-5.54833084585	-5.59659973493	-5.67025180806	-5.76856113361	-5.89027077976	-6.03354312918	-6.19585148868	-6.37392776729	-6.5636855362	-6.76020440366	-6.95782301316	-7.15025692816	-7.33087634717	-7.49295204581	-7.63003428064	-7.73629294119	-7.8068233142	-7.83797514822	-7.82753764266	-7.77492298696	-7.68117733041	-7.5489616821	-7.38243235619	-7.18700810717	-6.96912891656	-6.73594863208	-6.49499805382	-6.25387699114	-6.01994830842	-5.80007671229	-5.60039156239	-5.42611961624	-5.28145459281	
-5.00032619188	-4.91928865765	-4.87119892625	-4.85496138078	-4.86842322501	-4.90848776662	-4.97122538739	-5.05202129316	-5.14571085132	-5.24673923665	-5.34936101599	-5.44784923119	-5.53672868201	-5.61105125563	-5.66667192183	-5.70048743824	-5.7106928968	-5.69695435417	-5.6604778768	-5.60400042427	-5.53165096785	-5.44868627369	-5.36114205966	-5.27539600344	-5.19771647524	-5.13383187767	-5.08856457551	-5.06558704586	-5.06729744304	-5.09484189856	-5.14824502762	-5.22660910153	-5.32836106263	-5.45149418742	-5.59376295757	-5.75272910824	-5.92582997812	-6.11033654912	-6.30318219211	-6.50090702067	-6.69954036773	-6.89454298099	-7.08085926651	-7.2530418157	-7.40544179768	-7.53248524428	-7.62898752167	-7.69050598306	-7.71360060589	-7.69611494743	-7.63740913159	-7.53839923647	-7.40160313353	-7.23104947011	-7.0320874988	-6.81113520593	-6.5753568778	-6.33232995875	-6.08968828792	-5.85477904758	-5.63437265025	-5.43440142802	-5.25977233372	-5.11424376484	-5.00032619188	
-4.65600294045	-4.59784841458	-4.56878555992	-4.56627353879	-4.58693500114	-4.6267251985	-4.68110837102	-4.74521252609	-4.81400345338	-4.8824689007	-4.94579202493	-4.9995520228	-5.03993434571	-5.06394583881	-5.06961629075	-5.05617785533	-5.02419898891	-4.97563125362	-4.91376756849	-4.84309370266	-4.7690262821	-4.69755779284	-4.63483109874	-4.58668443322	-4.55822844989	-4.55347621112	-4.57510830925	-4.62436701657	-4.70107717179	-4.80383668518	-4.93027906641	-5.07736676865	-5.24170959422	-5.41986386053	-5.60848555237	-5.80439701667	-6.00462414173	-6.20626443228	-6.40635569744	-6.60174041776	-6.78892063792	-6.96402217922	-7.12280259742	-7.2607575562	-7.37332133684	-7.45612147951	-7.50529162355	-7.51772647062	-7.49141182374	-7.42563881933	-7.32113986053	-7.18017197064	-7.00644339697	-6.80500660948	-6.58201616566	-6.34443168587	-6.09965288785	-5.85519017624	-5.61827739774	-5.39556348512	-5.19280663726	-5.01467369887	-4.86462605663	-4.74479231295	-4.65600294045	
-4.24422773658	-4.19962394096	-4.1786609381	-4.17789218085	-4.19335587023	-4.22077170109	-4.25573577988	-4.29389038244	-4.33108230557	-4.36351648586	-4.38790452351	-4.40160357016	-4.4027619281	-4.39045732039	-4.36480620089	-4.32703389679	-4.27949556707	-4.22561924645	-4.16975566546	-4.11694236829	-4.07258100596	-4.04205818708	-4.03033787105	-4.04157513488	-4.07879371602	-4.14366462332	-4.2364229559	-4.35590608015	-4.49974411775	-4.66463028296	-4.84664286569	-5.04160023658	-5.24535527714	-5.45402726373	-5.66410390561	-5.87249691243	-6.07644646582	-6.27338734975	-6.46080101616	-6.6360174723	-6.79614362964	-6.93798291831	-7.0580706477	-7.15282624943	-7.21872266976	-7.25252635824	-7.25164124748	-7.21427813174	-7.13977260651	-7.02876304416	-6.88322196018	-6.70654100503	-6.50336265435	-6.27942738851	-6.04129134823	-5.79599718427	-5.55072399798	-5.31242631468	-5.08747895795	-4.88140686093	-4.69862783593	-4.54231519004	-4.41432974441	-4.31519773083	-4.24422773658	
-3.76492907032	-3.72470750869	-3.7020005439	-3.69314223752	-3.69433785005	-3.70182775028	-3.71206582478	-3.72187786455	-3.72854206438	-3.72989124295	-3.72439856451	-3.71125281132	-3.69041763426	-3.66268508995	-3.62969912527	-3.59394164025	-3.55866098057	-3.52773622568	-3.50546965575	-3.49631393198	-3.50455203408	-3.5339599745	-3.5874856973	-3.66698984676	-3.77306784093	-3.90500014041	-4.06081798926	-4.23747327339	-4.43113091437	-4.63747192158	-4.85200273711	-5.07039640262	-5.28868175535	-5.50337078225	-5.71152038408	-5.91065210152	-6.09859848491	-6.27336601698	-6.43296547685	-6.57522745535	-6.69776957045	-6.79794581126	-6.87297193774	-6.92005963016	-6.93657979994	-6.92039076843	-6.87005702031	-6.78506392712	-6.66603575822	-6.51483223327	-6.33456612254	-6.12953122229	-5.90504896532	-5.66721884641	-5.4226138802	-5.1779562734	-4.9397438645	-4.71393963466	-4.50566892996	-4.31898516551	-4.15673331088	-4.0204802187	-3.91051512754	-3.82596096585	-3.76492907032	
-3.22166470837	-3.1785234288	-3.14716575028	-3.12445768935	-3.10749197023	-3.09370097876	-3.08095741489	-3.06764757784	-3.0526822253	-3.03553381541	-3.01623677301	-2.99540680875	-2.97424924843	-2.95454873137	-2.9386456308	-2.92936525354	-2.92990171627	-2.94364434328	-2.97395116437	-3.02388736369	-3.09594886571	-3.19180886306	-3.3121181831	-3.45638457686	-3.62296213159	-3.80914495264	-4.01135507601	-4.22541850367	-4.44685777007	-4.67122010744	-4.89432852911	-5.11247460827	-5.32254832059	-5.52203635053	-5.70894700995	-5.88167071262	-6.03878808836	-6.17890389909	-6.30047088466	-6.40172767065	-6.48064241328	-6.53494717711	-6.56238691539	-6.56080508674	-6.52839007854	-6.46397750358	-6.36722757013	-6.23883172295	-6.08062474141	-5.89557492247	-5.68776704791	-5.46222276352	-5.22466764512	-4.98125514088	-4.73822523674	-4.50158018068	-4.2767559674	-4.0683559296	-3.87993857376	-3.71388638141	-3.57135324951	-3.45233979851	-3.35578804962	-3.27975610684	-3.22166470837	
-2.62414584918	-2.57411880362	-2.53158840467	-2.49462107209	-2.46175455915	-2.43202885479	-2.40496140229	-2.38050100456	-2.35898622341	-2.34110015938	-2.32783737165	-2.32050355851	-2.32070711724	-2.33034938556	-2.35159440092	-2.38678590224	-2.43832053769	-2.50846807418	-2.59915391609	-2.71172686926	-2.84674510058	-3.00381432503	-3.18150247449	-3.37735841327	-3.58802627981	-3.80946293474	-4.03720891247	-4.26670061343	-4.49357157684	-4.71390798179	-4.92442189657	-5.12253273657	-5.30635228862	-5.4745757431	-5.62631019473	-5.76085000787	-5.87749217493	-5.9753298655	-6.05315757536	-6.10943851916	-6.14234573294	-6.14989718116	-6.13016668234	-6.08153360457	-6.00292806734	-5.89406568732	-5.75564807366	-5.58947939665	-5.3984883498	-5.18664821764	-4.95883921881	-4.72060336403	-4.47782189805	-4.23640875489	-4.00195059539	-3.77940649897	-3.57283979882	-3.38523140477	-3.21838768633	-3.07295332238	-2.9484772283	-2.84359565351	-2.75626414064	-2.68399781857	-2.62414584918	
-1.98811438658	-1.93167301559	-1.88067881993	-1.83483138071	-1.79438821707	-1.76003780972	-1.73276033553	-1.71368232035	-1.70396977178	-1.70476842304	-1.71719059436	-1.74234890601	-1.78139410256	-1.83555626757	-1.90614218139	-1.99447682632	-2.10178572831	-2.22901738431	-2.37663834864	-2.54442715202	-2.73130803168	-2.93526129435	-3.15333160982	-3.38174070511	-3.61610892114	-3.85173819633	-4.08394104048	-4.30835171839	-4.52121097229	-4.71953624712	-4.90120057224	-5.06492053755	-5.21009959581	-5.33663462903	-5.4446572607	-5.53427495278	-5.60535868965	-5.65736949602	-5.68932084909	-5.69977697145	-5.68702049067	-5.64924699347	-5.584826022	-5.49260485537	-5.372155192	-5.22402702188	-5.049865729	-4.85248196496	-4.63577816582	-4.40457250946	-4.16435868209	-3.92096538325	-3.68019022346	-3.44743402875	-3.22736355037	-3.02365350296	-2.83878736507	-2.67401427769	-2.52937265069	-2.40385782525	-2.29566305577	-2.20244874927	-2.12168444668	-2.05093425657	-1.98811438658	
-1.33521803846	-1.27762153283	-1.22601097403	-1.18181707694	-1.14689003879	-1.1232298001	-1.11272583889	-1.11695803172	-1.13709238398	-1.17385940798	-1.22762472404	-1.29851623779	-1.38656467621	-1.49181983589	-1.61440396127	-1.7544842488	-1.91215719017	-2.08726585875	-2.27918695863	-2.48662306533	-2.70746444019	-2.93872775468	-3.17662450262	-3.41673933433	-3.65430580582	-3.88454076271	-4.1029840606	-4.30582200335	-4.49011061746	-4.65389912542	-4.79622834126	-4.917002465	-5.01677597961	-5.0964590676	-5.15702714019	-5.19922099521	-5.22333110994	-5.22909495215	-5.21563607433	-5.18160693526	-5.12537882002	-5.04527289299	-4.93996364699	-4.8087498271	-4.65180174329	-4.47042329919	-4.2671211443	-4.04557877268	-3.81050588335	-3.56737659284	-3.32207639062	-3.08048894518	-2.84808384008	-2.62952879202	-2.42837485124	-2.24686141416	-2.08584329457	-1.9448741235	-1.82239308233	-1.71603370158	-1.62301904741	-1.54054576486	-1.4661555093	-1.39803749207	-1.33521803846	
-0.692051249354	-0.642857482767	-0.60255451395	-0.574018107937	-0.560196538251	-0.563720471604	-0.586586893971	-0.629966721894	-0.694162988895	-0.778703081487	-0.882544671562	-1.00433776604	-1.14268382658	-1.29633990646	-1.46432002167	-1.64587663974	-1.84036782482	-2.04704049114	-2.26477815327	-2.49186869226	-2.72584852803	-2.96345283664	-3.20070924754	-3.43314257482	-3.65608200247	-3.86502325694	-4.05598091866	-4.22579557419	-4.37232526776	-4.49452757561	-4.59239301323	-4.66676630225	-4.71906436521	-4.7509533158	-4.76400623722	-4.75941338323	-4.73779663278	-4.69905523863	-4.64244328669	-4.56671640289	-4.47036998581	-4.35195719367	-4.21045944523	-4.04561918041	-3.85820262039	-3.65020220985	-3.42484825364	-3.18653874864	-2.94059229754	-2.6929003118	-2.44949308078	-2.21606972329	-1.99754931041	-1.79769124077	-1.6188324053	-1.46177228476	-1.32583361107	-1.20908827201	-1.10870119752	-1.02138929271	-0.943913009778	-0.873532057137	-0.808389389666	-0.747744451655	-0.692051249354	
-0.088038952815	-0.0597425435337	-0.0448216473317	-0.0469666114255	-0.0694483111169	-0.114671714897	-0.183876015838	-0.277026362713	-0.392896022001	-0.529319758503	-0.683558197392	-0.852700948185	-1.03403421976	-1.22530244429	-1.42482546823	-1.63145543094	-1.8443911774	-2.06290001864	-2.28599997777	-2.51218403499	-2.7392258229	-2.96412156897	-3.18318948823	-3.39228033881	-3.5871067323	-3.76361281723	-3.9183365188	-4.04869810762	-4.15318658279	-4.23141124065	-4.28400424979	-4.31241678141	-4.3186123519	-4.30472304326	-4.27269929718	-4.22403180711	-4.15956165295	-4.07938524688	-3.98292670105	-3.86911918734	-3.736698665	-3.58453905833	-3.41201140272	-3.21935103753	-3.0078949946	-2.78022559588	-2.54016910332	-2.29263325949	-2.04330183399	-1.79821620474	-1.56328680713	-1.34378933445	-1.14391037272	-0.966400509763	-0.812387613699	-0.681361470467	-0.571367057557	-0.479359397785	-0.401692636306	-0.334680353599	-0.275146254368	-0.220896576387	-0.171041429895	-0.126124753031	-0.088038952815	
0.44678892624	0.440907724141	0.416809253032	0.370833738073	0.300272303272	0.203781869483	0.0815885351458	-0.0645430510368	-0.231559479427	-0.415538129149	-0.612198158905	-0.817410561478	-1.02762362849	-1.24013433214	-1.45317129754	-1.66578851786	-1.87760137054	-2.08842985632	-2.29791153864	-2.50517411617	-2.70861073008	-2.90580731676	-3.09362527354	-3.26843813248	-3.42644976127	-3.56407229085	-3.67829225181	-3.76695228306	-3.82893589387	-3.86421086426	-3.87373083814	-3.85922777866	-3.82290616411	-3.76710319093	-3.69397375313	-3.60518193767	-3.5017498994	-3.38400910139	-3.25164514172	-3.10390869484	-2.93990874145	-2.7589573625	-2.56093511836	-2.34660551826	-2.11784432936	-1.87773869232	-1.63053121155	-1.38140983491	-1.13615211742	-0.900663429954	-0.680465985309	-0.48019565573	-0.303178951437	-0.15114780727	-0.0241324095187	0.0794334720411	0.162410388742	0.228485189503	0.281592843289	0.325308436364	0.362294237971	0.393883724471	0.419864776552	0.438501521125	0.44678892624	
0.885397427466	0.833814175024	0.760225908782	0.661880372302	0.537415778107	0.38715678918	0.213165498529	0.0190438868611	-0.190481503002	-0.410113352835	-0.634583887892	-0.859204955028	-1.08028109108	-1.29533124221	-1.50309222665	-1.70332610114	-1.89646842157	-2.08320364728	-2.26402137552	-2.4388622277	-2.60686839637	-2.76631308086	-2.91468023774	-3.04889042238	-3.16563807071	-3.26174316787	-3.33452813884	-3.38209221272	-3.4034958368	-3.39881226576	-3.36904522682	-3.31593689547	-3.24168797453	-3.14864883505	-3.03901278209	-2.91456391928	-2.7765147584	-2.62547177873	-2.46150186303	-2.28431838586	-2.09356760921	-1.88914747333	-1.67153712224	-1.44207158296	-1.20312796392	-0.958177516939	-0.711685951843	-0.468865176187	-0.235294379516	-0.0164504487239	0.182787252277	0.358599674037	0.508589656317	0.631982919885	0.729634621709	0.803829160759	0.857888935899	0.895641761535	0.920816819269	0.936454527826	0.944421891054	0.945106691673	0.937348125628	0.918611826519	0.885397427466	
1.20718622389	1.10266733489	0.974688234411	0.82210852737	0.645408657873	0.446804661556	0.230130212328	0.000482787225879	-0.236311102627	-0.474309618809	-0.708063080626	-0.933119127251	-1.14635529391	-1.34609768206	-1.5320246901	-1.7048814426	-1.86606643752	-2.01716057978	-2.15947498177	-2.29368822688	-2.41961338111	-2.53613272015	-2.64128393629	-2.73248536394	-2.80685450482	-2.8615580764	-2.89415903419	-2.90289311673	-2.88685334276	-2.84604593772	-2.7813356132	-2.69428759592	-2.58693148613	-2.46148529631	-2.32009451723	-2.16462220747	-1.9964878223	-1.81665643433	-1.62569143912	-1.42391759296	-1.21167180994	-0.989565279521	-0.758762251021	-0.521191713124	-0.279675274509	-0.0379280650401	0.199575916734	0.427870043093	0.641869229842	0.836805199113	1.00866824898	1.15459212389	1.27311866179	1.36430278537	1.4296241589	1.47171117598	1.49390663114	1.49973037573	1.49232102572	1.47393254498	1.44557994989	1.40687783679	1.35613165747	1.2906394908	1.20718622389	
1.40149064642	1.24303738303	1.0628337669	0.861722488645	0.642106378293	0.407883342693	0.164175277154	-0.0831351305755	-0.327967526616	-0.564630269666	-0.788343213551	-0.995621967116	-1.18447615516	-1.35440332732	-1.50619135585	-1.64156809841	-1.76276320086	-1.87203979725	-1.97127565155	-2.06163351227	-2.14337125953	-2.21579767333	-2.27737180775	-2.32591947776	-2.35892506307	-2.37386753973	-2.36852147118	-2.34121978775	-2.29103277057	-2.21782679905	-2.12224259517	-2.0055764992	-1.86958778105	-1.71629239179	-1.54774450423	-1.36586714485	-1.17233283503	-0.968535532564	-0.755647351766	-0.534734022397	-0.306944132769	-0.0737078585544	0.163073282885	0.400888316715	0.63656002087	0.866296820244	1.08584971189	1.29077617534	1.47677364188	1.64004477385	1.77764505066	1.8877510029	1.96981516229	2.02456106491	2.05381903908	2.06021218916	2.04673078908	2.01626204883	1.97113792237	1.91278717803	1.84154066204	1.75663227889	1.65642052418	1.53875496662	1.40149064642	
