 0.10000E+02	 0.00000E+00	 0.00000E+00	 0.91853E+00	 0.25330E+02	 0.25330E+02	 0.50673E-03	 0.50673E-03	 0.13097E-03	 0.13097E-03	 0.45723E+01	 0.10005E+04	 0.21891E+06	 0.67190E-12	-0.23200E+00	 0.14290E+00	 0.00000E+00	 0.16905E+01	 0.25877E+00
 0.10000E+03	 0.00000E+00	 0.00000E+00	 0.91853E+00	 0.25252E+03	 0.25252E+03	 0.51838E-05	 0.51838E-05	 0.13689E-06	 0.13689E-06	 0.45723E+01	 0.10005E+04	 0.21891E+06	 0.84100E-10	-0.23200E+00	 0.14290E+00	 0.00000E+00	 0.16905E+01	 0.25877E+00
 0.10000E+01	 0.00000E+00	 0.00000E+00	 0.91853E+00	 0.29106E+01	 0.29106E+01	 0.22703E-01	 0.22703E-01	 0.40442E-01	 0.40442E-01	 0.45723E+01	 0.10005E+04	 0.21891E+06	 0.38988E-13	-0.23200E+00	 0.14290E+00	 0.00000E+00	 0.16905E+01	 0.25877E+00
 0.10000E+00	 0.00000E+00	 0.00000E+00	 0.91853E+00	 0.14952E+01	 0.14947E+01	 0.12244E+00	 0.12296E+00	 0.19856E+01	 0.19829E+01	 0.45723E+01	 0.10005E+04	 0.21891E+06	 0.20599E-11	-0.23200E+00	 0.14290E+00	 0.00000E+00	 0.16905E+01	 0.25877E+00
 0.10000E-01	 0.00000E+00	 0.00000E+00	 0.91853E+00	 0.56850E+01	 0.55792E+01	-0.17717E+00	-0.18021E+00	 0.34670E+02	 0.34388E+02	 0.45723E+01	 0.10005E+04	 0.21891E+06	 0.93482E-10	-0.23200E+00	 0.14290E+00	 0.00000E+00	 0.16905E+01	 0.25877E+00
 0.10000E-02	 0.00000E+00	 0.00000E+00	 0.91853E+00	 0.44666E+02	 0.32359E+02	-0.45218E+01	-0.62514E+01	 0.43188E+03	 0.39203E+03	 0.45723E+01	 0.10005E+04	 0.21891E+06	 0.83972E-08	-0.23200E+00	 0.14290E+00	 0.00000E+00	 0.16905E+01	 0.25877E+00
 0.10000E-03	 0.00000E+00	 0.00000E+00	 0.91853E+00	 0.43687E+03	 0.54887E+02	-0.26126E+02	-0.20545E+02	 0.58049E+04	 0.40184E+04	 0.45723E+01	 0.10005E+04	 0.21891E+06	 0.57651E-06	-0.23200E+00	 0.14290E+00	 0.00000E+00	 0.16905E+01	 0.25877E+00
 0.30000E+02	 0.00000E+00	 0.00000E+00	 0.91853E+00	 0.75780E+02	 0.75780E+02	 0.57462E-04	 0.57462E-04	 0.50461E-05	 0.50461E-05	 0.45723E+01	 0.10005E+04	 0.21891E+06	 0.30064E-11	-0.23200E+00	 0.14290E+00	 0.00000E+00	 0.16905E+01	 0.25877E+00
 0.30000E+03	 0.00000E+00	 0.00000E+00	 0.91853E+00	 0.75753E+03	 0.75753E+03	 0.57609E-06	 0.57609E-06	 0.50720E-08	 0.50720E-08	 0.45723E+01	 0.10005E+04	 0.21891E+06	 0.69770E-09	-0.23200E+00	 0.14290E+00	 0.00000E+00	 0.16905E+01	 0.25877E+00
 0.30000E+01	 0.00000E+00	 0.00000E+00	 0.91853E+00	 0.77876E+01	 0.77876E+01	 0.46741E-02	 0.46741E-02	 0.35403E-02	 0.35403E-02	 0.45723E+01	 0.10005E+04	 0.21891E+06	 0.61005E-13	-0.23200E+00	 0.14290E+00	 0.00000E+00	 0.16905E+01	 0.25877E+00
 0.30000E+00	 0.00000E+00	 0.00000E+00	 0.91853E+00	 0.14414E+01	 0.14414E+01	 0.69779E-01	 0.69779E-01	 0.36269E+00	 0.36268E+00	 0.45723E+01	 0.10005E+04	 0.21891E+06	 0.18270E-12	-0.23200E+00	 0.14290E+00	 0.00000E+00	 0.16905E+01	 0.25877E+00
 0.30000E-01	 0.00000E+00	 0.00000E+00	 0.91853E+00	 0.26441E+01	 0.26392E+01	 0.11524E+00	 0.12180E+00	 0.96907E+01	 0.96654E+01	 0.45723E+01	 0.10005E+04	 0.21891E+06	 0.13344E-10	-0.23200E+00	 0.14290E+00	 0.00000E+00	 0.16905E+01	 0.25877E+00
 0.30000E-02	 0.00000E+00	 0.00000E+00	 0.91853E+00	 0.15793E+02	 0.14119E+02	-0.14220E+01	-0.20170E+01	 0.13025E+03	 0.12536E+03	 0.45723E+01	 0.10005E+04	 0.21891E+06	 0.11913E-08	-0.23200E+00	 0.14290E+00	 0.00000E+00	 0.16905E+01	 0.25877E+00
 0.30000E-03	 0.00000E+00	 0.00000E+00	 0.91853E+00	 0.14627E+03	 0.59422E+02	-0.12899E+02	-0.14070E+02	 0.16415E+04	 0.13322E+04	 0.45723E+01	 0.10005E+04	 0.21891E+06	 0.62906E-07	-0.23200E+00	 0.14290E+00	 0.00000E+00	 0.16905E+01	 0.25877E+00
 0.30000E-04	 0.00000E+00	 0.00000E+00	 0.91853E+00	 0.14544E+04	 0.33351E+02	-0.34384E+02	-0.24434E+02	 0.21741E+05	 0.13412E+05	 0.45723E+01	 0.10005E+04	 0.21891E+06	 0.46698E-06	-0.23200E+00	 0.14290E+00	 0.00000E+00	 0.16905E+01	 0.25877E+00
 0.10000E+02	 0.10000E+01	 0.69979E+01	 0.91853E+00	 0.18376E-01	 0.18376E-01	 0.43328E-03	 0.43328E-03	 0.54373E-03	 0.54373E-03	 0.45723E+01	 0.10005E+04	 0.21891E+06	 0.64561E-10	-0.23200E+00	 0.14290E+00	 0.00000E+00	 0.16905E+01	 0.25877E+00
 0.10000E+03	 0.10000E+01	 0.69979E+01	 0.91853E+00	 0.32555E-02	 0.32555E-02	 0.72491E-05	 0.72491E-05	 0.96664E-06	 0.96664E-06	 0.45723E+01	 0.10005E+04	 0.21891E+06	 0.29576E-09	-0.23200E+00	 0.14290E+00	 0.00000E+00	 0.16905E+01	 0.25877E+00
 0.10000E+01	 0.10000E+01	 0.69979E+01	 0.91853E+00	 0.26187E-01	 0.26187E-01	 0.38938E-02	 0.38938E-02	 0.43300E-01	 0.43300E-01	 0.45723E+01	 0.10005E+04	 0.21891E+06	 0.36374E-09	-0.23200E+00	 0.14290E+00	 0.00000E+00	 0.16905E+01	 0.25877E+00
 0.10000E+00	 0.10000E+01	 0.69979E+01	 0.91853E+00	 0.27640E-01	 0.27620E-01	 0.24915E-01	 0.24834E-01	 0.21469E+01	 0.21446E+01	 0.45723E+01	 0.10005E+04	 0.21891E+06	 0.25175E-08	-0.23200E+00	 0.14290E+00	 0.00000E+00	 0.16905E+01	 0.25877E+00
 0.10000E-01	 0.10000E+01	 0.69979E+01	 0.91853E+00	 0.12682E-01	 0.12397E-01	 0.51198E-01	 0.44903E-01	 0.48113E+02	 0.46384E+02	 0.45723E+01	 0.10005E+04	 0.21891E+06	 0.78325E-07	-0.23200E+00	 0.14290E+00	 0.00000E+00	 0.16905E+01	 0.25877E+00
 0.10000E-02	 0.10000E+01	 0.69979E+01	 0.91853E+00	 0.56685E-02	 0.26086E-02	 0.16383E-01	 0.38118E-02	 0.60925E+03	 0.53397E+03	 0.45723E+01	 0.10005E+04	 0.21891E+06	 0.82721E-05	-0.23200E+00	 0.14290E+00	 0.00000E+00	 0.16905E+01	 0.25877E+00
 0.10000E-03	 0.10000E+01	 0.69979E+01	 0.91853E+00	 0.27744E-01	 0.52278E-03	 0.37091E-01	-0.11160E-01	 0.66212E+04	 0.54063E+04	 0.45723E+01	 0.10005E+04	 0.21891E+06	 0.66056E-04	-0.23200E+00	 0.14290E+00	 0.00000E+00	 0.16905E+01	 0.25877E+00
 0.30000E+02	 0.10000E+01	 0.69979E+01	 0.91853E+00	 0.94131E-02	 0.94131E-02	 0.72115E-04	 0.72115E-04	 0.31425E-04	 0.31425E-04	 0.45723E+01	 0.10005E+04	 0.21891E+06	 0.52276E-10	-0.23200E+00	 0.14290E+00	 0.00000E+00	 0.16905E+01	 0.25877E+00
 0.30000E+03	 0.10000E+01	 0.69979E+01	 0.91853E+00	 0.11153E-02	 0.11153E-02	 0.81795E-06	 0.81795E-06	 0.36471E-07	 0.36471E-07	 0.45723E+01	 0.10005E+04	 0.21891E+06	 0.13160E-08	-0.23200E+00	 0.14290E+00	 0.00000E+00	 0.16905E+01	 0.25877E+00
 0.30000E+01	 0.10000E+01	 0.69979E+01	 0.91853E+00	 0.25695E-01	 0.25695E-01	 0.16636E-02	 0.16636E-02	 0.62347E-02	 0.62347E-02	 0.45723E+01	 0.10005E+04	 0.21891E+06	 0.10496E-09	-0.23200E+00	 0.14290E+00	 0.00000E+00	 0.16905E+01	 0.25877E+00
 0.30000E+00	 0.10000E+01	 0.69979E+01	 0.91853E+00	 0.27548E-01	 0.27548E-01	 0.10749E-01	 0.10748E-01	 0.35748E+00	 0.35748E+00	 0.45723E+01	 0.10005E+04	 0.21891E+06	 0.84831E-09	-0.23200E+00	 0.14290E+00	 0.00000E+00	 0.16905E+01	 0.25877E+00
 0.30000E-01	 0.10000E+01	 0.69979E+01	 0.91853E+00	 0.20005E-01	 0.19955E-01	 0.46498E-01	 0.45974E-01	 0.12143E+02	 0.12094E+02	 0.45723E+01	 0.10005E+04	 0.21891E+06	 0.13364E-07	-0.23200E+00	 0.14290E+00	 0.00000E+00	 0.16905E+01	 0.25877E+00
 0.30000E-02	 0.10000E+01	 0.69979E+01	 0.91853E+00	 0.69368E-02	 0.58601E-02	 0.39541E-01	 0.25003E-01	 0.18726E+03	 0.17185E+03	 0.45723E+01	 0.10005E+04	 0.21891E+06	 0.17684E-05	-0.23200E+00	 0.14290E+00	 0.00000E+00	 0.16905E+01	 0.25877E+00
 0.30000E-03	 0.10000E+01	 0.69979E+01	 0.91853E+00	 0.10337E-01	 0.10484E-02	 0.88058E-02	-0.66672E-02	 0.21598E+04	 0.17994E+04	 0.45723E+01	 0.10005E+04	 0.21891E+06	 0.71296E-05	-0.23200E+00	 0.14290E+00	 0.00000E+00	 0.16905E+01	 0.25877E+00
 0.30000E-04	 0.10000E+01	 0.69979E+01	 0.91853E+00	 0.92709E-01	 0.19835E-03	-0.10186E+00	-0.13577E-01	 0.22213E+05	 0.18024E+05	 0.45723E+01	 0.10005E+04	 0.21891E+06	 0.74938E-04	-0.23200E+00	 0.14290E+00	 0.00000E+00	 0.16905E+01	 0.25877E+00
 0.10000E+02	 0.10000E+00	 0.69979E+00	 0.91853E+00	 0.19360E+00	 0.19360E+00	 0.50531E-03	 0.50531E-03	 0.13798E-03	 0.13798E-03	 0.45723E+01	 0.10005E+04	 0.21891E+06	 0.61018E-12	-0.23200E+00	 0.14290E+00	 0.00000E+00	 0.16905E+01	 0.25877E+00
 0.10000E+03	 0.10000E+00	 0.69979E+00	 0.91853E+00	 0.13537E+00	 0.13537E+00	 0.58207E-05	 0.58207E-05	 0.14521E-06	 0.14521E-06	 0.45723E+01	 0.10005E+04	 0.21891E+06	 0.50372E-11	-0.23200E+00	 0.14290E+00	 0.00000E+00	 0.16905E+01	 0.25877E+00
 0.10000E+01	 0.10000E+00	 0.69979E+00	 0.91853E+00	 0.51007E+00	 0.51007E+00	 0.17584E-01	 0.17584E-01	 0.42092E-01	 0.42092E-01	 0.45723E+01	 0.10005E+04	 0.21891E+06	 0.86368E-12	-0.23200E+00	 0.14290E+00	 0.00000E+00	 0.16905E+01	 0.25877E+00
 0.10000E+00	 0.10000E+00	 0.69979E+00	 0.91853E+00	 0.88146E+00	 0.88071E+00	 0.92842E-01	 0.92832E-01	 0.20298E+01	 0.20259E+01	 0.45723E+01	 0.10005E+04	 0.21891E+06	 0.91623E-12	-0.23200E+00	 0.14290E+00	 0.00000E+00	 0.16905E+01	 0.25877E+00
 0.10000E-01	 0.10000E+00	 0.69979E+00	 0.91853E+00	 0.54729E+00	 0.53622E+00	-0.91928E-01	-0.58743E-01	 0.46060E+02	 0.43644E+02	 0.45723E+01	 0.10005E+04	 0.21891E+06	 0.76803E-10	-0.23200E+00	 0.14290E+00	 0.00000E+00	 0.16905E+01	 0.25877E+00
 0.10000E-02	 0.10000E+00	 0.69979E+00	 0.91853E+00	 0.11886E+00	 0.95485E-01	-0.81568E+00	-0.55644E+00	 0.61468E+03	 0.51551E+03	 0.45723E+01	 0.10005E+04	 0.21891E+06	 0.23025E-08	-0.23200E+00	 0.14290E+00	 0.00000E+00	 0.16905E+01	 0.25877E+00
 0.10000E-03	 0.10000E+00	 0.69979E+00	 0.91853E+00	 0.11749E+00	 0.10937E-01	-0.12591E+01	-0.71196E+00	 0.65558E+04	 0.52304E+04	 0.45723E+01	 0.10005E+04	 0.21891E+06	 0.10693E-06	-0.23200E+00	 0.14290E+00	 0.00000E+00	 0.16905E+01	 0.25877E+00
 0.30000E+02	 0.10000E+00	 0.69979E+00	 0.91853E+00	 0.14561E+00	 0.14561E+00	 0.61276E-04	 0.61275E-04	 0.53423E-05	 0.53423E-05	 0.45723E+01	 0.10005E+04	 0.21891E+06	 0.24167E-11	-0.23200E+00	 0.14290E+00	 0.00000E+00	 0.16905E+01	 0.25877E+00
 0.30000E+03	 0.10000E+00	 0.69979E+00	 0.91853E+00	 0.83034E-01	 0.83034E-01	 0.77138E-06	 0.77137E-06	 0.53856E-08	 0.53856E-08	 0.45723E+01	 0.10005E+04	 0.21891E+06	 0.41425E-10	-0.23200E+00	 0.14290E+00	 0.00000E+00	 0.16905E+01	 0.25877E+00
 0.30000E+01	 0.10000E+00	 0.69979E+00	 0.91853E+00	 0.30158E+00	 0.30158E+00	 0.33157E-02	 0.33157E-02	 0.36745E-02	 0.36745E-02	 0.45723E+01	 0.10005E+04	 0.21891E+06	 0.18745E-12	-0.23200E+00	 0.14290E+00	 0.00000E+00	 0.16905E+01	 0.25877E+00
 0.30000E+00	 0.10000E+00	 0.69979E+00	 0.91853E+00	 0.76116E+00	 0.76116E+00	 0.67984E-01	 0.67984E-01	 0.37354E+00	 0.37354E+00	 0.45723E+01	 0.10005E+04	 0.21891E+06	 0.65542E-12	-0.23200E+00	 0.14290E+00	 0.00000E+00	 0.16905E+01	 0.25877E+00
 0.30000E-01	 0.10000E+00	 0.69979E+00	 0.91853E+00	 0.85926E+00	 0.85533E+00	 0.64499E-01	 0.67648E-01	 0.11254E+02	 0.11106E+02	 0.45723E+01	 0.10005E+04	 0.21891E+06	 0.10877E-10	-0.23200E+00	 0.14290E+00	 0.00000E+00	 0.16905E+01	 0.25877E+00
 0.30000E-02	 0.10000E+00	 0.69979E+00	 0.91853E+00	 0.25711E+00	 0.23822E+00	-0.49124E+00	-0.36109E+00	 0.18661E+03	 0.16536E+03	 0.45723E+01	 0.10005E+04	 0.21891E+06	 0.47807E-09	-0.23200E+00	 0.14290E+00	 0.00000E+00	 0.16905E+01	 0.25877E+00
 0.30000E-03	 0.10000E+00	 0.69979E+00	 0.91853E+00	 0.72825E-01	 0.31561E-01	-0.98731E+00	-0.67637E+00	 0.21428E+04	 0.17387E+04	 0.45723E+01	 0.10005E+04	 0.21891E+06	 0.13590E-07	-0.23200E+00	 0.14290E+00	 0.00000E+00	 0.16905E+01	 0.25877E+00
 0.30000E-04	 0.10000E+00	 0.69979E+00	 0.91853E+00	 0.33488E+00	 0.33257E-02	-0.13212E+01	-0.71452E+00	 0.22123E+05	 0.17448E+05	 0.45723E+01	 0.10005E+04	 0.21891E+06	 0.83079E-06	-0.23200E+00	 0.14290E+00	 0.00000E+00	 0.16905E+01	 0.25877E+00
 0.10000E+02	 0.10000E-01	 0.69979E-01	 0.91853E+00	 0.37624E+01	 0.37624E+01	 0.23951E-03	 0.23951E-03	 0.13089E-03	 0.13089E-03	 0.45723E+01	 0.10005E+04	 0.21891E+06	 0.75211E-12	-0.23200E+00	 0.14290E+00	 0.00000E+00	 0.16905E+01	 0.25877E+00
 0.10000E+03	 0.10000E-01	 0.69979E-01	 0.91853E+00	 0.18102E+01	 0.18102E+01	 0.49043E-05	 0.49043E-05	 0.13696E-06	 0.13696E-06	 0.45723E+01	 0.10005E+04	 0.21891E+06	 0.30976E-11	-0.23200E+00	 0.14290E+00	 0.00000E+00	 0.16905E+01	 0.25877E+00
 0.10000E+01	 0.10000E-01	 0.69979E-01	 0.91853E+00	 0.17927E+01	 0.17927E+01	 0.30498E-01	 0.30498E-01	 0.40293E-01	 0.40293E-01	 0.45723E+01	 0.10005E+04	 0.21891E+06	 0.36290E-13	-0.23200E+00	 0.14290E+00	 0.00000E+00	 0.16905E+01	 0.25877E+00
 0.10000E+00	 0.10000E-01	 0.69979E-01	 0.91853E+00	 0.13251E+01	 0.13246E+01	 0.15893E+00	 0.15923E+00	 0.19734E+01	 0.19707E+01	 0.45723E+01	 0.10005E+04	 0.21891E+06	 0.13520E-11	-0.23200E+00	 0.14290E+00	 0.00000E+00	 0.16905E+01	 0.25877E+00
 0.10000E-01	 0.10000E-01	 0.69979E-01	 0.91853E+00	 0.12312E+01	 0.11960E+01	 0.53028E+00	 0.51513E+00	 0.34433E+02	 0.34133E+02	 0.45723E+01	 0.10005E+04	 0.21891E+06	 0.43685E-10	-0.23200E+00	 0.14290E+00	 0.00000E+00	 0.16905E+01	 0.25877E+00
 0.10000E-02	 0.10000E-01	 0.69979E-01	 0.91853E+00	 0.49404E+00	 0.27937E+00	-0.64165E-01	-0.61485E-01	 0.43314E+03	 0.39017E+03	 0.45723E+01	 0.10005E+04	 0.21891E+06	 0.19583E-06	-0.23200E+00	 0.14290E+00	 0.00000E+00	 0.16905E+01	 0.25877E+00
 0.10000E-03	 0.10000E-01	 0.69979E-01	 0.91853E+00	 0.28789E+00	 0.30588E-01	-0.15518E+01	-0.19314E+00	 0.58047E+04	 0.39683E+04	 0.45723E+01	 0.10005E+04	 0.21891E+06	 0.19868E-05	-0.23200E+00	 0.14290E+00	 0.00000E+00	 0.16905E+01	 0.25877E+00
 0.30000E+02	 0.10000E-01	 0.69979E-01	 0.91853E+00	 0.25871E+01	 0.25871E+01	 0.31397E-04	 0.31397E-04	 0.50474E-05	 0.50474E-05	 0.45723E+01	 0.10005E+04	 0.21891E+06	 0.11567E-11	-0.23200E+00	 0.14290E+00	 0.00000E+00	 0.16905E+01	 0.25877E+00
 0.30000E+03	 0.10000E-01	 0.69979E-01	 0.91853E+00	 0.14179E+01	 0.14179E+01	 0.61164E-06	 0.61163E-06	 0.50750E-08	 0.50750E-08	 0.45723E+01	 0.10005E+04	 0.21891E+06	 0.15446E-10	-0.23200E+00	 0.14290E+00	 0.00000E+00	 0.16905E+01	 0.25877E+00
 0.30000E+01	 0.10000E-01	 0.69979E-01	 0.91853E+00	 0.32966E+01	 0.32966E+01	 0.51427E-02	 0.51427E-02	 0.35302E-02	 0.35302E-02	 0.45723E+01	 0.10005E+04	 0.21891E+06	 0.61961E-13	-0.23200E+00	 0.14290E+00	 0.00000E+00	 0.16905E+01	 0.25877E+00
 0.30000E+00	 0.10000E-01	 0.69979E-01	 0.91853E+00	 0.12891E+01	 0.12891E+01	 0.84765E-01	 0.84765E-01	 0.36117E+00	 0.36117E+00	 0.45723E+01	 0.10005E+04	 0.21891E+06	 0.12931E-12	-0.23200E+00	 0.14290E+00	 0.00000E+00	 0.16905E+01	 0.25877E+00
 0.30000E-01	 0.10000E-01	 0.69979E-01	 0.91853E+00	 0.14158E+01	 0.14128E+01	 0.35590E+00	 0.35722E+00	 0.96017E+01	 0.95771E+01	 0.45723E+01	 0.10005E+04	 0.21891E+06	 0.61786E-11	-0.23200E+00	 0.14290E+00	 0.00000E+00	 0.16905E+01	 0.25877E+00
 0.30000E-02	 0.10000E-01	 0.69979E-01	 0.91853E+00	 0.81022E+00	 0.65558E+00	 0.37072E+00	 0.22382E+00	 0.13021E+03	 0.12493E+03	 0.45723E+01	 0.10005E+04	 0.21891E+06	 0.31177E-08	-0.23200E+00	 0.14290E+00	 0.00000E+00	 0.16905E+01	 0.25877E+00
 0.30000E-03	 0.10000E-01	 0.69979E-01	 0.91853E+00	 0.29318E+00	 0.90677E-01	-0.75133E+00	-0.17436E+00	 0.16421E+04	 0.13197E+04	 0.45723E+01	 0.10005E+04	 0.21891E+06	 0.62268E-06	-0.23200E+00	 0.14290E+00	 0.00000E+00	 0.16905E+01	 0.25877E+00
 0.30000E-04	 0.10000E-01	 0.69979E-01	 0.91853E+00	 0.62628E+00	 0.91908E-02	-0.20129E+01	-0.19571E+00	 0.21742E+05	 0.13232E+05	 0.45723E+01	 0.10005E+04	 0.21891E+06	 0.48457E-05	-0.23200E+00	 0.14290E+00	 0.00000E+00	 0.16905E+01	 0.25877E+00
 0.10000E+02	 0.10000E-02	 0.69979E-02	 0.91853E+00	 0.15274E+02	 0.15274E+02	 0.76464E-03	 0.76464E-03	 0.13095E-03	 0.13095E-03	 0.45723E+01	 0.10005E+04	 0.21891E+06	 0.75498E-12	-0.23200E+00	 0.14290E+00	 0.00000E+00	 0.16905E+01	 0.25877E+00
 0.10000E+03	 0.10000E-02	 0.69979E-02	 0.91853E+00	 0.37399E+02	 0.37399E+02	 0.24665E-05	 0.24665E-05	 0.13689E-06	 0.13689E-06	 0.45723E+01	 0.10005E+04	 0.21891E+06	 0.40311E-10	-0.23200E+00	 0.14290E+00	 0.00000E+00	 0.16905E+01	 0.25877E+00
 0.10000E+01	 0.10000E-02	 0.69979E-02	 0.91853E+00	 0.28374E+01	 0.28374E+01	 0.23246E-01	 0.23246E-01	 0.40436E-01	 0.40436E-01	 0.45723E+01	 0.10005E+04	 0.21891E+06	 0.35069E-13	-0.23200E+00	 0.14290E+00	 0.00000E+00	 0.16905E+01	 0.25877E+00
 0.10000E+00	 0.10000E-02	 0.69979E-02	 0.91853E+00	 0.14914E+01	 0.14909E+01	 0.12294E+00	 0.12346E+00	 0.19855E+01	 0.19827E+01	 0.45723E+01	 0.10005E+04	 0.21891E+06	 0.15047E-11	-0.23200E+00	 0.14290E+00	 0.00000E+00	 0.16905E+01	 0.25877E+00
 0.10000E-01	 0.10000E-02	 0.69979E-02	 0.91853E+00	 0.51853E+01	 0.50864E+01	-0.78358E-01	-0.83927E-01	 0.34634E+02	 0.34352E+02	 0.45723E+01	 0.10005E+04	 0.21891E+06	 0.23195E-09	-0.23200E+00	 0.14290E+00	 0.00000E+00	 0.16905E+01	 0.25877E+00
 0.10000E-02	 0.10000E-02	 0.69979E-02	 0.91853E+00	 0.11777E+02	 0.79462E+01	-0.74736E+00	-0.14435E+01	 0.43073E+03	 0.38990E+03	 0.45723E+01	 0.10005E+04	 0.21891E+06	 0.54329E-07	-0.23200E+00	 0.14290E+00	 0.00000E+00	 0.16905E+01	 0.25877E+00
 0.10000E-03	 0.10000E-02	 0.69979E-02	 0.91853E+00	-0.14850E+02	 0.13736E+01	-0.19174E+01	-0.16005E+01	 0.58000E+04	 0.39799E+04	 0.45723E+01	 0.10005E+04	 0.21891E+06	 0.85504E-05	-0.23200E+00	 0.14290E+00	 0.00000E+00	 0.16905E+01	 0.25877E+00
 0.30000E+02	 0.10000E-02	 0.69979E-02	 0.91853E+00	 0.31882E+02	 0.31882E+02	 0.67542E-04	 0.67542E-04	 0.50459E-05	 0.50459E-05	 0.45723E+01	 0.10005E+04	 0.21891E+06	 0.34815E-11	-0.23200E+00	 0.14290E+00	 0.00000E+00	 0.16905E+01	 0.25877E+00
 0.30000E+03	 0.10000E-02	 0.69979E-02	 0.91853E+00	 0.25815E+02	 0.25815E+02	 0.31390E-06	 0.31389E-06	 0.50720E-08	 0.50720E-08	 0.45723E+01	 0.10005E+04	 0.21891E+06	 0.11109E-09	-0.23200E+00	 0.14290E+00	 0.00000E+00	 0.16905E+01	 0.25877E+00
 0.30000E+01	 0.10000E-02	 0.69979E-02	 0.91853E+00	 0.66332E+01	 0.66332E+01	 0.55703E-02	 0.55703E-02	 0.35392E-02	 0.35392E-02	 0.45723E+01	 0.10005E+04	 0.21891E+06	 0.38397E-13	-0.23200E+00	 0.14290E+00	 0.00000E+00	 0.16905E+01	 0.25877E+00
 0.30000E+00	 0.10000E-02	 0.69979E-02	 0.91853E+00	 0.14365E+01	 0.14365E+01	 0.69956E-01	 0.69956E-01	 0.36267E+00	 0.36267E+00	 0.45723E+01	 0.10005E+04	 0.21891E+06	 0.15997E-12	-0.23200E+00	 0.14290E+00	 0.00000E+00	 0.16905E+01	 0.25877E+00
 0.30000E-01	 0.10000E-02	 0.69979E-02	 0.91853E+00	 0.26007E+01	 0.25959E+01	 0.12342E+00	 0.12982E+00	 0.96881E+01	 0.96629E+01	 0.45723E+01	 0.10005E+04	 0.21891E+06	 0.14682E-10	-0.23200E+00	 0.14290E+00	 0.00000E+00	 0.16905E+01	 0.25877E+00
 0.30000E-02	 0.10000E-02	 0.69979E-02	 0.91853E+00	 0.98121E+01	 0.86600E+01	-0.41876E+00	-0.89608E+00	 0.12990E+03	 0.12491E+03	 0.45723E+01	 0.10005E+04	 0.21891E+06	 0.85428E-09	-0.23200E+00	 0.14290E+00	 0.00000E+00	 0.16905E+01	 0.25877E+00
 0.30000E-03	 0.10000E-02	 0.69979E-02	 0.91853E+00	 0.86517E+01	 0.37475E+01	-0.18113E+01	-0.15934E+01	 0.16382E+04	 0.13221E+04	 0.45723E+01	 0.10005E+04	 0.21891E+06	 0.23045E-05	-0.23200E+00	 0.14290E+00	 0.00000E+00	 0.16905E+01	 0.25877E+00
 0.30000E-04	 0.10000E-02	 0.69979E-02	 0.91853E+00	-0.13055E+03	 0.41834E+00	-0.68349E+00	-0.15941E+01	 0.21739E+05	 0.13274E+05	 0.45723E+01	 0.10005E+04	 0.21891E+06	 0.27905E-03	-0.23200E+00	 0.14290E+00	 0.00000E+00	 0.16905E+01	 0.25877E+00
 0.10000E+02	 0.10000E-03	 0.69979E-03	 0.91853E+00	 0.24676E+02	 0.24676E+02	 0.52358E-03	 0.52358E-03	 0.13097E-03	 0.13097E-03	 0.45723E+01	 0.10005E+04	 0.21891E+06	 0.76654E-12	-0.23200E+00	 0.14290E+00	 0.00000E+00	 0.16905E+01	 0.25877E+00
 0.10000E+03	 0.10000E-03	 0.69979E-03	 0.91853E+00	 0.15230E+03	 0.15230E+03	 0.78861E-05	 0.78861E-05	 0.13689E-06	 0.13689E-06	 0.45723E+01	 0.10005E+04	 0.21891E+06	 0.10395E-09	-0.23200E+00	 0.14290E+00	 0.00000E+00	 0.16905E+01	 0.25877E+00
 0.10000E+01	 0.10000E-03	 0.69979E-03	 0.91853E+00	 0.29016E+01	 0.29016E+01	 0.22705E-01	 0.22705E-01	 0.40442E-01	 0.40442E-01	 0.45723E+01	 0.10005E+04	 0.21891E+06	 0.36223E-13	-0.23200E+00	 0.14290E+00	 0.00000E+00	 0.16905E+01	 0.25877E+00
 0.10000E+00	 0.10000E-03	 0.69979E-03	 0.91853E+00	 0.14951E+01	 0.14945E+01	 0.12245E+00	 0.12297E+00	 0.19856E+01	 0.19829E+01	 0.45723E+01	 0.10005E+04	 0.21891E+06	 0.20359E-11	-0.23200E+00	 0.14290E+00	 0.00000E+00	 0.16905E+01	 0.25877E+00
 0.10000E-01	 0.10000E-03	 0.69979E-03	 0.91853E+00	 0.56790E+01	 0.55733E+01	-0.17603E+00	-0.17911E+00	 0.34670E+02	 0.34388E+02	 0.45723E+01	 0.10005E+04	 0.21891E+06	 0.47572E-09	-0.23200E+00	 0.14290E+00	 0.00000E+00	 0.16905E+01	 0.25877E+00
 0.10000E-02	 0.10000E-03	 0.69979E-03	 0.91853E+00	 0.42169E+02	 0.30519E+02	-0.41457E+01	-0.58206E+01	 0.43179E+03	 0.39186E+03	 0.45723E+01	 0.10005E+04	 0.21891E+06	 0.84750E-08	-0.23200E+00	 0.14290E+00	 0.00000E+00	 0.16905E+01	 0.25877E+00
 0.10000E-03	 0.10000E-03	 0.69979E-03	 0.91853E+00	 0.41267E+03	 0.30871E+02	-0.24773E+02	-0.12436E+02	 0.58039E+04	 0.40065E+04	 0.45723E+01	 0.10005E+04	 0.21891E+06	 0.16859E-05	-0.23200E+00	 0.14290E+00	 0.00000E+00	 0.16905E+01	 0.25877E+00
 0.30000E+02	 0.10000E-03	 0.69979E-03	 0.91853E+00	 0.64636E+02	 0.64636E+02	 0.70098E-04	 0.70098E-04	 0.50461E-05	 0.50461E-05	 0.45723E+01	 0.10005E+04	 0.21891E+06	 0.75099E-11	-0.23200E+00	 0.14290E+00	 0.00000E+00	 0.16905E+01	 0.25877E+00
 0.30000E+03	 0.10000E-03	 0.69979E-03	 0.91853E+00	 0.31871E+03	 0.31871E+03	 0.67805E-06	 0.67805E-06	 0.50720E-08	 0.50720E-08	 0.45723E+01	 0.10005E+04	 0.21891E+06	 0.58428E-09	-0.23200E+00	 0.14290E+00	 0.00000E+00	 0.16905E+01	 0.25877E+00
 0.30000E+01	 0.10000E-03	 0.69979E-03	 0.91853E+00	 0.77442E+01	 0.77442E+01	 0.46853E-02	 0.46853E-02	 0.35402E-02	 0.35402E-02	 0.45723E+01	 0.10005E+04	 0.21891E+06	 0.59983E-13	-0.23200E+00	 0.14290E+00	 0.00000E+00	 0.16905E+01	 0.25877E+00
 0.30000E+00	 0.10000E-03	 0.69979E-03	 0.91853E+00	 0.14399E+01	 0.14399E+01	 0.69783E-01	 0.69783E-01	 0.36269E+00	 0.36268E+00	 0.45723E+01	 0.10005E+04	 0.21891E+06	 0.15907E-12	-0.23200E+00	 0.14290E+00	 0.00000E+00	 0.16905E+01	 0.25877E+00
 0.30000E-01	 0.10000E-03	 0.69979E-03	 0.91853E+00	 0.26436E+01	 0.26387E+01	 0.11532E+00	 0.12188E+00	 0.96906E+01	 0.96654E+01	 0.45723E+01	 0.10005E+04	 0.21891E+06	 0.26744E-10	-0.23200E+00	 0.14290E+00	 0.00000E+00	 0.16905E+01	 0.25877E+00
 0.30000E-02	 0.10000E-03	 0.69979E-03	 0.91853E+00	 0.15658E+02	 0.13995E+02	-0.13987E+01	-0.19922E+01	 0.13025E+03	 0.12535E+03	 0.45723E+01	 0.10005E+04	 0.21891E+06	 0.10065E-08	-0.23200E+00	 0.14290E+00	 0.00000E+00	 0.16905E+01	 0.25877E+00
 0.30000E-03	 0.10000E-03	 0.69979E-03	 0.91853E+00	 0.10050E+03	 0.45345E+02	-0.84267E+01	-0.10161E+02	 0.16407E+04	 0.13299E+04	 0.45723E+01	 0.10005E+04	 0.21891E+06	 0.49848E-07	-0.23200E+00	 0.14290E+00	 0.00000E+00	 0.16905E+01	 0.25877E+00
 0.30000E-04	 0.10000E-03	 0.69979E-03	 0.91853E+00	 0.91136E+03	 0.11652E+02	-0.23493E+02	-0.12667E+02	 0.21740E+05	 0.13367E+05	 0.45723E+01	 0.10005E+04	 0.21891E+06	 0.94794E-06	-0.23200E+00	 0.14290E+00	 0.00000E+00	 0.16905E+01	 0.25877E+00
 0.10000E+02	 0.10000E-04	 0.69979E-04	 0.91853E+00	 0.25248E+02	 0.25248E+02	 0.50669E-03	 0.50669E-03	 0.13097E-03	 0.13097E-03	 0.45723E+01	 0.10005E+04	 0.21891E+06	 0.85375E-12	-0.23200E+00	 0.14290E+00	 0.00000E+00	 0.16905E+01	 0.25877E+00
 0.10000E+03	 0.10000E-04	 0.69979E-04	 0.91853E+00	 0.24602E+03	 0.24602E+03	 0.53596E-05	 0.53596E-05	 0.13689E-06	 0.13689E-06	 0.45723E+01	 0.10005E+04	 0.21891E+06	 0.13170E-09	-0.23200E+00	 0.14290E+00	 0.00000E+00	 0.16905E+01	 0.25877E+00
 0.10000E+01	 0.10000E-04	 0.69979E-04	 0.91853E+00	 0.29100E+01	 0.29100E+01	 0.22702E-01	 0.22702E-01	 0.40442E-01	 0.40442E-01	 0.45723E+01	 0.10005E+04	 0.21891E+06	 0.40365E-13	-0.23200E+00	 0.14290E+00	 0.00000E+00	 0.16905E+01	 0.25877E+00
 0.10000E+00	 0.10000E-04	 0.69979E-04	 0.91853E+00	 0.14952E+01	 0.14947E+01	 0.12244E+00	 0.12296E+00	 0.19856E+01	 0.19829E+01	 0.45723E+01	 0.10005E+04	 0.21891E+06	 0.17552E-11	-0.23200E+00	 0.14290E+00	 0.00000E+00	 0.16905E+01	 0.25877E+00
 0.10000E-01	 0.10000E-04	 0.69979E-04	 0.91853E+00	 0.56850E+01	 0.55792E+01	-0.17716E+00	-0.18020E+00	 0.34670E+02	 0.34388E+02	 0.45723E+01	 0.10005E+04	 0.21891E+06	 0.16250E-09	-0.23200E+00	 0.14290E+00	 0.00000E+00	 0.16905E+01	 0.25877E+00
 0.10000E-02	 0.10000E-04	 0.69979E-04	 0.91853E+00	 0.44638E+02	 0.32338E+02	-0.45175E+01	-0.62466E+01	 0.43188E+03	 0.39203E+03	 0.45723E+01	 0.10005E+04	 0.21891E+06	 0.65939E-08	-0.23200E+00	 0.14290E+00	 0.00000E+00	 0.16905E+01	 0.25877E+00
 0.10000E-03	 0.10000E-04	 0.69979E-04	 0.91853E+00	 0.43563E+03	 0.54230E+02	-0.26060E+02	-0.20501E+02	 0.58049E+04	 0.40179E+04	 0.45723E+01	 0.10005E+04	 0.21891E+06	 0.64690E-06	-0.23200E+00	 0.14290E+00	 0.00000E+00	 0.16905E+01	 0.25877E+00
 0.30000E+02	 0.10000E-04	 0.69979E-04	 0.91853E+00	 0.75358E+02	 0.75358E+02	 0.57619E-04	 0.57619E-04	 0.50461E-05	 0.50461E-05	 0.45723E+01	 0.10005E+04	 0.21891E+06	 0.35588E-11	-0.23200E+00	 0.14290E+00	 0.00000E+00	 0.16905E+01	 0.25877E+00
 0.30000E+03	 0.10000E-04	 0.69979E-04	 0.91853E+00	 0.64615E+03	 0.64615E+03	 0.70309E-06	 0.70309E-06	 0.50720E-08	 0.50720E-08	 0.45723E+01	 0.10005E+04	 0.21891E+06	 0.67212E-09	-0.23200E+00	 0.14290E+00	 0.00000E+00	 0.16905E+01	 0.25877E+00
 0.30000E+01	 0.10000E-04	 0.69979E-04	 0.91853E+00	 0.77783E+01	 0.77783E+01	 0.46735E-02	 0.46735E-02	 0.35403E-02	 0.35403E-02	 0.45723E+01	 0.10005E+04	 0.21891E+06	 0.89576E-13	-0.23200E+00	 0.14290E+00	 0.00000E+00	 0.16905E+01	 0.25877E+00
 0.30000E+00	 0.10000E-04	 0.69979E-04	 0.91853E+00	 0.14414E+01	 0.14414E+01	 0.69779E-01	 0.69779E-01	 0.36269E+00	 0.36268E+00	 0.45723E+01	 0.10005E+04	 0.21891E+06	 0.14706E-12	-0.23200E+00	 0.14290E+00	 0.00000E+00	 0.16905E+01	 0.25877E+00
 0.30000E-01	 0.10000E-04	 0.69979E-04	 0.91853E+00	 0.26441E+01	 0.26392E+01	 0.11524E+00	 0.12180E+00	 0.96907E+01	 0.96654E+01	 0.45723E+01	 0.10005E+04	 0.21891E+06	 0.19198E-10	-0.23200E+00	 0.14290E+00	 0.00000E+00	 0.16905E+01	 0.25877E+00
 0.30000E-02	 0.10000E-04	 0.69979E-04	 0.91853E+00	 0.15792E+02	 0.14118E+02	-0.14217E+01	-0.20167E+01	 0.13025E+03	 0.12536E+03	 0.45723E+01	 0.10005E+04	 0.21891E+06	 0.16311E-08	-0.23200E+00	 0.14290E+00	 0.00000E+00	 0.16905E+01	 0.25877E+00
 0.30000E-03	 0.10000E-04	 0.69979E-04	 0.91853E+00	 0.14544E+03	 0.59203E+02	-0.12806E+02	-0.14005E+02	 0.16415E+04	 0.13322E+04	 0.45723E+01	 0.10005E+04	 0.21891E+06	 0.67681E-07	-0.23200E+00	 0.14290E+00	 0.00000E+00	 0.16905E+01	 0.25877E+00
 0.30000E-04	 0.10000E-04	 0.69979E-04	 0.91853E+00	 0.14250E+04	 0.31415E+02	-0.34006E+02	-0.24552E+02	 0.21741E+05	 0.13410E+05	 0.45723E+01	 0.10005E+04	 0.21891E+06	 0.82911E-06	-0.23200E+00	 0.14290E+00	 0.00000E+00	 0.16905E+01	 0.25877E+00
 0.10000E+02	 0.30000E+00	 0.20994E+01	 0.91853E+00	 0.57842E-01	 0.57842E-01	 0.48843E-03	 0.48843E-03	 0.19313E-03	 0.19313E-03	 0.45723E+01	 0.10005E+04	 0.21891E+06	 0.20547E-11	-0.23200E+00	 0.14290E+00	 0.00000E+00	 0.16905E+01	 0.25877E+00
 0.10000E+03	 0.30000E+00	 0.20994E+01	 0.91853E+00	 0.28138E-01	 0.28138E-01	 0.69839E-05	 0.69839E-05	 0.21298E-06	 0.21298E-06	 0.45723E+01	 0.10005E+04	 0.21891E+06	 0.17460E-10	-0.23200E+00	 0.14290E+00	 0.00000E+00	 0.16905E+01	 0.25877E+00
 0.10000E+01	 0.30000E+00	 0.20994E+01	 0.91853E+00	 0.11163E+00	 0.11163E+00	 0.12392E-01	 0.12392E-01	 0.47955E-01	 0.47955E-01	 0.45723E+01	 0.10005E+04	 0.21891E+06	 0.68260E-11	-0.23200E+00	 0.14290E+00	 0.00000E+00	 0.16905E+01	 0.25877E+00
 0.10000E+00	 0.30000E+00	 0.20994E+01	 0.91853E+00	 0.77576E-01	 0.77501E-01	 0.84892E-01	 0.84767E-01	 0.21808E+01	 0.21779E+01	 0.45723E+01	 0.10005E+04	 0.21891E+06	 0.22039E-09	-0.23200E+00	 0.14290E+00	 0.00000E+00	 0.16905E+01	 0.25877E+00
 0.10000E-01	 0.30000E+00	 0.20994E+01	 0.91853E+00	 0.35367E-01	 0.34200E-01	 0.30572E+00	 0.30044E+00	 0.45629E+02	 0.44524E+02	 0.45723E+01	 0.10005E+04	 0.21891E+06	 0.21283E-08	-0.23200E+00	 0.14290E+00	 0.00000E+00	 0.16905E+01	 0.25877E+00
 0.10000E-02	 0.30000E+00	 0.20994E+01	 0.91853E+00	 0.15377E-01	 0.98360E-02	 0.32069E+00	 0.35671E+00	 0.59313E+03	 0.54199E+03	 0.45723E+01	 0.10005E+04	 0.21891E+06	 0.21381E-07	-0.23200E+00	 0.14290E+00	 0.00000E+00	 0.16905E+01	 0.25877E+00
 0.10000E-03	 0.30000E+00	 0.20994E+01	 0.91853E+00	 0.47425E-01	 0.18012E-02	 0.41138E+00	 0.37102E+00	 0.65187E+04	 0.55513E+04	 0.45723E+01	 0.10005E+04	 0.21891E+06	 0.21820E-05	-0.23200E+00	 0.14290E+00	 0.00000E+00	 0.16905E+01	 0.25877E+00
 0.30000E+02	 0.30000E+00	 0.20994E+01	 0.91853E+00	 0.49374E-01	 0.49374E-01	 0.63437E-04	 0.63437E-04	 0.77601E-05	 0.77601E-05	 0.45723E+01	 0.10005E+04	 0.21891E+06	 0.42321E-11	-0.23200E+00	 0.14290E+00	 0.00000E+00	 0.16905E+01	 0.25877E+00
 0.30000E+03	 0.30000E+00	 0.20994E+01	 0.91853E+00	 0.11294E-01	 0.11294E-01	 0.81336E-06	 0.81335E-06	 0.79044E-08	 0.79044E-08	 0.45723E+01	 0.10005E+04	 0.21891E+06	 0.24461E-09	-0.23200E+00	 0.14290E+00	 0.00000E+00	 0.16905E+01	 0.25877E+00
 0.30000E+01	 0.30000E+00	 0.20994E+01	 0.91853E+00	 0.80691E-01	 0.80691E-01	 0.37497E-02	 0.37497E-02	 0.47489E-02	 0.47489E-02	 0.45723E+01	 0.10005E+04	 0.21891E+06	 0.40415E-11	-0.23200E+00	 0.14290E+00	 0.00000E+00	 0.16905E+01	 0.25877E+00
 0.30000E+00	 0.30000E+00	 0.20994E+01	 0.91853E+00	 0.10025E+00	 0.10025E+00	 0.30523E-01	 0.30523E-01	 0.39241E+00	 0.39241E+00	 0.45723E+01	 0.10005E+04	 0.21891E+06	 0.43742E-10	-0.23200E+00	 0.14290E+00	 0.00000E+00	 0.16905E+01	 0.25877E+00
 0.30000E-01	 0.30000E+00	 0.20994E+01	 0.91853E+00	 0.54777E-01	 0.54362E-01	 0.20639E+00	 0.20441E+00	 0.11657E+02	 0.11594E+02	 0.45723E+01	 0.10005E+04	 0.21891E+06	 0.30202E-09	-0.23200E+00	 0.14290E+00	 0.00000E+00	 0.16905E+01	 0.25877E+00
 0.30000E-02	 0.30000E+00	 0.20994E+01	 0.91853E+00	 0.20921E-01	 0.18519E-01	 0.34412E+00	 0.35022E+00	 0.18062E+03	 0.17058E+03	 0.45723E+01	 0.10005E+04	 0.21891E+06	 0.33701E-08	-0.23200E+00	 0.14290E+00	 0.00000E+00	 0.16905E+01	 0.25877E+00
 0.30000E-03	 0.30000E+00	 0.20994E+01	 0.91853E+00	 0.20744E-01	 0.44751E-02	 0.30095E+00	 0.36154E+00	 0.20952E+04	 0.18439E+04	 0.45723E+01	 0.10005E+04	 0.21891E+06	 0.30469E-06	-0.23200E+00	 0.14290E+00	 0.00000E+00	 0.16905E+01	 0.25877E+00
 0.30000E-04	 0.30000E+00	 0.20994E+01	 0.91853E+00	 0.14701E+00	 0.56475E-03	 0.45827E+00	 0.37367E+00	 0.22132E+05	 0.18513E+05	 0.45723E+01	 0.10005E+04	 0.21891E+06	 0.27897E-04	-0.23200E+00	 0.14290E+00	 0.00000E+00	 0.16905E+01	 0.25877E+00
 0.10000E+02	 0.30000E-01	 0.20994E+00	 0.91853E+00	 0.87704E+00	 0.87704E+00	 0.28347E-03	 0.28347E-03	 0.13127E-03	 0.13127E-03	 0.45723E+01	 0.10005E+04	 0.21891E+06	 0.17420E-12	-0.23200E+00	 0.14290E+00	 0.00000E+00	 0.16905E+01	 0.25877E+00
 0.10000E+03	 0.30000E-01	 0.20994E+00	 0.91853E+00	 0.47367E+00	 0.47367E+00	 0.55065E-05	 0.55065E-05	 0.13761E-06	 0.13761E-06	 0.45723E+01	 0.10005E+04	 0.21891E+06	 0.34366E-11	-0.23200E+00	 0.14290E+00	 0.00000E+00	 0.16905E+01	 0.25877E+00
 0.10000E+01	 0.30000E-01	 0.20994E+00	 0.91853E+00	 0.13401E+01	 0.13401E+01	 0.22672E-01	 0.22672E-01	 0.40073E-01	 0.40073E-01	 0.45723E+01	 0.10005E+04	 0.21891E+06	 0.36929E-13	-0.23200E+00	 0.14290E+00	 0.00000E+00	 0.16905E+01	 0.25877E+00
 0.10000E+00	 0.30000E-01	 0.20994E+00	 0.91853E+00	 0.77608E+00	 0.77563E+00	 0.23564E+00	 0.23545E+00	 0.19483E+01	 0.19457E+01	 0.45723E+01	 0.10005E+04	 0.21891E+06	 0.67158E-12	-0.23200E+00	 0.14290E+00	 0.00000E+00	 0.16905E+01	 0.25877E+00
 0.10000E-01	 0.30000E-01	 0.20994E+00	 0.91853E+00	 0.42121E+00	 0.40875E+00	 0.46136E+00	 0.43990E+00	 0.37192E+02	 0.36806E+02	 0.45723E+01	 0.10005E+04	 0.21891E+06	 0.55925E-10	-0.23200E+00	 0.14290E+00	 0.00000E+00	 0.16905E+01	 0.25877E+00
 0.10000E-02	 0.30000E-01	 0.20994E+00	 0.91853E+00	 0.15526E+00	 0.11829E+00	 0.23878E+00	 0.22163E+00	 0.47240E+03	 0.42827E+03	 0.45723E+01	 0.10005E+04	 0.21891E+06	 0.25979E-07	-0.23200E+00	 0.14290E+00	 0.00000E+00	 0.16905E+01	 0.25877E+00
 0.10000E-03	 0.30000E-01	 0.20994E+00	 0.91853E+00	 0.17493E+00	 0.41433E-01	 0.46782E-01	 0.17699E+00	 0.59512E+04	 0.43376E+04	 0.45723E+01	 0.10005E+04	 0.21891E+06	 0.16389E-04	-0.23200E+00	 0.14290E+00	 0.00000E+00	 0.16905E+01	 0.25877E+00
 0.30000E+02	 0.30000E-01	 0.20994E+00	 0.91853E+00	 0.62909E+00	 0.62909E+00	 0.52973E-04	 0.52973E-04	 0.50697E-05	 0.50697E-05	 0.45723E+01	 0.10005E+04	 0.21891E+06	 0.12059E-11	-0.23200E+00	 0.14290E+00	 0.00000E+00	 0.16905E+01	 0.25877E+00
 0.30000E+03	 0.30000E-01	 0.20994E+00	 0.91853E+00	 0.45589E+00	 0.45589E+00	 0.63450E-06	 0.63449E-06	 0.50997E-08	 0.50997E-08	 0.45723E+01	 0.10005E+04	 0.21891E+06	 0.91917E-11	-0.23200E+00	 0.14290E+00	 0.00000E+00	 0.16905E+01	 0.25877E+00
 0.30000E+01	 0.30000E-01	 0.20994E+00	 0.91853E+00	 0.13506E+01	 0.13506E+01	 0.23380E-02	 0.23380E-02	 0.35242E-02	 0.35242E-02	 0.45723E+01	 0.10005E+04	 0.21891E+06	 0.96580E-13	-0.23200E+00	 0.14290E+00	 0.00000E+00	 0.16905E+01	 0.25877E+00
 0.30000E+00	 0.30000E-01	 0.20994E+00	 0.91853E+00	 0.93969E+00	 0.93969E+00	 0.98738E-01	 0.98738E-01	 0.35884E+00	 0.35883E+00	 0.45723E+01	 0.10005E+04	 0.21891E+06	 0.98583E-13	-0.23200E+00	 0.14290E+00	 0.00000E+00	 0.16905E+01	 0.25877E+00
 0.30000E-01	 0.30000E-01	 0.20994E+00	 0.91853E+00	 0.60531E+00	 0.60288E+00	 0.43444E+00	 0.43144E+00	 0.98228E+01	 0.97902E+01	 0.45723E+01	 0.10005E+04	 0.21891E+06	 0.83378E-11	-0.23200E+00	 0.14290E+00	 0.00000E+00	 0.16905E+01	 0.25877E+00
 0.30000E-02	 0.30000E-01	 0.20994E+00	 0.91853E+00	 0.25439E+00	 0.22271E+00	 0.37703E+00	 0.30377E+00	 0.14344E+03	 0.13750E+03	 0.45723E+01	 0.10005E+04	 0.21891E+06	 0.10392E-08	-0.23200E+00	 0.14290E+00	 0.00000E+00	 0.16905E+01	 0.25877E+00
 0.30000E-03	 0.30000E-01	 0.20994E+00	 0.91853E+00	 0.12142E+00	 0.65481E-01	 0.83401E-01	 0.18634E+00	 0.17437E+04	 0.14436E+04	 0.45723E+01	 0.10005E+04	 0.21891E+06	 0.19761E-05	-0.23200E+00	 0.14290E+00	 0.00000E+00	 0.16905E+01	 0.25877E+00
 0.30000E-04	 0.30000E-01	 0.20994E+00	 0.91853E+00	 0.45228E+00	 0.24155E-01	 0.14842E+00	 0.16607E+00	 0.21818E+05	 0.14462E+05	 0.45723E+01	 0.10005E+04	 0.21891E+06	 0.23771E-04	-0.23200E+00	 0.14290E+00	 0.00000E+00	 0.16905E+01	 0.25877E+00
 0.10000E+02	 0.30000E-02	 0.20994E-01	 0.91853E+00	 0.10659E+02	 0.10659E+02	 0.58994E-03	 0.58994E-03	 0.13092E-03	 0.13092E-03	 0.45723E+01	 0.10005E+04	 0.21891E+06	 0.36406E-12	-0.23200E+00	 0.14290E+00	 0.00000E+00	 0.16905E+01	 0.25877E+00
 0.10000E+03	 0.30000E-02	 0.20994E-01	 0.91853E+00	 0.86066E+01	 0.86066E+01	 0.28251E-05	 0.28251E-05	 0.13689E-06	 0.13689E-06	 0.45723E+01	 0.10005E+04	 0.21891E+06	 0.13578E-10	-0.23200E+00	 0.14290E+00	 0.00000E+00	 0.16905E+01	 0.25877E+00
 0.10000E+01	 0.30000E-02	 0.20994E-01	 0.91853E+00	 0.24910E+01	 0.24910E+01	 0.26175E-01	 0.26175E-01	 0.40399E-01	 0.40399E-01	 0.45723E+01	 0.10005E+04	 0.21891E+06	 0.35864E-13	-0.23200E+00	 0.14290E+00	 0.00000E+00	 0.16905E+01	 0.25877E+00
 0.10000E+00	 0.30000E-02	 0.20994E-01	 0.91853E+00	 0.14734E+01	 0.14729E+01	 0.12654E+00	 0.12704E+00	 0.19843E+01	 0.19816E+01	 0.45723E+01	 0.10005E+04	 0.21891E+06	 0.11890E-11	-0.23200E+00	 0.14290E+00	 0.00000E+00	 0.16905E+01	 0.25877E+00
 0.10000E-01	 0.30000E-02	 0.20994E-01	 0.91853E+00	 0.34710E+01	 0.33971E+01	 0.25705E+00	 0.24591E+00	 0.34500E+02	 0.34215E+02	 0.45723E+01	 0.10005E+04	 0.21891E+06	 0.64239E-10	-0.23200E+00	 0.14290E+00	 0.00000E+00	 0.16905E+01	 0.25877E+00
 0.10000E-02	 0.30000E-02	 0.20994E-01	 0.91853E+00	 0.29259E+01	 0.17412E+01	-0.13844E+00	-0.45146E+00	 0.43006E+03	 0.38825E+03	 0.45723E+01	 0.10005E+04	 0.21891E+06	 0.16597E-06	-0.23200E+00	 0.14290E+00	 0.00000E+00	 0.16905E+01	 0.25877E+00
 0.10000E-03	 0.30000E-02	 0.20994E-01	 0.91853E+00	-0.37395E+00	 0.21596E+00	-0.17238E+01	-0.63546E+00	 0.57977E+04	 0.39524E+04	 0.45723E+01	 0.10005E+04	 0.21891E+06	 0.17163E-04	-0.23200E+00	 0.14290E+00	 0.00000E+00	 0.16905E+01	 0.25877E+00
 0.30000E+02	 0.30000E-02	 0.20994E-01	 0.91853E+00	 0.12725E+02	 0.12725E+02	 0.29001E-04	 0.29001E-04	 0.50458E-05	 0.50458E-05	 0.45723E+01	 0.10005E+04	 0.21891E+06	 0.62650E-11	-0.23200E+00	 0.14290E+00	 0.00000E+00	 0.16905E+01	 0.25877E+00
 0.30000E+03	 0.30000E-02	 0.20994E-01	 0.91853E+00	 0.62445E+01	 0.62445E+01	 0.52738E-06	 0.52738E-06	 0.50723E-08	 0.50723E-08	 0.45723E+01	 0.10005E+04	 0.21891E+06	 0.44625E-10	-0.23200E+00	 0.14290E+00	 0.00000E+00	 0.16905E+01	 0.25877E+00
 0.30000E+01	 0.30000E-02	 0.20994E-01	 0.91853E+00	 0.48317E+01	 0.48317E+01	 0.67236E-02	 0.67236E-02	 0.35370E-02	 0.35370E-02	 0.45723E+01	 0.10005E+04	 0.21891E+06	 0.56161E-13	-0.23200E+00	 0.14290E+00	 0.00000E+00	 0.16905E+01	 0.25877E+00
 0.30000E+00	 0.30000E-02	 0.20994E-01	 0.91853E+00	 0.14257E+01	 0.14257E+01	 0.71310E-01	 0.71310E-01	 0.36251E+00	 0.36251E+00	 0.45723E+01	 0.10005E+04	 0.21891E+06	 0.16394E-12	-0.23200E+00	 0.14290E+00	 0.00000E+00	 0.16905E+01	 0.25877E+00
 0.30000E-01	 0.30000E-02	 0.20994E-01	 0.91853E+00	 0.23362E+01	 0.23319E+01	 0.17565E+00	 0.18092E+00	 0.96713E+01	 0.96464E+01	 0.45723E+01	 0.10005E+04	 0.21891E+06	 0.12022E-10	-0.23200E+00	 0.14290E+00	 0.00000E+00	 0.16905E+01	 0.25877E+00
 0.30000E-02	 0.30000E-02	 0.20994E-01	 0.91853E+00	 0.37392E+01	 0.31739E+01	 0.29595E+00	-0.19703E-01	 0.12954E+03	 0.12443E+03	 0.45723E+01	 0.10005E+04	 0.21891E+06	 0.15860E-08	-0.23200E+00	 0.14290E+00	 0.00000E+00	 0.16905E+01	 0.25877E+00
 0.30000E-03	 0.30000E-02	 0.20994E-01	 0.91853E+00	 0.16754E+01	 0.62732E+00	-0.10129E+01	-0.61598E+00	 0.16365E+04	 0.13140E+04	 0.45723E+01	 0.10005E+04	 0.21891E+06	 0.19031E-05	-0.23200E+00	 0.14290E+00	 0.00000E+00	 0.16905E+01	 0.25877E+00
 0.30000E-04	 0.30000E-02	 0.20994E-01	 0.91853E+00	-0.55093E+01	 0.65070E-01	-0.20249E+01	-0.63732E+00	 0.21738E+05	 0.13180E+05	 0.45723E+01	 0.10005E+04	 0.21891E+06	 0.25652E-04	-0.23200E+00	 0.14290E+00	 0.00000E+00	 0.16905E+01	 0.25877E+00
 0.10000E+02	 0.30000E-03	 0.20994E-02	 0.91853E+00	 0.21600E+02	 0.21600E+02	 0.61615E-03	 0.61615E-03	 0.13096E-03	 0.13096E-03	 0.45723E+01	 0.10005E+04	 0.21891E+06	 0.10816E-11	-0.23200E+00	 0.14290E+00	 0.00000E+00	 0.16905E+01	 0.25877E+00
 0.10000E+03	 0.30000E-03	 0.20994E-02	 0.91853E+00	 0.10624E+03	 0.10624E+03	 0.61005E-05	 0.61005E-05	 0.13689E-06	 0.13689E-06	 0.45723E+01	 0.10005E+04	 0.21891E+06	 0.57783E-10	-0.23200E+00	 0.14290E+00	 0.00000E+00	 0.16905E+01	 0.25877E+00
 0.10000E+01	 0.30000E-03	 0.20994E-02	 0.91853E+00	 0.28951E+01	 0.28951E+01	 0.22750E-01	 0.22750E-01	 0.40441E-01	 0.40441E-01	 0.45723E+01	 0.10005E+04	 0.21891E+06	 0.36951E-13	-0.23200E+00	 0.14290E+00	 0.00000E+00	 0.16905E+01	 0.25877E+00
 0.10000E+00	 0.30000E-03	 0.20994E-02	 0.91853E+00	 0.14943E+01	 0.14937E+01	 0.12250E+00	 0.12302E+00	 0.19856E+01	 0.19828E+01	 0.45723E+01	 0.10005E+04	 0.21891E+06	 0.13652E-11	-0.23200E+00	 0.14290E+00	 0.00000E+00	 0.16905E+01	 0.25877E+00
 0.10000E-01	 0.30000E-03	 0.20994E-02	 0.91853E+00	 0.56318E+01	 0.55267E+01	-0.16702E+00	-0.17037E+00	 0.34666E+02	 0.34384E+02	 0.45723E+01	 0.10005E+04	 0.21891E+06	 0.20698E-09	-0.23200E+00	 0.14290E+00	 0.00000E+00	 0.16905E+01	 0.25877E+00
 0.10000E-02	 0.30000E-03	 0.20994E-02	 0.91853E+00	 0.31250E+02	 0.22465E+02	-0.26870E+01	-0.40384E+01	 0.43142E+03	 0.39121E+03	 0.45723E+01	 0.10005E+04	 0.21891E+06	 0.60067E-08	-0.23200E+00	 0.14290E+00	 0.00000E+00	 0.16905E+01	 0.25877E+00
 0.10000E-03	 0.30000E-03	 0.20994E-02	 0.91853E+00	-0.15547E+04	 0.93110E+01	 0.78200E+02	-0.45268E+01	 0.57976E+04	 0.39964E+04	 0.45723E+01	 0.10005E+04	 0.21891E+06	 0.19684E-05	-0.23200E+00	 0.14290E+00	 0.00000E+00	 0.16905E+01	 0.25877E+00
 0.30000E+02	 0.30000E-03	 0.20994E-02	 0.91853E+00	 0.47034E+02	 0.47034E+02	 0.86949E-04	 0.86949E-04	 0.50461E-05	 0.50461E-05	 0.45723E+01	 0.10005E+04	 0.21891E+06	 0.65815E-11	-0.23200E+00	 0.14290E+00	 0.00000E+00	 0.16905E+01	 0.25877E+00
 0.30000E+03	 0.30000E-03	 0.20994E-02	 0.91853E+00	 0.12717E+03	 0.12717E+03	 0.29109E-06	 0.29109E-06	 0.50720E-08	 0.50720E-08	 0.45723E+01	 0.10005E+04	 0.21891E+06	 0.15919E-09	-0.23200E+00	 0.14290E+00	 0.00000E+00	 0.16905E+01	 0.25877E+00
 0.30000E+01	 0.30000E-03	 0.20994E-02	 0.91853E+00	 0.76171E+01	 0.76171E+01	 0.47872E-02	 0.47872E-02	 0.35401E-02	 0.35401E-02	 0.45723E+01	 0.10005E+04	 0.21891E+06	 0.11451E-12	-0.23200E+00	 0.14290E+00	 0.00000E+00	 0.16905E+01	 0.25877E+00
 0.30000E+00	 0.30000E-03	 0.20994E-02	 0.91853E+00	 0.14382E+01	 0.14382E+01	 0.69800E-01	 0.69800E-01	 0.36269E+00	 0.36268E+00	 0.45723E+01	 0.10005E+04	 0.21891E+06	 0.21617E-12	-0.23200E+00	 0.14290E+00	 0.00000E+00	 0.16905E+01	 0.25877E+00
 0.30000E-01	 0.30000E-03	 0.20994E-02	 0.91853E+00	 0.26400E+01	 0.26351E+01	 0.11599E+00	 0.12254E+00	 0.96904E+01	 0.96652E+01	 0.45723E+01	 0.10005E+04	 0.21891E+06	 0.11049E-10	-0.23200E+00	 0.14290E+00	 0.00000E+00	 0.16905E+01	 0.25877E+00
 0.30000E-02	 0.30000E-03	 0.20994E-02	 0.91853E+00	 0.14719E+02	 0.13135E+02	-0.12334E+01	-0.18125E+01	 0.13019E+03	 0.12527E+03	 0.45723E+01	 0.10005E+04	 0.21891E+06	 0.11648E-08	-0.23200E+00	 0.14290E+00	 0.00000E+00	 0.16905E+01	 0.25877E+00
 0.30000E-03	 0.30000E-03	 0.20994E-02	 0.91853E+00	 0.41122E+02	 0.19801E+02	-0.40640E+01	-0.45953E+01	 0.16397E+04	 0.13269E+04	 0.45723E+01	 0.10005E+04	 0.21891E+06	 0.77211E-06	-0.23200E+00	 0.14290E+00	 0.00000E+00	 0.16905E+01	 0.25877E+00
 0.30000E-04	 0.30000E-03	 0.20994E-02	 0.91853E+00	 0.82205E+03	 0.29924E+01	-0.21832E+02	-0.44032E+01	 0.21740E+05	 0.13331E+05	 0.45723E+01	 0.10005E+04	 0.21891E+06	 0.73944E-05	-0.23200E+00	 0.14290E+00	 0.00000E+00	 0.16905E+01	 0.25877E+00
 0.10000E+02	 0.30000E-04	 0.20994E-03	 0.91853E+00	 0.25188E+02	 0.25188E+02	 0.50809E-03	 0.50809E-03	 0.13097E-03	 0.13097E-03	 0.45723E+01	 0.10005E+04	 0.21891E+06	 0.52376E-12	-0.23200E+00	 0.14290E+00	 0.00000E+00	 0.16905E+01	 0.25877E+00
 0.10000E+03	 0.30000E-04	 0.20994E-03	 0.91853E+00	 0.21539E+03	 0.21539E+03	 0.63263E-05	 0.63263E-05	 0.13689E-06	 0.13689E-06	 0.45723E+01	 0.10005E+04	 0.21891E+06	 0.82226E-10	-0.23200E+00	 0.14290E+00	 0.00000E+00	 0.16905E+01	 0.25877E+00
 0.10000E+01	 0.30000E-04	 0.20994E-03	 0.91853E+00	 0.29071E+01	 0.29071E+01	 0.22702E-01	 0.22702E-01	 0.40442E-01	 0.40442E-01	 0.45723E+01	 0.10005E+04	 0.21891E+06	 0.33028E-13	-0.23200E+00	 0.14290E+00	 0.00000E+00	 0.16905E+01	 0.25877E+00
 0.10000E+00	 0.30000E-04	 0.20994E-03	 0.91853E+00	 0.14952E+01	 0.14947E+01	 0.12244E+00	 0.12296E+00	 0.19856E+01	 0.19829E+01	 0.45723E+01	 0.10005E+04	 0.21891E+06	 0.16852E-11	-0.23200E+00	 0.14290E+00	 0.00000E+00	 0.16905E+01	 0.25877E+00
 0.10000E-01	 0.30000E-04	 0.20994E-03	 0.91853E+00	 0.56845E+01	 0.55787E+01	-0.17707E+00	-0.18011E+00	 0.34670E+02	 0.34388E+02	 0.45723E+01	 0.10005E+04	 0.21891E+06	 0.17115E-09	-0.23200E+00	 0.14290E+00	 0.00000E+00	 0.16905E+01	 0.25877E+00
 0.10000E-02	 0.30000E-04	 0.20994E-03	 0.91853E+00	 0.44417E+02	 0.32175E+02	-0.44838E+01	-0.62089E+01	 0.43187E+03	 0.39201E+03	 0.45723E+01	 0.10005E+04	 0.21891E+06	 0.75827E-08	-0.23200E+00	 0.14290E+00	 0.00000E+00	 0.16905E+01	 0.25877E+00
 0.10000E-03	 0.30000E-04	 0.20994E-03	 0.91853E+00	 0.42754E+03	 0.50092E+02	-0.25608E+02	-0.19548E+02	 0.58046E+04	 0.40153E+04	 0.45723E+01	 0.10005E+04	 0.21891E+06	 0.11494E-05	-0.23200E+00	 0.14290E+00	 0.00000E+00	 0.16905E+01	 0.25877E+00
 0.30000E+02	 0.30000E-04	 0.20994E-03	 0.91853E+00	 0.74135E+02	 0.74135E+02	 0.59047E-04	 0.59047E-04	 0.50461E-05	 0.50461E-05	 0.45723E+01	 0.10005E+04	 0.21891E+06	 0.52665E-11	-0.23200E+00	 0.14290E+00	 0.00000E+00	 0.16905E+01	 0.25877E+00
 0.30000E+03	 0.30000E-04	 0.20994E-03	 0.91853E+00	 0.47018E+03	 0.47018E+03	 0.87255E-06	 0.87255E-06	 0.50720E-08	 0.50720E-08	 0.45723E+01	 0.10005E+04	 0.21891E+06	 0.85160E-09	-0.23200E+00	 0.14290E+00	 0.00000E+00	 0.16905E+01	 0.25877E+00
 0.30000E+01	 0.30000E-04	 0.20994E-03	 0.91853E+00	 0.77637E+01	 0.77637E+01	 0.46736E-02	 0.46736E-02	 0.35403E-02	 0.35403E-02	 0.45723E+01	 0.10005E+04	 0.21891E+06	 0.69533E-13	-0.23200E+00	 0.14290E+00	 0.00000E+00	 0.16905E+01	 0.25877E+00
 0.30000E+00	 0.30000E-04	 0.20994E-03	 0.91853E+00	 0.14412E+01	 0.14412E+01	 0.69779E-01	 0.69779E-01	 0.36269E+00	 0.36268E+00	 0.45723E+01	 0.10005E+04	 0.21891E+06	 0.14685E-12	-0.23200E+00	 0.14290E+00	 0.00000E+00	 0.16905E+01	 0.25877E+00
 0.30000E-01	 0.30000E-04	 0.20994E-03	 0.91853E+00	 0.26440E+01	 0.26391E+01	 0.11524E+00	 0.12181E+00	 0.96907E+01	 0.96654E+01	 0.45723E+01	 0.10005E+04	 0.21891E+06	 0.11925E-10	-0.23200E+00	 0.14290E+00	 0.00000E+00	 0.16905E+01	 0.25877E+00
 0.30000E-02	 0.30000E-04	 0.20994E-03	 0.91853E+00	 0.15781E+02	 0.14108E+02	-0.14199E+01	-0.20147E+01	 0.13025E+03	 0.12535E+03	 0.45723E+01	 0.10005E+04	 0.21891E+06	 0.94274E-09	-0.23200E+00	 0.14290E+00	 0.00000E+00	 0.16905E+01	 0.25877E+00
 0.30000E-03	 0.30000E-04	 0.20994E-03	 0.91853E+00	 0.13930E+03	 0.57561E+02	-0.12133E+02	-0.13513E+02	 0.16414E+04	 0.13318E+04	 0.45723E+01	 0.10005E+04	 0.21891E+06	 0.55923E-07	-0.23200E+00	 0.14290E+00	 0.00000E+00	 0.16905E+01	 0.25877E+00
 0.30000E-04	 0.30000E-04	 0.20994E-03	 0.91853E+00	 0.12862E+04	 0.24736E+02	-0.31516E+02	-0.22324E+02	 0.21741E+05	 0.13399E+05	 0.45723E+01	 0.10005E+04	 0.21891E+06	 0.68522E-06	-0.23200E+00	 0.14290E+00	 0.00000E+00	 0.16905E+01	 0.25877E+00
