 &datain
 nzperiod=  4,
 lalpha= 20, lfout=20, nrun =  1,
 cmul = 3.0000,
 efield = 0.0000,
 mpolb =  7,  ntorb = 36,  ibbi = 1,
 chip = -0.1362,  psip =  0.0864,
 btheta =  0.0000, bzeta =  1.6905,
 borbi(0,0)=  0.96988E+00,
 borbi(-1,1)=  -.70895E-01,
 borbi(0,1)=  -.65988E-01,
 borbi(-2,1)=  0.45883E-01,
 borbi(8,0)=  -.16241E-01,
 borbi(-3,2)=  -.11169E-01,
 borbi(-3,1)=  -.86618E-02,
 borbi(7,0)=  0.75741E-02,
 borbi(3,0)=  -.74389E-02,
 borbi(1,0)=  0.70062E-02,
 borbi(1,1)=  0.66924E-02,
 borbi(6,2)=  0.59803E-02,
 borbi(7,1)=  0.56994E-02,
 borbi(-10,2)=  0.54295E-02,
 borbi(-9,1)=  -.51365E-02,
 borbi(-2,2)=  0.37982E-02,
 borbi(5,2)=  -.35864E-02,
 borbi(8,1)=  -.35418E-02,
 borbi(-4,3)=  0.34279E-02,
 borbi(-10,1)=  0.32371E-02,
 borbi(2,1)=  -.30260E-02,
 borbi(-8,1)=  -.28198E-02,
 borbi(4,0)=  -.27159E-02,
 borbi(-4,2)=  0.25725E-02,
 borbi(2,0)=  0.25511E-02,
 borbi(6,0)=  -.21769E-02,
 borbi(-3,3)=  -.21591E-02,
 borbi(6,1)=  0.18237E-02,
 borbi(-9,2)=  -.18123E-02,
 borbi(-6,1)=  -.15119E-02,
 borbi(5,3)=  -.14202E-02,
 borbi(4,2)=  0.13821E-02,
 borbi(1,2)=  -.12793E-02,
 borbi(-5,1)=  -.12681E-02,
 borbi(9,0)=  0.12249E-02,
 borbi(4,1)=  0.11394E-02,
 borbi(-1,2)=  -.11273E-02,
 borbi(-4,1)=  0.11113E-02,
 borbi(-5,4)=  -.11029E-02,
 borbi(-5,2)=  -.10889E-02,
 borbi(-5,3)=  -.10775E-02,
 borbi(5,1)=  -.10397E-02,
 borbi(5,0)=  -.99457E-03,
 borbi(-10,3)=  0.92145E-03,
 borbi(-11,2)=  -.89434E-03,
 borbi(-4,4)=  0.80588E-03,
 borbi(0,2)=  0.76510E-03,
 borbi(-2,3)=  -.65268E-03,
 borbi(-7,1)=  0.61581E-03,
 borbi(-1,3)=  -.60487E-03,
 borbi(-11,1)=  -.55342E-03,
 borbi(4,3)=  0.53485E-03,
 borbi(9,1)=  0.48224E-03,
 borbi(7,2)=  -.45294E-03,
 borbi(-6,4)=  0.42447E-03,
 borbi(6,3)=  0.42317E-03,
 borbi(-12,4)=  -.37820E-03,
 borbi(-6,3)=  0.36876E-03,
 borbi(-12,3)=  -.33344E-03,
 borbi(-6,5)=  0.32571E-03,
 borbi(10,0)=  0.32209E-03,
 borbi(3,2)=  -.26819E-03,
 borbi(-7,2)=  -.26542E-03,
 borbi(10,1)=  -.24404E-03,
 borbi(2,2)=  0.23953E-03,
 borbi(-3,4)=  0.23030E-03,
 borbi(-5,5)=  -.22223E-03,
 borbi(-12,1)=  0.20922E-03,
 borbi(3,3)=  -.20458E-03,
 borbi(15,0)=  0.19971E-03,
 borbi(16,0)=  -.19691E-03,
 borbi(-11,3)=  0.19035E-03,
 borbi(-17,2)=  -.17262E-03,
 borbi(-18,2)=  0.17144E-03,
 borbi(15,1)=  0.14982E-03,
 borbi(-7,5)=  -.14784E-03,
 borbi(-7,4)=  -.14278E-03,
 borbi(0,3)=  -.13620E-03,
 borbi(-15,2)=  0.13554E-03,
 borbi(11,0)=  -.12957E-03,
 borbi(-14,2)=  0.12838E-03,
 borbi(-16,1)=  -.12774E-03,
 borbi(8,2)=  0.11873E-03,
 borbi(-13,4)=  0.11378E-03,
 borbi(-13,2)=  0.11351E-03,
 borbi(-13,1)=  0.11056E-03,
 borbi(-17,1)=  -.10621E-03,
 borbi(-19,3)=  0.10019E-03,
 borbi(12,3)=  -.92683E-04,
 borbi(-14,1)=  0.92120E-04,
 borbi(13,0)=  -.91924E-04,
 borbi(-4,5)=  -.91221E-04,
 borbi(-7,6)=  -.88580E-04,
 borbi(-15,3)=  0.86820E-04,
 borbi(7,3)=  0.82255E-04,
 borbi(12,1)=  0.80770E-04,
 borbi(-18,1)=  0.75022E-04,
 borbi(-13,3)=  0.74851E-04,
 borbi(-16,2)=  -.74170E-04,
 borbi(-7,3)=  -.73903E-04,
 mmnn(1,1)=  0, 18,  0,  1,  2,  3,  4,  5,  6,  7,  8,  9, 10, 11, 12,
  13, 14, 15, 16, 17,
 mmnn(1,2)=  1, 18,  0,  1,  2,  3,  4,  5,  6,  7,  8,  9, 10, 11, 12,
  13, 14, 15, 16, 17,
 mmnn(1,3)=  2, 18,  0,  1,  2,  3,  4,  5,  6,  7,  8,  9, 10, 11, 12,
  13, 14, 15, 16, 17,
 mmnn(1,4)=  3, 19,  0,  1,  2,  3,  4,  5,  6,  7,  8,  9, 10, 11, 12,
  13, 14, 15, 16, 17, 18,
 mmnn(1,5)=  4, 19,  0,  1,  2,  3,  4,  5,  6,  7,  8,  9, 10, 11, 12,
  13, 14, 15, 16, 17, 18,
 mmnn(1,6)=  5, 19,  0,  1,  2,  3,  4,  5,  6,  7,  8,  9, 10, 11, 12,
  13, 14, 15, 16, 17, 18,
 mmnn(1,7)=  6, 19,  0,  1,  2,  3,  4,  5,  6,  7,  8,  9, 10, 11, 12,
  13, 14, 15, 16, 17, 18,
 mmnn(1,8)=  7, 19,  0,  1,  2,  3,  4,  5,  6,  7,  8,  9, 10, 11, 12,
  13, 14, 15, 16, 17, 18,
 mmnn(1,9)=  8, 19,  0,  1,  2,  3,  4,  5,  6,  7,  8,  9, 10, 11, 12,
  13, 14, 15, 16, 17, 18,
 mmnn(1,10)=  9, 19,  0,  1,  2,  3,  4,  5,  6,  7,  8,  9, 10, 11, 12,
  13, 14, 15, 16, 17, 18,
 mmnn(1,11)= 10, 20,  0,  1,  2,  3,  4,  5,  6,  7,  8,  9, 10, 11, 12,
  13, 14, 15, 16, 17, 18, 19,
 mmnn(1,12)= 11, 20,  0,  1,  2,  3,  4,  5,  6,  7,  8,  9, 10, 11, 12,
  13, 14, 15, 16, 17, 18, 19,
 mmnn(1,13)= 12, 20,  0,  1,  2,  3,  4,  5,  6,  7,  8,  9, 10, 11, 12,
  13, 14, 15, 16, 17, 18, 19,
 mmnn(1,14)= 13, 20,  0,  1,  2,  3,  4,  5,  6,  7,  8,  9, 10, 11, 12,
  13, 14, 15, 16, 17, 18, 19,
 mmnn(1,15)= 14, 20,  0,  1,  2,  3,  4,  5,  6,  7,  8,  9, 10, 11, 12,
  13, 14, 15, 16, 17, 18, 19,
 mmnn(1,16)= 15, 19,  0,  1,  2,  3,  4,  5,  6,  7,  8,  9, 10, 11, 12,
  13, 14, 15, 16, 17, 18,
 mmnn(1,17)= 16, 19,  0,  1,  2,  3,  4,  5,  6,  7,  8,  9, 10, 11, 12,
  13, 14, 15, 16, 17, 18,
 mmnn(1,18)= 17, 19,  0,  1,  2,  3,  4,  5,  6,  7,  8,  9, 10, 11, 12,
  13, 14, 15, 16, 17, 18,
 mmnn(1,19)= 18, 19,  0,  1,  2,  3,  4,  5,  6,  7,  8,  9, 10, 11, 12,
  13, 14, 15, 16, 17, 18,
 mmnn(1,20)= 19, 19,  0,  1,  2,  3,  4,  5,  6,  7,  8,  9, 10, 11, 12,
  13, 14, 15, 16, 17, 18,
 mmnn(1,21)= 20, 19,  0,  1,  2,  3,  4,  5,  6,  7,  8,  9, 10, 11, 12,
  13, 14, 15, 16, 17, 18,
 mmnn(1,22)= 21, 19,  0,  1,  2,  3,  4,  5,  6,  7,  8,  9, 10, 11, 12,
  13, 14, 15, 16, 17, 18,
 mmnn(1,23)= 22, 18,  0,  1,  2,  3,  4,  5,  6,  7,  8,  9, 10, 11, 12,
  13, 14, 15, 16, 17,
 mmnn(1,24)= 23, 18,  0,  1,  2,  3,  4,  5,  6,  7,  8,  9, 10, 11, 12,
  13, 14, 15, 16, 17,
 mmnn(1,25)= 24, 18,  0,  1,  2,  3,  4,  5,  6,  7,  8,  9, 10, 11, 12,
  13, 14, 15, 16, 17,
 mmnn(1,26)= 25, 18,  0,  1,  2,  3,  4,  5,  6,  7,  8,  9, 10, 11, 12,
  13, 14, 15, 16, 17,
 mmnn(1,27)= 26, 18,  0,  1,  2,  3,  4,  5,  6,  7,  8,  9, 10, 11, 12,
  13, 14, 15, 16, 17,
 mmnn(1,28)= 27, 18,  0,  1,  2,  3,  4,  5,  6,  7,  8,  9, 10, 11, 12,
  13, 14, 15, 16, 17,
 mmnn(1,29)= 28, 16,  0,  1,  2,  3,  4,  5,  6,  7,  8,  9, 10, 11, 12,
  13, 14, 15,
 mmnn(1,30)= 29, 17,  0,  1,  2,  3,  4,  5,  6,  7,  8,  9, 10, 11, 12,
  13, 14, 15, 16,
 mmnn(1,31)= 30, 17,  0,  1,  2,  3,  4,  5,  6,  7,  8,  9, 10, 11, 12,
  13, 14, 15, 16,
 mmnn(1,32)= 31, 17,  0,  1,  2,  3,  4,  5,  6,  7,  8,  9, 10, 11, 12,
  13, 14, 15, 16,
 mmnn(1,33)= 32, 17,  0,  1,  2,  3,  4,  5,  6,  7,  8,  9, 10, 11, 12,
  13, 14, 15, 16,
 mmnn(1,34)= 33, 17,  0,  1,  2,  3,  4,  5,  6,  7,  8,  9, 10, 11, 12,
  13, 14, 15, 16,
 mmnn(1,35)= 34, 15,  0,  1,  2,  3,  4,  5,  6,  7,  8,  9, 10, 11, 12,
  13, 14,
 mmnn(1,36)= 35, 15,  0,  1,  2,  3,  4,  5,  6,  7,  8,  9, 10, 11, 12,
  13, 14,
 mmnn(1,37)= 36, 16,  0,  1,  2,  3,  4,  5,  6,  7,  8,  9, 10, 11, 12,
  13, 14, 15,
 mmnn(1,38)= 37, 16,  0,  1,  2,  3,  4,  5,  6,  7,  8,  9, 10, 11, 12,
  13, 14, 15,
 mmnn(1,39)= 38, 16,  0,  1,  2,  3,  4,  5,  6,  7,  8,  9, 10, 11, 12,
  13, 14, 15,
 mmnn(1,40)= 39, 16,  0,  1,  2,  3,  4,  5,  6,  7,  8,  9, 10, 11, 12,
  13, 14, 15,
 mmnn(1,41)= 40, 14,  0,  1,  2,  3,  4,  5,  6,  7,  8,  9, 10, 11, 12,
  13,
 mmnn(1,42)= 41, 14,  0,  1,  2,  3,  4,  5,  6,  7,  8,  9, 10, 11, 12,
  13,
 mmnn(1,43)= 42, 12,  0,  1,  2,  3,  4,  5,  6,  7,  8,  9, 10, 11,
 mmnn(1,44)= 43, 12,  0,  1,  2,  3,  4,  5,  6,  7,  8,  9, 10, 11,
 mmnn(1,45)= 44, 10,  0,  1,  2,  3,  4,  5,  6,  7,  8,  9,
 mmnn(1,46)= 45, 10,  0,  1,  2,  3,  4,  5,  6,  7,  8,  9,
 mmnn(1,47)= -1, 17,  1,  2,  3,  4,  5,  6,  7,  8,  9, 10, 11, 12, 13,
  14, 15, 16, 17,
 mmnn(1,48)= -2, 17,  1,  2,  3,  4,  5,  6,  7,  8,  9, 10, 11, 12, 13,
  14, 15, 16, 17,
 mmnn(1,49)= -3, 17,  1,  2,  3,  4,  5,  6,  7,  8,  9, 10, 11, 12, 13,
  14, 15, 16, 17,
 mmnn(1,50)= -4, 16,  1,  2,  3,  4,  5,  6,  7,  8,  9, 10, 11, 12, 13,
  14, 15, 16,
 mmnn(1,51)= -5, 16,  1,  2,  3,  4,  5,  6,  7,  8,  9, 10, 11, 12, 13,
  14, 15, 16,
 mmnn(1,52)= -6, 16,  1,  2,  3,  4,  5,  6,  7,  8,  9, 10, 11, 12, 13,
  14, 15, 16,
 mmnn(1,53)= -7, 16,  1,  2,  3,  4,  5,  6,  7,  8,  9, 10, 11, 12, 13,
  14, 15, 16,
 mmnn(1,54)= -8, 15,  1,  2,  3,  4,  5,  6,  7,  8,  9, 10, 11, 12, 13,
  14, 15,
 mmnn(1,55)= -9, 15,  1,  2,  3,  4,  5,  6,  7,  8,  9, 10, 11, 12, 13,
  14, 15,
 mmnn(1,56)=-10, 15,  1,  2,  3,  4,  5,  6,  7,  8,  9, 10, 11, 12, 13,
  14, 15,
 mmnn(1,57)=-11, 15,  1,  2,  3,  4,  5,  6,  7,  8,  9, 10, 11, 12, 13,
  14, 15,
 mmnn(1,58)=-12, 15,  1,  2,  3,  4,  5,  6,  7,  8,  9, 10, 11, 12, 13,
  14, 15,
 mmnn(1,59)=-13, 15,  1,  2,  3,  4,  5,  6,  7,  8,  9, 10, 11, 12, 13,
  14, 15,
 mmnn(1,60)=-14, 14,  1,  2,  3,  4,  5,  6,  7,  8,  9, 10, 11, 12, 13,
  14,
 mmnn(1,61)=-15, 15,  1,  2,  3,  4,  5,  6,  7,  8,  9, 10, 11, 12, 13,
  14, 15,
 mmnn(1,62)=-16, 15,  1,  2,  3,  4,  5,  6,  7,  8,  9, 10, 11, 12, 13,
  14, 15,
 mmnn(1,63)=-17, 15,  1,  2,  3,  4,  5,  6,  7,  8,  9, 10, 11, 12, 13,
  14, 15,
 mmnn(1,64)=-18, 15,  1,  2,  3,  4,  5,  6,  7,  8,  9, 10, 11, 12, 13,
  14, 15,
 mmnn(1,65)=-19, 15,  1,  2,  3,  4,  5,  6,  7,  8,  9, 10, 11, 12, 13,
  14, 15,
 mmnn(1,66)=-20, 15,  1,  2,  3,  4,  5,  6,  7,  8,  9, 10, 11, 12, 13,
  14, 15,
 mmnn(1,67)=-21, 15,  1,  2,  3,  4,  5,  6,  7,  8,  9, 10, 11, 12, 13,
  14, 15,
 mmnn(1,68)=-22, 14,  1,  2,  3,  4,  5,  6,  7,  8,  9, 10, 11, 12, 13,
  14,
 mmnn(1,69)=-23, 14,  1,  2,  3,  4,  5,  6,  7,  8,  9, 10, 11, 12, 13,
  14,
 mmnn(1,70)=-24, 14,  1,  2,  3,  4,  5,  6,  7,  8,  9, 10, 11, 12, 13,
  14,
 mmnn(1,71)=-25, 14,  1,  2,  3,  4,  5,  6,  7,  8,  9, 10, 11, 12, 13,
  14,
 mmnn(1,72)=-26, 14,  1,  2,  3,  4,  5,  6,  7,  8,  9, 10, 11, 12, 13,
  14,
 mmnn(1,73)=-27, 14,  1,  2,  3,  4,  5,  6,  7,  8,  9, 10, 11, 12, 13,
  14,
 mmnn(1,74)=-28, 12,  1,  2,  3,  4,  5,  6,  7,  8,  9, 10, 11, 12,
 mmnn(1,75)=-29, 13,  1,  2,  3,  4,  5,  6,  7,  8,  9, 10, 11, 12, 13,
 mmnn(1,76)=-30, 13,  1,  2,  3,  4,  5,  6,  7,  8,  9, 10, 11, 12, 13,
 mmnn(1,77)=-31, 13,  1,  2,  3,  4,  5,  6,  7,  8,  9, 10, 11, 12, 13,
 mmnn(1,78)=-32, 13,  1,  2,  3,  4,  5,  6,  7,  8,  9, 10, 11, 12, 13,
 mmnn(1,79)=-33, 13,  1,  2,  3,  4,  5,  6,  7,  8,  9, 10, 11, 12, 13,
 mmnn(1,80)=-34, 11,  1,  2,  3,  4,  5,  6,  7,  8,  9, 10, 11,
 mmnn(1,81)=-35, 11,  1,  2,  3,  4,  5,  6,  7,  8,  9, 10, 11,
 mmnn(1,82)=-36, 12,  1,  2,  3,  4,  5,  6,  7,  8,  9, 10, 11, 12,
 mmnn(1,83)=-37, 12,  1,  2,  3,  4,  5,  6,  7,  8,  9, 10, 11, 12,
 mmnn(1,84)=-38, 12,  1,  2,  3,  4,  5,  6,  7,  8,  9, 10, 11, 12,
 mmnn(1,85)=-39, 11,  1,  2,  3,  4,  5,  6,  7,  8,  9, 10, 12,
 mmnn(1,86)=-40, 10,  1,  2,  3,  4,  5,  6,  7,  8,  9, 10,
 mmnn(1,87)=-41,  9,  1,  2,  3,  4,  5,  6,  7,  8, 10,
 mmnn(1,88)=-42,  8,  1,  2,  3,  4,  5,  6,  7,  8,
 mmnn(1,89)=-43,  8,  1,  2,  3,  4,  5,  6,  7,  8,
 mmnn(1,90)=-44,  6,  1,  2,  3,  4,  5,  6,
 mmnn(1,91)=-45,  6,  1,  2,  3,  4,  5,  6,
 mpol=20, ntor= 91 /
