 0.10000E+01	 0.00000E+00	 0.00000E+00	 0.29541E+00	 0.11800E+01	 0.11800E+01	 0.31791E-03	 0.31791E-03	 0.12833E-03	 0.12833E-03	 0.45723E+01	 0.10005E+04	 0.21891E+06	 0.11252E-12	 0.95600E-01	 0.21410E+00	 0.22000E-02	 0.23179E+01	 0.21056E+00
 0.10000E+00	 0.00000E+00	 0.00000E+00	 0.29541E+00	 0.16488E+00	 0.16488E+00	 0.28862E-01	 0.28862E-01	 0.36762E-01	 0.36762E-01	 0.45723E+01	 0.10005E+04	 0.21891E+06	 0.65098E-13	 0.95600E-01	 0.21410E+00	 0.22000E-02	 0.23179E+01	 0.21056E+00
 0.10000E+02	 0.00000E+00	 0.00000E+00	 0.29541E+00	 0.11744E+02	 0.11744E+02	 0.31234E-05	 0.31234E-05	 0.16553E-06	 0.16553E-06	 0.45723E+01	 0.10005E+04	 0.21891E+06	 0.27078E-10	 0.95600E-01	 0.21410E+00	 0.22000E-02	 0.23179E+01	 0.21056E+00
 0.10000E-01	 0.00000E+00	 0.00000E+00	 0.29541E+00	 0.10225E+00	 0.10225E+00	 0.52786E+00	 0.52786E+00	 0.48828E+01	 0.48828E+01	 0.45723E+01	 0.10005E+04	 0.21891E+06	 0.61889E-12	 0.95600E-01	 0.21410E+00	 0.22000E-02	 0.23179E+01	 0.21056E+00
 0.10000E+03	 0.00000E+00	 0.00000E+00	 0.29541E+00	 0.11744E+03	 0.11744E+03	 0.31223E-07	 0.31223E-07	 0.16624E-09	 0.16624E-09	 0.45723E+01	 0.10005E+04	 0.21891E+06	 0.32778E-08	 0.95600E-01	 0.21410E+00	 0.22000E-02	 0.23179E+01	 0.21056E+00
 0.10000E-02	 0.00000E+00	 0.00000E+00	 0.29541E+00	 0.57245E-01	 0.57244E-01	 0.21013E+01	 0.21013E+01	 0.16774E+03	 0.16774E+03	 0.45723E+01	 0.10005E+04	 0.21891E+06	 0.33098E-10	 0.95600E-01	 0.21410E+00	 0.22000E-02	 0.23179E+01	 0.21056E+00
 0.10000E-03	 0.00000E+00	 0.00000E+00	 0.29541E+00	 0.79087E-01	 0.76247E-01	 0.25448E+01	 0.25620E+01	 0.22170E+04	 0.21994E+04	 0.45723E+01	 0.10005E+04	 0.21891E+06	 0.23722E-08	 0.95600E-01	 0.21410E+00	 0.22000E-02	 0.23179E+01	 0.21056E+00
 0.10000E-04	 0.00000E+00	 0.00000E+00	 0.29541E+00	 0.58542E+00	 0.31774E+00	 0.22735E+01	 0.24775E+01	 0.24488E+05	 0.23445E+05	 0.45723E+01	 0.10005E+04	 0.21891E+06	 0.28698E-06	 0.95600E-01	 0.21410E+00	 0.22000E-02	 0.23179E+01	 0.21056E+00
 0.10000E-05	 0.00000E+00	 0.00000E+00	 0.29541E+00	 0.58016E+01	 0.37356E+00	 0.16531E+01	 0.21453E+01	 0.26585E+06	 0.23551E+06	 0.45723E+01	 0.10005E+04	 0.21891E+06	 0.25223E-04	 0.95600E-01	 0.21410E+00	 0.22000E-02	 0.23179E+01	 0.21056E+00
 0.30000E+01	 0.00000E+00	 0.00000E+00	 0.29541E+00	 0.35250E+01	 0.35250E+01	 0.34824E-04	 0.34824E-04	 0.58909E-05	 0.58909E-05	 0.45723E+01	 0.10005E+04	 0.21891E+06	 0.17029E-11	 0.95600E-01	 0.21410E+00	 0.22000E-02	 0.23179E+01	 0.21056E+00
 0.30000E+00	 0.00000E+00	 0.00000E+00	 0.29541E+00	 0.37044E+00	 0.37044E+00	 0.35642E-02	 0.35642E-02	 0.26081E-02	 0.26081E-02	 0.45723E+01	 0.10005E+04	 0.21891E+06	 0.28002E-13	 0.95600E-01	 0.21410E+00	 0.22000E-02	 0.23179E+01	 0.21056E+00
 0.30000E+02	 0.00000E+00	 0.00000E+00	 0.29541E+00	 0.35231E+02	 0.35231E+02	 0.34693E-06	 0.34693E-06	 0.61543E-08	 0.61543E-08	 0.45723E+01	 0.10005E+04	 0.21891E+06	 0.33269E-09	 0.95600E-01	 0.21410E+00	 0.22000E-02	 0.23179E+01	 0.21056E+00
 0.30000E-01	 0.00000E+00	 0.00000E+00	 0.29541E+00	 0.11943E+00	 0.11943E+00	 0.17050E+00	 0.17050E+00	 0.56148E+00	 0.56148E+00	 0.45723E+01	 0.10005E+04	 0.21891E+06	 0.16066E-12	 0.95600E-01	 0.21410E+00	 0.22000E-02	 0.23179E+01	 0.21056E+00
 0.30000E+03	 0.00000E+00	 0.00000E+00	 0.29541E+00	 0.35231E+03	 0.35231E+03	 0.34692E-08	 0.34692E-08	 0.61573E-11	 0.61573E-11	 0.45723E+01	 0.10005E+04	 0.21891E+06	 0.10968E-07	 0.95600E-01	 0.21410E+00	 0.22000E-02	 0.23179E+01	 0.21056E+00
 0.30000E-02	 0.00000E+00	 0.00000E+00	 0.29541E+00	 0.81799E-01	 0.81799E-01	 0.13326E+01	 0.13326E+01	 0.37809E+02	 0.37809E+02	 0.45723E+01	 0.10005E+04	 0.21891E+06	 0.38217E-11	 0.95600E-01	 0.21410E+00	 0.22000E-02	 0.23179E+01	 0.21056E+00
 0.30000E-03	 0.00000E+00	 0.00000E+00	 0.29541E+00	 0.49342E-01	 0.49243E-01	 0.24517E+01	 0.24526E+01	 0.67411E+03	 0.67338E+03	 0.45723E+01	 0.10005E+04	 0.21891E+06	 0.26533E-09	 0.95600E-01	 0.21410E+00	 0.22000E-02	 0.23179E+01	 0.21056E+00
 0.30000E-04	 0.00000E+00	 0.00000E+00	 0.29541E+00	 0.20532E+00	 0.16389E+00	 0.24606E+01	 0.25389E+01	 0.78519E+04	 0.76823E+04	 0.45723E+01	 0.10005E+04	 0.21891E+06	 0.29824E-07	 0.95600E-01	 0.21410E+00	 0.22000E-02	 0.23179E+01	 0.21056E+00
 0.30000E-05	 0.00000E+00	 0.00000E+00	 0.29541E+00	 0.19354E+01	 0.52270E+00	 0.19726E+01	 0.23122E+01	 0.85061E+05	 0.78464E+05	 0.45723E+01	 0.10005E+04	 0.21891E+06	 0.35000E-05	 0.95600E-01	 0.21410E+00	 0.22000E-02	 0.23179E+01	 0.21056E+00
 0.10000E+01	 0.10000E+00	 0.46707E+00	 0.29541E+00	 0.59786E-02	 0.59786E-02	 0.83024E-03	 0.83024E-03	 0.34548E-03	 0.34548E-03	 0.45723E+01	 0.10005E+04	 0.21891E+06	 0.10071E-11	 0.95600E-01	 0.21410E+00	 0.22000E-02	 0.23179E+01	 0.21056E+00
 0.10000E+00	 0.10000E+00	 0.46707E+00	 0.29541E+00	 0.11156E-01	 0.11156E-01	 0.56222E-02	 0.56222E-02	 0.31598E-01	 0.31598E-01	 0.45723E+01	 0.10005E+04	 0.21891E+06	 0.28585E-12	 0.95600E-01	 0.21410E+00	 0.22000E-02	 0.23179E+01	 0.21056E+00
 0.10000E+02	 0.10000E+00	 0.46707E+00	 0.29541E+00	 0.12780E-02	 0.12780E-02	 0.10132E-04	 0.10132E-04	 0.43863E-06	 0.43863E-06	 0.45723E+01	 0.10005E+04	 0.21891E+06	 0.90106E-11	 0.95600E-01	 0.21410E+00	 0.22000E-02	 0.23179E+01	 0.21056E+00
 0.10000E-01	 0.10000E+00	 0.46707E+00	 0.29541E+00	 0.34086E-02	 0.34086E-02	 0.54143E-02	 0.54143E-02	 0.18190E+01	 0.18190E+01	 0.45723E+01	 0.10005E+04	 0.21891E+06	 0.41284E-10	 0.95600E-01	 0.21410E+00	 0.22000E-02	 0.23179E+01	 0.21056E+00
 0.10000E+03	 0.10000E+00	 0.46707E+00	 0.29541E+00	 0.21658E-03	 0.21658E-03	 0.10132E-06	 0.10132E-06	 0.44088E-09	 0.44088E-09	 0.45723E+01	 0.10005E+04	 0.21891E+06	 0.34311E-09	 0.95600E-01	 0.21410E+00	 0.22000E-02	 0.23179E+01	 0.21056E+00
 0.10000E-02	 0.10000E+00	 0.46707E+00	 0.29541E+00	 0.14603E-02	 0.14603E-02	-0.17126E-01	-0.17126E-01	 0.10725E+03	 0.10725E+03	 0.45723E+01	 0.10005E+04	 0.21891E+06	 0.20263E-09	 0.95600E-01	 0.21410E+00	 0.22000E-02	 0.23179E+01	 0.21056E+00
 0.10000E-03	 0.10000E+00	 0.46707E+00	 0.29541E+00	 0.62289E-03	 0.62212E-03	-0.21515E+00	-0.21437E+00	 0.24487E+04	 0.24347E+04	 0.45723E+01	 0.10005E+04	 0.21891E+06	 0.14901E-07	 0.95600E-01	 0.21410E+00	 0.22000E-02	 0.23179E+01	 0.21056E+00
 0.10000E-04	 0.10000E+00	 0.46707E+00	 0.29541E+00	 0.11644E-03	 0.10458E-03	-0.33560E+00	-0.29522E+00	 0.34881E+05	 0.31376E+05	 0.45723E+01	 0.10005E+04	 0.21891E+06	 0.11661E-05	 0.95600E-01	 0.21410E+00	 0.22000E-02	 0.23179E+01	 0.21056E+00
 0.10000E-05	 0.10000E+00	 0.46707E+00	 0.29541E+00	 0.82760E-04	 0.12319E-04	-0.34584E+00	-0.28410E+00	 0.44458E+06	 0.32605E+06	 0.45723E+01	 0.10005E+04	 0.21891E+06	 0.78871E-04	 0.95600E-01	 0.21410E+00	 0.22000E-02	 0.23179E+01	 0.21056E+00
 0.30000E+01	 0.10000E+00	 0.46707E+00	 0.29541E+00	 0.27960E-02	 0.27960E-02	 0.10838E-03	 0.10838E-03	 0.15691E-04	 0.15691E-04	 0.45723E+01	 0.10005E+04	 0.21891E+06	 0.88552E-12	 0.95600E-01	 0.21410E+00	 0.22000E-02	 0.23179E+01	 0.21056E+00
 0.30000E+00	 0.10000E+00	 0.46707E+00	 0.29541E+00	 0.10809E-01	 0.10809E-01	 0.36685E-02	 0.36685E-02	 0.51117E-02	 0.51117E-02	 0.45723E+01	 0.10005E+04	 0.21891E+06	 0.16426E-11	 0.95600E-01	 0.21410E+00	 0.22000E-02	 0.23179E+01	 0.21056E+00
 0.30000E+02	 0.10000E+00	 0.46707E+00	 0.29541E+00	 0.60523E-03	 0.60523E-03	 0.11303E-05	 0.11303E-05	 0.16315E-07	 0.16315E-07	 0.45723E+01	 0.10005E+04	 0.21891E+06	 0.11219E-09	 0.95600E-01	 0.21410E+00	 0.22000E-02	 0.23179E+01	 0.21056E+00
 0.30000E-01	 0.10000E+00	 0.46707E+00	 0.29541E+00	 0.65544E-02	 0.65544E-02	 0.59153E-02	 0.59153E-02	 0.24488E+00	 0.24488E+00	 0.45723E+01	 0.10005E+04	 0.21891E+06	 0.10624E-10	 0.95600E-01	 0.21410E+00	 0.22000E-02	 0.23179E+01	 0.21056E+00
 0.30000E+03	 0.10000E+00	 0.46707E+00	 0.29541E+00	 0.76480E-04	 0.76480E-04	 0.11252E-07	 0.11252E-07	 0.16331E-10	 0.16331E-10	 0.45723E+01	 0.10005E+04	 0.21891E+06	 0.78146E-08	 0.95600E-01	 0.21410E+00	 0.22000E-02	 0.23179E+01	 0.21056E+00
 0.30000E-02	 0.10000E+00	 0.46707E+00	 0.29541E+00	 0.19657E-02	 0.19657E-02	 0.12536E-02	 0.12536E-02	 0.16501E+02	 0.16501E+02	 0.45723E+01	 0.10005E+04	 0.21891E+06	 0.62325E-09	 0.95600E-01	 0.21410E+00	 0.22000E-02	 0.23179E+01	 0.21056E+00
 0.30000E-03	 0.10000E+00	 0.46707E+00	 0.29541E+00	 0.10638E-02	 0.10637E-02	-0.96346E-01	-0.96352E-01	 0.61924E+03	 0.61896E+03	 0.45723E+01	 0.10005E+04	 0.21891E+06	 0.21810E-08	 0.95600E-01	 0.21410E+00	 0.22000E-02	 0.23179E+01	 0.21056E+00
 0.30000E-04	 0.10000E+00	 0.46707E+00	 0.29541E+00	 0.26557E-03	 0.26157E-03	-0.29770E+00	-0.28594E+00	 0.99581E+04	 0.96094E+04	 0.45723E+01	 0.10005E+04	 0.21891E+06	 0.74294E-07	 0.95600E-01	 0.21410E+00	 0.22000E-02	 0.23179E+01	 0.21056E+00
 0.30000E-05	 0.10000E+00	 0.46707E+00	 0.29541E+00	 0.63755E-04	 0.34695E-04	-0.35296E+00	-0.28541E+00	 0.13340E+06	 0.10808E+06	 0.45723E+01	 0.10005E+04	 0.21891E+06	 0.67476E-05	 0.95600E-01	 0.21410E+00	 0.22000E-02	 0.23179E+01	 0.21056E+00
 0.10000E+01	 0.10000E-01	 0.46707E-01	 0.29541E+00	 0.35497E+00	 0.35497E+00	 0.82309E-03	 0.82309E-03	 0.13069E-03	 0.13069E-03	 0.45723E+01	 0.10005E+04	 0.21891E+06	 0.99415E-13	 0.95600E-01	 0.21410E+00	 0.22000E-02	 0.23179E+01	 0.21056E+00
 0.10000E+00	 0.10000E-01	 0.46707E-01	 0.29541E+00	 0.17492E+00	 0.17492E+00	 0.31249E-01	 0.31249E-01	 0.37167E-01	 0.37167E-01	 0.45723E+01	 0.10005E+04	 0.21891E+06	 0.54822E-13	 0.95600E-01	 0.21410E+00	 0.22000E-02	 0.23179E+01	 0.21056E+00
 0.10000E+02	 0.10000E-01	 0.46707E-01	 0.29541E+00	 0.56749E-01	 0.56749E-01	 0.99341E-05	 0.99341E-05	 0.16824E-06	 0.16824E-06	 0.45723E+01	 0.10005E+04	 0.21891E+06	 0.26762E-12	 0.95600E-01	 0.21410E+00	 0.22000E-02	 0.23179E+01	 0.21056E+00
 0.10000E-01	 0.10000E-01	 0.46707E-01	 0.29541E+00	 0.10409E+00	 0.10409E+00	 0.51468E+00	 0.51468E+00	 0.46866E+01	 0.46866E+01	 0.45723E+01	 0.10005E+04	 0.21891E+06	 0.77837E-12	 0.95600E-01	 0.21410E+00	 0.22000E-02	 0.23179E+01	 0.21056E+00
 0.10000E+03	 0.10000E-01	 0.46707E-01	 0.29541E+00	 0.11891E-01	 0.11891E-01	 0.10152E-06	 0.10152E-06	 0.16898E-09	 0.16898E-09	 0.45723E+01	 0.10005E+04	 0.21891E+06	 0.10475E-10	 0.95600E-01	 0.21410E+00	 0.22000E-02	 0.23179E+01	 0.21056E+00
 0.10000E-02	 0.10000E-01	 0.46707E-01	 0.29541E+00	 0.40775E-01	 0.40775E-01	 0.17232E+01	 0.17232E+01	 0.15414E+03	 0.15414E+03	 0.45723E+01	 0.10005E+04	 0.21891E+06	 0.77724E-10	 0.95600E-01	 0.21410E+00	 0.22000E-02	 0.23179E+01	 0.21056E+00
 0.10000E-03	 0.10000E-01	 0.46707E-01	 0.29541E+00	 0.75099E-02	 0.73812E-02	 0.22968E+01	 0.23119E+01	 0.22329E+04	 0.22107E+04	 0.45723E+01	 0.10005E+04	 0.21891E+06	 0.77239E-08	 0.95600E-01	 0.21410E+00	 0.22000E-02	 0.23179E+01	 0.21056E+00
 0.10000E-04	 0.10000E-01	 0.46707E-01	 0.29541E+00	 0.11021E-02	 0.90760E-03	 0.22694E+01	 0.24144E+01	 0.27128E+05	 0.24404E+05	 0.45723E+01	 0.10005E+04	 0.21891E+06	 0.93639E-06	 0.95600E-01	 0.21410E+00	 0.22000E-02	 0.23179E+01	 0.21056E+00
 0.10000E-05	 0.10000E-01	 0.46707E-01	 0.29541E+00	 0.22268E-03	 0.10224E-03	 0.24921E+01	 0.24013E+01	 0.31017E+06	 0.24606E+06	 0.45723E+01	 0.10005E+04	 0.21891E+06	 0.12922E-03	 0.95600E-01	 0.21410E+00	 0.22000E-02	 0.23179E+01	 0.21056E+00
 0.30000E+01	 0.10000E-01	 0.46707E-01	 0.29541E+00	 0.16255E+00	 0.16255E+00	 0.10901E-03	 0.10901E-03	 0.59887E-05	 0.59887E-05	 0.45723E+01	 0.10005E+04	 0.21891E+06	 0.96204E-13	 0.95600E-01	 0.21410E+00	 0.22000E-02	 0.23179E+01	 0.21056E+00
 0.30000E+00	 0.10000E-01	 0.46707E-01	 0.29541E+00	 0.33003E+00	 0.33003E+00	 0.52293E-02	 0.52293E-02	 0.26679E-02	 0.26679E-02	 0.45723E+01	 0.10005E+04	 0.21891E+06	 0.17481E-13	 0.95600E-01	 0.21410E+00	 0.22000E-02	 0.23179E+01	 0.21056E+00
 0.30000E+02	 0.10000E-01	 0.46707E-01	 0.29541E+00	 0.24874E-01	 0.24874E-01	 0.11081E-05	 0.11081E-05	 0.62552E-08	 0.62552E-08	 0.45723E+01	 0.10005E+04	 0.21891E+06	 0.13735E-11	 0.95600E-01	 0.21410E+00	 0.22000E-02	 0.23179E+01	 0.21056E+00
 0.30000E-01	 0.10000E-01	 0.46707E-01	 0.29541E+00	 0.12376E+00	 0.12376E+00	 0.16880E+00	 0.16880E+00	 0.54565E+00	 0.54565E+00	 0.45723E+01	 0.10005E+04	 0.21891E+06	 0.16430E-12	 0.95600E-01	 0.21410E+00	 0.22000E-02	 0.23179E+01	 0.21056E+00
 0.30000E+03	 0.10000E-01	 0.46707E-01	 0.29541E+00	 0.58021E-02	 0.58021E-02	 0.11307E-07	 0.11307E-07	 0.62589E-11	 0.62589E-11	 0.45723E+01	 0.10005E+04	 0.21891E+06	 0.16851E-10	 0.95600E-01	 0.21410E+00	 0.22000E-02	 0.23179E+01	 0.21056E+00
 0.30000E-02	 0.10000E-01	 0.46707E-01	 0.29541E+00	 0.74143E-01	 0.74143E-01	 0.11897E+01	 0.11897E+01	 0.34810E+02	 0.34810E+02	 0.45723E+01	 0.10005E+04	 0.21891E+06	 0.98244E-11	 0.95600E-01	 0.21410E+00	 0.22000E-02	 0.23179E+01	 0.21056E+00
 0.30000E-03	 0.10000E-01	 0.46707E-01	 0.29541E+00	 0.17667E-01	 0.17645E-01	 0.20919E+01	 0.20929E+01	 0.65461E+03	 0.65408E+03	 0.45723E+01	 0.10005E+04	 0.21891E+06	 0.93807E-09	 0.95600E-01	 0.21410E+00	 0.22000E-02	 0.23179E+01	 0.21056E+00
 0.30000E-04	 0.10000E-01	 0.46707E-01	 0.29541E+00	 0.27795E-02	 0.25566E-02	 0.23175E+01	 0.23984E+01	 0.83025E+04	 0.79117E+04	 0.45723E+01	 0.10005E+04	 0.21891E+06	 0.77007E-07	 0.95600E-01	 0.21410E+00	 0.22000E-02	 0.23179E+01	 0.21056E+00
 0.30000E-05	 0.10000E-01	 0.46707E-01	 0.29541E+00	 0.40409E-03	 0.28430E-03	 0.23060E+01	 0.24095E+01	 0.96152E+05	 0.81901E+05	 0.45723E+01	 0.10005E+04	 0.21891E+06	 0.22912E-04	 0.95600E-01	 0.21410E+00	 0.22000E-02	 0.23179E+01	 0.21056E+00
 0.10000E+01	 0.10000E-02	 0.46707E-02	 0.29541E+00	 0.11518E+01	 0.11518E+01	 0.33456E-03	 0.33456E-03	 0.12835E-03	 0.12835E-03	 0.45723E+01	 0.10005E+04	 0.21891E+06	 0.14388E-12	 0.95600E-01	 0.21410E+00	 0.22000E-02	 0.23179E+01	 0.21056E+00
 0.10000E+00	 0.10000E-02	 0.46707E-02	 0.29541E+00	 0.16495E+00	 0.16495E+00	 0.28885E-01	 0.28885E-01	 0.36766E-01	 0.36766E-01	 0.45723E+01	 0.10005E+04	 0.21891E+06	 0.75145E-13	 0.95600E-01	 0.21410E+00	 0.22000E-02	 0.23179E+01	 0.21056E+00
 0.10000E+02	 0.10000E-02	 0.46707E-02	 0.29541E+00	 0.34196E+01	 0.34196E+01	 0.79800E-05	 0.79800E-05	 0.16555E-06	 0.16555E-06	 0.45723E+01	 0.10005E+04	 0.21891E+06	 0.25470E-11	 0.95600E-01	 0.21410E+00	 0.22000E-02	 0.23179E+01	 0.21056E+00
 0.10000E-01	 0.10000E-02	 0.46707E-02	 0.29541E+00	 0.10227E+00	 0.10227E+00	 0.52769E+00	 0.52769E+00	 0.48805E+01	 0.48805E+01	 0.45723E+01	 0.10005E+04	 0.21891E+06	 0.53725E-12	 0.95600E-01	 0.21410E+00	 0.22000E-02	 0.23179E+01	 0.21056E+00
 0.10000E+03	 0.10000E-02	 0.46707E-02	 0.29541E+00	 0.56609E+00	 0.56609E+00	 0.99314E-07	 0.99314E-07	 0.16627E-09	 0.16627E-09	 0.45723E+01	 0.10005E+04	 0.21891E+06	 0.26557E-10	 0.95600E-01	 0.21410E+00	 0.22000E-02	 0.23179E+01	 0.21056E+00
 0.10000E-02	 0.10000E-02	 0.46707E-02	 0.29541E+00	 0.56633E-01	 0.56632E-01	 0.20891E+01	 0.20891E+01	 0.16706E+03	 0.16705E+03	 0.45723E+01	 0.10005E+04	 0.21891E+06	 0.42609E-10	 0.95600E-01	 0.21410E+00	 0.22000E-02	 0.23179E+01	 0.21056E+00
 0.10000E-03	 0.10000E-02	 0.46707E-02	 0.29541E+00	 0.46148E-01	 0.44882E-01	 0.23563E+01	 0.23690E+01	 0.21977E+04	 0.21788E+04	 0.45723E+01	 0.10005E+04	 0.21891E+06	 0.32610E-08	 0.95600E-01	 0.21410E+00	 0.22000E-02	 0.23179E+01	 0.21056E+00
 0.10000E-04	 0.10000E-02	 0.46707E-02	 0.29541E+00	 0.20277E-01	 0.12539E-01	 0.20664E+01	 0.21336E+01	 0.24470E+05	 0.23298E+05	 0.45723E+01	 0.10005E+04	 0.21891E+06	 0.13778E-05	 0.95600E-01	 0.21410E+00	 0.22000E-02	 0.23179E+01	 0.21056E+00
 0.10000E-05	 0.10000E-02	 0.46707E-02	 0.29541E+00	 0.60127E-02	 0.13215E-02	 0.18423E+01	 0.21349E+01	 0.26588E+06	 0.23392E+06	 0.45723E+01	 0.10005E+04	 0.21891E+06	 0.81520E-03	 0.95600E-01	 0.21410E+00	 0.22000E-02	 0.23179E+01	 0.21056E+00
 0.30000E+01	 0.10000E-02	 0.46707E-02	 0.29541E+00	 0.28795E+01	 0.28795E+01	 0.48595E-04	 0.48595E-04	 0.58915E-05	 0.58915E-05	 0.45723E+01	 0.10005E+04	 0.21891E+06	 0.61887E-12	 0.95600E-01	 0.21410E+00	 0.22000E-02	 0.23179E+01	 0.21056E+00
 0.30000E+00	 0.10000E-02	 0.46707E-02	 0.29541E+00	 0.36985E+00	 0.36985E+00	 0.35831E-02	 0.35831E-02	 0.26086E-02	 0.26086E-02	 0.45723E+01	 0.10005E+04	 0.21891E+06	 0.18244E-13	 0.95600E-01	 0.21410E+00	 0.22000E-02	 0.23179E+01	 0.21056E+00
 0.30000E+02	 0.10000E-02	 0.46707E-02	 0.29541E+00	 0.16130E+01	 0.16130E+01	 0.10849E-05	 0.10849E-05	 0.61553E-08	 0.61553E-08	 0.45723E+01	 0.10005E+04	 0.21891E+06	 0.32097E-11	 0.95600E-01	 0.21410E+00	 0.22000E-02	 0.23179E+01	 0.21056E+00
 0.30000E-01	 0.10000E-02	 0.46707E-02	 0.29541E+00	 0.11948E+00	 0.11948E+00	 0.17049E+00	 0.17049E+00	 0.56131E+00	 0.56131E+00	 0.45723E+01	 0.10005E+04	 0.21891E+06	 0.21119E-12	 0.95600E-01	 0.21410E+00	 0.22000E-02	 0.23179E+01	 0.21056E+00
 0.30000E+03	 0.10000E-02	 0.46707E-02	 0.29541E+00	 0.24838E+00	 0.24838E+00	 0.11081E-07	 0.11081E-07	 0.61583E-11	 0.61583E-11	 0.45723E+01	 0.10005E+04	 0.21891E+06	 0.12578E-09	 0.95600E-01	 0.21410E+00	 0.22000E-02	 0.23179E+01	 0.21056E+00
 0.30000E-02	 0.10000E-02	 0.46707E-02	 0.29541E+00	 0.81645E-01	 0.81645E-01	 0.13299E+01	 0.13299E+01	 0.37750E+02	 0.37750E+02	 0.45723E+01	 0.10005E+04	 0.21891E+06	 0.44460E-11	 0.95600E-01	 0.21410E+00	 0.22000E-02	 0.23179E+01	 0.21056E+00
 0.30000E-03	 0.10000E-02	 0.46707E-02	 0.29541E+00	 0.44588E-01	 0.44512E-01	 0.24065E+01	 0.24073E+01	 0.66826E+03	 0.66752E+03	 0.45723E+01	 0.10005E+04	 0.21891E+06	 0.38843E-09	 0.95600E-01	 0.21410E+00	 0.22000E-02	 0.23179E+01	 0.21056E+00
 0.30000E-04	 0.10000E-02	 0.46707E-02	 0.29541E+00	 0.35226E-01	 0.30011E-01	 0.21546E+01	 0.21826E+01	 0.78237E+04	 0.76323E+04	 0.45723E+01	 0.10005E+04	 0.21891E+06	 0.36474E-07	 0.95600E-01	 0.21410E+00	 0.22000E-02	 0.23179E+01	 0.21056E+00
 0.30000E-05	 0.10000E-02	 0.46707E-02	 0.29541E+00	 0.11865E-01	 0.39411E-02	 0.19275E+01	 0.21327E+01	 0.85055E+05	 0.77943E+05	 0.45723E+01	 0.10005E+04	 0.21891E+06	 0.67553E-04	 0.95600E-01	 0.21410E+00	 0.22000E-02	 0.23179E+01	 0.21056E+00
 0.10000E+01	 0.10000E-03	 0.46707E-03	 0.29541E+00	 0.11794E+01	 0.11794E+01	 0.31808E-03	 0.31808E-03	 0.12833E-03	 0.12833E-03	 0.45723E+01	 0.10005E+04	 0.21891E+06	 0.20142E-12	 0.95600E-01	 0.21410E+00	 0.22000E-02	 0.23179E+01	 0.21056E+00
 0.10000E+00	 0.10000E-03	 0.46707E-03	 0.29541E+00	 0.16488E+00	 0.16488E+00	 0.28862E-01	 0.28862E-01	 0.36762E-01	 0.36762E-01	 0.45723E+01	 0.10005E+04	 0.21891E+06	 0.68695E-13	 0.95600E-01	 0.21410E+00	 0.22000E-02	 0.23179E+01	 0.21056E+00
 0.10000E+02	 0.10000E-03	 0.46707E-03	 0.29541E+00	 0.11451E+02	 0.11451E+02	 0.32879E-05	 0.32879E-05	 0.16553E-06	 0.16553E-06	 0.45723E+01	 0.10005E+04	 0.21891E+06	 0.20430E-10	 0.95600E-01	 0.21410E+00	 0.22000E-02	 0.23179E+01	 0.21056E+00
 0.10000E-01	 0.10000E-03	 0.46707E-03	 0.29541E+00	 0.10225E+00	 0.10225E+00	 0.52786E+00	 0.52786E+00	 0.48828E+01	 0.48828E+01	 0.45723E+01	 0.10005E+04	 0.21891E+06	 0.52677E-12	 0.95600E-01	 0.21410E+00	 0.22000E-02	 0.23179E+01	 0.21056E+00
 0.10000E+03	 0.10000E-03	 0.46707E-03	 0.29541E+00	 0.34182E+02	 0.34182E+02	 0.79769E-07	 0.79769E-07	 0.16624E-09	 0.16624E-09	 0.45723E+01	 0.10005E+04	 0.21891E+06	 0.35672E-09	 0.95600E-01	 0.21410E+00	 0.22000E-02	 0.23179E+01	 0.21056E+00
 0.10000E-02	 0.10000E-03	 0.46707E-03	 0.29541E+00	 0.57238E-01	 0.57237E-01	 0.21012E+01	 0.21012E+01	 0.16773E+03	 0.16773E+03	 0.45723E+01	 0.10005E+04	 0.21891E+06	 0.42050E-10	 0.95600E-01	 0.21410E+00	 0.22000E-02	 0.23179E+01	 0.21056E+00
 0.10000E-03	 0.10000E-03	 0.46707E-03	 0.29541E+00	 0.78055E-01	 0.75264E-01	 0.25423E+01	 0.25593E+01	 0.22161E+04	 0.21985E+04	 0.45723E+01	 0.10005E+04	 0.21891E+06	 0.46401E-08	 0.95600E-01	 0.21410E+00	 0.22000E-02	 0.23179E+01	 0.21056E+00
 0.10000E-04	 0.10000E-03	 0.46707E-03	 0.29541E+00	 0.34193E+00	 0.18534E+00	 0.22140E+01	 0.23864E+01	 0.24473E+05	 0.23417E+05	 0.45723E+01	 0.10005E+04	 0.21891E+06	 0.37286E-06	 0.95600E-01	 0.21410E+00	 0.22000E-02	 0.23179E+01	 0.21056E+00
 0.10000E-05	 0.10000E-03	 0.46707E-03	 0.29541E+00	 0.27444E+00	 0.51734E-01	 0.16650E+01	 0.23024E+01	 0.26577E+06	 0.23519E+06	 0.45723E+01	 0.10005E+04	 0.21891E+06	 0.23626E-02	 0.95600E-01	 0.21410E+00	 0.22000E-02	 0.23179E+01	 0.21056E+00
 0.30000E+01	 0.10000E-03	 0.46707E-03	 0.29541E+00	 0.35156E+01	 0.35156E+01	 0.34992E-04	 0.34992E-04	 0.58909E-05	 0.58909E-05	 0.45723E+01	 0.10005E+04	 0.21891E+06	 0.18103E-11	 0.95600E-01	 0.21410E+00	 0.22000E-02	 0.23179E+01	 0.21056E+00
 0.30000E+00	 0.10000E-03	 0.46707E-03	 0.29541E+00	 0.37041E+00	 0.37041E+00	 0.35644E-02	 0.35644E-02	 0.26081E-02	 0.26081E-02	 0.45723E+01	 0.10005E+04	 0.21891E+06	 0.18615E-13	 0.95600E-01	 0.21410E+00	 0.22000E-02	 0.23179E+01	 0.21056E+00
 0.30000E+02	 0.10000E-03	 0.46707E-03	 0.29541E+00	 0.28754E+02	 0.28754E+02	 0.48437E-06	 0.48437E-06	 0.61543E-08	 0.61543E-08	 0.45723E+01	 0.10005E+04	 0.21891E+06	 0.29419E-09	 0.95600E-01	 0.21410E+00	 0.22000E-02	 0.23179E+01	 0.21056E+00
 0.30000E-01	 0.10000E-03	 0.46707E-03	 0.29541E+00	 0.11943E+00	 0.11943E+00	 0.17050E+00	 0.17050E+00	 0.56148E+00	 0.56148E+00	 0.45723E+01	 0.10005E+04	 0.21891E+06	 0.15658E-12	 0.95600E-01	 0.21410E+00	 0.22000E-02	 0.23179E+01	 0.21056E+00
 0.30000E+03	 0.10000E-03	 0.46707E-03	 0.29541E+00	 0.16129E+02	 0.16129E+02	 0.10848E-07	 0.10848E-07	 0.61573E-11	 0.61573E-11	 0.45723E+01	 0.10005E+04	 0.21891E+06	 0.10660E-08	 0.95600E-01	 0.21410E+00	 0.22000E-02	 0.23179E+01	 0.21056E+00
 0.30000E-02	 0.10000E-03	 0.46707E-03	 0.29541E+00	 0.81797E-01	 0.81797E-01	 0.13326E+01	 0.13326E+01	 0.37809E+02	 0.37809E+02	 0.45723E+01	 0.10005E+04	 0.21891E+06	 0.43116E-11	 0.95600E-01	 0.21410E+00	 0.22000E-02	 0.23179E+01	 0.21056E+00
 0.30000E-03	 0.10000E-03	 0.46707E-03	 0.29541E+00	 0.49274E-01	 0.49176E-01	 0.24512E+01	 0.24521E+01	 0.67403E+03	 0.67329E+03	 0.45723E+01	 0.10005E+04	 0.21891E+06	 0.39797E-09	 0.95600E-01	 0.21410E+00	 0.22000E-02	 0.23179E+01	 0.21056E+00
 0.30000E-04	 0.10000E-03	 0.46707E-03	 0.29541E+00	 0.18248E+00	 0.14546E+00	 0.24428E+01	 0.25161E+01	 0.78453E+04	 0.76740E+04	 0.45723E+01	 0.10005E+04	 0.21891E+06	 0.31930E-07	 0.95600E-01	 0.21410E+00	 0.22000E-02	 0.23179E+01	 0.21056E+00
 0.30000E-05	 0.10000E-03	 0.46707E-03	 0.29541E+00	 0.36787E+00	 0.12637E+00	 0.19666E+01	 0.23237E+01	 0.85030E+05	 0.78362E+05	 0.45723E+01	 0.10005E+04	 0.21891E+06	 0.95628E-05	 0.95600E-01	 0.21410E+00	 0.22000E-02	 0.23179E+01	 0.21056E+00
 0.10000E+01	 0.10000E-04	 0.46707E-04	 0.29541E+00	 0.11800E+01	 0.11800E+01	 0.31792E-03	 0.31792E-03	 0.12833E-03	 0.12833E-03	 0.45723E+01	 0.10005E+04	 0.21891E+06	 0.10945E-12	 0.95600E-01	 0.21410E+00	 0.22000E-02	 0.23179E+01	 0.21056E+00
 0.10000E+00	 0.10000E-04	 0.46707E-04	 0.29541E+00	 0.16488E+00	 0.16488E+00	 0.28862E-01	 0.28862E-01	 0.36762E-01	 0.36762E-01	 0.45723E+01	 0.10005E+04	 0.21891E+06	 0.63350E-13	 0.95600E-01	 0.21410E+00	 0.22000E-02	 0.23179E+01	 0.21056E+00
 0.10000E+02	 0.10000E-04	 0.46707E-04	 0.29541E+00	 0.11738E+02	 0.11738E+02	 0.31251E-05	 0.31251E-05	 0.16553E-06	 0.16553E-06	 0.45723E+01	 0.10005E+04	 0.21891E+06	 0.35553E-10	 0.95600E-01	 0.21410E+00	 0.22000E-02	 0.23179E+01	 0.21056E+00
 0.10000E-01	 0.10000E-04	 0.46707E-04	 0.29541E+00	 0.10225E+00	 0.10225E+00	 0.52786E+00	 0.52786E+00	 0.48828E+01	 0.48828E+01	 0.45723E+01	 0.10005E+04	 0.21891E+06	 0.66038E-12	 0.95600E-01	 0.21410E+00	 0.22000E-02	 0.23179E+01	 0.21056E+00
 0.10000E+03	 0.10000E-04	 0.46707E-04	 0.29541E+00	 0.11451E+03	 0.11451E+03	 0.32867E-07	 0.32867E-07	 0.16624E-09	 0.16624E-09	 0.45723E+01	 0.10005E+04	 0.21891E+06	 0.34401E-08	 0.95600E-01	 0.21410E+00	 0.22000E-02	 0.23179E+01	 0.21056E+00
 0.10000E-02	 0.10000E-04	 0.46707E-04	 0.29541E+00	 0.57245E-01	 0.57244E-01	 0.21013E+01	 0.21013E+01	 0.16774E+03	 0.16774E+03	 0.45723E+01	 0.10005E+04	 0.21891E+06	 0.41151E-10	 0.95600E-01	 0.21410E+00	 0.22000E-02	 0.23179E+01	 0.21056E+00
 0.10000E-03	 0.10000E-04	 0.46707E-04	 0.29541E+00	 0.79076E-01	 0.76236E-01	 0.25448E+01	 0.25620E+01	 0.22170E+04	 0.21994E+04	 0.45723E+01	 0.10005E+04	 0.21891E+06	 0.36391E-08	 0.95600E-01	 0.21410E+00	 0.22000E-02	 0.23179E+01	 0.21056E+00
 0.10000E-04	 0.10000E-04	 0.46707E-04	 0.29541E+00	 0.57858E+00	 0.31378E+00	 0.22819E+01	 0.24849E+01	 0.24486E+05	 0.23442E+05	 0.45723E+01	 0.10005E+04	 0.21891E+06	 0.33679E-06	 0.95600E-01	 0.21410E+00	 0.22000E-02	 0.23179E+01	 0.21056E+00
 0.10000E-05	 0.10000E-04	 0.46707E-04	 0.29541E+00	 0.36087E+01	 0.31262E+00	 0.17198E+01	 0.21490E+01	 0.26582E+06	 0.23544E+06	 0.45723E+01	 0.10005E+04	 0.21891E+06	 0.85498E-03	 0.95600E-01	 0.21410E+00	 0.22000E-02	 0.23179E+01	 0.21056E+00
 0.30000E+01	 0.10000E-04	 0.46707E-04	 0.29541E+00	 0.35247E+01	 0.35247E+01	 0.34826E-04	 0.34826E-04	 0.58909E-05	 0.58909E-05	 0.45723E+01	 0.10005E+04	 0.21891E+06	 0.26773E-11	 0.95600E-01	 0.21410E+00	 0.22000E-02	 0.23179E+01	 0.21056E+00
 0.30000E+00	 0.10000E-04	 0.46707E-04	 0.29541E+00	 0.37043E+00	 0.37043E+00	 0.35642E-02	 0.35642E-02	 0.26081E-02	 0.26081E-02	 0.45723E+01	 0.10005E+04	 0.21891E+06	 0.28010E-13	 0.95600E-01	 0.21410E+00	 0.22000E-02	 0.23179E+01	 0.21056E+00
 0.30000E+02	 0.10000E-04	 0.46707E-04	 0.29541E+00	 0.35136E+02	 0.35136E+02	 0.34861E-06	 0.34861E-06	 0.61543E-08	 0.61543E-08	 0.45723E+01	 0.10005E+04	 0.21891E+06	 0.27302E-09	 0.95600E-01	 0.21410E+00	 0.22000E-02	 0.23179E+01	 0.21056E+00
 0.30000E-01	 0.10000E-04	 0.46707E-04	 0.29541E+00	 0.11943E+00	 0.11943E+00	 0.17050E+00	 0.17050E+00	 0.56148E+00	 0.56148E+00	 0.45723E+01	 0.10005E+04	 0.21891E+06	 0.15424E-12	 0.95600E-01	 0.21410E+00	 0.22000E-02	 0.23179E+01	 0.21056E+00
 0.30000E+03	 0.10000E-04	 0.46707E-04	 0.29541E+00	 0.28754E+03	 0.28754E+03	 0.48436E-08	 0.48436E-08	 0.61573E-11	 0.61573E-11	 0.45723E+01	 0.10005E+04	 0.21891E+06	 0.83535E-08	 0.95600E-01	 0.21410E+00	 0.22000E-02	 0.23179E+01	 0.21056E+00
 0.30000E-02	 0.10000E-04	 0.46707E-04	 0.29541E+00	 0.81799E-01	 0.81799E-01	 0.13326E+01	 0.13326E+01	 0.37809E+02	 0.37809E+02	 0.45723E+01	 0.10005E+04	 0.21891E+06	 0.38771E-11	 0.95600E-01	 0.21410E+00	 0.22000E-02	 0.23179E+01	 0.21056E+00
 0.30000E-03	 0.10000E-04	 0.46707E-04	 0.29541E+00	 0.49341E-01	 0.49243E-01	 0.24517E+01	 0.24526E+01	 0.67411E+03	 0.67338E+03	 0.45723E+01	 0.10005E+04	 0.21891E+06	 0.31716E-09	 0.95600E-01	 0.21410E+00	 0.22000E-02	 0.23179E+01	 0.21056E+00
 0.30000E-04	 0.10000E-04	 0.46707E-04	 0.29541E+00	 0.20501E+00	 0.16362E+00	 0.24609E+01	 0.25392E+01	 0.78517E+04	 0.76821E+04	 0.45723E+01	 0.10005E+04	 0.21891E+06	 0.36256E-07	 0.95600E-01	 0.21410E+00	 0.22000E-02	 0.23179E+01	 0.21056E+00
 0.30000E-05	 0.10000E-04	 0.46707E-04	 0.29541E+00	 0.17579E+01	 0.48099E+00	 0.20326E+01	 0.23827E+01	 0.85051E+05	 0.78445E+05	 0.45723E+01	 0.10005E+04	 0.21891E+06	 0.32323E-05	 0.95600E-01	 0.21410E+00	 0.22000E-02	 0.23179E+01	 0.21056E+00
 0.10000E+01	 0.30000E-01	 0.14012E+00	 0.29541E+00	 0.56758E-01	 0.56758E-01	 0.99852E-03	 0.99852E-03	 0.15169E-03	 0.15169E-03	 0.45723E+01	 0.10005E+04	 0.21891E+06	 0.61297E-13	 0.95600E-01	 0.21410E+00	 0.22000E-02	 0.23179E+01	 0.21056E+00
 0.10000E+00	 0.30000E-01	 0.14012E+00	 0.29541E+00	 0.23615E+00	 0.23615E+00	 0.49938E-01	 0.49938E-01	 0.41370E-01	 0.41370E-01	 0.45723E+01	 0.10005E+04	 0.21891E+06	 0.49954E-13	 0.95600E-01	 0.21410E+00	 0.22000E-02	 0.23179E+01	 0.21056E+00
 0.10000E+02	 0.30000E-01	 0.14012E+00	 0.29541E+00	 0.83871E-02	 0.83871E-02	 0.99721E-05	 0.99721E-05	 0.19005E-06	 0.19005E-06	 0.45723E+01	 0.10005E+04	 0.21891E+06	 0.91843E-12	 0.95600E-01	 0.21410E+00	 0.22000E-02	 0.23179E+01	 0.21056E+00
 0.10000E-01	 0.30000E-01	 0.14012E+00	 0.29541E+00	 0.14321E+00	 0.14321E+00	 0.49826E+00	 0.49826E+00	 0.38366E+01	 0.38366E+01	 0.45723E+01	 0.10005E+04	 0.21891E+06	 0.72384E-12	 0.95600E-01	 0.21410E+00	 0.22000E-02	 0.23179E+01	 0.21056E+00
 0.10000E+03	 0.30000E-01	 0.14012E+00	 0.29541E+00	 0.19408E-02	 0.19408E-02	 0.10177E-06	 0.10177E-06	 0.19094E-09	 0.19094E-09	 0.45723E+01	 0.10005E+04	 0.21891E+06	 0.85871E-10	 0.95600E-01	 0.21410E+00	 0.22000E-02	 0.23179E+01	 0.21056E+00
 0.10000E-02	 0.30000E-01	 0.14012E+00	 0.29541E+00	 0.55774E-01	 0.55774E-01	 0.21201E+01	 0.21201E+01	 0.17400E+03	 0.17400E+03	 0.45723E+01	 0.10005E+04	 0.21891E+06	 0.77943E-10	 0.95600E-01	 0.21410E+00	 0.22000E-02	 0.23179E+01	 0.21056E+00
 0.10000E-03	 0.30000E-01	 0.14012E+00	 0.29541E+00	 0.83606E-02	 0.83473E-02	 0.29723E+01	 0.29658E+01	 0.30973E+04	 0.30590E+04	 0.45723E+01	 0.10005E+04	 0.21891E+06	 0.60544E-08	 0.95600E-01	 0.21410E+00	 0.22000E-02	 0.23179E+01	 0.21056E+00
 0.10000E-04	 0.30000E-01	 0.14012E+00	 0.29541E+00	 0.10250E-02	 0.97367E-03	 0.34212E+01	 0.32889E+01	 0.40004E+05	 0.37240E+05	 0.45723E+01	 0.10005E+04	 0.21891E+06	 0.35738E-06	 0.95600E-01	 0.21410E+00	 0.22000E-02	 0.23179E+01	 0.21056E+00
 0.10000E-05	 0.30000E-01	 0.14012E+00	 0.29541E+00	 0.25086E-03	 0.10748E-03	 0.32000E+01	 0.31779E+01	 0.45136E+06	 0.38326E+06	 0.45723E+01	 0.10005E+04	 0.21891E+06	 0.46883E-04	 0.95600E-01	 0.21410E+00	 0.22000E-02	 0.23179E+01	 0.21056E+00
 0.30000E+01	 0.30000E-01	 0.14012E+00	 0.29541E+00	 0.21092E-01	 0.21092E-01	 0.11052E-03	 0.11052E-03	 0.67896E-05	 0.67896E-05	 0.45723E+01	 0.10005E+04	 0.21891E+06	 0.27525E-12	 0.95600E-01	 0.21410E+00	 0.22000E-02	 0.23179E+01	 0.21056E+00
 0.30000E+00	 0.30000E-01	 0.14012E+00	 0.29541E+00	 0.15860E+00	 0.15860E+00	 0.98777E-02	 0.98777E-02	 0.33020E-02	 0.33020E-02	 0.45723E+01	 0.10005E+04	 0.21891E+06	 0.16682E-13	 0.95600E-01	 0.21410E+00	 0.22000E-02	 0.23179E+01	 0.21056E+00
 0.30000E+02	 0.30000E-01	 0.14012E+00	 0.29541E+00	 0.42502E-02	 0.42502E-02	 0.11266E-05	 0.11266E-05	 0.70666E-08	 0.70666E-08	 0.45723E+01	 0.10005E+04	 0.21891E+06	 0.36721E-11	 0.95600E-01	 0.21410E+00	 0.22000E-02	 0.23179E+01	 0.21056E+00
 0.30000E-01	 0.30000E-01	 0.14012E+00	 0.29541E+00	 0.17430E+00	 0.17430E+00	 0.16608E+00	 0.16608E+00	 0.45652E+00	 0.45652E+00	 0.45723E+01	 0.10005E+04	 0.21891E+06	 0.22374E-12	 0.95600E-01	 0.21410E+00	 0.22000E-02	 0.23179E+01	 0.21056E+00
 0.30000E+03	 0.30000E-01	 0.14012E+00	 0.29541E+00	 0.77240E-03	 0.77240E-03	 0.11260E-07	 0.11260E-07	 0.70727E-11	 0.70727E-11	 0.45723E+01	 0.10005E+04	 0.21891E+06	 0.14191E-09	 0.95600E-01	 0.21410E+00	 0.22000E-02	 0.23179E+01	 0.21056E+00
 0.30000E-02	 0.30000E-01	 0.14012E+00	 0.29541E+00	 0.10460E+00	 0.10460E+00	 0.13114E+01	 0.13114E+01	 0.33168E+02	 0.33168E+02	 0.45723E+01	 0.10005E+04	 0.21891E+06	 0.59379E-11	 0.95600E-01	 0.21410E+00	 0.22000E-02	 0.23179E+01	 0.21056E+00
 0.30000E-03	 0.30000E-01	 0.14012E+00	 0.29541E+00	 0.21735E-01	 0.21733E-01	 0.26604E+01	 0.26600E+01	 0.82718E+03	 0.82625E+03	 0.45723E+01	 0.10005E+04	 0.21891E+06	 0.73192E-09	 0.95600E-01	 0.21410E+00	 0.22000E-02	 0.23179E+01	 0.21056E+00
 0.30000E-04	 0.30000E-01	 0.14012E+00	 0.29541E+00	 0.27914E-02	 0.27622E-02	 0.32380E+01	 0.32057E+01	 0.12115E+05	 0.11663E+05	 0.45723E+01	 0.10005E+04	 0.21891E+06	 0.56682E-07	 0.95600E-01	 0.21410E+00	 0.22000E-02	 0.23179E+01	 0.21056E+00
 0.30000E-05	 0.30000E-01	 0.14012E+00	 0.29541E+00	 0.37619E-03	 0.30685E-03	 0.34274E+01	 0.32419E+01	 0.14251E+06	 0.12704E+06	 0.45723E+01	 0.10005E+04	 0.21891E+06	 0.77546E-05	 0.95600E-01	 0.21410E+00	 0.22000E-02	 0.23179E+01	 0.21056E+00
 0.10000E+01	 0.30000E-02	 0.14012E-01	 0.29541E+00	 0.97089E+00	 0.97089E+00	 0.44399E-03	 0.44399E-03	 0.12850E-03	 0.12850E-03	 0.45723E+01	 0.10005E+04	 0.21891E+06	 0.98426E-13	 0.95600E-01	 0.21410E+00	 0.22000E-02	 0.23179E+01	 0.21056E+00
 0.10000E+00	 0.30000E-02	 0.14012E-01	 0.29541E+00	 0.16574E+00	 0.16574E+00	 0.29071E-01	 0.29071E-01	 0.36797E-01	 0.36797E-01	 0.45723E+01	 0.10005E+04	 0.21891E+06	 0.77016E-13	 0.95600E-01	 0.21410E+00	 0.22000E-02	 0.23179E+01	 0.21056E+00
 0.10000E+02	 0.30000E-02	 0.14012E-01	 0.29541E+00	 0.53802E+00	 0.53802E+00	 0.97679E-05	 0.97679E-05	 0.16577E-06	 0.16577E-06	 0.45723E+01	 0.10005E+04	 0.21891E+06	 0.86301E-12	 0.95600E-01	 0.21410E+00	 0.22000E-02	 0.23179E+01	 0.21056E+00
 0.10000E-01	 0.30000E-02	 0.14012E-01	 0.29541E+00	 0.10235E+00	 0.10235E+00	 0.52631E+00	 0.52631E+00	 0.48624E+01	 0.48624E+01	 0.45723E+01	 0.10005E+04	 0.21891E+06	 0.65735E-12	 0.95600E-01	 0.21410E+00	 0.22000E-02	 0.23179E+01	 0.21056E+00
 0.10000E+03	 0.30000E-02	 0.14012E-01	 0.29541E+00	 0.82802E-01	 0.82802E-01	 0.99732E-07	 0.99732E-07	 0.16648E-09	 0.16648E-09	 0.45723E+01	 0.10005E+04	 0.21891E+06	 0.13610E-10	 0.95600E-01	 0.21410E+00	 0.22000E-02	 0.23179E+01	 0.21056E+00
 0.10000E-02	 0.30000E-02	 0.14012E-01	 0.29541E+00	 0.52865E-01	 0.52864E-01	 0.20075E+01	 0.20075E+01	 0.16301E+03	 0.16301E+03	 0.45723E+01	 0.10005E+04	 0.21891E+06	 0.50437E-10	 0.95600E-01	 0.21410E+00	 0.22000E-02	 0.23179E+01	 0.21056E+00
 0.10000E-03	 0.30000E-02	 0.14012E-01	 0.29541E+00	 0.18113E-01	 0.17764E-01	 0.21682E+01	 0.21752E+01	 0.21822E+04	 0.21611E+04	 0.45723E+01	 0.10005E+04	 0.21891E+06	 0.38853E-08	 0.95600E-01	 0.21410E+00	 0.22000E-02	 0.23179E+01	 0.21056E+00
 0.10000E-04	 0.30000E-02	 0.14012E-01	 0.29541E+00	 0.41921E-02	 0.26246E-02	 0.20367E+01	 0.21553E+01	 0.24667E+05	 0.23230E+05	 0.45723E+01	 0.10005E+04	 0.21891E+06	 0.10476E-05	 0.95600E-01	 0.21410E+00	 0.22000E-02	 0.23179E+01	 0.21056E+00
 0.10000E-05	 0.30000E-02	 0.14012E-01	 0.29541E+00	 0.89926E-03	 0.27304E-03	 0.20406E+01	 0.21380E+01	 0.26967E+06	 0.23331E+06	 0.45723E+01	 0.10005E+04	 0.21891E+06	 0.41824E-03	 0.95600E-01	 0.21410E+00	 0.22000E-02	 0.23179E+01	 0.21056E+00
 0.30000E+01	 0.30000E-02	 0.14012E-01	 0.29541E+00	 0.11868E+01	 0.11868E+01	 0.85479E-04	 0.85479E-04	 0.58986E-05	 0.58986E-05	 0.45723E+01	 0.10005E+04	 0.21891E+06	 0.34787E-12	 0.95600E-01	 0.21410E+00	 0.22000E-02	 0.23179E+01	 0.21056E+00
 0.30000E+00	 0.30000E-02	 0.14012E-01	 0.29541E+00	 0.36635E+00	 0.36635E+00	 0.37328E-02	 0.37328E-02	 0.26128E-02	 0.26128E-02	 0.45723E+01	 0.10005E+04	 0.21891E+06	 0.31012E-13	 0.95600E-01	 0.21410E+00	 0.22000E-02	 0.23179E+01	 0.21056E+00
 0.30000E+02	 0.30000E-02	 0.14012E-01	 0.29541E+00	 0.20637E+00	 0.20637E+00	 0.11041E-05	 0.11041E-05	 0.61633E-08	 0.61633E-08	 0.45723E+01	 0.10005E+04	 0.21891E+06	 0.26380E-11	 0.95600E-01	 0.21410E+00	 0.22000E-02	 0.23179E+01	 0.21056E+00
 0.30000E-01	 0.30000E-02	 0.14012E-01	 0.29541E+00	 0.11980E+00	 0.11980E+00	 0.17034E+00	 0.17034E+00	 0.56000E+00	 0.56000E+00	 0.45723E+01	 0.10005E+04	 0.21891E+06	 0.21343E-12	 0.95600E-01	 0.21410E+00	 0.22000E-02	 0.23179E+01	 0.21056E+00
 0.30000E+03	 0.30000E-02	 0.14012E-01	 0.29541E+00	 0.42194E-01	 0.42194E-01	 0.11267E-07	 0.11267E-07	 0.61664E-11	 0.61664E-11	 0.45723E+01	 0.10005E+04	 0.21891E+06	 0.57137E-10	 0.95600E-01	 0.21410E+00	 0.22000E-02	 0.23179E+01	 0.21056E+00
 0.30000E-02	 0.30000E-02	 0.14012E-01	 0.29541E+00	 0.80435E-01	 0.80435E-01	 0.13095E+01	 0.13095E+01	 0.37315E+02	 0.37315E+02	 0.45723E+01	 0.10005E+04	 0.21891E+06	 0.62781E-11	 0.95600E-01	 0.21410E+00	 0.22000E-02	 0.23179E+01	 0.21056E+00
 0.30000E-03	 0.30000E-02	 0.14012E-01	 0.29541E+00	 0.31629E-01	 0.31590E-01	 0.22403E+01	 0.22408E+01	 0.65329E+03	 0.65255E+03	 0.45723E+01	 0.10005E+04	 0.21891E+06	 0.50996E-09	 0.95600E-01	 0.21410E+00	 0.22000E-02	 0.23179E+01	 0.21056E+00
 0.30000E-04	 0.30000E-02	 0.14012E-01	 0.29541E+00	 0.81205E-02	 0.70608E-02	 0.21267E+01	 0.21595E+01	 0.78416E+04	 0.76068E+04	 0.45723E+01	 0.10005E+04	 0.21891E+06	 0.55984E-07	 0.95600E-01	 0.21410E+00	 0.22000E-02	 0.23179E+01	 0.21056E+00
 0.30000E-05	 0.30000E-02	 0.14012E-01	 0.29541E+00	 0.19863E-02	 0.81327E-03	 0.19408E+01	 0.21445E+01	 0.85891E+05	 0.77729E+05	 0.45723E+01	 0.10005E+04	 0.21891E+06	 0.22665E-04	 0.95600E-01	 0.21410E+00	 0.22000E-02	 0.23179E+01	 0.21056E+00
 0.10000E+01	 0.30000E-03	 0.14012E-02	 0.29541E+00	 0.11770E+01	 0.11770E+01	 0.31945E-03	 0.31945E-03	 0.12833E-03	 0.12833E-03	 0.45723E+01	 0.10005E+04	 0.21891E+06	 0.15547E-12	 0.95600E-01	 0.21410E+00	 0.22000E-02	 0.23179E+01	 0.21056E+00
 0.10000E+00	 0.30000E-03	 0.14012E-02	 0.29541E+00	 0.16489E+00	 0.16489E+00	 0.28864E-01	 0.28864E-01	 0.36763E-01	 0.36763E-01	 0.45723E+01	 0.10005E+04	 0.21891E+06	 0.59650E-13	 0.95600E-01	 0.21410E+00	 0.22000E-02	 0.23179E+01	 0.21056E+00
 0.10000E+02	 0.30000E-03	 0.14012E-02	 0.29541E+00	 0.95859E+01	 0.95859E+01	 0.43606E-05	 0.43606E-05	 0.16553E-06	 0.16553E-06	 0.45723E+01	 0.10005E+04	 0.21891E+06	 0.18749E-10	 0.95600E-01	 0.21410E+00	 0.22000E-02	 0.23179E+01	 0.21056E+00
 0.10000E-01	 0.30000E-03	 0.14012E-02	 0.29541E+00	 0.10225E+00	 0.10225E+00	 0.52785E+00	 0.52785E+00	 0.48826E+01	 0.48826E+01	 0.45723E+01	 0.10005E+04	 0.21891E+06	 0.51593E-12	 0.95600E-01	 0.21410E+00	 0.22000E-02	 0.23179E+01	 0.21056E+00
 0.10000E+03	 0.30000E-03	 0.14012E-02	 0.29541E+00	 0.53764E+01	 0.53764E+01	 0.97634E-07	 0.97634E-07	 0.16624E-09	 0.16624E-09	 0.45723E+01	 0.10005E+04	 0.21891E+06	 0.61758E-10	 0.95600E-01	 0.21410E+00	 0.22000E-02	 0.23179E+01	 0.21056E+00
 0.10000E-02	 0.30000E-03	 0.14012E-02	 0.29541E+00	 0.57185E-01	 0.57185E-01	 0.21002E+01	 0.21002E+01	 0.16768E+03	 0.16768E+03	 0.45723E+01	 0.10005E+04	 0.21891E+06	 0.47417E-10	 0.95600E-01	 0.21410E+00	 0.22000E-02	 0.23179E+01	 0.21056E+00
 0.10000E-03	 0.30000E-03	 0.14012E-02	 0.29541E+00	 0.71710E-01	 0.69246E-01	 0.25128E+01	 0.25292E+01	 0.22116E+04	 0.21937E+04	 0.45723E+01	 0.10005E+04	 0.21891E+06	 0.37792E-08	 0.95600E-01	 0.21410E+00	 0.22000E-02	 0.23179E+01	 0.21056E+00
 0.10000E-04	 0.30000E-03	 0.14012E-02	 0.29541E+00	 0.11655E+00	 0.70740E-01	 0.21117E+01	 0.22077E+01	 0.24464E+05	 0.23382E+05	 0.45723E+01	 0.10005E+04	 0.21891E+06	 0.61630E-06	 0.95600E-01	 0.21410E+00	 0.22000E-02	 0.23179E+01	 0.21056E+00
 0.10000E-05	 0.30000E-03	 0.14012E-02	 0.29541E+00	 0.48908E-01	 0.96994E-02	 0.16388E+01	 0.21606E+01	 0.26572E+06	 0.23478E+06	 0.45723E+01	 0.10005E+04	 0.21891E+06	 0.14915E-02	 0.95600E-01	 0.21410E+00	 0.22000E-02	 0.23179E+01	 0.21056E+00
 0.30000E+01	 0.30000E-03	 0.14012E-02	 0.29541E+00	 0.34535E+01	 0.34535E+01	 0.36313E-04	 0.36313E-04	 0.58909E-05	 0.58909E-05	 0.45723E+01	 0.10005E+04	 0.21891E+06	 0.11740E-11	 0.95600E-01	 0.21410E+00	 0.22000E-02	 0.23179E+01	 0.21056E+00
 0.30000E+00	 0.30000E-03	 0.14012E-02	 0.29541E+00	 0.37030E+00	 0.37030E+00	 0.35659E-02	 0.35659E-02	 0.26082E-02	 0.26082E-02	 0.45723E+01	 0.10005E+04	 0.21891E+06	 0.28730E-13	 0.95600E-01	 0.21410E+00	 0.22000E-02	 0.23179E+01	 0.21056E+00
 0.30000E+02	 0.30000E-03	 0.14012E-02	 0.29541E+00	 0.11821E+02	 0.11821E+02	 0.85140E-06	 0.85140E-06	 0.61544E-08	 0.61544E-08	 0.45723E+01	 0.10005E+04	 0.21891E+06	 0.52824E-10	 0.95600E-01	 0.21410E+00	 0.22000E-02	 0.23179E+01	 0.21056E+00
 0.30000E-01	 0.30000E-03	 0.14012E-02	 0.29541E+00	 0.11943E+00	 0.11943E+00	 0.17050E+00	 0.17050E+00	 0.56146E+00	 0.56146E+00	 0.45723E+01	 0.10005E+04	 0.21891E+06	 0.18714E-12	 0.95600E-01	 0.21410E+00	 0.22000E-02	 0.23179E+01	 0.21056E+00
 0.30000E+03	 0.30000E-03	 0.14012E-02	 0.29541E+00	 0.20632E+01	 0.20632E+01	 0.11040E-07	 0.11040E-07	 0.61574E-11	 0.61573E-11	 0.45723E+01	 0.10005E+04	 0.21891E+06	 0.29343E-09	 0.95600E-01	 0.21410E+00	 0.22000E-02	 0.23179E+01	 0.21056E+00
 0.30000E-02	 0.30000E-03	 0.14012E-02	 0.29541E+00	 0.81785E-01	 0.81785E-01	 0.13324E+01	 0.13324E+01	 0.37804E+02	 0.37804E+02	 0.45723E+01	 0.10005E+04	 0.21891E+06	 0.45586E-11	 0.95600E-01	 0.21410E+00	 0.22000E-02	 0.23179E+01	 0.21056E+00
 0.30000E-03	 0.30000E-03	 0.14012E-02	 0.29541E+00	 0.48767E-01	 0.48672E-01	 0.24472E+01	 0.24481E+01	 0.67338E+03	 0.67265E+03	 0.45723E+01	 0.10005E+04	 0.21891E+06	 0.45622E-09	 0.95600E-01	 0.21410E+00	 0.22000E-02	 0.23179E+01	 0.21056E+00
 0.30000E-04	 0.30000E-03	 0.14012E-02	 0.29541E+00	 0.11715E+00	 0.94684E-01	 0.23190E+01	 0.23770E+01	 0.78361E+04	 0.76604E+04	 0.45723E+01	 0.10005E+04	 0.21891E+06	 0.31236E-07	 0.95600E-01	 0.21410E+00	 0.22000E-02	 0.23179E+01	 0.21056E+00
 0.30000E-05	 0.30000E-03	 0.14012E-02	 0.29541E+00	 0.75934E-01	 0.28046E-01	 0.19285E+01	 0.21648E+01	 0.85015E+05	 0.78230E+05	 0.45723E+01	 0.10005E+04	 0.21891E+06	 0.62917E-04	 0.95600E-01	 0.21410E+00	 0.22000E-02	 0.23179E+01	 0.21056E+00
 0.10000E+01	 0.30000E-04	 0.14012E-03	 0.29541E+00	 0.11799E+01	 0.11799E+01	 0.31793E-03	 0.31793E-03	 0.12833E-03	 0.12833E-03	 0.45723E+01	 0.10005E+04	 0.21891E+06	 0.31397E-12	 0.95600E-01	 0.21410E+00	 0.22000E-02	 0.23179E+01	 0.21056E+00
 0.10000E+00	 0.30000E-04	 0.14012E-03	 0.29541E+00	 0.16488E+00	 0.16488E+00	 0.28862E-01	 0.28862E-01	 0.36762E-01	 0.36762E-01	 0.45723E+01	 0.10005E+04	 0.21891E+06	 0.63263E-13	 0.95600E-01	 0.21410E+00	 0.22000E-02	 0.23179E+01	 0.21056E+00
 0.10000E+02	 0.30000E-04	 0.14012E-03	 0.29541E+00	 0.11713E+02	 0.11713E+02	 0.31386E-05	 0.31386E-05	 0.16553E-06	 0.16553E-06	 0.45723E+01	 0.10005E+04	 0.21891E+06	 0.34063E-10	 0.95600E-01	 0.21410E+00	 0.22000E-02	 0.23179E+01	 0.21056E+00
 0.10000E-01	 0.30000E-04	 0.14012E-03	 0.29541E+00	 0.10225E+00	 0.10225E+00	 0.52786E+00	 0.52786E+00	 0.48828E+01	 0.48828E+01	 0.45723E+01	 0.10005E+04	 0.21891E+06	 0.61764E-12	 0.95600E-01	 0.21410E+00	 0.22000E-02	 0.23179E+01	 0.21056E+00
 0.10000E+03	 0.30000E-04	 0.14012E-03	 0.29541E+00	 0.95846E+02	 0.95846E+02	 0.43592E-07	 0.43592E-07	 0.16624E-09	 0.16624E-09	 0.45723E+01	 0.10005E+04	 0.21891E+06	 0.82971E-09	 0.95600E-01	 0.21410E+00	 0.22000E-02	 0.23179E+01	 0.21056E+00
 0.10000E-02	 0.30000E-04	 0.14012E-03	 0.29541E+00	 0.57244E-01	 0.57243E-01	 0.21013E+01	 0.21013E+01	 0.16774E+03	 0.16774E+03	 0.45723E+01	 0.10005E+04	 0.21891E+06	 0.44979E-10	 0.95600E-01	 0.21410E+00	 0.22000E-02	 0.23179E+01	 0.21056E+00
 0.10000E-03	 0.30000E-04	 0.14012E-03	 0.29541E+00	 0.78988E-01	 0.76152E-01	 0.25447E+01	 0.25619E+01	 0.22169E+04	 0.21993E+04	 0.45723E+01	 0.10005E+04	 0.21891E+06	 0.39962E-08	 0.95600E-01	 0.21410E+00	 0.22000E-02	 0.23179E+01	 0.21056E+00
 0.10000E-04	 0.30000E-04	 0.14012E-03	 0.29541E+00	 0.53457E+00	 0.28873E+00	 0.22942E+01	 0.24927E+01	 0.24481E+05	 0.23434E+05	 0.45723E+01	 0.10005E+04	 0.21891E+06	 0.35434E-06	 0.95600E-01	 0.21410E+00	 0.22000E-02	 0.23179E+01	 0.21056E+00
 0.10000E-05	 0.30000E-04	 0.14012E-03	 0.29541E+00	 0.14166E+01	 0.17178E+00	 0.17234E+01	 0.23728E+01	 0.26580E+06	 0.23535E+06	 0.45723E+01	 0.10005E+04	 0.21891E+06	 0.87536E-03	 0.95600E-01	 0.21410E+00	 0.22000E-02	 0.23179E+01	 0.21056E+00
 0.30000E+01	 0.30000E-04	 0.14012E-03	 0.29541E+00	 0.35233E+01	 0.35233E+01	 0.34839E-04	 0.34839E-04	 0.58909E-05	 0.58909E-05	 0.45723E+01	 0.10005E+04	 0.21891E+06	 0.21586E-11	 0.95600E-01	 0.21410E+00	 0.22000E-02	 0.23179E+01	 0.21056E+00
 0.30000E+00	 0.30000E-04	 0.14012E-03	 0.29541E+00	 0.37043E+00	 0.37043E+00	 0.35642E-02	 0.35642E-02	 0.26081E-02	 0.26081E-02	 0.45723E+01	 0.10005E+04	 0.21891E+06	 0.50757E-13	 0.95600E-01	 0.21410E+00	 0.22000E-02	 0.23179E+01	 0.21056E+00
 0.30000E+02	 0.30000E-04	 0.14012E-03	 0.29541E+00	 0.34513E+02	 0.34513E+02	 0.36180E-06	 0.36180E-06	 0.61543E-08	 0.61543E-08	 0.45723E+01	 0.10005E+04	 0.21891E+06	 0.39426E-09	 0.95600E-01	 0.21410E+00	 0.22000E-02	 0.23179E+01	 0.21056E+00
 0.30000E-01	 0.30000E-04	 0.14012E-03	 0.29541E+00	 0.11943E+00	 0.11943E+00	 0.17050E+00	 0.17050E+00	 0.56148E+00	 0.56148E+00	 0.45723E+01	 0.10005E+04	 0.21891E+06	 0.18001E-12	 0.95600E-01	 0.21410E+00	 0.22000E-02	 0.23179E+01	 0.21056E+00
 0.30000E+03	 0.30000E-04	 0.14012E-03	 0.29541E+00	 0.11821E+03	 0.11821E+03	 0.85136E-08	 0.85136E-08	 0.61573E-11	 0.61573E-11	 0.45723E+01	 0.10005E+04	 0.21891E+06	 0.48133E-08	 0.95600E-01	 0.21410E+00	 0.22000E-02	 0.23179E+01	 0.21056E+00
 0.30000E-02	 0.30000E-04	 0.14012E-03	 0.29541E+00	 0.81799E-01	 0.81799E-01	 0.13326E+01	 0.13326E+01	 0.37809E+02	 0.37809E+02	 0.45723E+01	 0.10005E+04	 0.21891E+06	 0.54718E-11	 0.95600E-01	 0.21410E+00	 0.22000E-02	 0.23179E+01	 0.21056E+00
 0.30000E-03	 0.30000E-04	 0.14012E-03	 0.29541E+00	 0.49335E-01	 0.49237E-01	 0.24516E+01	 0.24525E+01	 0.67411E+03	 0.67337E+03	 0.45723E+01	 0.10005E+04	 0.21891E+06	 0.36685E-09	 0.95600E-01	 0.21410E+00	 0.22000E-02	 0.23179E+01	 0.21056E+00
 0.30000E-04	 0.30000E-04	 0.14012E-03	 0.29541E+00	 0.20266E+00	 0.16168E+00	 0.24627E+01	 0.25405E+01	 0.78506E+04	 0.76808E+04	 0.45723E+01	 0.10005E+04	 0.21891E+06	 0.38597E-07	 0.95600E-01	 0.21410E+00	 0.22000E-02	 0.23179E+01	 0.21056E+00
 0.30000E-05	 0.30000E-04	 0.14012E-03	 0.29541E+00	 0.11659E+01	 0.33019E+00	 0.20242E+01	 0.24503E+01	 0.85042E+05	 0.78413E+05	 0.45723E+01	 0.10005E+04	 0.21891E+06	 0.65521E-05	 0.95600E-01	 0.21410E+00	 0.22000E-02	 0.23179E+01	 0.21056E+00
