 ##################################################
 #WARNING: these are left-handed Boozer coordinates
 #(similar, but not equal, to PEST)
 ##################################################
  0.359000000000000     
          65
          65
           5
  1.49973E-01  1.29238E-01  1.06149E-01  8.45362E-02  6.75134E-02  5.64576E-02  5.08212E-02  4.87526E-02  4.81074E-02  4.73082E-02  4.56978E-02  4.33740E-02  4.07714E-02  3.83048E-02  3.62182E-02  3.45496E-02  3.30146E-02  3.07197E-02  2.58736E-02  1.58518E-02 -2.07742E-03 -2.94052E-02 -6.49064E-02 -1.03834E-01 -1.38469E-01 -1.60167E-01 -1.62303E-01 -1.42930E-01 -1.05934E-01 -6.00336E-02 -1.59092E-02  1.73931E-02  3.52744E-02  3.84827E-02  3.18663E-02  2.17338E-02  1.31581E-02  8.45023E-03  7.32079E-03  8.32946E-03  1.05970E-02  1.47284E-02  2.24544E-02  3.52964E-02  5.31433E-02  7.36711E-02  9.30334E-02  1.07505E-01  1.15205E-01  1.16953E-01  1.15819E-01  1.15586E-01  1.18988E-01  1.26604E-01  1.36943E-01  1.47543E-01  1.56389E-01  1.62822E-01  1.67464E-01  1.71303E-01  1.74558E-01  1.76078E-01  1.73671E-01  1.65223E-01  1.49973E-01
  1.55168E-01  1.38058E-01  1.16872E-01  9.65543E-02  8.07833E-02  7.06984E-02  6.49898E-02  6.11125E-02  5.68169E-02  5.11374E-02  4.44186E-02  3.75857E-02  3.12791E-02  2.54488E-02  1.95840E-02  1.32579E-02  6.43731E-03 -7.90140E-04 -8.91966E-03 -1.95656E-02 -3.51806E-02 -5.77494E-02 -8.69617E-02 -1.18900E-01 -1.46263E-01 -1.60463E-01 -1.54951E-01 -1.28304E-01 -8.55216E-02 -3.66885E-02  6.57432E-03  3.53706E-02  4.65791E-02  4.33425E-02  3.28881E-02  2.28627E-02  1.80284E-02  1.88700E-02  2.25824E-02  2.56432E-02  2.63991E-02  2.62127E-02  2.86159E-02  3.70748E-02  5.27312E-02  7.34478E-02  9.46902E-02  1.11719E-01  1.21834E-01  1.25441E-01  1.25409E-01  1.25191E-01  1.26861E-01  1.30201E-01  1.33301E-01  1.34220E-01  1.32615E-01  1.30292E-01  1.30281E-01  1.34961E-01  1.44318E-01  1.55426E-01  1.63510E-01  1.64104E-01  1.55168E-01
  1.57046E-01  1.48103E-01  1.35479E-01  1.23405E-01  1.14604E-01  1.09300E-01  1.05672E-01  1.01322E-01  9.47857E-02  8.61977E-02  7.68316E-02  6.79545E-02  5.98370E-02  5.15952E-02  4.19311E-02  3.02031E-02  1.70077E-02  3.77861E-03 -8.39816E-03 -1.99327E-02 -3.29117E-02 -4.99022E-02 -7.18534E-02 -9.62910E-02 -1.17061E-01 -1.26182E-01 -1.17209E-01 -8.85695E-02 -4.51212E-02  3.05649E-03  4.43014E-02  6.98340E-02  7.69830E-02  6.96757E-02  5.60460E-02  4.44287E-02  3.97517E-02  4.20296E-02  4.74930E-02  5.14977E-02  5.15010E-02  4.84945E-02  4.62443E-02  4.89412E-02  5.87047E-02  7.43637E-02  9.21250E-02  1.07629E-01  1.18133E-01  1.23575E-01  1.25998E-01  1.27835E-01  1.30179E-01  1.32154E-01  1.31747E-01  1.27546E-01  1.20243E-01  1.12875E-01  1.09529E-01  1.13192E-01  1.23929E-01  1.38499E-01  1.51675E-01  1.58616E-01  1.57046E-01
  1.54890E-01  1.57507E-01  1.59068E-01  1.61386E-01  1.64849E-01  1.68233E-01  1.69555E-01  1.67372E-01  1.61715E-01  1.54028E-01  1.46184E-01  1.39198E-01  1.32493E-01  1.24222E-01  1.12488E-01  9.67027E-02  7.81875E-02  5.95517E-02  4.31528E-02  2.95734E-02  1.71437E-02  2.98622E-03 -1.48493E-02 -3.53397E-02 -5.38256E-02 -6.33884E-02 -5.78326E-02 -3.48917E-02  1.99573E-03  4.43816E-02  8.18212E-02  1.05875E-01  1.13249E-01  1.06634E-01  9.29358E-02  7.98722E-02  7.26263E-02  7.21318E-02  7.56148E-02  7.88504E-02  7.87764E-02  7.50751E-02  7.00285E-02  6.69543E-02  6.82600E-02  7.42420E-02  8.32064E-02  9.26648E-02  1.00762E-01  1.07048E-01  1.12207E-01  1.17038E-01  1.21478E-01  1.24364E-01  1.24156E-01  1.20159E-01  1.13443E-01  1.06794E-01  1.03590E-01  1.06187E-01  1.14708E-01  1.26940E-01  1.39426E-01  1.49150E-01  1.54890E-01
  1.49289E-01  1.64893E-01  1.83411E-01  2.03305E-01  2.21980E-01  2.36676E-01  2.45621E-01  2.48820E-01  2.48017E-01  2.45747E-01  2.43962E-01  2.42924E-01  2.41036E-01  2.35713E-01  2.24880E-01  2.08263E-01  1.87725E-01  1.66418E-01  1.47155E-01  1.30926E-01  1.16408E-01  1.00864E-01  8.20203E-02  5.99465E-02  3.78696E-02  2.13435E-02  1.60239E-02  2.50471E-02  4.72738E-02  7.72929E-02  1.07254E-01  1.29736E-01  1.40378E-01  1.39142E-01  1.29750E-01  1.17691E-01  1.07795E-01  1.02473E-01  1.01288E-01  1.01827E-01  1.01263E-01  9.77774E-02  9.12348E-02  8.29650E-02  7.49623E-02  6.90124E-02  6.61572E-02  6.66168E-02  7.00160E-02  7.56567E-02  8.26649E-02  9.00257E-02  9.66423E-02  1.01538E-01  1.04177E-01  1.04736E-01  1.04120E-01  1.03646E-01  1.04525E-01  1.07414E-01  1.12321E-01  1.18903E-01  1.26971E-01  1.36852E-01  1.49289E-01
  1.41624E-01  1.69670E-01  2.04419E-01  2.41112E-01  2.74536E-01  3.00883E-01  3.18968E-01  3.30296E-01  3.37968E-01  3.44996E-01  3.52812E-01  3.60666E-01  3.66127E-01  3.66410E-01  3.59812E-01  3.46576E-01  3.28765E-01  3.09239E-01  2.90278E-01  2.72534E-01  2.54844E-01  2.34994E-01  2.11097E-01  1.82921E-01  1.52550E-01  1.24033E-01  1.02136E-01  9.06705E-02  9.10679E-02  1.01761E-01  1.18605E-01  1.36175E-01  1.49471E-01  1.55397E-01  1.53511E-01  1.45818E-01  1.35720E-01  1.26564E-01  1.20330E-01  1.16958E-01  1.14551E-01  1.10343E-01  1.02021E-01  8.88527E-02  7.21459E-02  5.48482E-02  4.04569E-02  3.17121E-02  2.96333E-02  3.33081E-02  4.04905E-02  4.86992E-02  5.62732E-02  6.28853E-02  6.92953E-02  7.65227E-02  8.49293E-02  9.37530E-02  1.01407E-01  1.06436E-01  1.08645E-01  1.09767E-01  1.13213E-01  1.22903E-01  1.41624E-01
  1.32818E-01  1.71465E-01  2.18940E-01  2.68281E-01  3.12865E-01  3.48779E-01  3.75784E-01  3.96575E-01  4.14869E-01  4.33351E-01  4.52446E-01  4.70391E-01  4.84380E-01  4.92051E-01  4.92561E-01  4.86760E-01  4.76536E-01  4.63766E-01  4.49424E-01  4.33254E-01  4.14030E-01  3.90216E-01  3.60697E-01  3.25352E-01  2.85358E-01  2.43227E-01  2.02549E-01  1.67427E-01  1.41604E-01  1.27424E-01  1.24940E-01  1.31592E-01  1.42753E-01  1.53105E-01  1.58392E-01  1.56833E-01  1.49507E-01  1.39498E-01  1.30123E-01  1.23114E-01  1.17657E-01  1.10817E-01  9.91671E-02  8.07967E-02  5.66598E-02  3.05141E-02  7.44800E-03 -8.27375E-03 -1.49456E-02 -1.38571E-02 -8.24490E-03 -1.37316E-03  5.17993E-03  1.20857E-02  2.13908E-02  3.47451E-02  5.18008E-02  6.97905E-02  8.46506E-02  9.31833E-02  9.51262E-02  9.39654E-02  9.59322E-02  1.07545E-01  1.32818E-01
  1.22110E-01  1.69124E-01  2.24675E-01  2.80978E-01  3.31511E-01  3.73309E-01  4.07346E-01  4.37072E-01  4.66043E-01  4.95953E-01  5.25988E-01  5.53610E-01  5.76128E-01  5.92074E-01  6.01672E-01  6.06284E-01  6.07326E-01  6.05345E-01  5.99758E-01  5.89247E-01  5.72442E-01  5.48409E-01  5.16731E-01  4.77345E-01  4.30511E-01  3.77173E-01  3.19605E-01  2.61858E-01  2.09457E-01  1.68112E-01  1.41826E-01  1.31224E-01  1.33034E-01  1.41145E-01  1.48896E-01  1.51553E-01  1.47788E-01  1.39429E-01  1.29666E-01  1.20718E-01  1.12279E-01  1.01603E-01  8.51980E-02  6.11562E-02  3.07813E-02 -1.46574E-03 -2.97426E-02 -4.93922E-02 -5.89100E-02 -6.02451E-02 -5.72964E-02 -5.34847E-02 -4.98032E-02 -4.44726E-02 -3.43991E-02 -1.75764E-02  5.01533E-03  2.92187E-02  4.94894E-02  6.18045E-02  6.61435E-02  6.71426E-02  7.24435E-02  8.94586E-02  1.22110E-01
  1.06677E-01  1.60065E-01  2.19593E-01  2.77804E-01  3.29455E-01  3.73258E-01  4.11505E-01  4.48032E-01  4.85760E-01  5.25153E-01  5.64279E-01  6.00190E-01  6.30664E-01  6.55237E-01  6.75023E-01  6.91584E-01  7.05648E-01  7.16481E-01  7.22223E-01  7.20840E-01  7.10987E-01  6.92194E-01  6.64357E-01  6.27033E-01  5.79267E-01  5.20354E-01  4.51239E-01  3.75742E-01  3.00630E-01  2.34141E-01  1.83379E-01  1.51749E-01  1.37722E-01  1.35620E-01  1.38090E-01  1.39066E-01  1.35741E-01  1.28640E-01  1.19928E-01  1.11058E-01  1.01201E-01  8.74049E-02  6.63853E-02  3.68770E-02  1.09501E-03 -3.56501E-02 -6.70851E-02 -8.87317E-02 -9.97736E-02 -1.02991E-01 -1.02807E-01 -1.02571E-01 -1.02635E-01 -1.00338E-01 -9.19068E-02 -7.51657E-02 -5.14187E-02 -2.53322E-02 -2.73675E-03  1.25223E-02  2.09693E-02  2.77532E-02  4.05255E-02  6.59623E-02  1.06677E-01
  8.24775E-02  1.40570E-01  2.01487E-01  2.58654E-01  3.08528E-01  3.51611E-01  3.91363E-01  4.31803E-01  4.75194E-01  5.21035E-01  5.66727E-01  6.09325E-01  6.47192E-01  6.80609E-01  7.11072E-01  7.39857E-01  7.66835E-01  7.90263E-01  8.07621E-01  8.16828E-01  8.16975E-01  8.08055E-01  7.89901E-01  7.61179E-01  7.19340E-01  6.61893E-01  5.88489E-01  5.02649E-01  4.11978E-01  3.26392E-01  2.55003E-01  2.03040E-01  1.70341E-01  1.52113E-01  1.41550E-01  1.32912E-01  1.23478E-01  1.13489E-01  1.04327E-01  9.62225E-02  8.69543E-02  7.24394E-02  4.89025E-02  1.53571E-02 -2.51283E-02 -6.62490E-02 -1.01056E-01 -1.24973E-01 -1.37612E-01 -1.42410E-01 -1.44313E-01 -1.46836E-01 -1.50155E-01 -1.51287E-01 -1.46201E-01 -1.32587E-01 -1.11621E-01 -8.76313E-02 -6.57894E-02 -4.90978E-02 -3.63851E-02 -2.25003E-02 -6.90608E-04  3.40594E-02  8.24775E-02
  4.60023E-02  1.07069E-01  1.68187E-01  2.23627E-01  2.71190E-01  3.12649E-01  3.52210E-01  3.93985E-01  4.39903E-01  4.89111E-01  5.38988E-01  5.86957E-01  6.31905E-01  6.74391E-01  7.15645E-01  7.56140E-01  7.94731E-01  8.28953E-01  8.56221E-01  8.75076E-01  8.85550E-01  8.88300E-01  8.83026E-01  8.67302E-01  8.36809E-01  7.87204E-01  7.16838E-01  6.28847E-01  5.31315E-01  4.35140E-01  3.50444E-01  2.83216E-01  2.33812E-01  1.97998E-01  1.69859E-01  1.44973E-01  1.22125E-01  1.02766E-01  8.86965E-02  7.95145E-02  7.14767E-02  5.85943E-02  3.54531E-02  2.02106E-04 -4.40147E-02 -9.00864E-02 -1.29972E-01 -1.58183E-01 -1.73889E-01 -1.80609E-01 -1.83750E-01 -1.87450E-01 -1.92469E-01 -1.96240E-01 -1.94890E-01 -1.85935E-01 -1.69989E-01 -1.50459E-01 -1.31403E-01 -1.14839E-01 -9.91265E-02 -7.94509E-02 -5.02213E-02 -8.10002E-03  4.60023E-02
 -3.86779E-03  5.78798E-02  1.18481E-01  1.72731E-01  2.19005E-01  2.59469E-01  2.98466E-01  3.40096E-01  3.86344E-01  4.36664E-01  4.89013E-01  5.41460E-01  5.93281E-01  6.44874E-01  6.96689E-01  7.48017E-01  7.96595E-01  8.39372E-01  8.74001E-01  8.99993E-01  9.18649E-01  9.31594E-01  9.38703E-01  9.36774E-01  9.19995E-01  8.82350E-01  8.20873E-01  7.38066E-01  6.42038E-01  5.44040E-01  4.54490E-01  3.79378E-01  3.18858E-01  2.68638E-01  2.23333E-01  1.79872E-01  1.39088E-01  1.04664E-01  8.01120E-02  6.56234E-02  5.67032E-02  4.55166E-02  2.43534E-02 -1.06041E-02 -5.72347E-02 -1.08277E-01 -1.54580E-01 -1.89112E-01 -2.09701E-01 -2.19192E-01 -2.23172E-01 -2.26658E-01 -2.31609E-01 -2.36506E-01 -2.38007E-01 -2.33466E-01 -2.22716E-01 -2.08034E-01 -1.92381E-01 -1.77071E-01 -1.60370E-01 -1.37997E-01 -1.05318E-01 -6.00415E-02 -3.86779E-03
 -6.48561E-02 -5.49068E-03  5.32716E-02  1.06536E-01  1.52588E-01  1.93175E-01  2.32160E-01  2.73414E-01  3.19161E-01  3.69558E-01  4.23489E-01  4.79805E-01  5.38069E-01  5.98294E-01  6.59950E-01  7.21069E-01  7.78282E-01  8.27975E-01  8.67971E-01  8.98617E-01  9.22407E-01  9.42085E-01  9.58181E-01  9.67463E-01  9.63433E-01  9.38955E-01  8.89857E-01  8.17635E-01  7.29730E-01  6.37028E-01  5.49711E-01  4.73504E-01  4.08228E-01  3.49336E-01  2.91544E-01  2.32516E-01  1.74559E-01  1.23370E-01  8.45544E-02  5.98599E-02  4.53050E-02  3.23368E-02  1.15391E-02 -2.29918E-02 -7.08540E-02 -1.25547E-01 -1.77517E-01 -2.18440E-01 -2.44556E-01 -2.57525E-01 -2.62623E-01 -2.65500E-01 -2.69357E-01 -2.73964E-01 -2.76765E-01 -2.75126E-01 -2.68207E-01 -2.57309E-01 -2.44590E-01 -2.31072E-01 -2.15307E-01 -1.93654E-01 -1.62108E-01 -1.18666E-01 -6.48561E-02
 -1.31668E-01 -7.81984E-02 -2.37456E-02  2.72578E-02  7.28335E-02  1.13925E-01  1.53489E-01  1.94860E-01  2.40364E-01  2.90841E-01  3.46113E-01  4.05784E-01  4.69657E-01  5.37366E-01  6.07540E-01  6.77201E-01  7.42108E-01  7.98122E-01  8.42965E-01  8.77294E-01  9.04242E-01  9.27416E-01  9.48289E-01  9.64437E-01  9.69799E-01  9.57105E-01  9.21389E-01  8.62835E-01  7.87368E-01  7.04541E-01  6.23703E-01  5.50341E-01  4.84488E-01  4.21987E-01  3.57872E-01  2.89998E-01  2.20885E-01  1.56743E-01  1.04163E-01  6.63009E-02  4.06436E-02  1.96734E-02 -5.83677E-03 -4.25401E-02 -9.14162E-02 -1.47392E-01 -2.01794E-01 -2.46300E-01 -2.76382E-01 -2.92626E-01 -2.99508E-01 -3.02561E-01 -3.05581E-01 -3.09310E-01 -3.12040E-01 -3.11471E-01 -3.06507E-01 -2.97870E-01 -2.87244E-01 -2.75623E-01 -2.62032E-01 -2.43520E-01 -2.16552E-01 -1.79012E-01 -1.31668E-01
 -1.97618E-01 -1.53263E-01 -1.06409E-01 -6.05407E-02 -1.75159E-02  2.29574E-02  6.28316E-02  1.04626E-01  1.50416E-01  2.01391E-01  2.58044E-01  3.20558E-01  3.88916E-01  4.62494E-01  5.39387E-01  6.16071E-01  6.87888E-01  7.50404E-01  8.01055E-01  8.40175E-01  8.70655E-01  8.96218E-01  9.19051E-01  9.38042E-01  9.48663E-01  9.44746E-01  9.21379E-01  8.77478E-01  8.16683E-01  7.46062E-01  6.73223E-01  6.03301E-01  5.37366E-01  4.73020E-01  4.06797E-01  3.36985E-01  2.65280E-01  1.96331E-01  1.35416E-01  8.55323E-02  4.55304E-02  1.03696E-02 -2.65582E-02 -7.02148E-02 -1.21454E-01 -1.76558E-01 -2.28959E-01 -2.72210E-01 -3.02691E-01 -3.20744E-01 -3.29858E-01 -3.34529E-01 -3.38052E-01 -3.41380E-01 -3.43481E-01 -3.42727E-01 -3.38323E-01 -3.30871E-01 -3.21785E-01 -3.12017E-01 -3.00979E-01 -2.86413E-01 -2.65371E-01 -2.35766E-01 -1.97618E-01
 -2.56771E-01 -2.23622E-01 -1.87463E-01 -1.50267E-01 -1.13099E-01 -7.57873E-02 -3.71657E-02  4.36706E-03  5.03172E-02  1.01843E-01  1.59762E-01  2.24588E-01  2.96360E-01  3.74223E-01  4.55976E-01  5.37993E-01  6.15767E-01  6.85050E-01  7.43124E-01  7.89599E-01  8.26239E-01  8.55807E-01  8.80399E-01  9.00084E-01  9.12543E-01  9.13933E-01  9.00590E-01  8.70744E-01  8.25421E-01  7.68117E-01  7.03467E-01  6.35614E-01  5.67094E-01  4.98723E-01  4.30381E-01  3.62106E-01  2.94793E-01  2.30063E-01  1.69415E-01  1.13222E-01  6.02704E-02  8.21403E-03 -4.52034E-02 -1.00778E-01 -1.57085E-01 -2.10779E-01 -2.57856E-01 -2.95266E-01 -3.22076E-01 -3.39637E-01 -3.50731E-01 -3.58210E-01 -3.63839E-01 -3.67914E-01 -3.69733E-01 -3.68530E-01 -3.64264E-01 -3.57773E-01 -3.50243E-01 -3.42344E-01 -3.33600E-01 -3.22391E-01 -3.06650E-01 -2.84849E-01 -2.56771E-01
 -3.05626E-01 -2.84134E-01 -2.60436E-01 -2.34681E-01 -2.06582E-01 -1.75528E-01 -1.40749E-01 -1.01421E-01 -5.66579E-02 -5.49174E-03  5.30333E-02  1.19564E-01  1.93998E-01  2.75084E-01  3.60295E-01  4.46103E-01  5.28623E-01  6.04400E-01  6.71040E-01  7.27481E-01  7.73813E-01  8.10796E-01  8.39289E-01  8.59793E-01  8.72226E-01  8.75913E-01  8.69720E-01  8.52289E-01  8.22372E-01  7.79273E-01  7.23373E-01  6.56566E-01  5.82374E-01  5.05519E-01  4.30930E-01  3.62407E-01  3.01446E-01  2.46729E-01  1.94626E-01  1.40617E-01  8.11579E-02  1.52312E-02 -5.50491E-02 -1.25066E-01 -1.89298E-01 -2.43215E-01 -2.84692E-01 -3.14391E-01 -3.35049E-01 -3.50093E-01 -3.62246E-01 -3.72742E-01 -3.81375E-01 -3.87220E-01 -3.89542E-01 -3.88402E-01 -3.84679E-01 -3.79588E-01 -3.74022E-01 -3.68097E-01 -3.61140E-01 -3.52075E-01 -3.39967E-01 -3.24418E-01 -3.05626E-01
 -3.43661E-01 -3.32673E-01 -3.21229E-01 -3.07765E-01 -2.90526E-01 -2.68176E-01 -2.40007E-01 -2.05645E-01 -1.64562E-01 -1.15781E-01 -5.81004E-02  9.24314E-03  8.58315E-02  1.69722E-01  2.57749E-01  3.46339E-01  4.32382E-01  5.13691E-01  5.88826E-01  6.56517E-01  7.15176E-01  7.62958E-01  7.98432E-01  8.21454E-01  8.33578E-01  8.37503E-01  8.35608E-01  8.28277E-01  8.13012E-01  7.85096E-01  7.39802E-01  6.75249E-01  5.94469E-01  5.05458E-01  4.18843E-01  3.44005E-01  2.85344E-01  2.40458E-01  2.01196E-01  1.57235E-01  1.00608E-01  2.91761E-02 -5.24851E-02 -1.35087E-01 -2.08484E-01 -2.65571E-01 -3.04518E-01 -3.28549E-01 -3.43673E-01 -3.55681E-01 -3.67897E-01 -3.80565E-01 -3.91855E-01 -3.99641E-01 -4.02978E-01 -4.02539E-01 -3.99984E-01 -3.96834E-01 -3.93606E-01 -3.89723E-01 -3.84135E-01 -3.76183E-01 -3.66114E-01 -3.54923E-01 -3.43661E-01
 -3.72637E-01 -3.69934E-01 -3.68720E-01 -3.66210E-01 -3.59537E-01 -3.46771E-01 -3.27132E-01 -3.00380E-01 -2.65909E-01 -2.22292E-01 -1.67708E-01 -1.01054E-01 -2.30492E-02  6.34574E-02  1.54272E-01  2.45351E-01  3.34111E-01  4.19710E-01  5.02097E-01  5.80425E-01  6.51933E-01  7.12229E-01  7.57062E-01  7.84667E-01  7.97244E-01  8.00367E-01  8.00276E-01  8.00234E-01  7.97950E-01  7.85741E-01  7.53806E-01  6.95306E-01  6.10795E-01  5.09597E-01  4.07099E-01  3.18913E-01  2.54503E-01  2.13282E-01  1.85082E-01  1.54844E-01  1.09361E-01  4.29701E-02 -4.03431E-02 -1.29168E-01 -2.09913E-01 -2.72448E-01 -3.13560E-01 -3.36941E-01 -3.50202E-01 -3.60775E-01 -3.72813E-01 -3.86403E-01 -3.98998E-01 -4.07850E-01 -4.11923E-01 -4.12289E-01 -4.11091E-01 -4.09966E-01 -4.09037E-01 -4.07082E-01 -4.02670E-01 -3.95426E-01 -3.86566E-01 -3.78322E-01 -3.72637E-01
 -3.95161E-01 -3.98206E-01 -4.04220E-01 -4.09819E-01 -4.11639E-01 -4.07554E-01 -3.96832E-01 -3.79220E-01 -3.53722E-01 -3.18059E-01 -2.69353E-01 -2.05742E-01 -1.27921E-01 -3.95277E-02  5.40454E-02  1.47836E-01  2.39208E-01  3.28239E-01  4.16228E-01  5.03195E-01  5.85957E-01  6.58246E-01  7.13164E-01  7.46811E-01  7.60988E-01  7.63102E-01  7.62821E-01  7.66861E-01  7.74613E-01  7.77167E-01  7.60764E-01  7.13384E-01  6.31385E-01  5.22802E-01  4.05360E-01  2.99825E-01  2.21624E-01  1.74647E-01  1.50129E-01  1.31074E-01  1.00083E-01  4.68547E-02 -2.79787E-02 -1.14159E-01 -1.97155E-01 -2.64699E-01 -3.11355E-01 -3.39319E-01 -3.55666E-01 -3.67988E-01 -3.80855E-01 -3.94690E-01 -4.07142E-01 -4.15636E-01 -4.19411E-01 -4.19889E-01 -4.19474E-01 -4.19784E-01 -4.20609E-01 -4.20259E-01 -4.17013E-01 -4.10638E-01 -4.02935E-01 -3.96926E-01 -3.95161E-01
 -4.13303E-01 -4.19842E-01 -4.30146E-01 -4.40718E-01 -4.48197E-01 -4.50656E-01 -4.47652E-01 -4.39038E-01 -4.23466E-01 -3.97736E-01 -3.57679E-01 -3.00223E-01 -2.25421E-01 -1.37109E-01 -4.15858E-02  5.50774E-02  1.49549E-01  2.41996E-01  3.34492E-01  4.27928E-01  5.19347E-01  6.01581E-01  6.65840E-01  7.06127E-01  7.23042E-01  7.24529E-01  7.22605E-01  7.27296E-01  7.40765E-01  7.54884E-01  7.53962E-01  7.21801E-01  6.49849E-01  5.42480E-01  4.16589E-01  2.95431E-01  1.99416E-01  1.38110E-01  1.07088E-01  9.09389E-02  7.07674E-02  3.25211E-02 -2.76639E-02 -1.03212E-01 -1.81454E-01 -2.49965E-01 -3.01658E-01 -3.36452E-01 -3.59355E-01 -3.76610E-01 -3.92266E-01 -4.06899E-01 -4.18705E-01 -4.25804E-01 -4.28091E-01 -4.27503E-01 -4.26729E-01 -4.27421E-01 -4.29182E-01 -4.30032E-01 -4.28019E-01 -4.22869E-01 -4.16565E-01 -4.12435E-01 -4.13303E-01
 -4.27907E-01 -4.36212E-01 -4.48664E-01 -4.61844E-01 -4.72543E-01 -4.79148E-01 -4.81668E-01 -4.80366E-01 -4.73966E-01 -4.58764E-01 -4.29462E-01 -3.81496E-01 -3.13543E-01 -2.28677E-01 -1.33305E-01 -3.43463E-02  6.37494E-02  1.60335E-01  2.57325E-01  3.56033E-01  4.54012E-01  5.44071E-01  6.16492E-01  6.63625E-01  6.84413E-01  6.86104E-01  6.81668E-01  6.83687E-01  6.97609E-01  7.17884E-01  7.29344E-01  7.13636E-01  6.57885E-01  5.61458E-01  4.37493E-01  3.08272E-01  1.96523E-01  1.16663E-01  6.99418E-02  4.54752E-02  2.62951E-02 -2.73767E-03 -4.89099E-02 -1.10001E-01 -1.77117E-01 -2.39958E-01 -2.91602E-01 -3.30566E-01 -3.59686E-01 -3.83091E-01 -4.03350E-01 -4.20395E-01 -4.32510E-01 -4.38386E-01 -4.38685E-01 -4.36084E-01 -4.33838E-01 -4.33902E-01 -4.35912E-01 -4.37694E-01 -4.36991E-01 -4.33251E-01 -4.28320E-01 -4.25551E-01 -4.27907E-01
 -4.38802E-01 -4.47563E-01 -4.60937E-01 -4.75546E-01 -4.88110E-01 -4.97076E-01 -5.02836E-01 -5.06346E-01 -5.07040E-01 -5.01480E-01 -4.83814E-01 -4.48041E-01 -3.90890E-01 -3.13640E-01 -2.21718E-01 -1.22204E-01 -2.06583E-02  8.08297E-02  1.83111E-01  2.87224E-01  3.91119E-01  4.88078E-01  5.68232E-01  6.22793E-01  6.48870E-01  6.52057E-01  6.44921E-01  6.41561E-01  6.50659E-01  6.70500E-01  6.88715E-01  6.87271E-01  6.50590E-01  5.73005E-01  4.62006E-01  3.35689E-01  2.15654E-01  1.18702E-01  5.11331E-02  8.01226E-03 -2.27649E-02 -5.39952E-02 -9.35743E-02 -1.42239E-01 -1.95127E-01 -2.45670E-01 -2.89360E-01 -3.25439E-01 -3.55984E-01 -3.83470E-01 -4.08580E-01 -4.29670E-01 -4.44086E-01 -4.50293E-01 -4.49354E-01 -4.44739E-01 -4.40597E-01 -4.39581E-01 -4.41615E-01 -4.44360E-01 -4.45068E-01 -4.42639E-01 -4.38567E-01 -4.36205E-01 -4.38802E-01
 -4.45589E-01 -4.53671E-01 -4.67273E-01 -4.82978E-01 -4.97074E-01 -5.07588E-01 -5.14975E-01 -5.20949E-01 -5.26174E-01 -5.28298E-01 -5.21707E-01 -4.99385E-01 -4.55943E-01 -3.90141E-01 -3.05429E-01 -2.08167E-01 -1.04582E-01  1.67954E-03  1.09890E-01  2.20228E-01  3.30711E-01  4.35169E-01  5.23942E-01  5.87419E-01  6.20787E-01  6.27341E-01  6.18187E-01  6.07920E-01  6.08050E-01  6.21307E-01  6.39768E-01  6.47951E-01  6.29605E-01  5.75025E-01  4.85486E-01  3.72784E-01  2.54311E-01  1.46189E-01  5.77463E-02 -1.03067E-02 -6.36741E-02 -1.09936E-01 -1.54301E-01 -1.97753E-01 -2.38102E-01 -2.72756E-01 -3.01239E-01 -3.25834E-01 -3.50114E-01 -3.76433E-01 -4.04109E-01 -4.29503E-01 -4.48016E-01 -4.56794E-01 -4.56496E-01 -4.51067E-01 -4.45649E-01 -4.43897E-01 -4.46272E-01 -4.50311E-01 -4.52607E-01 -4.51259E-01 -4.47279E-01 -4.44109E-01 -4.45589E-01
 -4.48443E-01 -4.54760E-01 -4.67887E-01 -4.84454E-01 -5.00120E-01 -5.12086E-01 -5.20431E-01 -5.27398E-01 -5.35011E-01 -5.42509E-01 -5.45231E-01 -5.35793E-01 -5.07011E-01 -4.54994E-01 -3.80668E-01 -2.88921E-01 -1.85972E-01 -7.66207E-02  3.68912E-02  1.53706E-01  2.71664E-01  3.84999E-01  4.84237E-01  5.58960E-01  6.02291E-01  6.14788E-01  6.05366E-01  5.88307E-01  5.77399E-01  5.79881E-01  5.93123E-01  6.05713E-01  6.02493E-01  5.71137E-01  5.07203E-01  4.15454E-01  3.07216E-01  1.95447E-01  9.01409E-02 -3.81597E-03 -8.58195E-02 -1.56882E-01 -2.17133E-01 -2.65099E-01 -2.99035E-01 -3.19210E-01 -3.29383E-01 -3.36229E-01 -3.46778E-01 -3.65195E-01 -3.90780E-01 -4.18396E-01 -4.41191E-01 -4.54173E-01 -4.56675E-01 -4.52415E-01 -4.47206E-01 -4.45704E-01 -4.49076E-01 -4.54860E-01 -4.58980E-01 -4.58622E-01 -4.54200E-01 -4.49261E-01 -4.48443E-01
 -4.48423E-01 -4.52061E-01 -4.63724E-01 -4.80391E-01 -4.97275E-01 -5.10677E-01 -5.19979E-01 -5.27510E-01 -5.36331E-01 -5.47254E-01 -5.56936E-01 -5.58272E-01 -5.42979E-01 -5.04991E-01 -4.42791E-01 -3.59456E-01 -2.60563E-01 -1.51359E-01 -3.50289E-02  8.68577E-02  2.12051E-01  3.35107E-01  4.46601E-01  5.35131E-01  5.91530E-01  6.13252E-01  6.06496E-01  5.84596E-01  5.63042E-01  5.53282E-01  5.58152E-01  5.71025E-01  5.78975E-01  5.68317E-01  5.29893E-01  4.61819E-01  3.68912E-01  2.59747E-01  1.43281E-01  2.68490E-02 -8.38722E-02 -1.83686E-01 -2.66977E-01 -3.28276E-01 -3.64296E-01 -3.76282E-01 -3.70981E-01 -3.59172E-01 -3.52035E-01 -3.56949E-01 -3.74828E-01 -4.00384E-01 -4.25230E-01 -4.42213E-01 -4.48743E-01 -4.47473E-01 -4.44157E-01 -4.44070E-01 -4.49061E-01 -4.56881E-01 -4.63019E-01 -4.63831E-01 -4.59043E-01 -4.52133E-01 -4.48423E-01
 -4.47170E-01 -4.47683E-01 -4.56771E-01 -4.72156E-01 -4.89125E-01 -5.03435E-01 -5.13746E-01 -5.22054E-01 -5.31839E-01 -5.44999E-01 -5.59426E-01 -5.68713E-01 -5.64275E-01 -5.38741E-01 -4.88763E-01 -4.15745E-01 -3.24262E-01 -2.19306E-01 -1.04198E-01  1.94644E-02  1.49788E-01  2.81852E-01  4.06294E-01  5.10615E-01  5.83133E-01  6.17855E-01  6.17770E-01  5.94645E-01  5.65026E-01  5.44054E-01  5.39794E-01  5.50565E-01  5.66238E-01  5.72654E-01  5.56956E-01  5.11515E-01  4.35191E-01  3.32172E-01  2.09732E-01  7.64370E-02 -5.85078E-02 -1.85171E-01 -2.93154E-01 -3.73074E-01 -4.19193E-01 -4.32008E-01 -4.19205E-01 -3.93918E-01 -3.70564E-01 -3.59925E-01 -3.65681E-01 -3.84054E-01 -4.06666E-01 -4.25129E-01 -4.35030E-01 -4.37374E-01 -4.37001E-01 -4.39103E-01 -4.45955E-01 -4.55713E-01 -4.63834E-01 -4.66149E-01 -4.61678E-01 -4.53500E-01 -4.47170E-01
 -4.46226E-01 -4.43893E-01 -4.49656E-01 -4.62227E-01 -4.77578E-01 -4.91562E-01 -5.02433E-01 -5.11678E-01 -5.22606E-01 -5.37513E-01 -5.55105E-01 -5.69775E-01 -5.73254E-01 -5.57767E-01 -5.18976E-01 -4.57081E-01 -3.75618E-01 -2.78846E-01 -1.69505E-01 -4.84649E-02  8.33675E-02  2.22058E-01  3.58597E-01  4.79530E-01  5.70622E-01  6.22154E-01  6.33377E-01  6.13751E-01  5.80063E-01  5.50437E-01  5.37749E-01  5.45222E-01  5.65881E-01  5.85759E-01  5.89160E-01  5.63629E-01  5.02902E-01  4.07341E-01  2.82651E-01  1.38132E-01 -1.46329E-02 -1.62613E-01 -2.92351E-01 -3.91845E-01 -4.53254E-01 -4.75505E-01 -4.65375E-01 -4.36016E-01 -4.03018E-01 -3.79425E-01 -3.71797E-01 -3.79062E-01 -3.94585E-01 -4.10317E-01 -4.20896E-01 -4.25702E-01 -4.28053E-01 -4.32309E-01 -4.40712E-01 -4.51851E-01 -4.61546E-01 -4.65534E-01 -4.62262E-01 -4.54098E-01 -4.46226E-01
 -4.46410E-01 -4.42252E-01 -4.44759E-01 -4.53555E-01 -4.65671E-01 -4.77686E-01 -4.87981E-01 -4.97695E-01 -5.09688E-01 -5.26106E-01 -5.45975E-01 -5.64331E-01 -5.73515E-01 -5.65994E-01 -5.37153E-01 -4.86506E-01 -4.16707E-01 -3.31074E-01 -2.31308E-01 -1.17017E-01  1.24105E-02  1.54523E-01  3.01138E-01  4.38257E-01  5.49339E-01  6.20889E-01  6.47950E-01  6.36830E-01  6.03515E-01  5.68178E-01  5.47957E-01  5.50970E-01  5.73888E-01  6.03747E-01  6.22893E-01  6.14819E-01  5.68705E-01  4.81461E-01  3.57370E-01  2.06320E-01  4.17198E-02 -1.21344E-01 -2.67799E-01 -3.84542E-01 -4.62754E-01 -5.00038E-01 -5.01397E-01 -4.78178E-01 -4.44892E-01 -4.14893E-01 -3.96597E-01 -3.91805E-01 -3.96781E-01 -4.05408E-01 -4.12755E-01 -4.17288E-01 -4.20777E-01 -4.26245E-01 -4.35376E-01 -4.46982E-01 -4.57449E-01 -4.62825E-01 -4.61274E-01 -4.54363E-01 -4.46410E-01
 -4.47639E-01 -4.43108E-01 -4.43353E-01 -4.48473E-01 -4.56515E-01 -4.65110E-01 -4.73283E-01 -4.82237E-01 -4.94504E-01 -5.11903E-01 -5.33461E-01 -5.54636E-01 -5.68410E-01 -5.67771E-01 -5.48226E-01 -5.08927E-01 -4.51761E-01 -3.79019E-01 -2.91164E-01 -1.86318E-01 -6.21489E-02  8.06220E-02  2.35011E-01  3.86990E-01  5.18232E-01  6.11751E-01  6.58192E-01  6.59954E-01  6.31067E-01  5.92570E-01  5.65102E-01  5.61653E-01  5.83262E-01  6.19163E-01  6.50961E-01  6.58920E-01  6.27920E-01  5.51186E-01  4.31126E-01  2.77796E-01  1.06119E-01 -6.70627E-02 -2.25571E-01 -3.56035E-01 -4.49688E-01 -5.03693E-01 -5.21562E-01 -5.12222E-01 -4.87638E-01 -4.59572E-01 -4.36581E-01 -4.22396E-01 -4.16280E-01 -4.15016E-01 -4.15466E-01 -4.16356E-01 -4.18504E-01 -4.23575E-01 -4.32292E-01 -4.43311E-01 -4.53492E-01 -4.59442E-01 -4.59413E-01 -4.54381E-01 -4.47639E-01
 -4.49214E-01 -4.45699E-01 -4.45245E-01 -4.47809E-01 -4.52016E-01 -4.56481E-01 -4.61147E-01 -4.67717E-01 -4.78778E-01 -4.95994E-01 -5.18381E-01 -5.41723E-01 -5.59602E-01 -5.65593E-01 -5.55439E-01 -5.27981E-01 -4.84270E-01 -4.25398E-01 -3.50443E-01 -2.56041E-01 -1.38277E-01  3.68743E-03  1.64085E-01  3.29198E-01  4.79536E-01  5.95255E-01  6.62875E-01  6.80511E-01  6.59210E-01  6.19542E-01  5.84572E-01  5.71863E-01  5.87539E-01  6.24529E-01  6.65397E-01  6.88407E-01  6.74442E-01  6.12397E-01  5.01608E-01  3.51133E-01  1.76758E-01 -2.95527E-03 -1.70391E-01 -3.11679E-01 -4.18346E-01 -4.87862E-01 -5.23174E-01 -5.31360E-01 -5.21618E-01 -5.03016E-01 -4.82610E-01 -4.64486E-01 -4.49970E-01 -4.38761E-01 -4.30330E-01 -4.24841E-01 -4.23149E-01 -4.26017E-01 -4.33113E-01 -4.42556E-01 -4.51378E-01 -4.56767E-01 -4.57394E-01 -4.54053E-01 -4.49214E-01
 -4.50371E-01 -4.48752E-01 -4.49098E-01 -4.50682E-01 -4.52135E-01 -4.52689E-01 -4.53162E-01 -4.55991E-01 -4.64164E-01 -4.79502E-01 -5.01202E-01 -5.25490E-01 -5.46648E-01 -5.58948E-01 -5.58437E-01 -5.43578E-01 -5.14332E-01 -4.70231E-01 -4.08675E-01 -3.24769E-01 -2.13319E-01 -7.24231E-02  9.29514E-02  2.69374E-01  4.36686E-01  5.73026E-01  6.61546E-01  6.96275E-01  6.84662E-01  6.45537E-01  6.03005E-01  5.78400E-01  5.83208E-01  6.15448E-01  6.60660E-01  6.96923E-01  7.01974E-01  6.59926E-01  5.65531E-01  4.24977E-01  2.53481E-01  7.08524E-02 -1.03378E-01 -2.53901E-01 -3.71805E-01 -4.54840E-01 -5.06113E-01 -5.31927E-01 -5.39502E-01 -5.35214E-01 -5.23718E-01 -5.07987E-01 -4.89987E-01 -4.71504E-01 -4.54639E-01 -4.41695E-01 -4.34524E-01 -4.33715E-01 -4.38139E-01 -4.45204E-01 -4.51802E-01 -4.55550E-01 -4.55709E-01 -4.53303E-01 -4.50371E-01
 -4.50724E-01 -4.51205E-01 -4.53219E-01 -4.55108E-01 -4.55100E-01 -4.52642E-01 -4.49160E-01 -4.47749E-01 -4.51861E-01 -4.63607E-01 -4.82546E-01 -5.05580E-01 -5.28006E-01 -5.45152E-01 -5.53668E-01 -5.51719E-01 -5.37955E-01 -5.09873E-01 -4.62671E-01 -3.89649E-01 -2.84478E-01 -1.44736E-01  2.47531E-02  2.10477E-01  3.91828E-01  5.45733E-01  6.53026E-01  7.04388E-01  7.03619E-01  6.66849E-01  6.17710E-01  5.79954E-01  5.69971E-01  5.91680E-01  6.35480E-01  6.81494E-01  7.05951E-01  6.88528E-01  6.18290E-01  4.96499E-01  3.35653E-01  1.55433E-01 -2.28958E-02 -1.81721E-01 -3.10419E-01 -4.06070E-01 -4.71814E-01 -5.13863E-01 -5.38524E-01 -5.50291E-01 -5.51508E-01 -5.43323E-01 -5.27135E-01 -5.05655E-01 -4.82946E-01 -4.63458E-01 -4.50557E-01 -4.45338E-01 -4.46363E-01 -4.50469E-01 -4.54280E-01 -4.55671E-01 -4.54485E-01 -4.52189E-01 -4.50724E-01
 -4.50357E-01 -4.52624E-01 -4.56354E-01 -4.59042E-01 -4.58448E-01 -4.54038E-01 -4.47574E-01 -4.42498E-01 -4.42429E-01 -4.49546E-01 -4.63691E-01 -4.82586E-01 -5.02953E-01 -5.21790E-01 -5.36997E-01 -5.46901E-01 -5.48921E-01 -5.38181E-01 -5.07096E-01 -4.46613E-01 -3.49056E-01 -2.11718E-01 -3.98055E-02  1.52620E-01  3.44469E-01  5.12035E-01  6.34857E-01  7.01264E-01  7.11820E-01  6.79443E-01  6.25940E-01  5.75838E-01  5.49262E-01  5.55994E-01  5.92556E-01  6.43276E-01  6.85083E-01  6.94540E-01  6.54910E-01  5.60990E-01  4.20254E-01  2.50090E-01  7.22765E-02 -9.32158E-02 -2.32972E-01 -3.41968E-01 -4.22299E-01 -4.79839E-01 -5.20536E-01 -5.47964E-01 -5.62955E-01 -5.65043E-01 -5.54601E-01 -5.34354E-01 -5.09405E-01 -4.85774E-01 -4.68268E-01 -4.58820E-01 -4.56160E-01 -4.56939E-01 -4.57661E-01 -4.56416E-01 -4.53518E-01 -4.50850E-01 -4.50357E-01
 -4.49591E-01 -4.53159E-01 -4.58088E-01 -4.61282E-01 -4.60276E-01 -4.54668E-01 -4.46455E-01 -4.39101E-01 -4.35896E-01 -4.38537E-01 -4.46715E-01 -4.58831E-01 -4.73277E-01 -4.89359E-01 -5.07093E-01 -5.25820E-01 -5.42284E-01 -5.49346E-01 -5.36301E-01 -4.91167E-01 -4.04384E-01 -2.72688E-01 -1.01711E-01  9.37431E-02  2.92047E-01  4.69183E-01  6.04105E-01  6.83645E-01  7.05690E-01  6.79807E-01  6.25018E-01  5.65101E-01  5.22439E-01  5.11917E-01  5.36595E-01  5.86569E-01  6.41638E-01  6.77199E-01  6.71626E-01  6.12765E-01  5.01340E-01  3.50160E-01  1.79548E-01  1.08520E-02 -1.39472E-01 -2.63114E-01 -3.59656E-01 -4.33531E-01 -4.90012E-01 -5.32211E-01 -5.60327E-01 -5.73078E-01 -5.70129E-01 -5.53954E-01 -5.30007E-01 -5.05113E-01 -4.84994E-01 -4.72306E-01 -4.66189E-01 -4.63505E-01 -4.60985E-01 -4.57070E-01 -4.52495E-01 -4.49393E-01 -4.49591E-01
 -4.48654E-01 -4.53177E-01 -4.58710E-01 -4.61783E-01 -4.60032E-01 -4.53492E-01 -4.44538E-01 -4.36525E-01 -4.31998E-01 -4.31547E-01 -4.34050E-01 -4.38086E-01 -4.43576E-01 -4.52439E-01 -4.67548E-01 -4.90242E-01 -5.17580E-01 -5.40862E-01 -5.46521E-01 -5.19429E-01 -4.47588E-01 -3.26505E-01 -1.61656E-01  3.18119E-02  2.31994E-01  4.14801E-01  5.58936E-01  6.50132E-01  6.83909E-01  6.66450E-01  6.13437E-01  5.46850E-01  4.90060E-01  4.62047E-01  4.72121E-01  5.16824E-01  5.80341E-01  6.38751E-01  6.67055E-01  6.46723E-01  5.71133E-01  4.46952E-01  2.91098E-01  1.24678E-01 -3.35721E-02 -1.71787E-01 -2.85992E-01 -3.77899E-01 -4.51133E-01 -5.08031E-01 -5.48506E-01 -5.71184E-01 -5.75719E-01 -5.64666E-01 -5.43676E-01 -5.19863E-01 -4.99263E-01 -4.84820E-01 -4.75975E-01 -4.69988E-01 -4.64135E-01 -4.57487E-01 -4.51286E-01 -4.47831E-01 -4.48654E-01
 -4.47530E-01 -4.52870E-01 -4.58734E-01 -4.61295E-01 -4.58451E-01 -4.50940E-01 -4.41779E-01 -4.34360E-01 -4.30382E-01 -4.28962E-01 -4.27553E-01 -4.24208E-01 -4.19775E-01 -4.18509E-01 -4.26337E-01 -4.47309E-01 -4.79890E-01 -5.15042E-01 -5.37341E-01 -5.29029E-01 -4.75548E-01 -3.70485E-01 -2.18120E-01 -3.28657E-02  1.63946E-01  3.48647E-01  4.99833E-01  6.02051E-01  6.48250E-01  6.40967E-01  5.92183E-01  5.21547E-01  4.52717E-01  4.08011E-01  4.02434E-01  4.38895E-01  5.06532E-01  5.83269E-01  6.42166E-01  6.59561E-01  6.22064E-01  5.29883E-01  3.95402E-01  2.37935E-01  7.70698E-02 -7.26100E-02 -2.03608E-01 -3.14254E-01 -4.05546E-01 -4.78170E-01 -5.31323E-01 -5.63634E-01 -5.75203E-01 -5.69199E-01 -5.51795E-01 -5.30373E-01 -5.10951E-01 -4.96315E-01 -4.85843E-01 -4.77058E-01 -4.67882E-01 -4.58254E-01 -4.50161E-01 -4.46183E-01 -4.47530E-01
 -4.46106E-01 -4.52148E-01 -4.58440E-01 -4.60641E-01 -4.56791E-01 -4.48339E-01 -4.39120E-01 -4.32849E-01 -4.30665E-01 -4.30299E-01 -4.27546E-01 -4.19323E-01 -4.06529E-01 -3.94865E-01 -3.92735E-01 -4.06935E-01 -4.38113E-01 -4.78275E-01 -5.11775E-01 -5.19606E-01 -4.85342E-01 -4.00409E-01 -2.66815E-01 -9.66889E-02  9.07218E-02  2.73199E-01  4.29560E-01  5.42866E-01  6.02831E-01  6.07651E-01  5.65091E-01  4.92179E-01  4.12654E-01  3.51900E-01  3.30220E-01  3.56492E-01  4.24661E-01  5.14847E-01  5.99109E-01  6.49979E-01  6.48632E-01  5.89654E-01  4.80895E-01  3.38984E-01  1.82862E-01  2.82243E-02 -1.15092E-01 -2.42462E-01 -3.51896E-01 -4.41560E-01 -5.08963E-01 -5.52047E-01 -5.71154E-01 -5.70283E-01 -5.56563E-01 -5.38004E-01 -5.20722E-01 -5.07160E-01 -4.96281E-01 -4.85517E-01 -4.73256E-01 -4.60349E-01 -4.49758E-01 -4.44639E-01 -4.46106E-01
 -4.44473E-01 -4.50847E-01 -4.57727E-01 -4.60122E-01 -4.55903E-01 -4.46918E-01 -4.37708E-01 -4.32512E-01 -4.32378E-01 -4.34195E-01 -4.32408E-01 -4.22600E-01 -4.04921E-01 -3.85275E-01 -3.73272E-01 -3.77657E-01 -4.01344E-01 -4.38488E-01 -4.75079E-01 -4.92914E-01 -4.75263E-01 -4.11939E-01 -3.02034E-01 -1.53818E-01  1.74826E-02  1.92741E-01  3.51860E-01  4.76354E-01  5.51948E-01  5.71457E-01  5.37543E-01  4.64090E-01  3.74747E-01  2.97933E-01  2.59147E-01  2.72985E-01  3.37938E-01  4.36325E-01  5.39716E-01  6.17938E-01  6.48172E-01  6.20744E-01  5.39742E-01  4.18961E-01  2.75603E-01  1.24757E-01 -2.31996E-02 -1.62026E-01 -2.87264E-01 -3.94220E-01 -4.77778E-01 -5.34083E-01 -5.62833E-01 -5.68455E-01 -5.59101E-01 -5.43786E-01 -5.29120E-01 -5.17419E-01 -5.07157E-01 -4.95391E-01 -4.80634E-01 -4.64442E-01 -4.50786E-01 -4.43663E-01 -4.44473E-01
 -4.43090E-01 -4.49044E-01 -4.56318E-01 -4.59387E-01 -4.55697E-01 -4.47007E-01 -4.38106E-01 -4.33641E-01 -4.34939E-01 -4.38792E-01 -4.39075E-01 -4.30406E-01 -4.11811E-01 -3.88253E-01 -3.68949E-01 -3.63141E-01 -3.75320E-01 -4.02237E-01 -4.33081E-01 -4.52663E-01 -4.46073E-01 -4.02844E-01 -3.19265E-01 -1.98648E-01 -5.03240E-02  1.11670E-01  2.69813E-01  4.04680E-01  4.97690E-01  5.35313E-01  5.13894E-01  4.43091E-01  3.45715E-01  2.52844E-01  1.95073E-01  1.92787E-01  2.49233E-01  3.49323E-01  4.64798E-01  5.63719E-01  6.20412E-01  6.22035E-01  5.69662E-01  4.74391E-01  3.51080E-01  2.12970E-01  6.93704E-02 -7.34166E-02 -2.09574E-01 -3.31958E-01 -4.32483E-01 -5.04598E-01 -5.46237E-01 -5.61272E-01 -5.58322E-01 -5.47348E-01 -5.35795E-01 -5.26328E-01 -5.17287E-01 -5.05414E-01 -4.89111E-01 -4.70263E-01 -4.53565E-01 -4.43845E-01 -4.43090E-01
 -4.42600E-01 -4.47161E-01 -4.54085E-01 -4.57775E-01 -4.55294E-01 -4.47884E-01 -4.39933E-01 -4.36007E-01 -4.37728E-01 -4.42405E-01 -4.44302E-01 -4.37906E-01 -4.21337E-01 -3.97965E-01 -3.75231E-01 -3.61231E-01 -3.60791E-01 -3.72947E-01 -3.90906E-01 -4.04218E-01 -4.01875E-01 -3.74888E-01 -3.17629E-01 -2.28227E-01 -1.08889E-01  3.32559E-02  1.85131E-01  3.27782E-01  4.38921E-01  4.98351E-01  4.94984E-01  4.32637E-01  3.31605E-01  2.24287E-01  1.45703E-01  1.22162E-01  1.62527E-01  2.55632E-01  3.74841E-01  4.87687E-01  5.66466E-01  5.95537E-01  5.72957E-01  5.06875E-01  4.09387E-01  2.91297E-01  1.60060E-01  2.10527E-02 -1.19623E-01 -2.53289E-01 -3.69385E-01 -4.58517E-01 -5.16091E-01 -5.44288E-01 -5.51077E-01 -5.46662E-01 -5.39232E-01 -5.32254E-01 -5.24611E-01 -5.13248E-01 -4.96549E-01 -4.76385E-01 -4.57622E-01 -4.45510E-01 -4.42600E-01
 -4.43293E-01 -4.45682E-01 -4.51178E-01 -4.54808E-01 -4.53646E-01 -4.48276E-01 -4.42094E-01 -4.38895E-01 -4.40232E-01 -4.44150E-01 -4.46073E-01 -4.41323E-01 -4.27803E-01 -4.07314E-01 -3.84785E-01 -3.65907E-01 -3.54511E-01 -3.51022E-01 -3.52545E-01 -3.54100E-01 -3.49950E-01 -3.34199E-01 -3.00699E-01 -2.43173E-01 -1.56607E-01 -4.02189E-02  9.90692E-02  2.44756E-01  3.72535E-01  4.56367E-01  4.77306E-01  4.31679E-01  3.34791E-01  2.17832E-01  1.18491E-01  6.86205E-02  8.38267E-02  1.59075E-01  2.71860E-01  3.91174E-01  4.88200E-01  5.44296E-01  5.53580E-01  5.20198E-01  4.52798E-01  3.59568E-01  2.46213E-01  1.17168E-01 -2.16490E-02 -1.60965E-01 -2.88830E-01 -3.93758E-01 -4.68641E-01 -5.13183E-01 -5.33434E-01 -5.38631E-01 -5.37057E-01 -5.33090E-01 -5.26855E-01 -5.16318E-01 -5.00319E-01 -4.80594E-01 -4.61582E-01 -4.48239E-01 -4.43293E-01
 -4.44530E-01 -4.44596E-01 -4.47801E-01 -4.50438E-01 -4.50159E-01 -4.47087E-01 -4.43344E-01 -4.41375E-01 -4.42115E-01 -4.44153E-01 -4.44369E-01 -4.39614E-01 -4.28378E-01 -4.11464E-01 -3.91372E-01 -3.70911E-01 -3.51998E-01 -3.35356E-01 -3.21052E-01 -3.09104E-01 -2.99258E-01 -2.89648E-01 -2.75096E-01 -2.46549E-01 -1.93002E-01 -1.06048E-01  1.44942E-02  1.56623E-01  2.96555E-01  4.04537E-01  4.54594E-01  4.34585E-01  3.52232E-01  2.34143E-01  1.17724E-01  3.89411E-02  2.07401E-02  6.65836E-02  1.61280E-01  2.78088E-01  3.88575E-01  4.70993E-01  5.14212E-01  5.16721E-01  4.82552E-01  4.17022E-01  3.24602E-01  2.09499E-01  7.77233E-02 -6.13667E-02 -1.95590E-01 -3.12650E-01 -4.03701E-01 -4.65871E-01 -5.02374E-01 -5.20209E-01 -5.26719E-01 -5.26833E-01 -5.22271E-01 -5.12776E-01 -4.98307E-01 -4.80647E-01 -4.63427E-01 -4.50621E-01 -4.44530E-01
 -4.44519E-01 -4.42907E-01 -4.43738E-01 -4.44829E-01 -4.44849E-01 -4.43830E-01 -4.42757E-01 -4.42541E-01 -4.43100E-01 -4.43148E-01 -4.40804E-01 -4.34585E-01 -4.24074E-01 -4.09830E-01 -3.92652E-01 -3.72861E-01 -3.50263E-01 -3.25000E-01 -2.98709E-01 -2.74931E-01 -2.57902E-01 -2.49778E-01 -2.47529E-01 -2.41450E-01 -2.16910E-01 -1.59558E-01 -6.23409E-02  6.87584E-02  2.13330E-01  3.41066E-01  4.21195E-01  4.33450E-01  3.76160E-01  2.67984E-01  1.42355E-01  3.66979E-02 -1.93703E-02 -1.24346E-02  5.25230E-02  1.56182E-01  2.72760E-01  3.78142E-01  4.55238E-01  4.95387E-01  4.96604E-01  4.60667E-01  3.91029E-01  2.92390E-01  1.71476E-01  3.77471E-02 -9.71084E-02 -2.21160E-01 -3.24931E-01 -4.03509E-01 -4.57047E-01 -4.89480E-01 -5.06216E-01 -5.12017E-01 -5.10010E-01 -5.02016E-01 -4.89617E-01 -4.75016E-01 -4.61066E-01 -4.50433E-01 -4.44519E-01
 -4.40713E-01 -4.38628E-01 -4.37973E-01 -4.37841E-01 -4.37938E-01 -4.38506E-01 -4.39812E-01 -4.41557E-01 -4.42661E-01 -4.41626E-01 -4.37268E-01 -4.29325E-01 -4.18436E-01 -4.05435E-01 -3.90386E-01 -3.72122E-01 -3.48850E-01 -3.19736E-01 -2.86612E-01 -2.54564E-01 -2.30477E-01 -2.19655E-01 -2.21857E-01 -2.28863E-01 -2.25396E-01 -1.93924E-01 -1.21942E-01 -8.85340E-03  1.30776E-01  2.69625E-01  3.75447E-01  4.21707E-01  3.97034E-01  3.09770E-01  1.85812E-01  6.05730E-02 -3.18704E-02 -6.84540E-02 -4.24351E-02  3.68995E-02  1.49128E-01  2.69692E-01  3.76265E-01  4.52657E-01  4.89874E-01  4.85173E-01  4.40424E-01  3.60785E-01  2.53974E-01  1.29784E-01 -7.13407E-04 -1.26510E-01 -2.38323E-01 -3.29990E-01 -3.99034E-01 -4.46247E-01 -4.74570E-01 -4.87850E-01 -4.89958E-01 -4.84446E-01 -4.74559E-01 -4.63247E-01 -4.52965E-01 -4.45302E-01 -4.40713E-01
 -4.30734E-01 -4.29375E-01 -4.28744E-01 -4.28589E-01 -4.29203E-01 -4.31037E-01 -4.34098E-01 -4.37536E-01 -4.39749E-01 -4.39014E-01 -4.34317E-01 -4.25839E-01 -4.14717E-01 -4.02107E-01 -3.88075E-01 -3.71100E-01 -3.48719E-01 -3.19248E-01 -2.83746E-01 -2.46985E-01 -2.16434E-01 -1.99171E-01 -1.97796E-01 -2.07265E-01 -2.14568E-01 -2.02142E-01 -1.54299E-01 -6.43649E-02  6.04689E-02  1.98979E-01  3.21121E-01  3.97118E-01  4.07281E-01  3.48951E-01  2.38003E-01  1.04363E-01 -1.67811E-02 -9.49507E-02 -1.12214E-01 -6.66426E-02  2.90911E-02  1.52772E-01  2.79175E-01  3.85898E-01  4.57076E-01  4.84641E-01  4.67657E-01  4.10640E-01  3.21672E-01  2.10776E-01  8.86162E-02 -3.45613E-02 -1.49829E-01 -2.50304E-01 -3.31605E-01 -3.91956E-01 -4.31959E-01 -4.54117E-01 -4.62227E-01 -4.60720E-01 -4.53988E-01 -4.45746E-01 -4.38544E-01 -4.33552E-01 -4.30734E-01
 -4.13392E-01 -4.13361E-01 -4.14140E-01 -4.15484E-01 -4.17581E-01 -4.20750E-01 -4.24953E-01 -4.29442E-01 -4.32804E-01 -4.33448E-01 -4.30301E-01 -4.23289E-01 -4.13262E-01 -4.01282E-01 -3.87650E-01 -3.71275E-01 -3.49943E-01 -3.21614E-01 -2.86221E-01 -2.47002E-01 -2.10341E-01 -1.83675E-01 -1.71998E-01 -1.74357E-01 -1.82154E-01 -1.80581E-01 -1.53278E-01 -8.88608E-02  1.31623E-02  1.39668E-01  2.65976E-01  3.62490E-01  4.03868E-01  3.77551E-01  2.88552E-01  1.58744E-01  2.08456E-02 -9.08011E-02 -1.49555E-01 -1.42967E-01 -7.47046E-02  3.81028E-02  1.70656E-01  2.97201E-01  3.96598E-01  4.55502E-01  4.68954E-01  4.39038E-01  3.72629E-01  2.79141E-01  1.68814E-01  5.16151E-02 -6.34283E-02 -1.68703E-01 -2.58442E-01 -3.29098E-01 -3.79552E-01 -4.11040E-01 -4.26724E-01 -4.30962E-01 -4.28417E-01 -4.23185E-01 -4.18166E-01 -4.14828E-01 -4.13392E-01
 -3.89220E-01 -3.90253E-01 -3.92963E-01 -3.96837E-01 -4.01398E-01 -4.06327E-01 -4.11389E-01 -4.16230E-01 -4.20203E-01 -4.22387E-01 -4.21841E-01 -4.17966E-01 -4.10713E-01 -4.00437E-01 -3.87371E-01 -3.71032E-01 -3.50010E-01 -3.22506E-01 -2.87592E-01 -2.46650E-01 -2.04104E-01 -1.66665E-01 -1.40914E-01 -1.29934E-01 -1.30481E-01 -1.32288E-01 -1.20495E-01 -8.08642E-02 -6.09151E-03  9.93462E-02  2.18114E-01  3.23762E-01  3.88453E-01  3.92111E-01  3.29719E-01  2.13990E-01  7.23500E-02 -6.07618E-02 -1.53588E-01 -1.85470E-01 -1.51404E-01 -6.17212E-02  6.23463E-02  1.95209E-01  3.13233E-01  3.99080E-01  4.43406E-01  4.44304E-01  4.05481E-01  3.34190E-01  2.39550E-01  1.31384E-01  1.93880E-02 -8.76273E-02 -1.82506E-01 -2.60414E-01 -3.19200E-01 -3.59291E-01 -3.83165E-01 -3.94533E-01 -3.97503E-01 -3.95884E-01 -3.92733E-01 -3.90141E-01 -3.89220E-01
 -3.60178E-01 -3.61377E-01 -3.65395E-01 -3.71731E-01 -3.79162E-01 -3.86358E-01 -3.92449E-01 -3.97244E-01 -4.00987E-01 -4.03851E-01 -4.05520E-01 -4.05137E-01 -4.01640E-01 -3.94189E-01 -3.82349E-01 -3.65849E-01 -3.44123E-01 -3.16103E-01 -2.80699E-01 -2.37959E-01 -1.90353E-01 -1.43246E-01 -1.03770E-01 -7.80642E-02 -6.78331E-02 -6.78857E-02 -6.63132E-02 -4.79878E-02 -5.56630E-04  7.93029E-02  1.82147E-01  2.86622E-01  3.65240E-01  3.93300E-01  3.57728E-01  2.62434E-01  1.28075E-01 -1.37567E-02 -1.29740E-01 -1.94112E-01 -1.94931E-01 -1.35609E-01 -3.19395E-02  9.36201E-02  2.18063E-01  3.22414E-01  3.93954E-01  4.26379E-01  4.18812E-01  3.74589E-01  3.00273E-01  2.04832E-01  9.86503E-02 -7.80812E-03 -1.05536E-01 -1.88272E-01 -2.53095E-01 -3.00125E-01 -3.31564E-01 -3.50540E-01 -3.60242E-01 -3.63556E-01 -3.63087E-01 -3.61252E-01 -3.60178E-01
 -3.28598E-01 -3.29067E-01 -3.32993E-01 -3.40605E-01 -3.50431E-01 -3.60136E-01 -3.67758E-01 -3.72636E-01 -3.75484E-01 -3.77625E-01 -3.79875E-01 -3.81785E-01 -3.81689E-01 -3.77463E-01 -3.67433E-01 -3.50840E-01 -3.27590E-01 -2.97615E-01 -2.60528E-01 -2.16103E-01 -1.65525E-01 -1.12612E-01 -6.39134E-02 -2.69469E-02 -6.85942E-03 -2.92705E-03 -6.86171E-03 -4.43598E-03  1.94842E-02  7.41683E-02  1.57382E-01  2.53689E-01  3.38045E-01  3.83804E-01  3.72222E-01  2.99722E-01  1.80015E-01  4.02254E-02 -8.73722E-02 -1.74800E-01 -2.05572E-01 -1.77469E-01 -1.00711E-01  6.87753E-03  1.25349E-01  2.36786E-01  3.27316E-01  3.87412E-01  4.11518E-01  3.97892E-01  3.48840E-01  2.70892E-01  1.74167E-01  7.06502E-02 -2.83145E-02 -1.14376E-01 -1.83449E-01 -2.35460E-01 -2.72860E-01 -2.98787E-01 -3.15785E-01 -3.25557E-01 -3.29545E-01 -3.29682E-01 -3.28598E-01
 -2.95907E-01 -2.95438E-01 -2.97942E-01 -3.05141E-01 -3.16172E-01 -3.28157E-01 -3.37859E-01 -3.43451E-01 -3.45349E-01 -3.45640E-01 -3.46503E-01 -3.48595E-01 -3.50386E-01 -3.48792E-01 -3.40648E-01 -3.24069E-01 -2.98896E-01 -2.66094E-01 -2.26738E-01 -1.81505E-01 -1.31246E-01 -7.83223E-02 -2.76280E-02  1.39040E-02  3.97820E-02  4.76027E-02  4.19869E-02  3.47772E-02  4.15215E-02  7.51047E-02  1.39090E-01  2.23949E-01  3.08417E-01  3.66043E-01  3.74604E-01  3.24615E-01  2.23414E-01  9.31592E-02 -3.63197E-02 -1.36791E-01 -1.89361E-01 -1.88067E-01 -1.38766E-01 -5.48281E-02  4.78803E-02  1.54561E-01  2.52787E-01  3.32203E-01  3.84033E-01  4.01553E-01  3.81640E-01  3.26480E-01  2.44104E-01  1.46929E-01  4.85629E-02 -3.98588E-02 -1.12198E-01 -1.67678E-01 -2.09169E-01 -2.40506E-01 -2.64329E-01 -2.81456E-01 -2.91788E-01 -2.95874E-01 -2.95907E-01
 -2.61844E-01 -2.61243E-01 -2.61903E-01 -2.67400E-01 -2.78286E-01 -2.91893E-01 -3.03971E-01 -3.11166E-01 -3.12838E-01 -3.11164E-01 -3.09479E-01 -3.09914E-01 -3.11773E-01 -3.11612E-01 -3.04931E-01 -2.88418E-01 -2.61398E-01 -2.25719E-01 -1.84343E-01 -1.39747E-01 -9.33328E-02 -4.62532E-02 -9.62145E-04  3.79239E-02  6.46423E-02  7.52188E-02  7.09368E-02  6.01523E-02  5.67029E-02  7.47766E-02  1.22114E-01  1.94712E-01  2.75943E-01  3.41189E-01  3.66512E-01  3.37855E-01  2.56826E-01  1.40588E-01  1.59853E-02 -8.94165E-02 -1.55561E-01 -1.74246E-01 -1.48559E-01 -8.87005E-02 -6.94041E-03  8.57393E-02  1.80251E-01  2.68031E-01  3.39602E-01  3.84808E-01  3.95160E-01  3.67168E-01  3.04687E-01  2.18642E-01  1.23862E-01  3.43578E-02 -4.07943E-02 -9.91075E-02 -1.43359E-01 -1.78323E-01 -2.07505E-01 -2.31590E-01 -2.49181E-01 -2.58983E-01 -2.61844E-01
 -2.24655E-01 -2.25477E-01 -2.25105E-01 -2.28682E-01 -2.38520E-01 -2.52902E-01 -2.67228E-01 -2.76802E-01 -2.79559E-01 -2.77066E-01 -2.73221E-01 -2.71479E-01 -2.72326E-01 -2.72559E-01 -2.66832E-01 -2.50527E-01 -2.22231E-01 -1.84379E-01 -1.41784E-01 -9.90869E-02 -5.88240E-02 -2.13103E-02  1.37036E-02  4.49472E-02  6.88871E-02  8.13192E-02  8.07153E-02  7.13174E-02  6.36535E-02  7.12794E-02  1.04632E-01  1.64771E-01  2.40348E-01  3.09942E-01  3.49347E-01  3.40924E-01  2.80894E-01  1.81260E-01  6.55392E-02 -3.96745E-02 -1.13453E-01 -1.45890E-01 -1.38291E-01 -9.91091E-02 -3.84521E-02  3.57213E-02  1.18071E-01  2.03562E-01  2.84619E-01  3.50217E-01  3.88054E-01  3.88962E-01  3.51157E-01  2.81870E-01  1.95204E-01  1.07092E-01  2.98083E-02 -3.13871E-02 -7.80488E-02 -1.15351E-01 -1.47948E-01 -1.77240E-01 -2.01358E-01 -2.17465E-01 -2.24655E-01
 -1.82258E-01 -1.86056E-01 -1.86286E-01 -1.88812E-01 -1.97444E-01 -2.11839E-01 -2.27855E-01 -2.40149E-01 -2.45380E-01 -2.44063E-01 -2.39908E-01 -2.37094E-01 -2.37171E-01 -2.37573E-01 -2.32727E-01 -2.17143E-01 -1.88660E-01 -1.49893E-01 -1.07005E-01 -6.65695E-02 -3.24634E-02 -4.66144E-03  1.93807E-02  4.17875E-02  6.18612E-02  7.60628E-02  8.07202E-02  7.59348E-02  6.80706E-02  6.86846E-02  8.96531E-02  1.36555E-01  2.03760E-01  2.74228E-01  3.24848E-01  3.35331E-01  2.96681E-01  2.15297E-01  1.10753E-01  8.36230E-03 -6.99260E-02 -1.12148E-01 -1.17803E-01 -9.43227E-02 -5.11475E-02  5.05254E-03  7.15484E-02  1.47023E-01  2.27506E-01  3.03796E-01  3.62446E-01  3.90162E-01  3.79390E-01  3.32014E-01  2.59067E-01  1.76456E-01  9.88667E-02  3.48517E-02 -1.46225E-02 -5.38909E-02 -8.82718E-02 -1.20340E-01 -1.48795E-01 -1.70217E-01 -1.82258E-01
 -1.33794E-01 -1.41272E-01 -1.43618E-01 -1.46412E-01 -1.54241E-01 -1.68106E-01 -1.84959E-01 -1.99682E-01 -2.08237E-01 -2.10031E-01 -2.07970E-01 -2.06181E-01 -2.06828E-01 -2.08099E-01 -2.04730E-01 -1.90899E-01 -1.63802E-01 -1.25748E-01 -8.34062E-02 -4.45784E-02 -1.43623E-02  7.00846E-03  2.33496E-02  3.92792E-02  5.66391E-02  7.29859E-02  8.33434E-02  8.43435E-02  7.82005E-02  7.37346E-02  8.31415E-02  1.15659E-01  1.71304E-01  2.38267E-01  2.95908E-01  3.22523E-01  3.04434E-01  2.42104E-01  1.50328E-01  5.24079E-02 -2.88133E-02 -7.87897E-02 -9.45002E-02 -8.21518E-02 -5.13148E-02 -9.10875E-03  4.23583E-02  1.04238E-01  1.76434E-01  2.53485E-01  3.23677E-01  3.72281E-01  3.87351E-01  3.64992E-01  3.11247E-01  2.39573E-01  1.65258E-01  9.96566E-02  4.70656E-02  5.42634E-03 -3.00772E-02 -6.29290E-02 -9.30846E-02 -1.17678E-01 -1.33794E-01
 -8.07477E-02 -9.13084E-02 -9.62355E-02 -1.00155E-01 -1.07628E-01 -1.20585E-01 -1.37288E-01 -1.53517E-01 -1.65234E-01 -1.71025E-01 -1.72728E-01 -1.73821E-01 -1.76568E-01 -1.79807E-01 -1.78920E-01 -1.68201E-01 -1.44324E-01 -1.08811E-01 -6.78888E-02 -2.96519E-02 -8.37797E-05  1.97377E-02  3.35571E-02  4.69912E-02  6.35008E-02  8.18387E-02  9.67440E-02  1.02707E-01  9.86419E-02  9.04876E-02  8.96717E-02  1.07665E-01  1.49195E-01  2.07811E-01  2.66556E-01  3.04031E-01  3.03277E-01  2.59287E-01  1.81516E-01  9.01611E-02  8.06391E-03 -4.78164E-02 -7.13861E-02 -6.68995E-02 -4.39030E-02 -1.08529E-02  2.89851E-02  7.73288E-02  1.36940E-01  2.06661E-01  2.78642E-01  3.39618E-01  3.75721E-01  3.78297E-01  3.47622E-01  2.92611E-01  2.26795E-01  1.62759E-01  1.07903E-01  6.33934E-02  2.63188E-02 -6.70766E-03 -3.67825E-02 -6.22951E-02 -8.07477E-02
 -2.69637E-02 -3.89419E-02 -4.55432E-02 -5.03921E-02 -5.75213E-02 -6.92161E-02 -8.47907E-02 -1.01133E-01 -1.14710E-01 -1.23749E-01 -1.29173E-01 -1.33612E-01 -1.39103E-01 -1.44961E-01 -1.47321E-01 -1.40863E-01 -1.21842E-01 -9.06643E-02 -5.23401E-02 -1.43838E-02  1.67781E-02  3.88380E-02  5.42679E-02  6.81582E-02  8.44967E-02  1.03187E-01  1.19784E-01  1.28365E-01  1.25990E-01  1.16053E-01  1.08163E-01  1.14034E-01  1.41165E-01  1.87579E-01  2.40686E-01  2.81380E-01  2.91800E-01  2.63168E-01  1.99936E-01  1.18198E-01  3.91612E-02 -1.91406E-02 -4.79557E-02 -4.90823E-02 -3.12304E-02 -3.88488E-03  2.78351E-02  6.46658E-02  1.10589E-01  1.67993E-01  2.33635E-01  2.97860E-01  3.47607E-01  3.71609E-01  3.65044E-01  3.31253E-01  2.79840E-01  2.22352E-01  1.67904E-01  1.20832E-01  8.11582E-02  4.69934E-02  1.70848E-02 -8.06502E-03 -2.69637E-02
  2.25245E-02  1.10099E-02  4.48133E-03 -2.01732E-04 -6.48894E-03 -1.65259E-02 -3.01181E-02 -4.49973E-02 -5.82978E-02 -6.83420E-02 -7.55807E-02 -8.20194E-02 -8.94268E-02 -9.74501E-02 -1.02928E-01 -1.01028E-01 -8.77357E-02 -6.22982E-02 -2.81593E-02  8.31334E-03  4.07079E-02  6.54752E-02  8.31921E-02  9.74281E-02  1.11886E-01  1.27577E-01  1.41845E-01  1.50043E-01  1.48988E-01  1.40155E-01  1.30453E-01  1.29644E-01  1.45373E-01  1.78302E-01  2.20076E-01  2.55618E-01  2.69047E-01  2.50587E-01  2.01162E-01  1.32411E-01  6.20825E-02  7.00269E-03 -2.30268E-02 -2.76496E-02 -1.38835E-02  8.96932E-03  3.45516E-02  6.20998E-02  9.53631E-02  1.38719E-01  1.92869E-01  2.52578E-01  3.07709E-01  3.46945E-01  3.62218E-01  3.51635E-01  3.19591E-01  2.74362E-01  2.24625E-01  1.76742E-01  1.33869E-01  9.68222E-02  6.56493E-02  4.06947E-02  2.25245E-02
  6.33364E-02  5.33454E-02  4.83207E-02  4.49286E-02  4.00510E-02  3.19650E-02  2.09586E-02  8.94987E-03 -1.75993E-03 -9.90868E-03 -1.60070E-02 -2.18711E-02 -2.91588E-02 -3.77616E-02 -4.50901E-02 -4.68371E-02 -3.89641E-02 -1.98914E-02  8.33585E-03  4.06353E-02  7.10030E-02  9.50590E-02  1.11658E-01  1.22709E-01  1.31385E-01  1.39828E-01  1.47786E-01  1.53048E-01  1.53454E-01  1.49228E-01  1.44044E-01  1.43883E-01  1.53977E-01  1.75366E-01  2.03014E-01  2.26820E-01  2.35390E-01  2.20972E-01  1.83215E-01  1.29851E-01  7.38915E-02  2.85873E-02  2.51779E-03 -2.94435E-03  7.22950E-03  2.53058E-02  4.51180E-02  6.49295E-02  8.75096E-02  1.17607E-01  1.58325E-01  2.08359E-01  2.61489E-01  3.08489E-01  3.40403E-01  3.51590E-01  3.41226E-01  3.12868E-01  2.72643E-01  2.27135E-01  1.81889E-01  1.40889E-01  1.06706E-01  8.07628E-02  6.33364E-02
  9.33544E-02  8.44712E-02  8.09364E-02  7.89020E-02  7.53676E-02  6.91233E-02  6.08999E-02  5.26387E-02  4.62241E-02  4.23247E-02  3.99783E-02  3.71889E-02  3.22579E-02  2.51299E-02  1.79629E-02  1.44945E-02  1.84133E-02  3.15064E-02  5.25318E-02  7.74414E-02  1.00903E-01  1.18406E-01  1.27926E-01  1.30387E-01  1.28768E-01  1.26435E-01  1.25629E-01  1.26892E-01  1.29611E-01  1.33190E-01  1.37977E-01  1.45256E-01  1.56198E-01  1.70364E-01  1.84752E-01  1.94152E-01  1.92936E-01  1.77547E-01  1.48514E-01  1.10882E-01  7.27176E-02  4.22516E-02  2.49296E-02  2.17085E-02  2.93498E-02  4.25029E-02  5.65293E-02  6.97069E-02  8.38079E-02  1.02856E-01  1.30734E-01  1.68806E-01  2.14616E-01  2.62190E-01  3.03713E-01  3.31820E-01  3.41620E-01  3.31818E-01  3.04734E-01  2.65463E-01  2.20549E-01  1.76577E-01  1.38946E-01  1.10954E-01  9.33544E-02
  1.13313E-01  1.03777E-01  9.98769E-02  9.76159E-02  9.42469E-02  8.90861E-02  8.32988E-02  7.88510E-02  7.71885E-02  7.83085E-02  8.06810E-02  8.20507E-02  8.07057E-02  7.65543E-02  7.14309E-02  6.84156E-02  7.04383E-02  7.88020E-02  9.23236E-02  1.07527E-01  1.19847E-01  1.25348E-01  1.22233E-01  1.11531E-01  9.67162E-02  8.24680E-02  7.31262E-02  7.14343E-02  7.79748E-02  9.13524E-02  1.08873E-01  1.27340E-01  1.43673E-01  1.55243E-01  1.60042E-01  1.56845E-01  1.45468E-01  1.27042E-01  1.04105E-01  8.03015E-02  5.96249E-02  4.53919E-02  3.92938E-02  4.09328E-02  4.80860E-02  5.76607E-02  6.70076E-02  7.50867E-02  8.30095E-02  9.37039E-02  1.10775E-01  1.36940E-01  1.72603E-01  2.15071E-01  2.58774E-01  2.96452E-01  3.21015E-01  3.27502E-01  3.14544E-01  2.84828E-01  2.44401E-01  2.00999E-01  1.61924E-01  1.32156E-01  1.13313E-01
  1.26100E-01  1.13728E-01  1.06469E-01  1.01159E-01  9.58549E-02  9.04352E-02  8.61872E-02  8.47131E-02  8.67781E-02  9.16978E-02  9.75521E-02  1.02084E-01  1.03810E-01  1.02766E-01  1.00512E-01  9.93688E-02  1.01216E-01  1.06403E-01  1.13258E-01  1.18454E-01  1.18123E-01  1.09326E-01  9.13332E-02  6.62396E-02  3.86710E-02  1.46413E-02 -9.88670E-05 -1.71617E-03  1.05578E-02  3.41393E-02  6.37551E-02  9.28525E-02  1.15325E-01  1.27031E-01  1.26669E-01  1.15797E-01  9.80691E-02  7.80269E-02  5.98631E-02  4.65411E-02  3.94452E-02  3.85150E-02  4.26595E-02  5.02208E-02  5.93554E-02  6.83351E-02  7.58577E-02  8.14241E-02  8.57102E-02  9.07271E-02  9.95262E-02  1.15336E-01  1.40283E-01  1.74127E-01  2.13571E-01  2.52583E-01  2.83815E-01  3.00725E-01  2.99661E-01  2.81105E-01  2.49552E-01  2.12041E-01  1.75889E-01  1.46504E-01  1.26100E-01
  1.35177E-01  1.18665E-01  1.05490E-01  9.44630E-02  8.51503E-02  7.80476E-02  7.41260E-02  7.40699E-02  7.76530E-02  8.35924E-02  8.99629E-02  9.49645E-02  9.76633E-02  9.83381E-02  9.82469E-02  9.88894E-02  1.01068E-01  1.04154E-01  1.05900E-01  1.02961E-01  9.19953E-02  7.10302E-02  4.06047E-02  4.24850E-03 -3.19748E-02 -6.08358E-02 -7.58791E-02 -7.33514E-02 -5.34810E-02 -2.06322E-02  1.77848E-02  5.33398E-02  7.88998E-02  9.04736E-02  8.80000E-02  7.48855E-02  5.65600E-02  3.86506E-02  2.54457E-02  1.91172E-02  1.97930E-02  2.62167E-02  3.65525E-02  4.89581E-02  6.17916E-02  7.35887E-02  8.30816E-02  8.94593E-02  9.28380E-02  9.46736E-02  9.77494E-02  1.05517E-01  1.20877E-01  1.44832E-01  1.75601E-01  2.08679E-01  2.37957E-01  2.57538E-01  2.63595E-01  2.55514E-01  2.35912E-01  2.09547E-01  1.81617E-01  1.56164E-01  1.35177E-01
  1.42958E-01  1.22928E-01  1.03435E-01  8.59337E-02  7.19080E-02  6.24305E-02  5.77913E-02  5.73778E-02  5.98577E-02  6.35882E-02  6.70912E-02  6.94386E-02  7.04361E-02  7.05598E-02  7.06490E-02  7.14099E-02  7.28485E-02  7.38213E-02  7.19371E-02  6.40002E-02  4.70204E-02  1.95599E-02 -1.70573E-02 -5.82402E-02 -9.67415E-02 -1.24404E-01 -1.34570E-01 -1.24330E-01 -9.57141E-02 -5.53028E-02 -1.23055E-02  2.42107E-02  4.79236E-02  5.67524E-02  5.27976E-02  4.09239E-02  2.67135E-02  1.46763E-02  7.35063E-03  5.42254E-03  8.49554E-03  1.59075E-02  2.71096E-02  4.14912E-02  5.79280E-02  7.45190E-02  8.88624E-02  9.88701E-02  1.03756E-01  1.04653E-01  1.04455E-01  1.06836E-01  1.14827E-01  1.29569E-01  1.49796E-01  1.72248E-01  1.92826E-01  2.07940E-01  2.15502E-01  2.15209E-01  2.08139E-01  1.95982E-01  1.80336E-01  1.62378E-01  1.42958E-01
  1.49973E-01  1.29238E-01  1.06149E-01  8.45362E-02  6.75134E-02  5.64576E-02  5.08212E-02  4.87526E-02  4.81074E-02  4.73082E-02  4.56978E-02  4.33740E-02  4.07714E-02  3.83048E-02  3.62182E-02  3.45496E-02  3.30146E-02  3.07197E-02  2.58736E-02  1.58518E-02 -2.07742E-03 -2.94052E-02 -6.49064E-02 -1.03834E-01 -1.38469E-01 -1.60167E-01 -1.62303E-01 -1.42930E-01 -1.05934E-01 -6.00336E-02 -1.59092E-02  1.73931E-02  3.52744E-02  3.84827E-02  3.18663E-02  2.17338E-02  1.31581E-02  8.45023E-03  7.32079E-03  8.32946E-03  1.05970E-02  1.47284E-02  2.24544E-02  3.52964E-02  5.31433E-02  7.36711E-02  9.30334E-02  1.07505E-01  1.15205E-01  1.16953E-01  1.15819E-01  1.15586E-01  1.18988E-01  1.26604E-01  1.36943E-01  1.47543E-01  1.56389E-01  1.62822E-01  1.67464E-01  1.71303E-01  1.74558E-01  1.76078E-01  1.73671E-01  1.65223E-01  1.49973E-01
