 0.10000E+01	 0.00000E+00	 0.00000E+00	 0.44081E+00	 0.57441E+00	 0.57441E+00	 0.78959E-03	 0.78959E-03	 0.55380E-03	 0.55380E-03	 0.45723E+01	 0.10005E+04	 0.21891E+06	 0.15574E-12	 0.29860E+00	 0.45730E+00	 0.28800E-01	 0.23647E+01	 0.41762E+00
 0.10000E+00	 0.00000E+00	 0.00000E+00	 0.44081E+00	 0.10483E+00	 0.10483E+00	 0.70068E-01	 0.70068E-01	 0.22283E+00	 0.22283E+00	 0.45723E+01	 0.10005E+04	 0.21891E+06	 0.72815E-13	 0.29860E+00	 0.45730E+00	 0.28800E-01	 0.23647E+01	 0.41762E+00
 0.10000E+02	 0.00000E+00	 0.00000E+00	 0.44081E+00	 0.56687E+01	 0.56687E+01	 0.77500E-05	 0.77500E-05	 0.66382E-06	 0.66382E-06	 0.45723E+01	 0.10005E+04	 0.21891E+06	 0.10323E-10	 0.29860E+00	 0.45730E+00	 0.28800E-01	 0.23647E+01	 0.41762E+00
 0.10000E-01	 0.00000E+00	 0.00000E+00	 0.44081E+00	 0.63032E-01	 0.63032E-01	 0.57792E+00	 0.57792E+00	 0.15491E+02	 0.15491E+02	 0.45723E+01	 0.10005E+04	 0.21891E+06	 0.11475E-11	 0.29860E+00	 0.45730E+00	 0.28800E-01	 0.23647E+01	 0.41762E+00
 0.10000E+03	 0.00000E+00	 0.00000E+00	 0.44081E+00	 0.56679E+02	 0.56679E+02	 0.77508E-07	 0.77508E-07	 0.66610E-09	 0.66610E-09	 0.45723E+01	 0.10005E+04	 0.21891E+06	 0.90693E-09	 0.29860E+00	 0.45730E+00	 0.28800E-01	 0.23647E+01	 0.41762E+00
 0.10000E-02	 0.00000E+00	 0.00000E+00	 0.44081E+00	 0.80039E-01	 0.79975E-01	 0.79006E+00	 0.79000E+00	 0.26441E+03	 0.26441E+03	 0.45723E+01	 0.10005E+04	 0.21891E+06	 0.63706E-10	 0.29860E+00	 0.45730E+00	 0.28800E-01	 0.23647E+01	 0.41762E+00
 0.10000E-03	 0.00000E+00	 0.00000E+00	 0.44081E+00	 0.45355E+00	 0.40890E+00	 0.36975E+00	 0.30831E+00	 0.30538E+04	 0.30409E+04	 0.45723E+01	 0.10005E+04	 0.21891E+06	 0.94508E-08	 0.29860E+00	 0.45730E+00	 0.28800E-01	 0.23647E+01	 0.41762E+00
 0.10000E-04	 0.00000E+00	 0.00000E+00	 0.44081E+00	 0.42622E+01	 0.25398E+01	-0.22360E+01	-0.24316E+01	 0.32710E+05	 0.31510E+05	 0.45723E+01	 0.10005E+04	 0.21891E+06	 0.60735E-06	 0.29860E+00	 0.45730E+00	 0.28800E-01	 0.23647E+01	 0.41762E+00
 0.10000E-05	 0.00000E+00	 0.00000E+00	 0.44081E+00	 0.42511E+02	 0.14904E+02	-0.19598E+02	-0.12552E+02	 0.35390E+06	 0.31606E+06	 0.45723E+01	 0.10005E+04	 0.21891E+06	 0.79289E-04	 0.29860E+00	 0.45730E+00	 0.28800E-01	 0.23647E+01	 0.41762E+00
 0.30000E+01	 0.00000E+00	 0.00000E+00	 0.44081E+00	 0.17030E+01	 0.17030E+01	 0.86121E-04	 0.86121E-04	 0.23838E-04	 0.23838E-04	 0.45723E+01	 0.10005E+04	 0.21891E+06	 0.12493E-11	 0.29860E+00	 0.45730E+00	 0.28800E-01	 0.23647E+01	 0.41762E+00
 0.30000E+00	 0.00000E+00	 0.00000E+00	 0.44081E+00	 0.19265E+00	 0.19265E+00	 0.94314E-02	 0.94314E-02	 0.14139E-01	 0.14139E-01	 0.45723E+01	 0.10005E+04	 0.21891E+06	 0.21126E-13	 0.29860E+00	 0.45730E+00	 0.28800E-01	 0.23647E+01	 0.41762E+00
 0.30000E+02	 0.00000E+00	 0.00000E+00	 0.44081E+00	 0.17004E+02	 0.17004E+02	 0.86119E-06	 0.86119E-06	 0.24662E-07	 0.24662E-07	 0.45723E+01	 0.10005E+04	 0.21891E+06	 0.18031E-09	 0.29860E+00	 0.45730E+00	 0.28800E-01	 0.23647E+01	 0.41762E+00
 0.30000E-01	 0.00000E+00	 0.00000E+00	 0.44081E+00	 0.78952E-01	 0.78952E-01	 0.28239E+00	 0.28239E+00	 0.26324E+01	 0.26324E+01	 0.45723E+01	 0.10005E+04	 0.21891E+06	 0.19021E-12	 0.29860E+00	 0.45730E+00	 0.28800E-01	 0.23647E+01	 0.41762E+00
 0.30000E+03	 0.00000E+00	 0.00000E+00	 0.44081E+00	 0.17004E+03	 0.17004E+03	 0.86120E-08	 0.86120E-08	 0.24671E-10	 0.24671E-10	 0.45723E+01	 0.10005E+04	 0.21891E+06	 0.10994E-07	 0.29860E+00	 0.45730E+00	 0.28800E-01	 0.23647E+01	 0.41762E+00
 0.30000E-02	 0.00000E+00	 0.00000E+00	 0.44081E+00	 0.57198E-01	 0.57198E-01	 0.79107E+00	 0.79107E+00	 0.74665E+02	 0.74665E+02	 0.45723E+01	 0.10005E+04	 0.21891E+06	 0.13131E-10	 0.29860E+00	 0.45730E+00	 0.28800E-01	 0.23647E+01	 0.41762E+00
 0.30000E-03	 0.00000E+00	 0.00000E+00	 0.44081E+00	 0.17673E+00	 0.17291E+00	 0.67058E+00	 0.66419E+00	 0.96897E+03	 0.96817E+03	 0.45723E+01	 0.10005E+04	 0.21891E+06	 0.11586E-08	 0.29860E+00	 0.45730E+00	 0.28800E-01	 0.23647E+01	 0.41762E+00
 0.30000E-04	 0.00000E+00	 0.00000E+00	 0.44081E+00	 0.14350E+01	 0.10804E+01	-0.44312E+00	-0.73066E+00	 0.10564E+05	 0.10407E+05	 0.45723E+01	 0.10005E+04	 0.21891E+06	 0.17964E-06	 0.29860E+00	 0.45730E+00	 0.28800E-01	 0.23647E+01	 0.41762E+00
 0.30000E-05	 0.00000E+00	 0.00000E+00	 0.44081E+00	 0.14178E+02	 0.63228E+01	-0.74279E+01	-0.56731E+01	 0.11333E+06	 0.10530E+06	 0.45723E+01	 0.10005E+04	 0.21891E+06	 0.76974E-05	 0.29860E+00	 0.45730E+00	 0.28800E-01	 0.23647E+01	 0.41762E+00
 0.10000E+01	 0.10000E+00	 0.21867E+00	 0.44081E+00	 0.70842E-01	 0.70842E-01	 0.30009E-02	 0.30009E-02	 0.83504E-03	 0.83504E-03	 0.45723E+01	 0.10005E+04	 0.21891E+06	 0.41689E-13	 0.29860E+00	 0.45730E+00	 0.28800E-01	 0.23647E+01	 0.41762E+00
 0.10000E+00	 0.10000E+00	 0.21867E+00	 0.44081E+00	 0.15044E+00	 0.15044E+00	 0.95967E-01	 0.95967E-01	 0.21250E+00	 0.21250E+00	 0.45723E+01	 0.10005E+04	 0.21891E+06	 0.12664E-12	 0.29860E+00	 0.45730E+00	 0.28800E-01	 0.23647E+01	 0.41762E+00
 0.10000E+02	 0.10000E+00	 0.21867E+00	 0.44081E+00	 0.11474E-01	 0.11474E-01	 0.27493E-04	 0.27493E-04	 0.10020E-05	 0.10020E-05	 0.45723E+01	 0.10005E+04	 0.21891E+06	 0.35643E-12	 0.29860E+00	 0.45730E+00	 0.28800E-01	 0.23647E+01	 0.41762E+00
 0.10000E-01	 0.10000E+00	 0.21867E+00	 0.44081E+00	 0.62844E-01	 0.62844E-01	 0.54550E+00	 0.54550E+00	 0.13992E+02	 0.13992E+02	 0.45723E+01	 0.10005E+04	 0.21891E+06	 0.82817E-11	 0.29860E+00	 0.45730E+00	 0.28800E-01	 0.23647E+01	 0.41762E+00
 0.10000E+03	 0.10000E+00	 0.21867E+00	 0.44081E+00	 0.15950E-02	 0.15950E-02	 0.26752E-06	 0.26752E-06	 0.10085E-08	 0.10085E-08	 0.45723E+01	 0.10005E+04	 0.21891E+06	 0.38907E-10	 0.29860E+00	 0.45730E+00	 0.28800E-01	 0.23647E+01	 0.41762E+00
 0.10000E-02	 0.10000E+00	 0.21867E+00	 0.44081E+00	 0.13222E-01	 0.13222E-01	 0.67667E+00	 0.67667E+00	 0.36358E+03	 0.36357E+03	 0.45723E+01	 0.10005E+04	 0.21891E+06	 0.20737E-09	 0.29860E+00	 0.45730E+00	 0.28800E-01	 0.23647E+01	 0.41762E+00
 0.10000E-03	 0.10000E+00	 0.21867E+00	 0.44081E+00	 0.24264E-02	 0.24057E-02	 0.67627E+00	 0.66977E+00	 0.49974E+04	 0.49431E+04	 0.45723E+01	 0.10005E+04	 0.21891E+06	 0.10895E-07	 0.29860E+00	 0.45730E+00	 0.28800E-01	 0.23647E+01	 0.41762E+00
 0.10000E-04	 0.10000E+00	 0.21867E+00	 0.44081E+00	 0.11069E-02	 0.88387E-03	 0.41289E+00	 0.43599E+00	 0.55497E+05	 0.52753E+05	 0.45723E+01	 0.10005E+04	 0.21891E+06	 0.83400E-06	 0.29860E+00	 0.45730E+00	 0.28800E-01	 0.23647E+01	 0.41762E+00
 0.10000E-05	 0.10000E+00	 0.21867E+00	 0.44081E+00	 0.23039E-02	 0.20963E-03	-0.76611E-01	 0.17225E+00	 0.58551E+06	 0.53122E+06	 0.45723E+01	 0.10005E+04	 0.21891E+06	 0.55280E-04	 0.29860E+00	 0.45730E+00	 0.28800E-01	 0.23647E+01	 0.41762E+00
 0.30000E+01	 0.10000E+00	 0.21867E+00	 0.44081E+00	 0.28970E-01	 0.28970E-01	 0.32552E-03	 0.32552E-03	 0.35892E-04	 0.35892E-04	 0.45723E+01	 0.10005E+04	 0.21891E+06	 0.42023E-13	 0.29860E+00	 0.45730E+00	 0.28800E-01	 0.23647E+01	 0.41762E+00
 0.30000E+00	 0.10000E+00	 0.21867E+00	 0.44081E+00	 0.14850E+00	 0.14850E+00	 0.26303E-01	 0.26303E-01	 0.19599E-01	 0.19599E-01	 0.45723E+01	 0.10005E+04	 0.21891E+06	 0.49546E-13	 0.29860E+00	 0.45730E+00	 0.28800E-01	 0.23647E+01	 0.41762E+00
 0.30000E+02	 0.10000E+00	 0.21867E+00	 0.44081E+00	 0.46237E-02	 0.46237E-02	 0.29685E-05	 0.29685E-05	 0.37308E-07	 0.37308E-07	 0.45723E+01	 0.10005E+04	 0.21891E+06	 0.48465E-11	 0.29860E+00	 0.45730E+00	 0.28800E-01	 0.23647E+01	 0.41762E+00
 0.30000E-01	 0.10000E+00	 0.21867E+00	 0.44081E+00	 0.98896E-01	 0.98896E-01	 0.26897E+00	 0.26897E+00	 0.20667E+01	 0.20667E+01	 0.45723E+01	 0.10005E+04	 0.21891E+06	 0.66378E-12	 0.29860E+00	 0.45730E+00	 0.28800E-01	 0.23647E+01	 0.41762E+00
 0.30000E+03	 0.10000E+00	 0.21867E+00	 0.44081E+00	 0.57534E-03	 0.57534E-03	 0.29755E-07	 0.29755E-07	 0.37359E-10	 0.37359E-10	 0.45723E+01	 0.10005E+04	 0.21891E+06	 0.19354E-09	 0.29860E+00	 0.45730E+00	 0.28800E-01	 0.23647E+01	 0.41762E+00
 0.30000E-02	 0.10000E+00	 0.21867E+00	 0.44081E+00	 0.29349E-01	 0.29349E-01	 0.69229E+00	 0.69229E+00	 0.85639E+02	 0.85639E+02	 0.45723E+01	 0.10005E+04	 0.21891E+06	 0.28918E-10	 0.29860E+00	 0.45730E+00	 0.28800E-01	 0.23647E+01	 0.41762E+00
 0.30000E-03	 0.10000E+00	 0.21867E+00	 0.44081E+00	 0.52319E-02	 0.52278E-02	 0.67429E+00	 0.67401E+00	 0.15019E+04	 0.14992E+04	 0.45723E+01	 0.10005E+04	 0.21891E+06	 0.14778E-08	 0.29860E+00	 0.45730E+00	 0.28800E-01	 0.23647E+01	 0.41762E+00
 0.30000E-04	 0.10000E+00	 0.21867E+00	 0.44081E+00	 0.13752E-02	 0.12961E-02	 0.60583E+00	 0.58976E+00	 0.17808E+05	 0.17278E+05	 0.45723E+01	 0.10005E+04	 0.21891E+06	 0.13450E-06	 0.29860E+00	 0.45730E+00	 0.28800E-01	 0.23647E+01	 0.41762E+00
 0.30000E-05	 0.10000E+00	 0.21867E+00	 0.44081E+00	 0.11991E-02	 0.49080E-03	 0.10974E+00	 0.24229E+00	 0.19080E+06	 0.17687E+06	 0.45723E+01	 0.10005E+04	 0.21891E+06	 0.51823E-05	 0.29860E+00	 0.45730E+00	 0.28800E-01	 0.23647E+01	 0.41762E+00
 0.10000E+01	 0.10000E-01	 0.21867E-01	 0.44081E+00	 0.49383E+00	 0.49383E+00	 0.10129E-02	 0.10129E-02	 0.55569E-03	 0.55569E-03	 0.45723E+01	 0.10005E+04	 0.21891E+06	 0.53146E-13	 0.29860E+00	 0.45730E+00	 0.28800E-01	 0.23647E+01	 0.41762E+00
 0.10000E+00	 0.10000E-01	 0.21867E-01	 0.44081E+00	 0.10589E+00	 0.10589E+00	 0.70428E-01	 0.70428E-01	 0.22245E+00	 0.22245E+00	 0.45723E+01	 0.10005E+04	 0.21891E+06	 0.58215E-13	 0.29860E+00	 0.45730E+00	 0.28800E-01	 0.23647E+01	 0.41762E+00
 0.10000E+02	 0.10000E-01	 0.21867E-01	 0.44081E+00	 0.61295E+00	 0.61295E+00	 0.28592E-04	 0.28592E-04	 0.66694E-06	 0.66694E-06	 0.45723E+01	 0.10005E+04	 0.21891E+06	 0.11310E-11	 0.29860E+00	 0.45730E+00	 0.28800E-01	 0.23647E+01	 0.41762E+00
 0.10000E-01	 0.10000E-01	 0.21867E-01	 0.44081E+00	 0.60535E-01	 0.60535E-01	 0.57418E+00	 0.57418E+00	 0.15335E+02	 0.15335E+02	 0.45723E+01	 0.10005E+04	 0.21891E+06	 0.13683E-11	 0.29860E+00	 0.45730E+00	 0.28800E-01	 0.23647E+01	 0.41762E+00
 0.10000E+03	 0.10000E-01	 0.21867E-01	 0.44081E+00	 0.11217E+00	 0.11217E+00	 0.27628E-06	 0.27628E-06	 0.66948E-09	 0.66948E-09	 0.45723E+01	 0.10005E+04	 0.21891E+06	 0.10952E-10	 0.29860E+00	 0.45730E+00	 0.28800E-01	 0.23647E+01	 0.41762E+00
 0.10000E-02	 0.10000E-01	 0.21867E-01	 0.44081E+00	 0.33290E-01	 0.33273E-01	 0.67519E+00	 0.67520E+00	 0.26277E+03	 0.26276E+03	 0.45723E+01	 0.10005E+04	 0.21891E+06	 0.14450E-09	 0.29860E+00	 0.45730E+00	 0.28800E-01	 0.23647E+01	 0.41762E+00
 0.10000E-03	 0.10000E-01	 0.21867E-01	 0.44081E+00	 0.11643E-01	 0.10662E-01	-0.41768E-01	-0.19770E-01	 0.32415E+04	 0.32184E+04	 0.45723E+01	 0.10005E+04	 0.21891E+06	 0.19654E-07	 0.29860E+00	 0.45730E+00	 0.28800E-01	 0.23647E+01	 0.41762E+00
 0.10000E-04	 0.10000E-01	 0.21867E-01	 0.44081E+00	 0.31858E-02	 0.20128E-02	-0.10971E+01	-0.91637E+00	 0.36582E+05	 0.34853E+05	 0.45723E+01	 0.10005E+04	 0.21891E+06	 0.10867E-04	 0.29860E+00	 0.45730E+00	 0.28800E-01	 0.23647E+01	 0.41762E+00
 0.10000E-05	 0.10000E-01	 0.21867E-01	 0.44081E+00	 0.47197E-02	 0.43502E-03	-0.66574E+00	-0.12934E+01	 0.39590E+06	 0.35109E+06	 0.45723E+01	 0.10005E+04	 0.21891E+06	 0.22583E-02	 0.29860E+00	 0.45730E+00	 0.28800E-01	 0.23647E+01	 0.41762E+00
 0.30000E+01	 0.10000E-01	 0.21867E-01	 0.44081E+00	 0.87178E+00	 0.87178E+00	 0.20400E-03	 0.20400E-03	 0.23932E-04	 0.23932E-04	 0.45723E+01	 0.10005E+04	 0.21891E+06	 0.44304E-12	 0.29860E+00	 0.45730E+00	 0.28800E-01	 0.23647E+01	 0.41762E+00
 0.30000E+00	 0.10000E-01	 0.21867E-01	 0.44081E+00	 0.18592E+00	 0.18592E+00	 0.97949E-02	 0.97949E-02	 0.14176E-01	 0.14176E-01	 0.45723E+01	 0.10005E+04	 0.21891E+06	 0.17979E-13	 0.29860E+00	 0.45730E+00	 0.28800E-01	 0.23647E+01	 0.41762E+00
 0.30000E+02	 0.10000E-01	 0.21867E-01	 0.44081E+00	 0.27568E+00	 0.27568E+00	 0.32739E-05	 0.32739E-05	 0.24784E-07	 0.24784E-07	 0.45723E+01	 0.10005E+04	 0.21891E+06	 0.46588E-11	 0.29860E+00	 0.45730E+00	 0.28800E-01	 0.23647E+01	 0.41762E+00
 0.30000E-01	 0.10000E-01	 0.21867E-01	 0.44081E+00	 0.79249E-01	 0.79249E-01	 0.28317E+00	 0.28317E+00	 0.26187E+01	 0.26187E+01	 0.45723E+01	 0.10005E+04	 0.21891E+06	 0.21636E-12	 0.29860E+00	 0.45730E+00	 0.28800E-01	 0.23647E+01	 0.41762E+00
 0.30000E+03	 0.10000E-01	 0.21867E-01	 0.44081E+00	 0.45758E-01	 0.45758E-01	 0.29715E-07	 0.29715E-07	 0.24798E-10	 0.24798E-10	 0.45723E+01	 0.10005E+04	 0.21891E+06	 0.28713E-10	 0.29860E+00	 0.45730E+00	 0.28800E-01	 0.23647E+01	 0.41762E+00
 0.30000E-02	 0.10000E-01	 0.21867E-01	 0.44081E+00	 0.45091E-01	 0.45091E-01	 0.75478E+00	 0.75478E+00	 0.73517E+02	 0.73517E+02	 0.45723E+01	 0.10005E+04	 0.21891E+06	 0.19688E-10	 0.29860E+00	 0.45730E+00	 0.28800E-01	 0.23647E+01	 0.41762E+00
 0.30000E-03	 0.10000E-01	 0.21867E-01	 0.44081E+00	 0.19798E-01	 0.19514E-01	 0.40293E+00	 0.40505E+00	 0.99223E+03	 0.99093E+03	 0.45723E+01	 0.10005E+04	 0.21891E+06	 0.11746E-08	 0.29860E+00	 0.45730E+00	 0.28800E-01	 0.23647E+01	 0.41762E+00
 0.30000E-04	 0.10000E-01	 0.21867E-01	 0.44081E+00	 0.60961E-02	 0.47652E-02	-0.73668E+00	-0.60248E+00	 0.11653E+05	 0.11367E+05	 0.45723E+01	 0.10005E+04	 0.21891E+06	 0.51409E-06	 0.29860E+00	 0.45730E+00	 0.28800E-01	 0.23647E+01	 0.41762E+00
 0.30000E-05	 0.10000E-01	 0.21867E-01	 0.44081E+00	 0.26093E-02	 0.85588E-03	-0.10306E+01	-0.10990E+01	 0.12702E+06	 0.11688E+06	 0.45723E+01	 0.10005E+04	 0.21891E+06	 0.28806E-03	 0.29860E+00	 0.45730E+00	 0.28800E-01	 0.23647E+01	 0.41762E+00
 0.10000E+01	 0.10000E-02	 0.21867E-02	 0.44081E+00	 0.56538E+00	 0.56538E+00	 0.79802E-03	 0.79802E-03	 0.55381E-03	 0.55381E-03	 0.45723E+01	 0.10005E+04	 0.21891E+06	 0.24527E-12	 0.29860E+00	 0.45730E+00	 0.28800E-01	 0.23647E+01	 0.41762E+00
 0.10000E+00	 0.10000E-02	 0.21867E-02	 0.44081E+00	 0.10486E+00	 0.10486E+00	 0.70069E-01	 0.70069E-01	 0.22283E+00	 0.22283E+00	 0.45723E+01	 0.10005E+04	 0.21891E+06	 0.72188E-13	 0.29860E+00	 0.45730E+00	 0.28800E-01	 0.23647E+01	 0.41762E+00
 0.10000E+02	 0.10000E-02	 0.21867E-02	 0.44081E+00	 0.48233E+01	 0.48233E+01	 0.98917E-05	 0.98917E-05	 0.66384E-06	 0.66384E-06	 0.45723E+01	 0.10005E+04	 0.21891E+06	 0.13198E-10	 0.29860E+00	 0.45730E+00	 0.28800E-01	 0.23647E+01	 0.41762E+00
 0.10000E-01	 0.10000E-02	 0.21867E-02	 0.44081E+00	 0.62889E-01	 0.62889E-01	 0.57835E+00	 0.57835E+00	 0.15487E+02	 0.15487E+02	 0.45723E+01	 0.10005E+04	 0.21891E+06	 0.17580E-11	 0.29860E+00	 0.45730E+00	 0.28800E-01	 0.23647E+01	 0.41762E+00
 0.10000E+03	 0.10000E-02	 0.21867E-02	 0.44081E+00	 0.61178E+01	 0.61178E+01	 0.28563E-06	 0.28563E-06	 0.66613E-09	 0.66613E-09	 0.45723E+01	 0.10005E+04	 0.21891E+06	 0.11948E-09	 0.29860E+00	 0.45730E+00	 0.28800E-01	 0.23647E+01	 0.41762E+00
 0.10000E-02	 0.10000E-02	 0.21867E-02	 0.44081E+00	 0.71529E-01	 0.71466E-01	 0.81949E+00	 0.81945E+00	 0.26373E+03	 0.26373E+03	 0.45723E+01	 0.10005E+04	 0.21891E+06	 0.92101E-10	 0.29860E+00	 0.45730E+00	 0.28800E-01	 0.23647E+01	 0.41762E+00
 0.10000E-03	 0.10000E-02	 0.21867E-02	 0.44081E+00	 0.14525E+00	 0.11888E+00	 0.73748E+00	 0.74575E+00	 0.30409E+04	 0.30263E+04	 0.45723E+01	 0.10005E+04	 0.21891E+06	 0.83847E-08	 0.29860E+00	 0.45730E+00	 0.28800E-01	 0.23647E+01	 0.41762E+00
 0.10000E-04	 0.10000E-02	 0.21867E-02	 0.44081E+00	 0.86430E-01	 0.26530E-01	 0.64039E+00	 0.70731E+00	 0.32649E+05	 0.31305E+05	 0.45723E+01	 0.10005E+04	 0.21891E+06	 0.28862E-04	 0.29860E+00	 0.45730E+00	 0.28800E-01	 0.23647E+01	 0.41762E+00
 0.10000E-05	 0.10000E-02	 0.21867E-02	 0.44081E+00	 0.17481E-01	 0.27434E-02	 0.63310E-01	 0.70781E+00	 0.35358E+06	 0.31355E+06	 0.45723E+01	 0.10005E+04	 0.21891E+06	 0.12316E+00	 0.29860E+00	 0.45730E+00	 0.28800E-01	 0.23647E+01	 0.41762E+00
 0.30000E+01	 0.10000E-02	 0.21867E-02	 0.44081E+00	 0.16136E+01	 0.16136E+01	 0.89682E-04	 0.89682E-04	 0.23838E-04	 0.23838E-04	 0.45723E+01	 0.10005E+04	 0.21891E+06	 0.92965E-12	 0.29860E+00	 0.45730E+00	 0.28800E-01	 0.23647E+01	 0.41762E+00
 0.30000E+00	 0.10000E-02	 0.21867E-02	 0.44081E+00	 0.19234E+00	 0.19234E+00	 0.94398E-02	 0.94398E-02	 0.14140E-01	 0.14140E-01	 0.45723E+01	 0.10005E+04	 0.21891E+06	 0.17659E-13	 0.29860E+00	 0.45730E+00	 0.28800E-01	 0.23647E+01	 0.41762E+00
 0.30000E+02	 0.10000E-02	 0.21867E-02	 0.44081E+00	 0.86537E+01	 0.86537E+01	 0.20284E-05	 0.20284E-05	 0.24663E-07	 0.24663E-07	 0.45723E+01	 0.10005E+04	 0.21891E+06	 0.24170E-10	 0.29860E+00	 0.45730E+00	 0.28800E-01	 0.23647E+01	 0.41762E+00
 0.30000E-01	 0.10000E-02	 0.21867E-02	 0.44081E+00	 0.78946E-01	 0.78946E-01	 0.28241E+00	 0.28241E+00	 0.26323E+01	 0.26323E+01	 0.45723E+01	 0.10005E+04	 0.21891E+06	 0.16651E-12	 0.29860E+00	 0.45730E+00	 0.28800E-01	 0.23647E+01	 0.41762E+00
 0.30000E+03	 0.10000E-02	 0.21867E-02	 0.44081E+00	 0.27552E+01	 0.27552E+01	 0.32739E-07	 0.32739E-07	 0.24672E-10	 0.24672E-10	 0.45723E+01	 0.10005E+04	 0.21891E+06	 0.22950E-09	 0.29860E+00	 0.45730E+00	 0.28800E-01	 0.23647E+01	 0.41762E+00
 0.30000E-02	 0.10000E-02	 0.21867E-02	 0.44081E+00	 0.55736E-01	 0.55736E-01	 0.79719E+00	 0.79719E+00	 0.74583E+02	 0.74583E+02	 0.45723E+01	 0.10005E+04	 0.21891E+06	 0.14761E-10	 0.29860E+00	 0.45730E+00	 0.28800E-01	 0.23647E+01	 0.41762E+00
 0.30000E-03	 0.10000E-02	 0.21867E-02	 0.44081E+00	 0.11785E+00	 0.11432E+00	 0.78291E+00	 0.78231E+00	 0.96456E+03	 0.96367E+03	 0.45723E+01	 0.10005E+04	 0.21891E+06	 0.99056E-09	 0.29860E+00	 0.45730E+00	 0.28800E-01	 0.23647E+01	 0.41762E+00
 0.30000E-04	 0.10000E-02	 0.21867E-02	 0.44081E+00	 0.12108E+00	 0.66782E-01	 0.68605E+00	 0.70773E+00	 0.10531E+05	 0.10352E+05	 0.45723E+01	 0.10005E+04	 0.21891E+06	 0.28838E-06	 0.29860E+00	 0.45730E+00	 0.28800E-01	 0.23647E+01	 0.41762E+00
 0.30000E-05	 0.10000E-02	 0.21867E-02	 0.44081E+00	 0.41343E-01	 0.82061E-02	 0.45321E+00	 0.70779E+00	 0.11320E+06	 0.10450E+06	 0.45723E+01	 0.10005E+04	 0.21891E+06	 0.14183E-02	 0.29860E+00	 0.45730E+00	 0.28800E-01	 0.23647E+01	 0.41762E+00
 0.10000E+01	 0.10000E-03	 0.21867E-03	 0.44081E+00	 0.57423E+00	 0.57423E+00	 0.78973E-03	 0.78973E-03	 0.55380E-03	 0.55380E-03	 0.45723E+01	 0.10005E+04	 0.21891E+06	 0.85592E-13	 0.29860E+00	 0.45730E+00	 0.28800E-01	 0.23647E+01	 0.41762E+00
 0.10000E+00	 0.10000E-03	 0.21867E-03	 0.44081E+00	 0.10484E+00	 0.10484E+00	 0.70068E-01	 0.70068E-01	 0.22283E+00	 0.22283E+00	 0.45723E+01	 0.10005E+04	 0.21891E+06	 0.72619E-13	 0.29860E+00	 0.45730E+00	 0.28800E-01	 0.23647E+01	 0.41762E+00
 0.10000E+02	 0.10000E-03	 0.21867E-03	 0.44081E+00	 0.55765E+01	 0.55765E+01	 0.78426E-05	 0.78426E-05	 0.66382E-06	 0.66382E-06	 0.45723E+01	 0.10005E+04	 0.21891E+06	 0.16986E-10	 0.29860E+00	 0.45730E+00	 0.28800E-01	 0.23647E+01	 0.41762E+00
 0.10000E-01	 0.10000E-03	 0.21867E-03	 0.44081E+00	 0.63031E-01	 0.63031E-01	 0.57793E+00	 0.57793E+00	 0.15491E+02	 0.15491E+02	 0.45723E+01	 0.10005E+04	 0.21891E+06	 0.18872E-11	 0.29860E+00	 0.45730E+00	 0.28800E-01	 0.23647E+01	 0.41762E+00
 0.10000E+03	 0.10000E-03	 0.21867E-03	 0.44081E+00	 0.48221E+02	 0.48221E+02	 0.98911E-07	 0.98911E-07	 0.66610E-09	 0.66610E-09	 0.45723E+01	 0.10005E+04	 0.21891E+06	 0.36540E-09	 0.29860E+00	 0.45730E+00	 0.28800E-01	 0.23647E+01	 0.41762E+00
 0.10000E-02	 0.10000E-03	 0.21867E-03	 0.44081E+00	 0.79762E-01	 0.79698E-01	 0.79129E+00	 0.79123E+00	 0.26440E+03	 0.26439E+03	 0.45723E+01	 0.10005E+04	 0.21891E+06	 0.82636E-10	 0.29860E+00	 0.45730E+00	 0.28800E-01	 0.23647E+01	 0.41762E+00
 0.10000E-03	 0.10000E-03	 0.21867E-03	 0.44081E+00	 0.40782E+00	 0.36334E+00	 0.51542E+00	 0.47105E+00	 0.30517E+04	 0.30385E+04	 0.45723E+01	 0.10005E+04	 0.21891E+06	 0.13371E-07	 0.29860E+00	 0.45730E+00	 0.28800E-01	 0.23647E+01	 0.41762E+00
 0.10000E-04	 0.10000E-03	 0.21867E-03	 0.44081E+00	 0.15012E+01	 0.49661E+00	 0.58495E+00	 0.76912E+00	 0.32685E+05	 0.31469E+05	 0.45723E+01	 0.10005E+04	 0.21891E+06	 0.95621E-05	 0.29860E+00	 0.45730E+00	 0.28800E-01	 0.23647E+01	 0.41762E+00
 0.10000E-05	 0.10000E-03	 0.21867E-03	 0.44081E+00	 0.10952E+01	 0.66435E-01	 0.29401E+00	 0.10710E+01	 0.35376E+06	 0.31548E+06	 0.45723E+01	 0.10005E+04	 0.21891E+06	 0.60912E-01	 0.29860E+00	 0.45730E+00	 0.28800E-01	 0.23647E+01	 0.41762E+00
 0.30000E+01	 0.10000E-03	 0.21867E-03	 0.44081E+00	 0.16990E+01	 0.16990E+01	 0.86273E-04	 0.86273E-04	 0.23838E-04	 0.23838E-04	 0.45723E+01	 0.10005E+04	 0.21891E+06	 0.48674E-12	 0.29860E+00	 0.45730E+00	 0.28800E-01	 0.23647E+01	 0.41762E+00
 0.30000E+00	 0.10000E-03	 0.21867E-03	 0.44081E+00	 0.19264E+00	 0.19264E+00	 0.94314E-02	 0.94314E-02	 0.14139E-01	 0.14139E-01	 0.45723E+01	 0.10005E+04	 0.21891E+06	 0.20242E-13	 0.29860E+00	 0.45730E+00	 0.28800E-01	 0.23647E+01	 0.41762E+00
 0.30000E+02	 0.10000E-03	 0.21867E-03	 0.44081E+00	 0.16108E+02	 0.16108E+02	 0.89659E-06	 0.89659E-06	 0.24662E-07	 0.24662E-07	 0.45723E+01	 0.10005E+04	 0.21891E+06	 0.16706E-09	 0.29860E+00	 0.45730E+00	 0.28800E-01	 0.23647E+01	 0.41762E+00
 0.30000E-01	 0.10000E-03	 0.21867E-03	 0.44081E+00	 0.78952E-01	 0.78952E-01	 0.28239E+00	 0.28239E+00	 0.26324E+01	 0.26324E+01	 0.45723E+01	 0.10005E+04	 0.21891E+06	 0.17661E-12	 0.29860E+00	 0.45730E+00	 0.28800E-01	 0.23647E+01	 0.41762E+00
 0.30000E+03	 0.10000E-03	 0.21867E-03	 0.44081E+00	 0.86531E+02	 0.86531E+02	 0.20283E-07	 0.20283E-07	 0.24671E-10	 0.24671E-10	 0.45723E+01	 0.10005E+04	 0.21891E+06	 0.24121E-08	 0.29860E+00	 0.45730E+00	 0.28800E-01	 0.23647E+01	 0.41762E+00
 0.30000E-02	 0.10000E-03	 0.21867E-03	 0.44081E+00	 0.57177E-01	 0.57177E-01	 0.79117E+00	 0.79117E+00	 0.74664E+02	 0.74664E+02	 0.45723E+01	 0.10005E+04	 0.21891E+06	 0.11933E-10	 0.29860E+00	 0.45730E+00	 0.28800E-01	 0.23647E+01	 0.41762E+00
 0.30000E-03	 0.10000E-03	 0.21867E-03	 0.44081E+00	 0.17193E+00	 0.16813E+00	 0.68992E+00	 0.68409E+00	 0.96873E+03	 0.96792E+03	 0.45723E+01	 0.10005E+04	 0.21891E+06	 0.10832E-08	 0.29860E+00	 0.45730E+00	 0.28800E-01	 0.23647E+01	 0.41762E+00
 0.30000E-04	 0.10000E-03	 0.21867E-03	 0.44081E+00	 0.98841E+00	 0.63900E+00	 0.40398E+00	 0.35158E+00	 0.10554E+05	 0.10394E+05	 0.45723E+01	 0.10005E+04	 0.21891E+06	 0.17727E-06	 0.29860E+00	 0.45730E+00	 0.28800E-01	 0.23647E+01	 0.41762E+00
 0.30000E-05	 0.10000E-03	 0.21867E-03	 0.44081E+00	 0.15179E+01	 0.19201E+00	 0.59552E+00	 0.10135E+01	 0.11327E+06	 0.10513E+06	 0.45723E+01	 0.10005E+04	 0.21891E+06	 0.81951E-03	 0.29860E+00	 0.45730E+00	 0.28800E-01	 0.23647E+01	 0.41762E+00
 0.10000E+01	 0.10000E-04	 0.21867E-04	 0.44081E+00	 0.57441E+00	 0.57441E+00	 0.78959E-03	 0.78959E-03	 0.55380E-03	 0.55380E-03	 0.45723E+01	 0.10005E+04	 0.21891E+06	 0.14477E-12	 0.29860E+00	 0.45730E+00	 0.28800E-01	 0.23647E+01	 0.41762E+00
 0.10000E+00	 0.10000E-04	 0.21867E-04	 0.44081E+00	 0.10483E+00	 0.10483E+00	 0.70068E-01	 0.70068E-01	 0.22283E+00	 0.22283E+00	 0.45723E+01	 0.10005E+04	 0.21891E+06	 0.77063E-13	 0.29860E+00	 0.45730E+00	 0.28800E-01	 0.23647E+01	 0.41762E+00
 0.10000E+02	 0.10000E-04	 0.21867E-04	 0.44081E+00	 0.56668E+01	 0.56668E+01	 0.77516E-05	 0.77516E-05	 0.66382E-06	 0.66382E-06	 0.45723E+01	 0.10005E+04	 0.21891E+06	 0.20062E-10	 0.29860E+00	 0.45730E+00	 0.28800E-01	 0.23647E+01	 0.41762E+00
 0.10000E-01	 0.10000E-04	 0.21867E-04	 0.44081E+00	 0.63032E-01	 0.63032E-01	 0.57792E+00	 0.57792E+00	 0.15491E+02	 0.15491E+02	 0.45723E+01	 0.10005E+04	 0.21891E+06	 0.15026E-11	 0.29860E+00	 0.45730E+00	 0.28800E-01	 0.23647E+01	 0.41762E+00
 0.10000E+03	 0.10000E-04	 0.21867E-04	 0.44081E+00	 0.55757E+02	 0.55757E+02	 0.78435E-07	 0.78435E-07	 0.66610E-09	 0.66610E-09	 0.45723E+01	 0.10005E+04	 0.21891E+06	 0.10710E-08	 0.29860E+00	 0.45730E+00	 0.28800E-01	 0.23647E+01	 0.41762E+00
 0.10000E-02	 0.10000E-04	 0.21867E-04	 0.44081E+00	 0.80036E-01	 0.79972E-01	 0.79007E+00	 0.79001E+00	 0.26441E+03	 0.26441E+03	 0.45723E+01	 0.10005E+04	 0.21891E+06	 0.84699E-10	 0.29860E+00	 0.45730E+00	 0.28800E-01	 0.23647E+01	 0.41762E+00
 0.10000E-03	 0.10000E-04	 0.21867E-04	 0.44081E+00	 0.45225E+00	 0.40763E+00	 0.37353E+00	 0.31238E+00	 0.30537E+04	 0.30408E+04	 0.45723E+01	 0.10005E+04	 0.21891E+06	 0.82230E-08	 0.29860E+00	 0.45730E+00	 0.28800E-01	 0.23647E+01	 0.41762E+00
 0.10000E-04	 0.10000E-04	 0.21867E-04	 0.44081E+00	 0.38923E+01	 0.22050E+01	-0.14751E+01	-0.16999E+01	 0.32704E+05	 0.31503E+05	 0.45723E+01	 0.10005E+04	 0.21891E+06	 0.94339E-06	 0.29860E+00	 0.45730E+00	 0.28800E-01	 0.23647E+01	 0.41762E+00
 0.10000E-05	 0.10000E-04	 0.21867E-04	 0.44081E+00	 0.16765E+02	 0.16604E+01	-0.23590E+01	 0.18853E+00	 0.35384E+06	 0.31589E+06	 0.45723E+01	 0.10005E+04	 0.21891E+06	 0.64744E-02	 0.29860E+00	 0.45730E+00	 0.28800E-01	 0.23647E+01	 0.41762E+00
 0.30000E+01	 0.10000E-04	 0.21867E-04	 0.44081E+00	 0.17029E+01	 0.17029E+01	 0.86123E-04	 0.86123E-04	 0.23838E-04	 0.23838E-04	 0.45723E+01	 0.10005E+04	 0.21891E+06	 0.12370E-11	 0.29860E+00	 0.45730E+00	 0.28800E-01	 0.23647E+01	 0.41762E+00
 0.30000E+00	 0.10000E-04	 0.21867E-04	 0.44081E+00	 0.19265E+00	 0.19265E+00	 0.94314E-02	 0.94314E-02	 0.14139E-01	 0.14139E-01	 0.45723E+01	 0.10005E+04	 0.21891E+06	 0.22665E-13	 0.29860E+00	 0.45730E+00	 0.28800E-01	 0.23647E+01	 0.41762E+00
 0.30000E+02	 0.10000E-04	 0.21867E-04	 0.44081E+00	 0.16964E+02	 0.16964E+02	 0.86274E-06	 0.86274E-06	 0.24662E-07	 0.24662E-07	 0.45723E+01	 0.10005E+04	 0.21891E+06	 0.90484E-10	 0.29860E+00	 0.45730E+00	 0.28800E-01	 0.23647E+01	 0.41762E+00
 0.30000E-01	 0.10000E-04	 0.21867E-04	 0.44081E+00	 0.78952E-01	 0.78952E-01	 0.28239E+00	 0.28239E+00	 0.26324E+01	 0.26324E+01	 0.45723E+01	 0.10005E+04	 0.21891E+06	 0.20618E-12	 0.29860E+00	 0.45730E+00	 0.28800E-01	 0.23647E+01	 0.41762E+00
 0.30000E+03	 0.10000E-04	 0.21867E-04	 0.44081E+00	 0.16108E+03	 0.16108E+03	 0.89660E-08	 0.89660E-08	 0.24671E-10	 0.24671E-10	 0.45723E+01	 0.10005E+04	 0.21891E+06	 0.10695E-07	 0.29860E+00	 0.45730E+00	 0.28800E-01	 0.23647E+01	 0.41762E+00
 0.30000E-02	 0.10000E-04	 0.21867E-04	 0.44081E+00	 0.57198E-01	 0.57198E-01	 0.79108E+00	 0.79108E+00	 0.74665E+02	 0.74665E+02	 0.45723E+01	 0.10005E+04	 0.21891E+06	 0.10633E-10	 0.29860E+00	 0.45730E+00	 0.28800E-01	 0.23647E+01	 0.41762E+00
 0.30000E-03	 0.10000E-04	 0.21867E-04	 0.44081E+00	 0.17666E+00	 0.17285E+00	 0.67081E+00	 0.66442E+00	 0.96896E+03	 0.96817E+03	 0.45723E+01	 0.10005E+04	 0.21891E+06	 0.12398E-08	 0.29860E+00	 0.45730E+00	 0.28800E-01	 0.23647E+01	 0.41762E+00
 0.30000E-04	 0.10000E-04	 0.21867E-04	 0.44081E+00	 0.14028E+01	 0.10502E+01	-0.35939E+00	-0.64621E+00	 0.10563E+05	 0.10406E+05	 0.45723E+01	 0.10005E+04	 0.21891E+06	 0.41406E-06	 0.29860E+00	 0.45730E+00	 0.28800E-01	 0.23647E+01	 0.41762E+00
 0.30000E-05	 0.10000E-04	 0.21867E-04	 0.44081E+00	 0.10207E+02	 0.29958E+01	-0.26378E+01	-0.13535E+01	 0.11331E+06	 0.10526E+06	 0.45723E+01	 0.10005E+04	 0.21891E+06	 0.77461E-04	 0.29860E+00	 0.45730E+00	 0.28800E-01	 0.23647E+01	 0.41762E+00
 0.10000E+01	 0.30000E-01	 0.65602E-01	 0.44081E+00	 0.30796E+00	 0.30796E+00	 0.19246E-02	 0.19246E-02	 0.57484E-03	 0.57484E-03	 0.45723E+01	 0.10005E+04	 0.21891E+06	 0.18914E-13	 0.29860E+00	 0.45730E+00	 0.28800E-01	 0.23647E+01	 0.41762E+00
 0.10000E+00	 0.30000E-01	 0.65602E-01	 0.44081E+00	 0.10555E+00	 0.10555E+00	 0.72677E-01	 0.72677E-01	 0.22013E+00	 0.22013E+00	 0.45723E+01	 0.10005E+04	 0.21891E+06	 0.59760E-13	 0.29860E+00	 0.45730E+00	 0.28800E-01	 0.23647E+01	 0.41762E+00
 0.10000E+02	 0.30000E-01	 0.65602E-01	 0.44081E+00	 0.92311E-01	 0.92311E-01	 0.29465E-04	 0.29465E-04	 0.69357E-06	 0.69357E-06	 0.45723E+01	 0.10005E+04	 0.21891E+06	 0.32319E-12	 0.29860E+00	 0.45730E+00	 0.28800E-01	 0.23647E+01	 0.41762E+00
 0.10000E-01	 0.30000E-01	 0.65602E-01	 0.44081E+00	 0.53222E-01	 0.53222E-01	 0.53798E+00	 0.53798E+00	 0.14842E+02	 0.14842E+02	 0.45723E+01	 0.10005E+04	 0.21891E+06	 0.19703E-11	 0.29860E+00	 0.45730E+00	 0.28800E-01	 0.23647E+01	 0.41762E+00
 0.10000E+03	 0.30000E-01	 0.65602E-01	 0.44081E+00	 0.15266E-01	 0.15266E-01	 0.26741E-06	 0.26741E-06	 0.69683E-09	 0.69683E-09	 0.45723E+01	 0.10005E+04	 0.21891E+06	 0.31369E-11	 0.29860E+00	 0.45730E+00	 0.28800E-01	 0.23647E+01	 0.41762E+00
 0.10000E-02	 0.30000E-01	 0.65602E-01	 0.44081E+00	 0.16263E-01	 0.16260E-01	 0.71024E+00	 0.71026E+00	 0.26727E+03	 0.26725E+03	 0.45723E+01	 0.10005E+04	 0.21891E+06	 0.16598E-09	 0.29860E+00	 0.45730E+00	 0.28800E-01	 0.23647E+01	 0.41762E+00
 0.10000E-03	 0.30000E-01	 0.65602E-01	 0.44081E+00	 0.45366E-02	 0.43857E-02	 0.73912E+00	 0.75081E+00	 0.34307E+04	 0.33800E+04	 0.45723E+01	 0.10005E+04	 0.21891E+06	 0.14654E-07	 0.29860E+00	 0.45730E+00	 0.28800E-01	 0.23647E+01	 0.41762E+00
 0.10000E-04	 0.30000E-01	 0.65602E-01	 0.44081E+00	 0.15224E-02	 0.10184E-02	 0.15621E+01	 0.12328E+01	 0.40219E+05	 0.36927E+05	 0.45723E+01	 0.10005E+04	 0.21891E+06	 0.37702E-05	 0.29860E+00	 0.45730E+00	 0.28800E-01	 0.23647E+01	 0.41762E+00
 0.10000E-05	 0.30000E-01	 0.65602E-01	 0.44081E+00	 0.32987E-02	 0.12018E-03	 0.21873E+01	 0.13409E+01	 0.46393E+06	 0.37407E+06	 0.45723E+01	 0.10005E+04	 0.21891E+06	 0.67873E-03	 0.29860E+00	 0.45730E+00	 0.28800E-01	 0.23647E+01	 0.41762E+00
 0.30000E+01	 0.30000E-01	 0.65602E-01	 0.44081E+00	 0.22144E+00	 0.22144E+00	 0.31562E-03	 0.31562E-03	 0.24857E-04	 0.24857E-04	 0.45723E+01	 0.10005E+04	 0.21891E+06	 0.13274E-12	 0.29860E+00	 0.45730E+00	 0.28800E-01	 0.23647E+01	 0.41762E+00
 0.30000E+00	 0.30000E-01	 0.65602E-01	 0.44081E+00	 0.18173E+00	 0.18173E+00	 0.12024E-01	 0.12024E-01	 0.14505E-01	 0.14505E-01	 0.45723E+01	 0.10005E+04	 0.21891E+06	 0.18329E-13	 0.29860E+00	 0.45730E+00	 0.28800E-01	 0.23647E+01	 0.41762E+00
 0.30000E+02	 0.30000E-01	 0.65602E-01	 0.44081E+00	 0.40601E-01	 0.40601E-01	 0.30852E-05	 0.30852E-05	 0.25788E-07	 0.25788E-07	 0.45723E+01	 0.10005E+04	 0.21891E+06	 0.19326E-11	 0.29860E+00	 0.45730E+00	 0.28800E-01	 0.23647E+01	 0.41762E+00
 0.30000E-01	 0.30000E-01	 0.65602E-01	 0.44081E+00	 0.77499E-01	 0.77499E-01	 0.28055E+00	 0.28055E+00	 0.25492E+01	 0.25492E+01	 0.45723E+01	 0.10005E+04	 0.21891E+06	 0.19633E-12	 0.29860E+00	 0.45730E+00	 0.28800E-01	 0.23647E+01	 0.41762E+00
 0.30000E+03	 0.30000E-01	 0.65602E-01	 0.44081E+00	 0.58134E-02	 0.58134E-02	 0.29717E-07	 0.29717E-07	 0.25812E-10	 0.25812E-10	 0.45723E+01	 0.10005E+04	 0.21891E+06	 0.20160E-10	 0.29860E+00	 0.45730E+00	 0.28800E-01	 0.23647E+01	 0.41762E+00
 0.30000E-02	 0.30000E-01	 0.65602E-01	 0.44081E+00	 0.29568E-01	 0.29568E-01	 0.68779E+00	 0.68779E+00	 0.72509E+02	 0.72509E+02	 0.45723E+01	 0.10005E+04	 0.21891E+06	 0.25080E-10	 0.29860E+00	 0.45730E+00	 0.28800E-01	 0.23647E+01	 0.41762E+00
 0.30000E-03	 0.30000E-01	 0.65602E-01	 0.44081E+00	 0.82744E-02	 0.82144E-02	 0.69435E+00	 0.69568E+00	 0.10338E+04	 0.10310E+04	 0.45723E+01	 0.10005E+04	 0.21891E+06	 0.14442E-08	 0.29860E+00	 0.45730E+00	 0.28800E-01	 0.23647E+01	 0.41762E+00
 0.30000E-04	 0.30000E-01	 0.65602E-01	 0.44081E+00	 0.24239E-02	 0.21843E-02	 0.10018E+01	 0.98152E+00	 0.12456E+05	 0.11961E+05	 0.45723E+01	 0.10005E+04	 0.21891E+06	 0.24700E-06	 0.29860E+00	 0.45730E+00	 0.28800E-01	 0.23647E+01	 0.41762E+00
 0.30000E-05	 0.30000E-01	 0.65602E-01	 0.44081E+00	 0.15639E-02	 0.35159E-03	 0.21671E+01	 0.13292E+01	 0.14585E+06	 0.12448E+06	 0.45723E+01	 0.10005E+04	 0.21891E+06	 0.35440E-04	 0.29860E+00	 0.45730E+00	 0.28800E-01	 0.23647E+01	 0.41762E+00
 0.10000E+01	 0.30000E-02	 0.65602E-02	 0.44081E+00	 0.54519E+00	 0.54519E+00	 0.82178E-03	 0.82178E-03	 0.55395E-03	 0.55395E-03	 0.45723E+01	 0.10005E+04	 0.21891E+06	 0.11543E-12	 0.29860E+00	 0.45730E+00	 0.28800E-01	 0.23647E+01	 0.41762E+00
 0.10000E+00	 0.30000E-02	 0.65602E-02	 0.44081E+00	 0.10502E+00	 0.10502E+00	 0.70087E-01	 0.70087E-01	 0.22279E+00	 0.22279E+00	 0.45723E+01	 0.10005E+04	 0.21891E+06	 0.62031E-13	 0.29860E+00	 0.45730E+00	 0.28800E-01	 0.23647E+01	 0.41762E+00
 0.10000E+02	 0.30000E-02	 0.65602E-02	 0.44081E+00	 0.28863E+01	 0.28863E+01	 0.18264E-04	 0.18264E-04	 0.66405E-06	 0.66405E-06	 0.45723E+01	 0.10005E+04	 0.21891E+06	 0.36155E-11	 0.29860E+00	 0.45730E+00	 0.28800E-01	 0.23647E+01	 0.41762E+00
 0.10000E-01	 0.30000E-02	 0.65602E-02	 0.44081E+00	 0.62139E-01	 0.62139E-01	 0.58007E+00	 0.58007E+00	 0.15462E+02	 0.15462E+02	 0.45723E+01	 0.10005E+04	 0.21891E+06	 0.97712E-12	 0.29860E+00	 0.45730E+00	 0.28800E-01	 0.23647E+01	 0.41762E+00
 0.10000E+03	 0.30000E-02	 0.65602E-02	 0.44081E+00	 0.91846E+00	 0.91846E+00	 0.29465E-06	 0.29465E-06	 0.66640E-09	 0.66640E-09	 0.45723E+01	 0.10005E+04	 0.21891E+06	 0.31160E-10	 0.29860E+00	 0.45730E+00	 0.28800E-01	 0.23647E+01	 0.41762E+00
 0.10000E-02	 0.30000E-02	 0.65602E-02	 0.44081E+00	 0.58056E-01	 0.58005E-01	 0.79543E+00	 0.79543E+00	 0.26196E+03	 0.26195E+03	 0.45723E+01	 0.10005E+04	 0.21891E+06	 0.95039E-10	 0.29860E+00	 0.45730E+00	 0.28800E-01	 0.23647E+01	 0.41762E+00
 0.10000E-03	 0.30000E-02	 0.65602E-02	 0.44081E+00	 0.42327E-01	 0.36018E-01	 0.60963E+00	 0.62008E+00	 0.30316E+04	 0.30149E+04	 0.45723E+01	 0.10005E+04	 0.21891E+06	 0.12062E-07	 0.29860E+00	 0.45730E+00	 0.28800E-01	 0.23647E+01	 0.41762E+00
 0.10000E-04	 0.30000E-02	 0.65602E-02	 0.44081E+00	 0.14465E-01	 0.54249E-02	 0.65555E+00	 0.61167E+00	 0.32789E+05	 0.31161E+05	 0.45723E+01	 0.10005E+04	 0.21891E+06	 0.95144E-05	 0.29860E+00	 0.45730E+00	 0.28800E-01	 0.23647E+01	 0.41762E+00
 0.10000E-05	 0.30000E-02	 0.65602E-02	 0.44081E+00	 0.29720E-02	 0.55196E-03	 0.41435E-01	 0.61109E+00	 0.35559E+06	 0.31203E+06	 0.45723E+01	 0.10005E+04	 0.21891E+06	 0.57402E-01	 0.29860E+00	 0.45730E+00	 0.28800E-01	 0.23647E+01	 0.41762E+00
 0.30000E+01	 0.30000E-02	 0.65602E-02	 0.44081E+00	 0.14765E+01	 0.14765E+01	 0.10614E-03	 0.10614E-03	 0.23845E-04	 0.23845E-04	 0.45723E+01	 0.10005E+04	 0.21891E+06	 0.85335E-12	 0.29860E+00	 0.45730E+00	 0.28800E-01	 0.23647E+01	 0.41762E+00
 0.30000E+00	 0.30000E-02	 0.65602E-02	 0.44081E+00	 0.19082E+00	 0.19082E+00	 0.94905E-02	 0.94905E-02	 0.14142E-01	 0.14142E-01	 0.45723E+01	 0.10005E+04	 0.21891E+06	 0.23445E-13	 0.29860E+00	 0.45730E+00	 0.28800E-01	 0.23647E+01	 0.41762E+00
 0.30000E+02	 0.30000E-02	 0.65602E-02	 0.44081E+00	 0.21724E+01	 0.21724E+01	 0.31230E-05	 0.31230E-05	 0.24672E-07	 0.24672E-07	 0.45723E+01	 0.10005E+04	 0.21891E+06	 0.12904E-10	 0.29860E+00	 0.45730E+00	 0.28800E-01	 0.23647E+01	 0.41762E+00
 0.30000E-01	 0.30000E-02	 0.65602E-02	 0.44081E+00	 0.78907E-01	 0.78907E-01	 0.28257E+00	 0.28257E+00	 0.26308E+01	 0.26308E+01	 0.45723E+01	 0.10005E+04	 0.21891E+06	 0.21803E-12	 0.29860E+00	 0.45730E+00	 0.28800E-01	 0.23647E+01	 0.41762E+00
 0.30000E+03	 0.30000E-02	 0.65602E-02	 0.44081E+00	 0.40508E+00	 0.40508E+00	 0.30866E-07	 0.30866E-07	 0.24682E-10	 0.24682E-10	 0.45723E+01	 0.10005E+04	 0.21891E+06	 0.80550E-10	 0.29860E+00	 0.45730E+00	 0.28800E-01	 0.23647E+01	 0.41762E+00
 0.30000E-02	 0.30000E-02	 0.65602E-02	 0.44081E+00	 0.52507E-01	 0.52507E-01	 0.79893E+00	 0.79893E+00	 0.74298E+02	 0.74298E+02	 0.45723E+01	 0.10005E+04	 0.21891E+06	 0.16282E-10	 0.29860E+00	 0.45730E+00	 0.28800E-01	 0.23647E+01	 0.41762E+00
 0.30000E-03	 0.30000E-02	 0.65602E-02	 0.44081E+00	 0.57967E-01	 0.56269E-01	 0.71115E+00	 0.71282E+00	 0.95922E+03	 0.95822E+03	 0.45723E+01	 0.10005E+04	 0.21891E+06	 0.99094E-09	 0.29860E+00	 0.45730E+00	 0.28800E-01	 0.23647E+01	 0.41762E+00
 0.30000E-04	 0.30000E-02	 0.65602E-02	 0.44081E+00	 0.25688E-01	 0.14963E-01	 0.61587E+00	 0.60773E+00	 0.10531E+05	 0.10312E+05	 0.45723E+01	 0.10005E+04	 0.21891E+06	 0.62033E-06	 0.29860E+00	 0.45730E+00	 0.28800E-01	 0.23647E+01	 0.41762E+00
 0.30000E-05	 0.30000E-02	 0.65602E-02	 0.44081E+00	 0.58970E-02	 0.16514E-02	 0.49893E+00	 0.61130E+00	 0.11385E+06	 0.10400E+06	 0.45723E+01	 0.10005E+04	 0.21891E+06	 0.33171E-03	 0.29860E+00	 0.45730E+00	 0.28800E-01	 0.23647E+01	 0.41762E+00
 0.10000E+01	 0.30000E-03	 0.65602E-03	 0.44081E+00	 0.57310E+00	 0.57310E+00	 0.79080E-03	 0.79080E-03	 0.55380E-03	 0.55380E-03	 0.45723E+01	 0.10005E+04	 0.21891E+06	 0.17279E-12	 0.29860E+00	 0.45730E+00	 0.28800E-01	 0.23647E+01	 0.41762E+00
 0.10000E+00	 0.30000E-03	 0.65602E-03	 0.44081E+00	 0.10484E+00	 0.10484E+00	 0.70068E-01	 0.70068E-01	 0.22283E+00	 0.22283E+00	 0.45723E+01	 0.10005E+04	 0.21891E+06	 0.69594E-13	 0.29860E+00	 0.45730E+00	 0.28800E-01	 0.23647E+01	 0.41762E+00
 0.10000E+02	 0.30000E-03	 0.65602E-03	 0.44081E+00	 0.53701E+01	 0.53701E+01	 0.80688E-05	 0.80688E-05	 0.66382E-06	 0.66382E-06	 0.45723E+01	 0.10005E+04	 0.21891E+06	 0.45691E-11	 0.29860E+00	 0.45730E+00	 0.28800E-01	 0.23647E+01	 0.41762E+00
 0.10000E-01	 0.30000E-03	 0.65602E-03	 0.44081E+00	 0.63019E-01	 0.63019E-01	 0.57796E+00	 0.57796E+00	 0.15491E+02	 0.15491E+02	 0.45723E+01	 0.10005E+04	 0.21891E+06	 0.14587E-11	 0.29860E+00	 0.45730E+00	 0.28800E-01	 0.23647E+01	 0.41762E+00
 0.10000E+03	 0.30000E-03	 0.65602E-03	 0.44081E+00	 0.28844E+02	 0.28844E+02	 0.18255E-06	 0.18255E-06	 0.66610E-09	 0.66610E-09	 0.45723E+01	 0.10005E+04	 0.21891E+06	 0.20510E-09	 0.29860E+00	 0.45730E+00	 0.28800E-01	 0.23647E+01	 0.41762E+00
 0.10000E-02	 0.30000E-03	 0.65602E-03	 0.44081E+00	 0.78047E-01	 0.77983E-01	 0.79923E+00	 0.79917E+00	 0.26430E+03	 0.26429E+03	 0.45723E+01	 0.10005E+04	 0.21891E+06	 0.80825E-10	 0.29860E+00	 0.45730E+00	 0.28800E-01	 0.23647E+01	 0.41762E+00
 0.10000E-03	 0.30000E-03	 0.65602E-03	 0.44081E+00	 0.31755E+00	 0.27293E+00	 0.67912E+00	 0.66455E+00	 0.30479E+04	 0.30343E+04	 0.45723E+01	 0.10005E+04	 0.21891E+06	 0.12313E-07	 0.29860E+00	 0.45730E+00	 0.28800E-01	 0.23647E+01	 0.41762E+00
 0.10000E-04	 0.30000E-03	 0.65602E-03	 0.44081E+00	 0.45620E+00	 0.13359E+00	 0.71152E+00	 0.78475E+00	 0.32669E+05	 0.31422E+05	 0.45723E+01	 0.10005E+04	 0.21891E+06	 0.29161E-04	 0.29860E+00	 0.45730E+00	 0.28800E-01	 0.23647E+01	 0.41762E+00
 0.10000E-05	 0.30000E-03	 0.65602E-03	 0.44081E+00	 0.16069E+00	 0.15074E-01	 0.20888E+00	 0.85584E+00	 0.35368E+06	 0.31491E+06	 0.45723E+01	 0.10005E+04	 0.21891E+06	 0.12743E+01	 0.29860E+00	 0.45730E+00	 0.28800E-01	 0.23647E+01	 0.41762E+00
 0.30000E+01	 0.30000E-03	 0.65602E-03	 0.44081E+00	 0.16791E+01	 0.16791E+01	 0.87013E-04	 0.87013E-04	 0.23838E-04	 0.23838E-04	 0.45723E+01	 0.10005E+04	 0.21891E+06	 0.46070E-12	 0.29860E+00	 0.45730E+00	 0.28800E-01	 0.23647E+01	 0.41762E+00
 0.30000E+00	 0.30000E-03	 0.65602E-03	 0.44081E+00	 0.19261E+00	 0.19261E+00	 0.94321E-02	 0.94321E-02	 0.14139E-01	 0.14139E-01	 0.45723E+01	 0.10005E+04	 0.21891E+06	 0.18499E-13	 0.29860E+00	 0.45730E+00	 0.28800E-01	 0.23647E+01	 0.41762E+00
 0.30000E+02	 0.30000E-03	 0.65602E-03	 0.44081E+00	 0.14728E+02	 0.14728E+02	 0.10600E-05	 0.10600E-05	 0.24662E-07	 0.24662E-07	 0.45723E+01	 0.10005E+04	 0.21891E+06	 0.54931E-10	 0.29860E+00	 0.45730E+00	 0.28800E-01	 0.23647E+01	 0.41762E+00
 0.30000E-01	 0.30000E-03	 0.65602E-03	 0.44081E+00	 0.78952E-01	 0.78952E-01	 0.28239E+00	 0.28239E+00	 0.26324E+01	 0.26324E+01	 0.45723E+01	 0.10005E+04	 0.21891E+06	 0.19075E-12	 0.29860E+00	 0.45730E+00	 0.28800E-01	 0.23647E+01	 0.41762E+00
 0.30000E+03	 0.30000E-03	 0.65602E-03	 0.44081E+00	 0.21720E+02	 0.21720E+02	 0.31227E-07	 0.31227E-07	 0.24671E-10	 0.24671E-10	 0.45723E+01	 0.10005E+04	 0.21891E+06	 0.81710E-09	 0.29860E+00	 0.45730E+00	 0.28800E-01	 0.23647E+01	 0.41762E+00
 0.30000E-02	 0.30000E-03	 0.65602E-03	 0.44081E+00	 0.57017E-01	 0.57017E-01	 0.79188E+00	 0.79188E+00	 0.74655E+02	 0.74655E+02	 0.45723E+01	 0.10005E+04	 0.21891E+06	 0.10414E-10	 0.29860E+00	 0.45730E+00	 0.28800E-01	 0.23647E+01	 0.41762E+00
 0.30000E-03	 0.30000E-03	 0.65602E-03	 0.44081E+00	 0.15760E+00	 0.15383E+00	 0.74024E+00	 0.73612E+00	 0.96779E+03	 0.96695E+03	 0.45723E+01	 0.10005E+04	 0.21891E+06	 0.11462E-08	 0.29860E+00	 0.45730E+00	 0.28800E-01	 0.23647E+01	 0.41762E+00
 0.30000E-04	 0.30000E-03	 0.65602E-03	 0.44081E+00	 0.48228E+00	 0.26436E+00	 0.73389E+00	 0.75272E+00	 0.10545E+05	 0.10380E+05	 0.45723E+01	 0.10005E+04	 0.21891E+06	 0.12026E-06	 0.29860E+00	 0.45730E+00	 0.28800E-01	 0.23647E+01	 0.41762E+00
 0.30000E-05	 0.30000E-03	 0.65602E-03	 0.44081E+00	 0.33053E+00	 0.44657E-01	 0.61366E+00	 0.84412E+00	 0.11323E+06	 0.10495E+06	 0.45723E+01	 0.10005E+04	 0.21891E+06	 0.38430E-02	 0.29860E+00	 0.45730E+00	 0.28800E-01	 0.23647E+01	 0.41762E+00
 0.10000E+01	 0.30000E-04	 0.65602E-04	 0.44081E+00	 0.57439E+00	 0.57439E+00	 0.78961E-03	 0.78961E-03	 0.55380E-03	 0.55380E-03	 0.45723E+01	 0.10005E+04	 0.21891E+06	 0.81980E-13	 0.29860E+00	 0.45730E+00	 0.28800E-01	 0.23647E+01	 0.41762E+00
 0.10000E+00	 0.30000E-04	 0.65602E-04	 0.44081E+00	 0.10483E+00	 0.10483E+00	 0.70068E-01	 0.70068E-01	 0.22283E+00	 0.22283E+00	 0.45723E+01	 0.10005E+04	 0.21891E+06	 0.68513E-13	 0.29860E+00	 0.45730E+00	 0.28800E-01	 0.23647E+01	 0.41762E+00
 0.10000E+02	 0.30000E-04	 0.65602E-04	 0.44081E+00	 0.56553E+01	 0.56553E+01	 0.77639E-05	 0.77639E-05	 0.66382E-06	 0.66382E-06	 0.45723E+01	 0.10005E+04	 0.21891E+06	 0.17207E-10	 0.29860E+00	 0.45730E+00	 0.28800E-01	 0.23647E+01	 0.41762E+00
 0.10000E-01	 0.30000E-04	 0.65602E-04	 0.44081E+00	 0.63032E-01	 0.63032E-01	 0.57792E+00	 0.57792E+00	 0.15491E+02	 0.15491E+02	 0.45723E+01	 0.10005E+04	 0.21891E+06	 0.11386E-11	 0.29860E+00	 0.45730E+00	 0.28800E-01	 0.23647E+01	 0.41762E+00
 0.10000E+03	 0.30000E-04	 0.65602E-04	 0.44081E+00	 0.53693E+02	 0.53693E+02	 0.80694E-07	 0.80694E-07	 0.66610E-09	 0.66610E-09	 0.45723E+01	 0.10005E+04	 0.21891E+06	 0.67886E-09	 0.29860E+00	 0.45730E+00	 0.28800E-01	 0.23647E+01	 0.41762E+00
 0.10000E-02	 0.30000E-04	 0.65602E-04	 0.44081E+00	 0.80013E-01	 0.79949E-01	 0.79017E+00	 0.79011E+00	 0.26441E+03	 0.26440E+03	 0.45723E+01	 0.10005E+04	 0.21891E+06	 0.96392E-10	 0.29860E+00	 0.45730E+00	 0.28800E-01	 0.23647E+01	 0.41762E+00
 0.10000E-03	 0.30000E-04	 0.65602E-04	 0.44081E+00	 0.44414E+00	 0.39967E+00	 0.40037E+00	 0.34167E+00	 0.30534E+04	 0.30405E+04	 0.45723E+01	 0.10005E+04	 0.21891E+06	 0.79016E-08	 0.29860E+00	 0.45730E+00	 0.28800E-01	 0.23647E+01	 0.41762E+00
 0.10000E-04	 0.30000E-04	 0.65602E-04	 0.44081E+00	 0.31169E+01	 0.14689E+01	-0.43911E+00	-0.28935E+00	 0.32697E+05	 0.31493E+05	 0.45723E+01	 0.10005E+04	 0.21891E+06	 0.15119E-05	 0.29860E+00	 0.45730E+00	 0.28800E-01	 0.23647E+01	 0.41762E+00
 0.10000E-05	 0.30000E-04	 0.65602E-04	 0.44081E+00	 0.56615E+01	 0.34370E+00	-0.10050E+00	 0.17886E+01	 0.35381E+06	 0.31576E+06	 0.45723E+01	 0.10005E+04	 0.21891E+06	 0.11412E+02	 0.29860E+00	 0.45730E+00	 0.28800E-01	 0.23647E+01	 0.41762E+00
 0.30000E+01	 0.30000E-04	 0.65602E-04	 0.44081E+00	 0.17025E+01	 0.17025E+01	 0.86136E-04	 0.86136E-04	 0.23838E-04	 0.23838E-04	 0.45723E+01	 0.10005E+04	 0.21891E+06	 0.71335E-12	 0.29860E+00	 0.45730E+00	 0.28800E-01	 0.23647E+01	 0.41762E+00
 0.30000E+00	 0.30000E-04	 0.65602E-04	 0.44081E+00	 0.19265E+00	 0.19265E+00	 0.94314E-02	 0.94314E-02	 0.14139E-01	 0.14139E-01	 0.45723E+01	 0.10005E+04	 0.21891E+06	 0.20563E-13	 0.29860E+00	 0.45730E+00	 0.28800E-01	 0.23647E+01	 0.41762E+00
 0.30000E+02	 0.30000E-04	 0.65602E-04	 0.44081E+00	 0.16764E+02	 0.16764E+02	 0.87022E-06	 0.87022E-06	 0.24662E-07	 0.24662E-07	 0.45723E+01	 0.10005E+04	 0.21891E+06	 0.88550E-10	 0.29860E+00	 0.45730E+00	 0.28800E-01	 0.23647E+01	 0.41762E+00
 0.30000E-01	 0.30000E-04	 0.65602E-04	 0.44081E+00	 0.78952E-01	 0.78952E-01	 0.28239E+00	 0.28239E+00	 0.26324E+01	 0.26324E+01	 0.45723E+01	 0.10005E+04	 0.21891E+06	 0.20520E-12	 0.29860E+00	 0.45730E+00	 0.28800E-01	 0.23647E+01	 0.41762E+00
 0.30000E+03	 0.30000E-04	 0.65602E-04	 0.44081E+00	 0.14728E+03	 0.14728E+03	 0.10600E-07	 0.10600E-07	 0.24671E-10	 0.24671E-10	 0.45723E+01	 0.10005E+04	 0.21891E+06	 0.95725E-08	 0.29860E+00	 0.45730E+00	 0.28800E-01	 0.23647E+01	 0.41762E+00
 0.30000E-02	 0.30000E-04	 0.65602E-04	 0.44081E+00	 0.57196E-01	 0.57196E-01	 0.79108E+00	 0.79108E+00	 0.74665E+02	 0.74665E+02	 0.45723E+01	 0.10005E+04	 0.21891E+06	 0.15996E-10	 0.29860E+00	 0.45730E+00	 0.28800E-01	 0.23647E+01	 0.41762E+00
 0.30000E-03	 0.30000E-04	 0.65602E-04	 0.44081E+00	 0.17617E+00	 0.17236E+00	 0.67263E+00	 0.66630E+00	 0.96894E+03	 0.96814E+03	 0.45723E+01	 0.10005E+04	 0.21891E+06	 0.10656E-08	 0.29860E+00	 0.45730E+00	 0.28800E-01	 0.23647E+01	 0.41762E+00
 0.30000E-04	 0.30000E-04	 0.65602E-04	 0.44081E+00	 0.13023E+01	 0.95137E+00	-0.98082E-01	-0.32948E+00	 0.10560E+05	 0.10402E+05	 0.45723E+01	 0.10005E+04	 0.21891E+06	 0.53243E-06	 0.29860E+00	 0.45730E+00	 0.28800E-01	 0.23647E+01	 0.41762E+00
 0.30000E-05	 0.30000E-04	 0.65602E-04	 0.44081E+00	 0.52655E+01	 0.90126E+00	 0.36648E-01	 0.11647E+01	 0.11329E+06	 0.10522E+06	 0.45723E+01	 0.10005E+04	 0.21891E+06	 0.14762E-01	 0.29860E+00	 0.45730E+00	 0.28800E-01	 0.23647E+01	 0.41762E+00
