 ##################################################
 #WARNING: these are left-handed Boozer coordinates
 #(similar, but not equal, to PEST)
 ##################################################
  0.641000000000000     
          65
          65
          10
  5.06772E+00  4.81099E+00  4.60026E+00  4.44278E+00  4.34429E+00  4.30877E+00  4.33819E+00  4.43225E+00  4.58824E+00  4.80092E+00  5.06271E+00  5.36394E+00  5.69332E+00  6.03863E+00  6.38740E+00  6.72770E+00  7.04884E+00  7.34195E+00  7.60038E+00  7.81989E+00  7.99862E+00  8.13683E+00  8.23649E+00  8.30081E+00  8.33361E+00  8.33894E+00  8.32056E+00  8.28170E+00  8.22502E+00  8.15254E+00  8.06592E+00  7.96675E+00  7.85682E+00  7.73853E+00  7.61511E+00  7.49076E+00  7.37065E+00  7.26072E+00  7.16735E+00  7.09679E+00  7.05465E+00  7.04520E+00  7.07079E+00  7.13140E+00  7.22430E+00  7.34397E+00  7.48234E+00  7.62915E+00  7.77268E+00  7.90054E+00  8.00063E+00  8.06202E+00  8.07582E+00  8.03580E+00  7.93887E+00  7.78516E+00  7.57798E+00  7.32349E+00  7.03012E+00  6.70805E+00  6.36853E+00  6.02326E+00  5.68397E+00  5.36194E+00  5.06772E+00
  4.55745E+00  4.39319E+00  4.28870E+00  4.24659E+00  4.26773E+00  4.35121E+00  4.49444E+00  4.69309E+00  4.94114E+00  5.23098E+00  5.55352E+00  5.89860E+00  6.25529E+00  6.61246E+00  6.95932E+00  7.28600E+00  7.58400E+00  7.84670E+00  8.06948E+00  8.24994E+00  8.38768E+00  8.48413E+00  8.54213E+00  8.56551E+00  8.55859E+00  8.52581E+00  8.47136E+00  8.39898E+00  8.31189E+00  8.21285E+00  8.10430E+00  7.98867E+00  7.86857E+00  7.74707E+00  7.62791E+00  7.51545E+00  7.41468E+00  7.33093E+00  7.26944E+00  7.23491E+00  7.23088E+00  7.25917E+00  7.31941E+00  7.40864E+00  7.52122E+00  7.64894E+00  7.78135E+00  7.90649E+00  8.01166E+00  8.08444E+00  8.11369E+00  8.09054E+00  8.00910E+00  7.86709E+00  7.66598E+00  7.41093E+00  7.11036E+00  6.77531E+00  6.41859E+00  6.05392E+00  5.69505E+00  5.35504E+00  5.04568E+00  4.77706E+00  4.55745E+00
  4.10051E+00  4.05797E+00  4.08179E+00  4.16957E+00  4.31730E+00  4.51958E+00  4.76992E+00  5.06085E+00  5.38411E+00  5.73077E+00  6.09147E+00  6.45659E+00  6.81657E+00  7.16227E+00  7.48530E+00  7.77838E+00  8.03565E+00  8.25291E+00  8.42771E+00  8.55939E+00  8.64890E+00  8.69863E+00  8.71202E+00  8.69325E+00  8.64689E+00  8.57756E+00  8.48971E+00  8.38746E+00  8.27457E+00  8.15448E+00  8.03039E+00  7.90551E+00  7.78318E+00  7.66696E+00  7.56076E+00  7.46873E+00  7.39509E+00  7.34386E+00  7.31843E+00  7.32112E+00  7.35266E+00  7.41179E+00  7.49497E+00  7.59616E+00  7.70702E+00  7.81719E+00  7.91489E+00  7.98778E+00  8.02388E+00  8.01260E+00  7.94576E+00  7.81838E+00  7.62929E+00  7.38136E+00  7.08144E+00  6.73986E+00  6.36977E+00  5.98607E+00  5.60448E+00  5.24036E+00  4.90789E+00  4.61927E+00  4.38425E+00  4.20987E+00  4.10051E+00
  3.78551E+00  3.88254E+00  4.04406E+00  4.26303E+00  4.53125E+00  4.83980E+00  5.17942E+00  5.54071E+00  5.91441E+00  6.29147E+00  6.66327E+00  7.02170E+00  7.35933E+00  7.66962E+00  7.94701E+00  8.18713E+00  8.38691E+00  8.54464E+00  8.66002E+00  8.73401E+00  8.76877E+00  8.76742E+00  8.73383E+00  8.67234E+00  8.58756E+00  8.48415E+00  8.36667E+00  8.23949E+00  8.10678E+00  7.97253E+00  7.84056E+00  7.71467E+00  7.59863E+00  7.49615E+00  7.41083E+00  7.34604E+00  7.30459E+00  7.28850E+00  7.29859E+00  7.33412E+00  7.39252E+00  7.46912E+00  7.55715E+00  7.64788E+00  7.73095E+00  7.79501E+00  7.82845E+00  7.82036E+00  7.76147E+00  7.64507E+00  7.46783E+00  7.23028E+00  6.93705E+00  6.59676E+00  6.22149E+00  5.82601E+00  5.42674E+00  5.04061E+00  4.68393E+00  4.37135E+00  4.11503E+00  3.92411E+00  3.80439E+00  3.75837E+00  3.78551E+00
  3.68857E+00  3.92759E+00  4.22070E+00  4.55721E+00  4.92601E+00  5.31606E+00  5.71669E+00  6.11797E+00  6.51084E+00  6.88722E+00  7.24011E+00  7.56360E+00  7.85292E+00  8.10443E+00  8.31560E+00  8.48504E+00  8.61243E+00  8.69849E+00  8.74486E+00  8.75401E+00  8.72912E+00  8.67388E+00  8.59243E+00  8.48912E+00  8.36845E+00  8.23500E+00  8.09328E+00  7.94775E+00  7.80280E+00  7.66272E+00  7.53170E+00  7.41373E+00  7.31256E+00  7.23153E+00  7.17340E+00  7.14004E+00  7.13225E+00  7.14938E+00  7.18913E+00  7.24734E+00  7.31795E+00  7.39307E+00  7.46323E+00  7.51788E+00  7.54598E+00  7.53683E+00  7.48092E+00  7.37082E+00  7.20199E+00  6.97341E+00  6.68801E+00  6.35270E+00  5.97816E+00  5.57823E+00  5.16905E+00  4.76800E+00  4.39254E+00  4.05905E+00  3.78180E+00  3.57218E+00  3.43811E+00  3.38380E+00  3.40980E+00  3.51330E+00  3.68857E+00
  3.85818E+00  4.22439E+00  4.62692E+00  5.05296E+00  5.49007E+00  5.92657E+00  6.35194E+00  6.75693E+00  7.13379E+00  7.47629E+00  7.77966E+00  8.04064E+00  8.25733E+00  8.42908E+00  8.55635E+00  8.64057E+00  8.68397E+00  8.68944E+00  8.66036E+00  8.60049E+00  8.51381E+00  8.40447E+00  8.27668E+00  8.13473E+00  7.98289E+00  7.82548E+00  7.66684E+00  7.51129E+00  7.36317E+00  7.22674E+00  7.10611E+00  7.00496E+00  6.92648E+00  6.87300E+00  6.84574E+00  6.84451E+00  6.86744E+00  6.91083E+00  6.96899E+00  7.03439E+00  7.09784E+00  7.14895E+00  7.17672E+00  7.17027E+00  7.11972E+00  7.01704E+00  6.85685E+00  6.63716E+00  6.35977E+00  6.03050E+00  5.65904E+00  5.25846E+00  4.84452E+00  4.43464E+00  4.04681E+00  3.69841E+00  3.40513E+00  3.18002E+00  3.03280E+00  2.96943E+00  2.99196E+00  3.09862E+00  3.28428E+00  3.54088E+00  3.85818E+00
  4.30287E+00  4.76495E+00  5.24044E+00  5.71611E+00  6.17983E+00  6.62083E+00  7.02993E+00  7.39969E+00  7.72451E+00  8.00057E+00  8.22574E+00  8.39957E+00  8.52299E+00  8.59822E+00  8.62844E+00  8.61757E+00  8.57005E+00  8.49061E+00  8.38405E+00  8.25514E+00  8.10846E+00  7.94841E+00  7.77919E+00  7.60488E+00  7.42939E+00  7.25663E+00  7.09055E+00  6.93510E+00  6.79420E+00  6.67166E+00  6.57090E+00  6.49479E+00  6.44525E+00  6.42295E+00  6.42697E+00  6.45450E+00  6.50069E+00  6.55863E+00  6.61947E+00  6.67287E+00  6.70751E+00  6.71186E+00  6.67509E+00  6.58801E+00  6.44394E+00  6.23958E+00  5.97553E+00  5.65657E+00  5.29164E+00  4.89343E+00  4.47766E+00  4.06210E+00  3.66545E+00  3.30608E+00  3.00092E+00  2.76436E+00  2.60754E+00  2.53776E+00  2.55824E+00  2.66821E+00  2.86314E+00  3.13531E+00  3.47435E+00  3.86802E+00  4.30287E+00
  4.98664E+00  5.50017E+00  6.00192E+00  6.47991E+00  6.92375E+00  7.32476E+00  7.67617E+00  7.97306E+00  8.21249E+00  8.39335E+00  8.51630E+00  8.58359E+00  8.59880E+00  8.56664E+00  8.49262E+00  8.38273E+00  8.24317E+00  8.08007E+00  7.89931E+00  7.70634E+00  7.50610E+00  7.30307E+00  7.10126E+00  6.90435E+00  6.71580E+00  6.53892E+00  6.37698E+00  6.23321E+00  6.11071E+00  6.01228E+00  5.94016E+00  5.89567E+00  5.87888E+00  5.88820E+00  5.92006E+00  5.96878E+00  6.02654E+00  6.08357E+00  6.12865E+00  6.14978E+00  6.13507E+00  6.07378E+00  5.95736E+00  5.78041E+00  5.54153E+00  5.24375E+00  4.89470E+00  4.50635E+00  4.09433E+00  3.67694E+00  3.27394E+00  2.90517E+00  2.58924E+00  2.34232E+00  2.17719E+00  2.10255E+00  2.12273E+00  2.23768E+00  2.44325E+00  2.73172E+00  3.09247E+00  3.51274E+00  3.97839E+00  4.47463E+00  4.98664E+00
  5.83047E+00  6.34321E+00  6.81980E+00  7.25078E+00  7.62861E+00  7.94754E+00  8.20376E+00  8.39535E+00  8.52216E+00  8.58587E+00  8.58975E+00  8.53848E+00  8.43795E+00  8.29491E+00  8.11668E+00  7.91083E+00  7.68480E+00  7.44570E+00  7.20006E+00  6.95369E+00  6.71162E+00  6.47814E+00  6.25689E+00  6.05097E+00  5.86311E+00  5.69578E+00  5.55127E+00  5.43169E+00  5.33881E+00  5.27391E+00  5.23743E+00  5.22858E+00  5.24503E+00  5.28253E+00  5.33473E+00  5.39320E+00  5.44762E+00  5.48631E+00  5.49700E+00  5.46776E+00  5.38820E+00  5.25051E+00  5.05057E+00  4.78872E+00  4.47022E+00  4.10521E+00  3.70836E+00  3.29787E+00  2.89431E+00  2.51912E+00  2.19302E+00  1.93461E+00  1.75908E+00  1.67729E+00  1.69529E+00  1.81411E+00  2.03011E+00  2.33547E+00  2.71901E+00  3.16705E+00  3.66434E+00  4.19490E+00  4.74280E+00  5.29273E+00  5.83047E+00
  6.72179E+00  7.18014E+00  7.58144E+00  7.91968E+00  8.19072E+00  8.39220E+00  8.52347E+00  8.58561E+00  8.58128E+00  8.51468E+00  8.39138E+00  8.21814E+00  8.00263E+00  7.75317E+00  7.47840E+00  7.18691E+00  6.88693E+00  6.58607E+00  6.29110E+00  6.00783E+00  5.74103E+00  5.49452E+00  5.27127E+00  5.07354E+00  4.90302E+00  4.76095E+00  4.64828E+00  4.56552E+00  4.51262E+00  4.48882E+00  4.49223E+00  4.51957E+00  4.56580E+00  4.62399E+00  4.68529E+00  4.73915E+00  4.77387E+00  4.77731E+00  4.73799E+00  4.64619E+00  4.49515E+00  4.28210E+00  4.00909E+00  3.68335E+00  3.31722E+00  2.92756E+00  2.53463E+00  2.16072E+00  1.82841E+00  1.55889E+00  1.37035E+00  1.27672E+00  1.28676E+00  1.40366E+00  1.62515E+00  1.94389E+00  2.34838E+00  2.82395E+00  3.35386E+00  3.92042E+00  4.50594E+00  5.09351E+00  5.66757E+00  6.21429E+00  6.72179E+00
  7.52939E+00  7.88482E+00  8.16782E+00  8.37619E+00  8.50937E+00  8.56837E+00  8.55562E+00  8.47495E+00  8.33151E+00  8.13166E+00  7.88285E+00  7.59345E+00  7.27247E+00  6.92931E+00  6.57341E+00  6.21392E+00  5.85941E+00  5.51753E+00  5.19487E+00  4.89682E+00  4.62752E+00  4.38993E+00  4.18595E+00  4.01660E+00  3.88210E+00  3.78208E+00  3.71561E+00  3.68111E+00  3.67631E+00  3.69794E+00  3.74150E+00  3.80108E+00  3.86911E+00  3.93642E+00  3.99250E+00  4.02593E+00  4.02521E+00  3.97974E+00  3.88092E+00  3.72335E+00  3.50584E+00  3.23217E+00  2.91140E+00  2.55769E+00  2.18959E+00  1.82885E+00  1.49878E+00  1.22249E+00  1.02103E+00  9.11722E-01  9.06885E-01  1.01299E+00  1.23036E+00  1.55339E+00  1.97128E+00  2.46901E+00  3.02865E+00  3.63067E+00  4.25515E+00  4.88288E+00  5.49618E+00  6.07946E+00  6.61951E+00  7.10559E+00  7.52939E+00
  8.12029E+00  8.33448E+00  8.46751E+00  8.52087E+00  8.49744E+00  8.40124E+00  8.23743E+00  8.01220E+00  7.73271E+00  7.40707E+00  7.04417E+00  6.65352E+00  6.24505E+00  5.82880E+00  5.41458E+00  5.01168E+00  4.62852E+00  4.27241E+00  3.94927E+00  3.66362E+00  3.41849E+00  3.21548E+00  3.05492E+00  2.93602E+00  2.85704E+00  2.81543E+00  2.80789E+00  2.83034E+00  2.87787E+00  2.94457E+00  3.02339E+00  3.10610E+00  3.18330E+00  3.24466E+00  3.27942E+00  3.27710E+00  3.22843E+00  3.12641E+00  2.96740E+00  2.75203E+00  2.48589E+00  2.17974E+00  1.84926E+00  1.51422E+00  1.19719E+00  9.21851E-01  7.11122E-01  5.85273E-01  5.60262E-01  6.46458E-01  8.47877E-01  1.16199E+00  1.58010E+00  2.08820E+00  2.66819E+00  3.29931E+00  3.95964E+00  4.62742E+00  5.28224E+00  5.90591E+00  6.48297E+00  7.00100E+00  7.45055E+00  7.82501E+00  8.12029E+00
  8.37737E+00  8.42567E+00  8.39093E+00  8.27799E+00  8.09265E+00  7.84147E+00  7.53184E+00  7.17180E+00  6.77010E+00  6.33612E+00  5.87975E+00  5.41131E+00  4.94121E+00  4.47974E+00  4.03674E+00  3.62121E+00  3.24100E+00  2.90257E+00  2.61072E+00  2.36852E+00  2.17728E+00  2.03665E+00  1.94474E+00  1.89831E+00  1.89302E+00  1.92356E+00  1.98379E+00  2.06684E+00  2.16509E+00  2.27020E+00  2.37314E+00  2.46429E+00  2.53371E+00  2.57161E+00  2.56893E+00  2.51827E+00  2.41469E+00  2.25673E+00  2.04716E+00  1.79350E+00  1.50816E+00  1.20800E+00  9.13561E-01  6.47595E-01  4.33440E-01  2.93123E-01  2.45508E-01  3.04691E-01  4.78791E-01  7.69287E-01  1.17093E+00  1.67226E+00  2.25653E+00  2.90315E+00  3.58911E+00  4.29066E+00  4.98470E+00  5.65001E+00  6.26813E+00  6.82394E+00  7.30583E+00  7.70567E+00  8.01856E+00  8.24237E+00  8.37737E+00
  8.20964E+00  8.08229E+00  7.87643E+00  7.59969E+00  7.26020E+00  6.86658E+00  6.42787E+00  5.95351E+00  5.45336E+00  4.93767E+00  4.41699E+00  3.90202E+00  3.40335E+00  2.93116E+00  2.49489E+00  2.10283E+00  1.76182E+00  1.47690E+00  1.25116E+00  1.08557E+00  9.79032E-01  9.28448E-01  9.28956E-01  9.74172E-01  1.05648E+00  1.16734E+00  1.29752E+00  1.43735E+00  1.57690E+00  1.70616E+00  1.81529E+00  1.89487E+00  1.93638E+00  1.93269E+00  1.87872E+00  1.77221E+00  1.61438E+00  1.41052E+00  1.17029E+00  9.07694E-01  6.40586E-01  3.89742E-01  1.77513E-01  2.61765E-02 -4.38474E-02 -1.57238E-02  1.22312E-01  3.75885E-01  7.43933E-01  1.21874E+00  1.78651E+00  2.42842E+00  3.12204E+00  3.84289E+00  4.56605E+00  5.26764E+00  5.92604E+00  6.52283E+00  7.04330E+00  7.47669E+00  7.81609E+00  8.05814E+00  8.20257E+00  8.25165E+00  8.20964E+00
  7.56274E+00  7.26440E+00  6.89768E+00  6.47233E+00  5.99833E+00  5.48578E+00  4.94490E+00  4.38610E+00  3.81996E+00  3.25724E+00  2.70879E+00  2.18534E+00  1.69728E+00  1.25428E+00  8.64930E-01  5.36326E-01  2.73680E-01  8.00130E-02 -4.40651E-02 -1.00455E-01 -9.35277E-02 -2.99388E-02  8.16671E-02  2.31060E-01  4.06885E-01  5.97142E-01  7.89656E-01  9.72518E-01  1.13448E+00  1.26534E+00  1.35629E+00  1.40032E+00  1.39263E+00  1.33112E+00  1.21677E+00  1.05412E+00  8.51458E-01  6.20927E-01  3.78227E-01  1.42021E-01 -6.70402E-02 -2.27609E-01 -3.19155E-01 -3.23567E-01 -2.26667E-01 -1.94781E-02  3.00903E-01  7.30912E-01  1.26066E+00  1.87457E+00  2.55243E+00  3.27080E+00  4.00452E+00  4.72825E+00  5.41798E+00  6.05217E+00  6.61266E+00  7.08527E+00  7.46000E+00  7.73101E+00  7.89624E+00  7.95699E+00  7.91728E+00  7.78329E+00  7.56274E+00
  6.41747E+00  5.96599E+00  5.46087E+00  4.91350E+00  4.33512E+00  3.73687E+00  3.12976E+00  2.52478E+00  1.93286E+00  1.36491E+00  8.31698E-01  3.43595E-01 -8.96818E-02 -4.59474E-01 -7.58613E-01 -9.81881E-01 -1.12641E+00 -1.19205E+00 -1.18152E+00 -1.10055E+00 -9.57665E-01 -7.63923E-01 -5.32409E-01 -2.77612E-01 -1.47045E-02  2.41205E-01  4.75807E-01  6.76260E-01  8.31771E-01  9.34084E-01  9.77866E-01  9.61010E-01  8.84850E-01  7.54289E-01  5.77809E-01  3.67340E-01  1.37945E-01 -9.27165E-02 -3.05165E-01 -4.79115E-01 -5.94671E-01 -6.33649E-01 -5.80899E-01 -4.25507E-01 -1.61753E-01  2.10282E-01  6.84526E-01  1.24917E+00  1.88736E+00  2.57817E+00  3.29794E+00  4.02170E+00  4.72449E+00  5.38283E+00  5.97576E+00  6.48577E+00  6.89933E+00  7.20717E+00  7.40429E+00  7.48966E+00  7.46577E+00  7.33809E+00  7.11434E+00  6.80396E+00  6.41747E+00
  4.79348E+00  4.21784E+00  3.60702E+00  2.97352E+00  2.32949E+00  1.68670E+00  1.05662E+00  4.50461E-01 -1.20827E-01 -6.46583E-01 -1.11660E+00 -1.52137E+00 -1.85247E+00 -2.10297E+00 -2.26793E+00 -2.34490E+00 -2.33438E+00 -2.24010E+00 -2.06919E+00 -1.83216E+00 -1.54253E+00 -1.21635E+00 -8.71376E-01 -5.26173E-01 -1.99042E-01  9.30134E-02  3.35273E-01  5.16137E-01  6.27778E-01  6.66567E-01  6.33276E-01  5.33058E-01  3.75211E-01  1.72754E-01 -5.81704E-02 -2.99048E-01 -5.29882E-01 -7.30187E-01 -8.80065E-01 -9.61304E-01 -9.58458E-01 -8.59829E-01 -6.58270E-01 -3.51756E-01  5.63522E-02  5.57371E-01  1.13769E+00  1.77947E+00  2.46162E+00  3.16092E+00  3.85325E+00  4.51483E+00  5.12337E+00  5.65911E+00  6.10556E+00  6.45011E+00  6.68428E+00  6.80382E+00  6.80848E+00  6.70161E+00  6.48967E+00  6.18158E+00  5.78810E+00  5.32119E+00  4.79348E+00
  2.74533E+00  2.08403E+00  1.40886E+00  7.33073E-01  6.93338E-02 -5.70226E-01 -1.17400E+00 -1.73090E+00 -2.23035E+00 -2.66244E+00 -3.01812E+00 -3.28950E+00 -3.47032E+00 -3.55640E+00 -3.54618E+00 -3.44125E+00 -3.24667E+00 -2.97132E+00 -2.62777E+00 -2.23211E+00 -1.80331E+00 -1.36234E+00 -9.31029E-01 -5.30813E-01 -1.81339E-01  1.00800E-01  3.03175E-01  4.18366E-01  4.44457E-01  3.85171E-01  2.49635E-01  5.17937E-02 -1.90461E-01 -4.56383E-01 -7.23607E-01 -9.69434E-01 -1.17209E+00 -1.31193E+00 -1.37239E+00 -1.34089E+00 -1.20942E+00 -9.74889E-01 -6.39293E-01 -2.09544E-01  3.02867E-01  8.82460E-01  1.51051E+00  2.16597E+00  2.82643E+00  3.46914E+00  4.07205E+00  4.61470E+00  5.07904E+00  5.45020E+00  5.71686E+00  5.87162E+00  5.91103E+00  5.83552E+00  5.64910E+00  5.35886E+00  4.97448E+00  4.50759E+00  3.97119E+00  3.37907E+00  2.74533E+00
  3.57668E-01 -3.43367E-01 -1.03478E+00 -1.70293E+00 -2.33485E+00 -2.91835E+00 -3.44202E+00 -3.89528E+00 -4.26850E+00 -4.55323E+00 -4.74245E+00 -4.83103E+00 -4.81618E+00 -4.69792E+00 -4.47964E+00 -4.16849E+00 -3.77557E+00 -3.31600E+00 -2.80856E+00 -2.27509E+00 -1.73950E+00 -1.22649E+00 -7.60066E-01 -3.61970E-01 -5.01448E-02  1.62589E-01  2.69531E-01  2.70671E-01  1.72768E-01 -1.10707E-02 -2.62284E-01 -5.58133E-01 -8.73259E-01 -1.18138E+00 -1.45697E+00 -1.67681E+00 -1.82129E+00 -1.87537E+00 -1.82918E+00 -1.67831E+00 -1.42376E+00 -1.07158E+00 -6.32387E-01 -1.20656E-01  4.46076E-01  1.04806E+00  1.66419E+00  2.27292E+00  2.85302E+00  3.38442E+00  3.84890E+00  4.23069E+00  4.51696E+00  4.69823E+00  4.76857E+00  4.72571E+00  4.57092E+00  4.30880E+00  3.94693E+00  3.49543E+00  2.96640E+00  2.37340E+00  1.73096E+00  1.05403E+00  3.57668E-01
 -2.25411E+00 -2.94342E+00 -3.59805E+00 -4.20418E+00 -4.74885E+00 -5.22013E+00 -5.60723E+00 -5.90071E+00 -6.09271E+00 -6.17733E+00 -6.15102E+00 -6.01301E+00 -5.76575E+00 -5.41546E+00 -4.97231E+00 -4.45060E+00 -3.86864E+00 -3.24834E+00 -2.61448E+00 -1.99357E+00 -1.41250E+00 -8.96924E-01 -4.69569E-01 -1.48589E-01  5.38571E-02  1.32658E-01  9.03158E-02 -6.30645E-02 -3.10368E-01 -6.28623E-01 -9.90615E-01 -1.36682E+00 -1.72745E+00 -2.04451E+00 -2.29352E+00 -2.45495E+00 -2.51513E+00 -2.46667E+00 -2.30848E+00 -2.04532E+00 -1.68711E+00 -1.24803E+00 -7.45542E-01 -1.99371E-01  3.69469E-01  9.39583E-01  1.48999E+00  2.00085E+00  2.45402E+00  2.83359E+00  3.12631E+00  3.32181E+00  3.41289E+00  3.39563E+00  3.26935E+00  3.03652E+00  2.70262E+00  2.27578E+00  1.76642E+00  1.18688E+00  5.50938E-01 -1.26610E-01 -8.30368E-01 -1.54471E+00 -2.25411E+00
 -4.95473E+00 -5.57652E+00 -6.13737E+00 -6.62360E+00 -7.02265E+00 -7.32338E+00 -7.51641E+00 -7.59454E+00 -7.55309E+00 -7.39043E+00 -7.10850E+00 -6.71310E+00 -6.21421E+00 -5.62625E+00 -4.96780E+00 -4.26130E+00 -3.53244E+00 -2.80906E+00 -2.12000E+00 -1.49357E+00 -9.55849E-01 -5.29053E-01 -2.29879E-01 -6.81846E-02 -4.60427E-02 -1.57323E-01 -3.87883E-01 -7.16373E-01 -1.11563E+00 -1.55454E+00 -2.00023E+00 -2.42035E+00 -2.78528E+00 -3.06999E+00 -3.25544E+00 -3.32950E+00 -3.28715E+00 -3.13025E+00 -2.86688E+00 -2.51033E+00 -2.07796E+00 -1.58995E+00 -1.06815E+00 -5.34941E-01 -1.23047E-02  4.79016E-01  9.20138E-01  1.29456E+00  1.58848E+00  1.79107E+00  1.89459E+00  1.89439E+00  1.78892E+00  1.57960E+00  1.27061E+00  8.68676E-01  3.82803E-01 -1.76067E-01 -7.95374E-01 -1.46127E+00 -2.15894E+00 -2.87294E+00 -3.58747E+00 -4.28662E+00 -4.95473E+00
 -7.58974E+00 -8.08510E+00 -8.49248E+00 -8.79885E+00 -8.99282E+00 -9.06519E+00 -9.00942E+00 -8.82237E+00 -8.50477E+00 -8.06174E+00 -7.50322E+00 -6.84404E+00 -6.10379E+00 -5.30640E+00 -4.47936E+00 -3.65268E+00 -2.85753E+00 -2.12480E+00 -1.48338E+00 -9.58533E-01 -5.70267E-01 -3.31913E-01 -2.49046E-01 -3.18855E-01 -5.30054E-01 -8.63403E-01 -1.29281E+00 -1.78702E+00 -2.31162E+00 -2.83141E+00 -3.31272E+00 -3.72561E+00 -4.04567E+00 -4.25531E+00 -4.34443E+00 -4.31054E+00 -4.15831E+00 -3.89869E+00 -3.54774E+00 -3.12540E+00 -2.65405E+00 -2.15730E+00 -1.65877E+00 -1.18110E+00 -7.45054E-01 -3.68946E-01 -6.81196E-02  1.45324E-01  2.62664E-01  2.78542E-01  1.90864E-01  6.13336E-04 -2.88433E-01 -6.69988E-01 -1.13558E+00 -1.67490E+00 -2.27609E+00 -2.92605E+00 -3.61073E+00 -4.31529E+00 -5.02437E+00 -5.72221E+00 -6.39294E+00 -7.02065E+00 -7.58974E+00
 -9.98999E+00 -1.02975E+01 -1.04900E+01 -1.05565E+01 -1.04882E+01 -1.02799E+01 -9.93046E+00 -9.44342E+00 -8.82780E+00 -8.09837E+00 -7.27539E+00 -6.38437E+00 -5.45520E+00 -4.52083E+00 -3.61585E+00 -2.77469E+00 -2.02981E+00 -1.40988E+00 -9.38080E-01 -6.30637E-01 -4.95693E-01 -5.32629E-01 -7.31915E-01 -1.07553E+00 -1.53796E+00 -2.08776E+00 -2.68950E+00 -3.30601E+00 -3.90076E+00 -4.44012E+00 -4.89531E+00 -5.24395E+00 -5.47110E+00 -5.56961E+00 -5.53999E+00 -5.38978E+00 -5.13256E+00 -4.78669E+00 -4.37403E+00 -3.91855E+00 -3.44503E+00 -2.97794E+00 -2.54034E+00 -2.15308E+00 -1.83408E+00 -1.59789E+00 -1.45538E+00 -1.41363E+00 -1.47605E+00 -1.64249E+00 -1.90962E+00 -2.27129E+00 -2.71894E+00 -3.24207E+00 -3.82860E+00 -4.46530E+00 -5.13808E+00 -5.83223E+00 -6.53258E+00 -7.22368E+00 -7.88984E+00 -8.51524E+00 -9.08410E+00 -9.58075E+00 -9.98999E+00
 -1.19775E+01 -1.20350E+01 -1.19532E+01 -1.17250E+01 -1.13472E+01 -1.08216E+01 -1.01557E+01 -9.36318E+00 -8.46398E+00 -7.48446E+00 -6.45610E+00 -5.41462E+00 -4.39818E+00 -3.44540E+00 -2.59325E+00 -1.87488E+00 -1.31766E+00 -9.41433E-01 -7.57277E-01 -7.66676E-01 -9.61357E-01 -1.32370E+00 -1.82780E+00 -2.44105E+00 -3.12621E+00 -3.84373E+00 -4.55419E+00 -5.22067E+00 -5.81074E+00 -6.29817E+00 -6.66400E+00 -6.89711E+00 -6.99424E+00 -6.95952E+00 -6.80362E+00 -6.54270E+00 -6.19714E+00 -5.79021E+00 -5.34690E+00 -4.89259E+00 -4.45202E+00 -4.04833E+00 -3.70214E+00 -3.43096E+00 -3.24866E+00 -3.16518E+00 -3.18642E+00 -3.31426E+00 -3.54684E+00 -3.87889E+00 -4.30219E+00 -4.80605E+00 -5.37787E+00 -6.00362E+00 -6.66834E+00 -7.35642E+00 -8.05194E+00 -8.73893E+00 -9.40136E+00 -1.00233E+01 -1.05887E+01 -1.10820E+01 -1.14877E+01 -1.17909E+01 -1.19775E+01
 -1.33693E+01 -1.31204E+01 -1.27154E+01 -1.21545E+01 -1.14440E+01 -1.05964E+01 -9.63100E+00 -8.57389E+00 -7.45729E+00 -6.31845E+00 -5.19808E+00 -4.13829E+00 -3.18030E+00 -2.36202E+00 -1.71572E+00 -1.26592E+00 -1.02777E+00 -1.00595E+00 -1.19429E+00 -1.57606E+00 -2.12500E+00 -2.80701E+00 -3.58236E+00 -4.40822E+00 -5.24143E+00 -6.04104E+00 -6.77059E+00 -7.39993E+00 -7.90639E+00 -8.27541E+00 -8.50057E+00 -8.58314E+00 -8.53132E+00 -8.35919E+00 -8.08549E+00 -7.73245E+00 -7.32454E+00 -6.88731E+00 -6.44634E+00 -6.02616E+00 -5.64952E+00 -5.33644E+00 -5.10376E+00 -4.96457E+00 -4.92790E+00 -4.99867E+00 -5.17761E+00 -5.46156E+00 -5.84381E+00 -6.31452E+00 -6.86126E+00 -7.46959E+00 -8.12363E+00 -8.80653E+00 -9.50094E+00 -1.01893E+01 -1.08543E+01 -1.14787E+01 -1.20457E+01 -1.25389E+01 -1.29424E+01 -1.32408E+01 -1.34198E+01 -1.34664E+01 -1.33693E+01
 -1.40012E+01 -1.34068E+01 -1.26548E+01 -1.17571E+01 -1.07330E+01 -9.60836E+00 -8.41601E+00 -7.19398E+00 -5.98440E+00 -4.83158E+00 -3.77958E+00 -2.86992E+00 -2.13902E+00 -1.61588E+00 -1.32010E+00 -1.26044E+00 -1.43401E+00 -1.82634E+00 -2.41214E+00 -3.15686E+00 -4.01899E+00 -4.95270E+00 -5.91083E+00 -6.84785E+00 -7.72247E+00 -8.49979E+00 -9.15276E+00 -9.66294E+00 -1.00206E+01 -1.02243E+01 -1.02799E+01 -1.01997E+01 -1.00012E+01 -9.70549E+00 -9.33661E+00 -8.92002E+00 -8.48168E+00 -8.04707E+00 -7.64033E+00 -7.28344E+00 -6.99559E+00 -6.79264E+00 -6.68666E+00 -6.68564E+00 -6.79346E+00 -7.00982E+00 -7.33049E+00 -7.74762E+00 -8.25016E+00 -8.82442E+00 -9.45451E+00 -1.01230E+01 -1.08114E+01 -1.15006E+01 -1.21712E+01 -1.28042E+01 -1.33807E+01 -1.38826E+01 -1.42924E+01 -1.45936E+01 -1.47708E+01 -1.48103E+01 -1.47004E+01 -1.44324E+01 -1.40012E+01
 -1.37599E+01 -1.28174E+01 -1.17401E+01 -1.05548E+01 -9.29545E+00 -8.00128E+00 -6.71607E+00 -5.48574E+00 -4.35631E+00 -3.37150E+00 -2.57032E+00 -1.98474E+00 -1.63766E+00 -1.54124E+00 -1.69590E+00 -2.08999E+00 -2.70028E+00 -3.49329E+00 -4.42733E+00 -5.45514E+00 -6.52691E+00 -7.59335E+00 -8.60870E+00 -9.53319E+00 -1.03348E+01 -1.09905E+01 -1.14865E+01 -1.18178E+01 -1.19876E+01 -1.20059E+01 -1.18887E+01 -1.16560E+01 -1.13313E+01 -1.09399E+01 -1.05080E+01 -1.00619E+01 -9.62692E+00 -9.22661E+00 -8.88225E+00 -8.61205E+00 -8.43063E+00 -8.34888E+00 -8.37363E+00 -8.50752E+00 -8.74913E+00 -9.09314E+00 -9.53070E+00 -1.00498E+01 -1.06357E+01 -1.12714E+01 -1.19385E+01 -1.26170E+01 -1.32865E+01 -1.39261E+01 -1.45147E+01 -1.50319E+01 -1.54578E+01 -1.57736E+01 -1.59617E+01 -1.60067E+01 -1.58955E+01 -1.56182E+01 -1.51692E+01 -1.45479E+01 -1.37599E+01
 -1.26289E+01 -1.13919E+01 -1.00735E+01 -8.71533E+00 -7.36347E+00 -6.06629E+00 -4.87207E+00 -3.82663E+00 -2.97085E+00 -2.33845E+00 -1.95404E+00 -1.83161E+00 -1.97343E+00 -2.36973E+00 -2.99901E+00 -3.82913E+00 -4.81919E+00 -5.92194E+00 -7.08669E+00 -8.26238E+00 -9.40048E+00 -1.04577E+01 -1.13981E+01 -1.21941E+01 -1.28276E+01 -1.32897E+01 -1.35797E+01 -1.37048E+01 -1.36783E+01 -1.35186E+01 -1.32477E+01 -1.28904E+01 -1.24729E+01 -1.20217E+01 -1.15633E+01 -1.11227E+01 -1.07230E+01 -1.03847E+01 -1.01251E+01 -9.95772E+00 -9.89224E+00 -9.93412E+00 -1.00847E+01 -1.03414E+01 -1.06976E+01 -1.11433E+01 -1.16654E+01 -1.22484E+01 -1.28744E+01 -1.35239E+01 -1.41762E+01 -1.48095E+01 -1.54017E+01 -1.59306E+01 -1.63740E+01 -1.67105E+01 -1.69201E+01 -1.69843E+01 -1.68875E+01 -1.66177E+01 -1.61674E+01 -1.55347E+01 -1.47245E+01 -1.37492E+01 -1.26289E+01
 -1.07383E+01 -9.32770E+00 -7.91835E+00 -6.56185E+00 -5.30977E+00 -4.21098E+00 -3.30900E+00 -2.63959E+00 -2.22882E+00 -2.09161E+00 -2.23082E+00 -2.63707E+00 -3.28913E+00 -4.15506E+00 -5.19408E+00 -6.35893E+00 -7.59866E+00 -8.86161E+00 -1.00983E+01 -1.12638E+01 -1.23201E+01 -1.32371E+01 -1.39936E+01 -1.45771E+01 -1.49836E+01 -1.52168E+01 -1.52868E+01 -1.52091E+01 -1.50036E+01 -1.46931E+01 -1.43027E+01 -1.38587E+01 -1.33875E+01 -1.29152E+01 -1.24665E+01 -1.20638E+01 -1.17269E+01 -1.14723E+01 -1.13125E+01 -1.12562E+01 -1.13076E+01 -1.14668E+01 -1.17298E+01 -1.20888E+01 -1.25325E+01 -1.30468E+01 -1.36148E+01 -1.42179E+01 -1.48356E+01 -1.54463E+01 -1.60276E+01 -1.65562E+01 -1.70090E+01 -1.73628E+01 -1.75953E+01 -1.76856E+01 -1.76153E+01 -1.73692E+01 -1.69369E+01 -1.63142E+01 -1.55038E+01 -1.45169E+01 -1.33732E+01 -1.21014E+01 -1.07383E+01
 -8.37650E+00 -6.97404E+00 -5.67311E+00 -4.52625E+00 -3.58064E+00 -2.87532E+00 -2.43901E+00 -2.28842E+00 -2.42738E+00 -2.84669E+00 -3.52469E+00 -4.42861E+00 -5.51659E+00 -6.74020E+00 -8.04736E+00 -9.38536E+00 -1.07038E+01 -1.19570E+01 -1.31059E+01 -1.41198E+01 -1.49758E+01 -1.56601E+01 -1.61666E+01 -1.64964E+01 -1.66569E+01 -1.66608E+01 -1.65250E+01 -1.62700E+01 -1.59186E+01 -1.54953E+01 -1.50259E+01 -1.45360E+01 -1.40506E+01 -1.35937E+01 -1.31870E+01 -1.28493E+01 -1.25962E+01 -1.24396E+01 -1.23870E+01 -1.24417E+01 -1.26027E+01 -1.28646E+01 -1.32185E+01 -1.36520E+01 -1.41494E+01 -1.46929E+01 -1.52627E+01 -1.58371E+01 -1.63937E+01 -1.69090E+01 -1.73592E+01 -1.77206E+01 -1.79693E+01 -1.80832E+01 -1.80415E+01 -1.78268E+01 -1.74259E+01 -1.68314E+01 -1.60434E+01 -1.50703E+01 -1.39300E+01 -1.26499E+01 -1.12669E+01 -9.82555E+00 -8.37650E+00
 -5.96297E+00 -4.78031E+00 -3.79724E+00 -3.05653E+00 -2.59052E+00 -2.41921E+00 -2.54894E+00 -2.97216E+00 -3.66784E+00 -4.60296E+00 -5.73459E+00 -7.01268E+00 -8.38314E+00 -9.79122E+00 -1.11845E+01 -1.25157E+01 -1.37445E+01 -1.48389E+01 -1.57758E+01 -1.65408E+01 -1.71268E+01 -1.75344E+01 -1.77696E+01 -1.78432E+01 -1.77705E+01 -1.75692E+01 -1.72600E+01 -1.68652E+01 -1.64087E+01 -1.59147E+01 -1.54076E+01 -1.49112E+01 -1.44479E+01 -1.40384E+01 -1.37003E+01 -1.34482E+01 -1.32927E+01 -1.32408E+01 -1.32948E+01 -1.34524E+01 -1.37078E+01 -1.40506E+01 -1.44673E+01 -1.49412E+01 -1.54532E+01 -1.59821E+01 -1.65052E+01 -1.69988E+01 -1.74383E+01 -1.77994E+01 -1.80576E+01 -1.81895E+01 -1.81732E+01 -1.79898E+01 -1.76243E+01 -1.70670E+01 -1.63154E+01 -1.53752E+01 -1.42618E+01 -1.30004E+01 -1.16259E+01 -1.01822E+01 -8.72007E+00 -7.29468E+00 -5.96297E+00
 -3.96312E+00 -3.19506E+00 -2.70002E+00 -2.50153E+00 -2.60956E+00 -3.01981E+00 -3.71389E+00 -4.66048E+00 -5.81733E+00 -7.13403E+00 -8.55520E+00 -1.00241E+01 -1.14857E+01 -1.28902E+01 -1.41946E+01 -1.53648E+01 -1.63759E+01 -1.72122E+01 -1.78661E+01 -1.83375E+01 -1.86321E+01 -1.87604E+01 -1.87367E+01 -1.85776E+01 -1.83028E+01 -1.79331E+01 -1.74904E+01 -1.69974E+01 -1.64775E+01 -1.59533E+01 -1.54470E+01 -1.49794E+01 -1.45694E+01 -1.42330E+01 -1.39834E+01 -1.38302E+01 -1.37789E+01 -1.38308E+01 -1.39829E+01 -1.42283E+01 -1.45559E+01 -1.49511E+01 -1.53964E+01 -1.58716E+01 -1.63541E+01 -1.68203E+01 -1.72450E+01 -1.76029E+01 -1.78686E+01 -1.80173E+01 -1.80264E+01 -1.78751E+01 -1.75473E+01 -1.70318E+01 -1.63241E+01 -1.54283E+01 -1.43573E+01 -1.31343E+01 -1.17920E+01 -1.03724E+01 -8.92476E+00 -7.50375E+00 -6.16629E+00 -4.96863E+00 -3.96312E+00
 -2.76932E+00 -2.54506E+00 -2.62511E+00 -3.00865E+00 -3.68095E+00 -4.61412E+00 -5.76874E+00 -7.09632E+00 -8.54235E+00 -1.00497E+01 -1.15623E+01 -1.30277E+01 -1.44003E+01 -1.56430E+01 -1.67279E+01 -1.76363E+01 -1.83585E+01 -1.88929E+01 -1.92437E+01 -1.94209E+01 -1.94383E+01 -1.93125E+01 -1.90625E+01 -1.87087E+01 -1.82727E+01 -1.77765E+01 -1.72426E+01 -1.66931E+01 -1.61497E+01 -1.56328E+01 -1.51616E+01 -1.47529E+01 -1.44211E+01 -1.41771E+01 -1.40290E+01 -1.39808E+01 -1.40324E+01 -1.41796E+01 -1.44147E+01 -1.47256E+01 -1.50970E+01 -1.55107E+01 -1.59455E+01 -1.63780E+01 -1.67835E+01 -1.71360E+01 -1.74092E+01 -1.75775E+01 -1.76158E+01 -1.75026E+01 -1.72194E+01 -1.67532E+01 -1.60982E+01 -1.52562E+01 -1.42387E+01 -1.30670E+01 -1.17723E+01 -1.03946E+01 -8.98173E+00 -7.58691E+00 -6.26605E+00 -5.07486E+00 -4.06575E+00 -3.28485E+00 -2.76932E+00
 -2.59478E+00 -2.94523E+00 -3.58271E+00 -4.48288E+00 -5.61005E+00 -6.91921E+00 -8.35872E+00 -9.87343E+00 -1.14079E+01 -1.29095E+01 -1.43310E+01 -1.56330E+01 -1.67843E+01 -1.77630E+01 -1.85562E+01 -1.91585E+01 -1.95721E+01 -1.98044E+01 -1.98675E+01 -1.97772E+01 -1.95517E+01 -1.92114E+01 -1.87775E+01 -1.82728E+01 -1.77195E+01 -1.71403E+01 -1.65572E+01 -1.59910E+01 -1.54611E+01 -1.49851E+01 -1.45781E+01 -1.42525E+01 -1.40172E+01 -1.38779E+01 -1.38368E+01 -1.38919E+01 -1.40378E+01 -1.42650E+01 -1.45607E+01 -1.49087E+01 -1.52899E+01 -1.56827E+01 -1.60633E+01 -1.64061E+01 -1.66849E+01 -1.68731E+01 -1.69452E+01 -1.68773E+01 -1.66492E+01 -1.62456E+01 -1.56576E+01 -1.48851E+01 -1.39367E+01 -1.28317E+01 -1.15991E+01 -1.02776E+01 -8.91350E+00 -7.55875E+00 -6.26834E+00 -5.09726E+00 -4.09753E+00 -3.31524E+00 -2.78804E+00 -2.54295E+00 -2.59478E+00
 -3.41639E+00 -4.27025E+00 -5.35198E+00 -6.62005E+00 -8.02633E+00 -9.51873E+00 -1.10443E+01 -1.25517E+01 -1.39944E+01 -1.53318E+01 -1.65312E+01 -1.75680E+01 -1.84261E+01 -1.90968E+01 -1.95782E+01 -1.98748E+01 -1.99954E+01 -1.99532E+01 -1.97644E+01 -1.94476E+01 -1.90239E+01 -1.85153E+01 -1.79445E+01 -1.73349E+01 -1.67096E+01 -1.60906E+01 -1.54988E+01 -1.49531E+01 -1.44702E+01 -1.40638E+01 -1.37443E+01 -1.35190E+01 -1.33913E+01 -1.33611E+01 -1.34243E+01 -1.35734E+01 -1.37972E+01 -1.40815E+01 -1.44090E+01 -1.47597E+01 -1.51114E+01 -1.54399E+01 -1.57198E+01 -1.59252E+01 -1.60300E+01 -1.60103E+01 -1.58438E+01 -1.55135E+01 -1.50079E+01 -1.43230E+01 -1.34645E+01 -1.24477E+01 -1.12985E+01 -1.00524E+01 -8.75373E+00 -7.45268E+00 -6.20327E+00 -5.05999E+00 -4.07483E+00 -3.29428E+00 -2.75670E+00 -2.49018E+00 -2.51102E+00 -2.82283E+00 -3.41639E+00
 -4.99466E+00 -6.20368E+00 -7.55642E+00 -9.00375E+00 -1.04952E+01 -1.19818E+01 -1.34182E+01 -1.47643E+01 -1.59872E+01 -1.70610E+01 -1.79675E+01 -1.86954E+01 -1.92399E+01 -1.96019E+01 -1.97866E+01 -1.98041E+01 -1.96671E+01 -1.93916E+01 -1.89960E+01 -1.85006E+01 -1.79276E+01 -1.72997E+01 -1.66405E+01 -1.59735E+01 -1.53211E+01 -1.47044E+01 -1.41423E+01 -1.36512E+01 -1.32439E+01 -1.29298E+01 -1.27145E+01 -1.25996E+01 -1.25826E+01 -1.26574E+01 -1.28141E+01 -1.30397E+01 -1.33178E+01 -1.36296E+01 -1.39541E+01 -1.42685E+01 -1.45483E+01 -1.47684E+01 -1.49040E+01 -1.49309E+01 -1.48271E+01 -1.45743E+01 -1.41592E+01 -1.35754E+01 -1.28244E+01 -1.19175E+01 -1.08757E+01 -9.73008E+00 -8.52042E+00 -7.29367E+00 -6.10140E+00 -4.99680E+00 -4.03161E+00 -3.25298E+00 -2.70073E+00 -2.40497E+00 -2.38443E+00 -2.64542E+00 -3.18160E+00 -3.97448E+00 -4.99466E+00
 -6.95553E+00 -8.33784E+00 -9.77545E+00 -1.12210E+01 -1.26303E+01 -1.39641E+01 -1.51893E+01 -1.62796E+01 -1.72156E+01 -1.79845E+01 -1.85793E+01 -1.89983E+01 -1.92443E+01 -1.93237E+01 -1.92465E+01 -1.90252E+01 -1.86751E+01 -1.82137E+01 -1.76604E+01 -1.70365E+01 -1.63643E+01 -1.56670E+01 -1.49679E+01 -1.42897E+01 -1.36535E+01 -1.30785E+01 -1.25806E+01 -1.21727E+01 -1.18636E+01 -1.16578E+01 -1.15554E+01 -1.15524E+01 -1.16406E+01 -1.18079E+01 -1.20390E+01 -1.23158E+01 -1.26175E+01 -1.29217E+01 -1.32046E+01 -1.34418E+01 -1.36087E+01 -1.36821E+01 -1.36402E+01 -1.34647E+01 -1.31416E+01 -1.26629E+01 -1.20277E+01 -1.12435E+01 -1.03267E+01 -9.30301E+00 -8.20656E+00 -7.07890E+00 -5.96693E+00 -4.92040E+00 -3.98907E+00 -3.21965E+00 -2.65298E+00 -2.32152E+00 -2.24733E+00 -2.44077E+00 -2.89990E+00 -3.61064E+00 -4.54779E+00 -5.67671E+00 -6.95553E+00
 -8.90089E+00 -1.02849E+01 -1.16484E+01 -1.29524E+01 -1.41633E+01 -1.52542E+01 -1.62043E+01 -1.69995E+01 -1.76312E+01 -1.80959E+01 -1.83941E+01 -1.85303E+01 -1.85117E+01 -1.83483E+01 -1.80525E+01 -1.76389E+01 -1.71239E+01 -1.65262E+01 -1.58657E+01 -1.51638E+01 -1.44429E+01 -1.37254E+01 -1.30336E+01 -1.23884E+01 -1.18085E+01 -1.13102E+01 -1.09059E+01 -1.06040E+01 -1.04088E+01 -1.03195E+01 -1.03307E+01 -1.04330E+01 -1.06125E+01 -1.08521E+01 -1.11316E+01 -1.14286E+01 -1.17192E+01 -1.19787E+01 -1.21824E+01 -1.23068E+01 -1.23302E+01 -1.22340E+01 -1.20038E+01 -1.16308E+01 -1.11125E+01 -1.04539E+01 -9.66815E+00 -8.77627E+00 -7.80712E+00 -6.79641E+00 -5.78517E+00 -4.81788E+00 -3.94011E+00 -3.19595E+00 -2.62543E+00 -2.26203E+00 -2.13057E+00 -2.24563E+00 -2.61053E+00 -3.21707E+00 -4.04603E+00 -5.06839E+00 -6.24715E+00 -7.53979E+00 -8.90089E+00
 -1.05039E+01 -1.17593E+01 -1.29401E+01 -1.40180E+01 -1.49707E+01 -1.57818E+01 -1.64410E+01 -1.69426E+01 -1.72855E+01 -1.74719E+01 -1.75072E+01 -1.73995E+01 -1.71588E+01 -1.67976E+01 -1.63300E+01 -1.57719E+01 -1.51409E+01 -1.44561E+01 -1.37378E+01 -1.30071E+01 -1.22855E+01 -1.15940E+01 -1.09529E+01 -1.03803E+01 -9.89184E+00 -9.49951E+00 -9.21142E+00 -9.03132E+00 -8.95799E+00 -8.98548E+00 -9.10323E+00 -9.29638E+00 -9.54637E+00 -9.83165E+00 -1.01284E+01 -1.04115E+01 -1.06558E+01 -1.08365E+01 -1.09311E+01 -1.09198E+01 -1.07872E+01 -1.05230E+01 -1.01232E+01 -9.59089E+00 -8.93638E+00 -8.17740E+00 -7.33869E+00 -6.45103E+00 -5.55013E+00 -4.67503E+00 -3.86622E+00 -3.16365E+00 -2.60459E+00 -2.22152E+00 -2.04019E+00 -2.07804E+00 -2.34291E+00 -2.83250E+00 -3.53430E+00 -4.42628E+00 -5.47817E+00 -6.65324E+00 -7.91073E+00 -9.20818E+00 -1.05039E+01
 -1.15580E+01 -1.26059E+01 -1.35475E+01 -1.43643E+01 -1.50431E+01 -1.55759E+01 -1.59590E+01 -1.61923E+01 -1.62793E+01 -1.62259E+01 -1.60405E+01 -1.57333E+01 -1.53168E+01 -1.48048E+01 -1.42130E+01 -1.35585E+01 -1.28597E+01 -1.21359E+01 -1.14073E+01 -1.06942E+01 -1.00164E+01 -9.39304E+00 -8.84110E+00 -8.37515E+00 -8.00651E+00 -7.74256E+00 -7.58629E+00 -7.53595E+00 -7.58508E+00 -7.72244E+00 -7.93249E+00 -8.19585E+00 -8.49012E+00 -8.79080E+00 -9.07223E+00 -9.30895E+00 -9.47687E+00 -9.55452E+00 -9.52437E+00 -9.37397E+00 -9.09689E+00 -8.69351E+00 -8.17128E+00 -7.54479E+00 -6.83519E+00 -6.06942E+00 -5.27895E+00 -4.49835E+00 -3.76369E+00 -3.11081E+00 -2.57364E+00 -2.18247E+00 -1.96239E+00 -1.93190E+00 -2.10171E+00 -2.47403E+00 -3.04224E+00 -3.79113E+00 -4.69761E+00 -5.73202E+00 -6.85987E+00 -8.04368E+00 -9.24538E+00 -1.04281E+01 -1.15580E+01
 -1.19860E+01 -1.27933E+01 -1.34801E+01 -1.40356E+01 -1.44532E+01 -1.47301E+01 -1.48673E+01 -1.48682E+01 -1.47391E+01 -1.44882E+01 -1.41262E+01 -1.36650E+01 -1.31187E+01 -1.25026E+01 -1.18335E+01 -1.11294E+01 -1.04091E+01 -9.69204E+00 -8.99758E+00 -8.34458E+00 -7.75075E+00 -7.23200E+00 -6.80159E+00 -6.46965E+00 -6.24242E+00 -6.12186E+00 -6.10537E+00 -6.18558E+00 -6.35060E+00 -6.58423E+00 -6.86661E+00 -7.17495E+00 -7.48454E+00 -7.76992E+00 -8.00613E+00 -8.17017E+00 -8.24230E+00 -8.20733E+00 -8.05575E+00 -7.78453E+00 -7.39752E+00 -6.90552E+00 -6.32588E+00 -5.68163E+00 -5.00039E+00 -4.31296E+00 -3.65178E+00 -3.04939E+00 -2.53691E+00 -2.14256E+00 -1.89039E+00 -1.79912E+00 -1.88113E+00 -2.14179E+00 -2.57901E+00 -3.18323E+00 -3.93785E+00 -4.81996E+00 -5.80164E+00 -6.85142E+00 -7.93601E+00 -9.02206E+00 -1.00777E+01 -1.10740E+01 -1.19860E+01
 -1.18091E+01 -1.23750E+01 -1.28179E+01 -1.31322E+01 -1.33161E+01 -1.33703E+01 -1.32987E+01 -1.31073E+01 -1.28043E+01 -1.24000E+01 -1.19062E+01 -1.13366E+01 -1.07064E+01 -1.00321E+01 -9.33146E+00 -8.62289E+00 -7.92526E+00 -7.25739E+00 -6.63736E+00 -6.08195E+00 -5.60598E+00 -5.22158E+00 -4.93756E+00 -4.75887E+00 -4.68616E+00 -4.71554E+00 -4.83847E+00 -5.04197E+00 -5.30899E+00 -5.61902E+00 -5.94896E+00 -6.27418E+00 -6.56975E+00 -6.81180E+00 -6.97898E+00 -7.05375E+00 -7.02362E+00 -6.88208E+00 -6.62915E+00 -6.27156E+00 -5.82241E+00 -5.30051E+00 -4.72935E+00 -4.13581E+00 -3.54881E+00 -2.99779E+00 -2.51136E+00 -2.11601E+00 -1.83492E+00 -1.68697E+00 -1.68588E+00 -1.83957E+00 -2.14972E+00 -2.61158E+00 -3.21414E+00 -3.94056E+00 -4.76902E+00 -5.67392E+00 -6.62703E+00 -7.59913E+00 -8.56134E+00 -9.48632E+00 -1.03494E+01 -1.11295E+01 -1.18091E+01
 -1.11095E+01 -1.14513E+01 -1.16741E+01 -1.17764E+01 -1.17596E+01 -1.16273E+01 -1.13856E+01 -1.10424E+01 -1.06077E+01 -1.00932E+01 -9.51193E+00 -8.87881E+00 -8.20991E+00 -7.52246E+00 -6.83450E+00 -6.16444E+00 -5.53057E+00 -4.95045E+00 -4.44022E+00 -4.01394E+00 -3.68284E+00 -3.45473E+00 -3.33339E+00 -3.31817E+00 -3.40379E+00 -3.58030E+00 -3.83334E+00 -4.14461E+00 -4.49260E+00 -4.85361E+00 -5.20295E+00 -5.51620E+00 -5.77072E+00 -5.94704E+00 -6.03013E+00 -6.01042E+00 -5.88450E+00 -5.65537E+00 -5.33225E+00 -4.92990E+00 -4.46781E+00 -3.96895E+00 -3.45848E+00 -2.96252E+00 -2.50689E+00 -2.11597E+00 -1.81175E+00 -1.61294E+00 -1.53427E+00 -1.58586E+00 -1.77276E+00 -2.09466E+00 -2.54582E+00 -3.11517E+00 -3.78686E+00 -4.54089E+00 -5.35419E+00 -6.20178E+00 -7.05789E+00 -7.89731E+00 -8.69636E+00 -9.43372E+00 -1.00911E+01 -1.06535E+01 -1.11095E+01
 -9.99948E+00 -1.01431E+01 -1.01756E+01 -1.00986E+01 -9.91616E+00 -9.63445E+00 -9.26148E+00 -8.80703E+00 -8.28247E+00 -7.70059E+00 -7.07561E+00 -6.42300E+00 -5.75929E+00 -5.10179E+00 -4.46822E+00 -3.87622E+00 -3.34274E+00 -2.88337E+00 -2.51162E+00 -2.23815E+00 -2.07010E+00 -2.01046E+00 -2.05767E+00 -2.20528E+00 -2.44205E+00 -2.75219E+00 -3.11597E+00 -3.51059E+00 -3.91139E+00 -4.29314E+00 -4.63163E+00 -4.90511E+00 -5.09580E+00 -5.19103E+00 -5.18411E+00 -5.07469E+00 -4.86866E+00 -4.57759E+00 -4.21781E+00 -3.80918E+00 -3.37378E+00 -2.93474E+00 -2.51503E+00 -2.13658E+00 -1.81944E+00 -1.58125E+00 -1.43665E+00 -1.39693E+00 -1.46957E+00 -1.65798E+00 -1.96119E+00 -2.37379E+00 -2.88594E+00 -3.48372E+00 -4.14966E+00 -4.86353E+00 -5.60333E+00 -6.34634E+00 -7.07017E+00 -7.75370E+00 -8.37788E+00 -8.92633E+00 -9.38567E+00 -9.74571E+00 -9.99948E+00
 -8.59470E+00 -8.56952E+00 -8.44335E+00 -8.22070E+00 -7.90815E+00 -7.51414E+00 -7.04861E+00 -6.52292E+00 -5.94968E+00 -5.34260E+00 -4.71643E+00 -4.08679E+00 -3.46996E+00 -2.88257E+00 -2.34123E+00 -1.86193E+00 -1.45947E+00 -1.14668E+00 -9.33740E-01 -8.27339E-01 -8.30060E-01 -9.39819E-01 -1.14955E+00 -1.44714E+00 -1.81576E+00 -2.23448E+00 -2.67927E+00 -3.12433E+00 -3.54369E+00 -3.91281E+00 -4.21037E+00 -4.41967E+00 -4.52987E+00 -4.53661E+00 -4.44221E+00 -4.25521E+00 -3.98943E+00 -3.66267E+00 -3.29530E+00 -2.90878E+00 -2.52442E+00 -2.16236E+00 -1.84090E+00 -1.57606E+00 -1.38137E+00 -1.26779E+00 -1.24354E+00 -1.31401E+00 -1.48156E+00 -1.74531E+00 -2.10093E+00 -2.54057E+00 -3.05289E+00 -3.62346E+00 -4.23513E+00 -4.86893E+00 -5.50485E+00 -6.12274E+00 -6.70334E+00 -7.22898E+00 -7.68426E+00 -8.05655E+00 -8.33622E+00 -8.51676E+00 -8.59470E+00
 -7.00825E+00 -6.84483E+00 -6.59235E+00 -6.25798E+00 -5.85077E+00 -5.38127E+00 -4.86123E+00 -4.30342E+00 -3.72137E+00 -3.12930E+00 -2.54195E+00 -1.97443E+00 -1.44201E+00 -9.59822E-01 -5.42432E-01 -2.03327E-01  4.57176E-02  1.95371E-01  2.39495E-01  1.75861E-01  6.78416E-03 -2.60463E-01 -6.13513E-01 -1.03511E+00 -1.50375E+00 -1.99469E+00 -2.48138E+00 -2.93718E+00 -3.33717E+00 -3.65999E+00 -3.88950E+00 -4.01587E+00 -4.03631E+00 -3.95499E+00 -3.78241E+00 -3.53420E+00 -3.22954E+00 -2.88944E+00 -2.53515E+00 -2.18677E+00 -1.86236E+00 -1.57738E+00 -1.34454E+00 -1.17390E+00 -1.07313E+00 -1.04777E+00 -1.10130E+00 -1.23519E+00 -1.44875E+00 -1.73887E+00 -2.09982E+00 -2.52306E+00 -2.99729E+00 -3.50868E+00 -4.04126E+00 -4.57770E+00 -5.09997E+00 -5.59027E+00 -6.03187E+00 -6.40980E+00 -6.71150E+00 -6.92728E+00 -7.05047E+00 -7.07761E+00 -7.00825E+00
 -5.34012E+00 -5.06941E+00 -4.72313E+00 -4.31096E+00 -3.84421E+00 -3.33538E+00 -2.79778E+00 -2.24524E+00 -1.69183E+00 -1.15174E+00 -6.39080E-01 -1.67736E-01  2.48834E-01  5.97879E-01  8.67730E-01  1.04830E+00  1.13165E+00  1.11273E+00  9.90019E-01  7.66168E-01  4.48518E-01  4.93130E-02 -4.14414E-01 -9.21366E-01 -1.44696E+00 -1.96471E+00 -2.44798E+00 -2.87186E+00 -3.21509E+00 -3.46175E+00 -3.60249E+00 -3.63518E+00 -3.56491E+00 -3.40317E+00 -3.16659E+00 -2.87516E+00 -2.55041E+00 -2.21358E+00 -1.88420E+00 -1.57910E+00 -1.31194E+00 -1.09315E+00 -9.30251E-01 -8.28395E-01 -7.90842E-01 -8.19375E-01 -9.14514E-01 -1.07550E+00 -1.30011E+00 -1.58434E+00 -1.92209E+00 -2.30500E+00 -2.72232E+00 -3.16116E+00 -3.60685E+00 -4.04355E+00 -4.45500E+00 -4.82535E+00 -5.13994E+00 -5.38604E+00 -5.55349E+00 -5.63505E+00 -5.62668E+00 -5.52760E+00 -5.34012E+00
 -3.67751E+00 -3.33000E+00 -2.92177E+00 -2.46479E+00 -1.97233E+00 -1.45850E+00 -9.37780E-01 -4.24610E-01  6.68985E-02  5.23188E-01  9.31436E-01  1.27971E+00  1.55716E+00  1.75424E+00  1.86302E+00  1.87764E+00  1.79482E+00  1.61442E+00  1.33998E+00  9.79211E-01  5.44235E-01  5.15466E-02 -4.78416E-01 -1.02211E+00 -1.55417E+00 -2.04900E+00 -2.48264E+00 -2.83457E+00 -3.08940E+00 -3.23813E+00 -3.27883E+00 -3.21663E+00 -3.06302E+00 -2.83460E+00 -2.55130E+00 -2.23455E+00 -1.90538E+00 -1.58298E+00 -1.28355E+00 -1.01984E+00 -8.01085E-01 -6.33366E-01 -5.20245E-01 -4.63427E-01 -4.63370E-01 -5.19679E-01 -6.31265E-01 -7.96264E-01 -1.01176E+00 -1.27342E+00 -1.57517E+00 -1.90892E+00 -2.26450E+00 -2.62986E+00 -2.99142E+00 -3.33465E+00 -3.64482E+00 -3.90781E+00 -4.11083E+00 -4.24323E+00 -4.29700E+00 -4.26727E+00 -4.15244E+00 -3.95423E+00 -3.67751E+00
 -2.09041E+00 -1.69566E+00 -1.25617E+00 -7.85782E-01 -2.99324E-01  1.87965E-01  6.60986E-01  1.10524E+00  1.50720E+00  1.85458E+00  2.13651E+00  2.34373E+00  2.46874E+00  2.50595E+00  2.45196E+00  2.30588E+00  2.06964E+00  1.74843E+00  1.35095E+00  8.89608E-01  3.80481E-01 -1.57080E-01 -7.01167E-01 -1.22840E+00 -1.71532E+00 -2.14002E+00 -2.48377E+00 -2.73250E+00 -2.87802E+00 -2.91861E+00 -2.85910E+00 -2.71032E+00 -2.48790E+00 -2.21076E+00 -1.89935E+00 -1.57387E+00 -1.25285E+00 -9.51983E-01 -6.83578E-01 -4.56412E-01 -2.76053E-01 -1.45427E-01 -6.55282E-02 -3.60865E-02 -5.60918E-02 -1.24086E-01 -2.38211E-01 -3.96039E-01 -5.94257E-01 -8.28293E-01 -1.09198E+00 -1.37736E+00 -1.67463E+00 -1.97236E+00 -2.25789E+00 -2.51787E+00 -2.73904E+00 -2.90896E+00 -3.01675E+00 -3.05382E+00 -3.01441E+00 -2.89593E+00 -2.69916E+00 -2.42824E+00 -2.09041E+00
 -6.28968E-01 -2.14652E-01  2.27612E-01  6.82631E-01  1.13460E+00  1.56779E+00  1.96711E+00  2.31871E+00  2.61032E+00  2.83159E+00  2.97435E+00  3.03269E+00  3.00314E+00  2.88474E+00  2.67920E+00  2.39103E+00  2.02759E+00  1.59927E+00  1.11939E+00  6.04031E-01  7.16650E-02 -4.57538E-01 -9.62619E-01 -1.42298E+00 -1.81970E+00 -2.13684E+00 -2.36267E+00 -2.49060E+00 -2.51967E+00 -2.45465E+00 -2.30550E+00 -2.08646E+00 -1.81472E+00 -1.50893E+00 -1.18768E+00 -8.68179E-01 -5.65229E-01 -2.90608E-01 -5.28815E-02  1.42413E-01  2.92307E-01  3.95789E-01  4.53182E-01  4.65612E-01  4.34655E-01  3.62192E-01  2.50477E-01  1.02352E-01 -7.84302E-02 -2.86889E-01 -5.16553E-01 -7.59342E-01 -1.00561E+00 -1.24439E+00 -1.46386E+00 -1.65186E+00 -1.79664E+00 -1.88756E+00 -1.91581E+00 -1.87502E+00 -1.76172E+00 -1.57573E+00 -1.32017E+00 -1.00145E+00 -6.28968E-01
  6.74351E-01  1.08303E+00  1.50252E+00  1.91688E+00  2.31006E+00  2.66656E+00  2.97211E+00  3.21427E+00  3.38278E+00  3.47000E+00  3.47109E+00  3.38416E+00  3.21029E+00  2.95356E+00  2.62097E+00  2.22231E+00  1.76996E+00  1.27863E+00  7.64958E-01  2.46974E-01 -2.56575E-01 -7.27046E-01 -1.14685E+00 -1.50045E+00 -1.77533E+00 -1.96285E+00 -2.05883E+00 -2.06387E+00 -1.98325E+00 -1.82649E+00 -1.60650E+00 -1.33856E+00 -1.03910E+00 -7.24506E-01 -4.10007E-01 -1.08876E-01  1.68111E-01  4.12878E-01  6.19945E-01  7.86100E-01  9.09937E-01  9.91350E-01  1.03109E+00  1.03045E+00  9.91105E-01  9.15089E-01  8.04975E-01  6.64089E-01  4.96771E-01  3.08611E-01  1.06587E-01 -1.00931E-01 -3.04331E-01 -4.93084E-01 -6.56207E-01 -7.82843E-01 -8.62915E-01 -8.87788E-01 -8.50893E-01 -7.48253E-01 -5.78877E-01 -3.44979E-01 -5.20072E-02  2.91518E-01  6.74351E-01
  1.80748E+00  2.18816E+00  2.56262E+00  2.91498E+00  3.22972E+00  3.49250E+00  3.69073E+00  3.81424E+00  3.85564E+00  3.81069E+00  3.67853E+00  3.46167E+00  3.16597E+00  2.80044E+00  2.37694E+00  1.90971E+00  1.41492E+00  9.09986E-01  4.12904E-01 -5.85366E-02 -4.87556E-01 -8.59202E-01 -1.16112E+00 -1.38422E+00 -1.52315E+00 -1.57661E+00 -1.54730E+00 -1.44171E+00 -1.26950E+00 -1.04283E+00 -7.75417E-01 -4.81577E-01 -1.75334E-01  1.30374E-01  4.24291E-01  6.97195E-01  9.42018E-01  1.15375E+00  1.32921E+00  1.46663E+00  1.56541E+00  1.62567E+00  1.64813E+00  1.63393E+00  1.58470E+00  1.50264E+00  1.39069E+00  1.25280E+00  1.09402E+00  9.20683E-01  7.40361E-01  5.61749E-01  3.94407E-01  2.48359E-01  1.33599E-01  5.95190E-02  3.43094E-02  6.43791E-02  1.53841E-01  3.04099E-01  5.13582E-01  7.77641E-01  1.08863E+00  1.43615E+00  1.80748E+00
  2.77296E+00  3.10658E+00  3.41774E+00  3.69143E+00  3.91362E+00  4.07206E+00  4.15682E+00  4.16087E+00  4.08045E+00  3.91536E+00  3.66901E+00  3.34841E+00  2.96384E+00  2.52851E+00  2.05795E+00  1.56935E+00  1.08072E+00  6.10076E-01  1.74556E-01 -2.10437E-01 -5.31989E-01 -7.80310E-01 -9.49185E-01 -1.03621E+00 -1.04279E+00 -9.73858E-01 -8.37415E-01 -6.43856E-01 -4.05178E-01 -1.34163E-01  1.56432E-01  4.54567E-01  7.49461E-01  1.03196E+00  1.29467E+00  1.53196E+00  1.73981E+00  1.91552E+00  2.05743E+00  2.16465E+00  2.23685E+00  2.27415E+00  2.27705E+00  2.24658E+00  2.18435E+00  2.09284E+00  1.97551E+00  1.83697E+00  1.68305E+00  1.52081E+00  1.35835E+00  1.20458E+00  1.06886E+00  9.60535E-01  8.88390E-01  8.60135E-01  8.81855E-01  9.57532E-01  1.08865E+00  1.27394E+00  1.50923E+00  1.78751E+00  2.09915E+00  2.43220E+00  2.77296E+00
  3.58534E+00  3.85626E+00  4.09001E+00  4.27338E+00  4.39481E+00  4.44510E+00  4.41789E+00  4.31007E+00  4.12209E+00  3.85803E+00  3.52554E+00  3.13557E+00  2.70192E+00  2.24058E+00  1.76903E+00  1.30529E+00  8.67035E-01  4.70673E-01  1.30447E-01 -1.42284E-01 -3.39621E-01 -4.57457E-01 -4.95568E-01 -4.57426E-01 -3.49772E-01 -1.81977E-01  3.47341E-02  2.88131E-01  5.65803E-01  8.55896E-01  1.14770E+00  1.43205E+00  1.70150E+00  1.95035E+00  2.17450E+00  2.37115E+00  2.53852E+00  2.67550E+00  2.78144E+00  2.85596E+00  2.89888E+00  2.91026E+00  2.89055E+00  2.84080E+00  2.76285E+00  2.65957E+00  2.53499E+00  2.39442E+00  2.24437E+00  2.09246E+00  1.94711E+00  1.81720E+00  1.71160E+00  1.63867E+00  1.60576E+00  1.61863E+00  1.68107E+00  1.79447E+00  1.95760E+00  2.16652E+00  2.41455E+00  2.69254E+00  2.98918E+00  3.29148E+00  3.58534E+00
  4.26584E+00  4.46211E+00  4.60891E+00  4.69573E+00  4.71443E+00  4.65969E+00  4.52941E+00  4.32493E+00  4.05108E+00  3.71607E+00  3.33115E+00  2.91021E+00  2.46904E+00  2.02465E+00  1.59434E+00  1.19484E+00  8.41376E-01  5.46865E-01  3.21222E-01  1.70853E-01  9.83770E-02  1.02616E-01  1.78841E-01  3.19265E-01  5.13732E-01  7.50537E-01  1.01729E+00  1.30175E+00  1.59252E+00  1.87964E+00  2.15488E+00  2.41191E+00  2.64618E+00  2.85477E+00  3.03600E+00  3.18906E+00  3.31371E+00  3.40991E+00  3.47769E+00  3.51706E+00  3.52807E+00  3.51096E+00  3.46638E+00  3.39568E+00  3.30112E+00  3.18608E+00  3.05520E+00  2.91434E+00  2.77048E+00  2.63149E+00  2.50576E+00  2.40173E+00  2.32740E+00  2.28983E+00  2.29457E+00  2.34526E+00  2.44318E+00  2.58712E+00  2.77318E+00  2.99486E+00  3.24326E+00  3.50746E+00  3.77496E+00  4.03234E+00  4.26584E+00
  4.83600E+00  4.94948E+00  5.00447E+00  4.99401E+00  4.91407E+00  4.76383E+00  4.54581E+00  4.26586E+00  3.93288E+00  3.55854E+00  3.15664E+00  2.74251E+00  2.33224E+00  1.94187E+00  1.58656E+00  1.27983E+00  1.03280E+00  8.53707E-01  7.47420E-01  7.15297E-01  7.55202E-01  8.61772E-01  1.02690E+00  1.24036E+00  1.49061E+00  1.76558E+00  2.05340E+00  2.34316E+00  2.62537E+00  2.89231E+00  3.13816E+00  3.35894E+00  3.55232E+00  3.71727E+00  3.85369E+00  3.96205E+00  4.04304E+00  4.09738E+00  4.12566E+00  4.12838E+00  4.10606E+00  4.05941E+00  3.98963E+00  3.89864E+00  3.78930E+00  3.66557E+00  3.53257E+00  3.39649E+00  3.26445E+00  3.14411E+00  3.04332E+00  2.96960E+00  2.92964E+00  2.92876E+00  2.97045E+00  3.05599E+00  3.18416E+00  3.35118E+00  3.55068E+00  3.77397E+00  4.01038E+00  4.24778E+00  4.47319E+00  4.67346E+00  4.83600E+00
  5.31281E+00  5.33916E+00  5.30210E+00  5.19883E+00  5.02984E+00  4.79899E+00  4.51333E+00  4.18275E+00  3.81955E+00  3.43768E+00  3.05213E+00  2.67806E+00  2.33011E+00  2.02161E+00  1.76396E+00  1.56611E+00  1.43414E+00  1.37109E+00  1.37682E+00  1.44824E+00  1.57951E+00  1.76258E+00  1.98766E+00  2.24396E+00  2.52028E+00  2.80569E+00  3.09010E+00  3.36467E+00  3.62216E+00  3.85702E+00  4.06545E+00  4.24518E+00  4.39527E+00  4.51581E+00  4.60757E+00  4.67170E+00  4.70951E+00  4.72227E+00  4.71121E+00  4.67751E+00  4.62245E+00  4.54757E+00  4.45491E+00  4.34718E+00  4.22795E+00  4.10171E+00  3.97384E+00  3.85054E+00  3.73855E+00  3.64480E+00  3.57603E+00  3.53828E+00  3.53639E+00  3.57358E+00  3.65101E+00  3.76751E+00  3.91944E+00  4.10068E+00  4.30281E+00  4.51551E+00  4.72702E+00  4.92474E+00  5.09605E+00  5.22894E+00  5.31281E+00
  5.70307E+00  5.64189E+00  5.51713E+00  5.33039E+00  5.08669E+00  4.79427E+00  4.46413E+00  4.10937E+00  3.74444E+00  3.38430E+00  3.04358E+00  2.73577E+00  2.47256E+00  2.26326E+00  2.11449E+00  2.02996E+00  2.01044E+00  2.05395E+00  2.15603E+00  2.31013E+00  2.50808E+00  2.74060E+00  2.99785E+00  3.26990E+00  3.54720E+00  3.82098E+00  4.08352E+00  4.32839E+00  4.55052E+00  4.74624E+00  4.91319E+00  5.05018E+00  5.15700E+00  5.23422E+00  5.28296E+00  5.30471E+00  5.30120E+00  5.27429E+00  5.22595E+00  5.15827E+00  5.07358E+00  4.97454E+00  4.86422E+00  4.74628E+00  4.62495E+00  4.50505E+00  4.39195E+00  4.29136E+00  4.20910E+00  4.15075E+00  4.12131E+00  4.12475E+00  4.16362E+00  4.23867E+00  4.34859E+00  4.48983E+00  4.65653E+00  4.84074E+00  5.03261E+00  5.22094E+00  5.39376E+00  5.53898E+00  5.64520E+00  5.70250E+00  5.70307E+00
  6.00187E+00  5.85692E+00  5.65332E+00  5.39693E+00  5.09686E+00  4.76497E+00  4.41517E+00  4.06248E+00  3.72219E+00  3.40879E+00  3.13515E+00  2.91182E+00  2.74650E+00  2.64376E+00  2.60502E+00  2.62876E+00  2.71083E+00  2.84499E+00  3.02346E+00  3.23746E+00  3.47780E+00  3.73533E+00  4.00129E+00  4.26765E+00  4.52724E+00  4.77391E+00  5.00249E+00  5.20887E+00  5.38990E+00  5.54333E+00  5.66777E+00  5.76258E+00  5.82779E+00  5.86407E+00  5.87261E+00  5.85510E+00  5.81365E+00  5.75077E+00  5.66933E+00  5.57257E+00  5.46406E+00  5.34767E+00  5.22766E+00  5.10855E+00  4.99507E+00  4.89210E+00  4.80452E+00  4.73704E+00  4.69393E+00  4.67880E+00  4.69430E+00  4.74181E+00  4.82119E+00  4.93057E+00  5.06614E+00  5.22221E+00  5.39120E+00  5.56397E+00  5.73014E+00  5.87858E+00  5.99813E+00  6.07827E+00  6.10984E+00  6.08581E+00  6.00187E+00
  6.19318E+00  5.97301E+00  5.70428E+00  5.39652E+00  5.06200E+00  4.71503E+00  4.37103E+00  4.04554E+00  3.75316E+00  3.50657E+00  3.31577E+00  3.18747E+00  3.12486E+00  3.12763E+00  3.19226E+00  3.31253E+00  3.48028E+00  3.68607E+00  3.91998E+00  4.17225E+00  4.43377E+00  4.69644E+00  4.95339E+00  5.19893E+00  5.42854E+00  5.63868E+00  5.82664E+00  5.99030E+00  6.12807E+00  6.23875E+00  6.32154E+00  6.37602E+00  6.40224E+00  6.40080E+00  6.37289E+00  6.32038E+00  6.24588E+00  6.15263E+00  6.04451E+00  5.92600E+00  5.80196E+00  5.67754E+00  5.55798E+00  5.44847E+00  5.35392E+00  5.27885E+00  5.22710E+00  5.20180E+00  5.20508E+00  5.23798E+00  5.30031E+00  5.39049E+00  5.50549E+00  5.64080E+00  5.79041E+00  5.94693E+00  6.10180E+00  6.24559E+00  6.36839E+00  6.46033E+00  6.51219E+00  6.51606E+00  6.46597E+00  6.35847E+00  6.19318E+00
  6.25514E+00  5.97398E+00  5.65912E+00  5.32275E+00  4.97896E+00  4.64301E+00  4.33031E+00  4.05534E+00  3.83066E+00  3.66603E+00  3.56777E+00  3.53837E+00  3.57653E+00  3.67744E+00  3.83336E+00  4.03445E+00  4.26965E+00  4.52757E+00  4.79734E+00  5.06921E+00  5.33498E+00  5.58818E+00  5.82409E+00  6.03948E+00  6.23232E+00  6.40146E+00  6.54622E+00  6.66618E+00  6.76094E+00  6.83007E+00  6.87314E+00  6.88986E+00  6.88027E+00  6.84493E+00  6.78514E+00  6.70306E+00  6.60185E+00  6.48559E+00  6.35924E+00  6.22840E+00  6.09915E+00  5.97764E+00  5.86983E+00  5.78116E+00  5.71626E+00  5.67868E+00  5.67073E+00  5.69334E+00  5.74598E+00  5.82669E+00  5.93210E+00  6.05756E+00  6.19722E+00  6.34420E+00  6.49085E+00  6.62884E+00  6.74958E+00  6.84444E+00  6.90520E+00  6.92442E+00  6.89598E+00  6.81553E+00  6.68102E+00  6.49303E+00  6.25514E+00
  6.16888E+00  5.84744E+00  5.51103E+00  5.17303E+00  4.84783E+00  4.54999E+00  4.29327E+00  4.08970E+00  3.94868E+00  3.87626E+00  3.87472E+00  3.94244E+00  4.07410E+00  4.26123E+00  4.49300E+00  4.75717E+00  5.04107E+00  5.33257E+00  5.62086E+00  5.89699E+00  6.15416E+00  6.38777E+00  6.59521E+00  6.77545E+00  6.92865E+00  7.05556E+00  7.15720E+00  7.23441E+00  7.28775E+00  7.31738E+00  7.32325E+00  7.30524E+00  7.26350E+00  7.19874E+00  7.11253E+00  7.00748E+00  6.88736E+00  6.75711E+00  6.62260E+00  6.49041E+00  6.36743E+00  6.26040E+00  6.17550E+00  6.11786E+00  6.09118E+00  6.09752E+00  6.13703E+00  6.20800E+00  6.30686E+00  6.42844E+00  6.56619E+00  6.71254E+00  6.85925E+00  6.99776E+00  7.11955E+00  7.21647E+00  7.28103E+00  7.30666E+00  7.28805E+00  7.22133E+00  7.10444E+00  6.93731E+00  6.72217E+00  6.46364E+00  6.16888E+00
  5.92770E+00  5.59349E+00  5.26533E+00  4.95617E+00  4.67898E+00  4.44601E+00  4.26798E+00  4.15331E+00  4.10747E+00  4.13249E+00  4.22672E+00  4.38490E+00  4.59860E+00  4.85682E+00  5.14693E+00  5.45559E+00  5.76978E+00  6.07770E+00  6.36938E+00  6.63720E+00  6.87599E+00  7.08299E+00  7.25744E+00  7.40017E+00  7.51301E+00  7.59821E+00  7.65801E+00  7.69428E+00  7.70833E+00  7.70091E+00  7.67240E+00  7.62303E+00  7.55330E+00  7.46429E+00  7.35803E+00  7.23769E+00  7.10768E+00  6.97360E+00  6.84202E+00  6.72002E+00  6.61480E+00  6.53309E+00  6.48058E+00  6.46138E+00  6.47765E+00  6.52932E+00  6.61396E+00  6.72688E+00  6.86141E+00  7.00925E+00  7.16105E+00  7.30692E+00  7.43705E+00  7.54220E+00  7.61421E+00  7.64633E+00  7.63349E+00  7.57244E+00  7.46188E+00  7.30244E+00  7.09668E+00  6.84910E+00  6.56603E+00  6.25564E+00  5.92770E+00
  5.54682E+00  5.23311E+00  4.94662E+00  4.69820E+00  4.49782E+00  4.35405E+00  4.27348E+00  4.26027E+00  4.31568E+00  4.43783E+00  4.62164E+00  4.85914E+00  5.13985E+00  5.45153E+00  5.78104E+00  6.11521E+00  6.44177E+00  6.75004E+00  7.03153E+00  7.28023E+00  7.49268E+00  7.66772E+00  7.80616E+00  7.91021E+00  7.98290E+00  8.02757E+00  8.04734E+00  8.04486E+00  8.02212E+00  7.98049E+00  7.92091E+00  7.84419E+00  7.75141E+00  7.64424E+00  7.52529E+00  7.39832E+00  7.26824E+00  7.14106E+00  7.02353E+00  6.92270E+00  6.84539E+00  6.79750E+00  6.78345E+00  6.80563E+00  6.86401E+00  6.95591E+00  7.07605E+00  7.21678E+00  7.36853E+00  7.52047E+00  7.66121E+00  7.77962E+00  7.86553E+00  7.91042E+00  7.90790E+00  7.85402E+00  7.74740E+00  7.58918E+00  7.38285E+00  7.13392E+00  6.84966E+00  6.53872E+00  6.21082E+00  5.87651E+00  5.54682E+00
  5.06772E+00  4.81099E+00  4.60026E+00  4.44278E+00  4.34429E+00  4.30877E+00  4.33819E+00  4.43225E+00  4.58824E+00  4.80092E+00  5.06271E+00  5.36394E+00  5.69332E+00  6.03863E+00  6.38740E+00  6.72770E+00  7.04884E+00  7.34195E+00  7.60038E+00  7.81989E+00  7.99862E+00  8.13683E+00  8.23649E+00  8.30081E+00  8.33361E+00  8.33894E+00  8.32056E+00  8.28170E+00  8.22502E+00  8.15254E+00  8.06592E+00  7.96675E+00  7.85682E+00  7.73853E+00  7.61511E+00  7.49076E+00  7.37065E+00  7.26072E+00  7.16735E+00  7.09679E+00  7.05465E+00  7.04520E+00  7.07079E+00  7.13140E+00  7.22430E+00  7.34397E+00  7.48234E+00  7.62915E+00  7.77268E+00  7.90054E+00  8.00063E+00  8.06202E+00  8.07582E+00  8.03580E+00  7.93887E+00  7.78516E+00  7.57798E+00  7.32349E+00  7.03012E+00  6.70805E+00  6.36853E+00  6.02326E+00  5.68397E+00  5.36194E+00  5.06772E+00
