 0.10000E+01	 0.00000E+00	 0.00000E+00	 0.15174E+00	 0.46309E-01	 0.46309E-01	-0.91499E-04	-0.91499E-04	 0.61308E-03	 0.61308E-03	 0.45723E+01	 0.10005E+04	 0.21891E+06	 0.17920E-12	-0.54900E+00	-0.62090E+00	 0.00000E+00	-0.14400E+02	 0.14547E+01
 0.10000E+00	 0.00000E+00	 0.00000E+00	 0.15174E+00	 0.61933E-02	 0.61933E-02	-0.53633E-02	-0.53633E-02	 0.31512E+00	 0.31512E+00	 0.45723E+01	 0.10005E+04	 0.21891E+06	 0.12682E-13	-0.54900E+00	-0.62090E+00	 0.00000E+00	-0.14400E+02	 0.14547E+01
 0.10000E+02	 0.00000E+00	 0.00000E+00	 0.15174E+00	 0.46053E+00	 0.46053E+00	-0.91283E-06	-0.91283E-06	 0.62867E-06	 0.62867E-06	 0.45723E+01	 0.10005E+04	 0.21891E+06	 0.80570E-11	-0.54900E+00	-0.62090E+00	 0.00000E+00	-0.14400E+02	 0.14547E+01
 0.10000E-01	 0.00000E+00	 0.00000E+00	 0.15174E+00	 0.22090E-02	 0.22090E-02	-0.18656E-01	-0.18656E-01	 0.18258E+02	 0.18258E+02	 0.45723E+01	 0.10005E+04	 0.21891E+06	 0.18183E-12	-0.54900E+00	-0.62090E+00	 0.00000E+00	-0.14400E+02	 0.14547E+01
 0.10000E+03	 0.00000E+00	 0.00000E+00	 0.15174E+00	 0.46050E+01	 0.46050E+01	-0.91272E-08	-0.91272E-08	 0.62892E-09	 0.62892E-09	 0.45723E+01	 0.10005E+04	 0.21891E+06	 0.13113E-08	-0.54900E+00	-0.62090E+00	 0.00000E+00	-0.14400E+02	 0.14547E+01
 0.10000E-02	 0.00000E+00	 0.00000E+00	 0.15174E+00	 0.48229E-02	 0.48229E-02	-0.36473E-01	-0.36473E-01	 0.29269E+03	 0.29269E+03	 0.45723E+01	 0.10005E+04	 0.21891E+06	 0.37556E-10	-0.54900E+00	-0.62090E+00	 0.00000E+00	-0.14400E+02	 0.14547E+01
 0.10000E-03	 0.00000E+00	 0.00000E+00	 0.15174E+00	 0.42229E-01	 0.42218E-01	-0.85661E-02	-0.83220E-02	 0.33903E+04	 0.33900E+04	 0.45723E+01	 0.10005E+04	 0.21891E+06	 0.35341E-06	-0.54900E+00	-0.62090E+00	 0.00000E+00	-0.14400E+02	 0.14547E+01
 0.10000E-04	 0.00000E+00	 0.00000E+00	 0.15174E+00	 0.41296E+00	 0.40879E+00	 0.79701E-01	 0.90557E-01	 0.35793E+05	 0.35387E+05	 0.45723E+01	 0.10005E+04	 0.21891E+06	 0.15659E-05	-0.54900E+00	-0.62090E+00	 0.00000E+00	-0.14400E+02	 0.14547E+01
 0.10000E-05	 0.00000E+00	 0.00000E+00	 0.15174E+00	 0.41238E+01	 0.39341E+01	 0.49297E-01	 0.20375E+00	 0.36935E+06	 0.35630E+06	 0.45723E+01	 0.10005E+04	 0.21891E+06	 0.28615E-02	-0.54900E+00	-0.62090E+00	 0.00000E+00	-0.14400E+02	 0.14547E+01
 0.30000E+01	 0.00000E+00	 0.00000E+00	 0.15174E+00	 0.13824E+00	 0.13824E+00	-0.10153E-04	-0.10153E-04	 0.23197E-04	 0.23197E-04	 0.45723E+01	 0.10005E+04	 0.21891E+06	 0.73028E-12	-0.54900E+00	-0.62090E+00	 0.00000E+00	-0.14400E+02	 0.14547E+01
 0.30000E+00	 0.00000E+00	 0.00000E+00	 0.15174E+00	 0.14610E-01	 0.14610E-01	-0.94769E-03	-0.94769E-03	 0.20120E-01	 0.20120E-01	 0.45723E+01	 0.10005E+04	 0.21891E+06	 0.18994E-13	-0.54900E+00	-0.62090E+00	 0.00000E+00	-0.14400E+02	 0.14547E+01
 0.30000E+02	 0.00000E+00	 0.00000E+00	 0.15174E+00	 0.13815E+01	 0.13815E+01	-0.10142E-06	-0.10142E-06	 0.23292E-07	 0.23292E-07	 0.45723E+01	 0.10005E+04	 0.21891E+06	 0.18898E-09	-0.54900E+00	-0.62090E+00	 0.00000E+00	-0.14400E+02	 0.14547E+01
 0.30000E-01	 0.00000E+00	 0.00000E+00	 0.15174E+00	 0.32809E-02	 0.32809E-02	-0.14549E-01	-0.14549E-01	 0.33141E+01	 0.33141E+01	 0.45723E+01	 0.10005E+04	 0.21891E+06	 0.73282E-13	-0.54900E+00	-0.62090E+00	 0.00000E+00	-0.14400E+02	 0.14547E+01
 0.30000E+03	 0.00000E+00	 0.00000E+00	 0.15174E+00	 0.13815E+02	 0.13815E+02	-0.10141E-08	-0.10141E-08	 0.23293E-10	 0.23293E-10	 0.45723E+01	 0.10005E+04	 0.21891E+06	 0.11760E-07	-0.54900E+00	-0.62090E+00	 0.00000E+00	-0.14400E+02	 0.14547E+01
 0.30000E-02	 0.00000E+00	 0.00000E+00	 0.15174E+00	 0.23467E-02	 0.23467E-02	-0.23549E-01	-0.23549E-01	 0.83514E+02	 0.83514E+02	 0.45723E+01	 0.10005E+04	 0.21891E+06	 0.44854E-11	-0.54900E+00	-0.62090E+00	 0.00000E+00	-0.14400E+02	 0.14547E+01
 0.30000E-03	 0.00000E+00	 0.00000E+00	 0.15174E+00	 0.14514E-01	 0.14514E-01	-0.47802E-01	-0.47799E-01	 0.10754E+04	 0.10754E+04	 0.45723E+01	 0.10005E+04	 0.21891E+06	 0.19283E-08	-0.54900E+00	-0.62090E+00	 0.00000E+00	-0.14400E+02	 0.14547E+01
 0.30000E-04	 0.00000E+00	 0.00000E+00	 0.15174E+00	 0.13846E+00	 0.13809E+00	 0.51745E-01	 0.52218E-01	 0.11680E+05	 0.11646E+05	 0.45723E+01	 0.10005E+04	 0.21891E+06	 0.15587E-05	-0.54900E+00	-0.62090E+00	 0.00000E+00	-0.14400E+02	 0.14547E+01
 0.30000E-05	 0.00000E+00	 0.00000E+00	 0.15174E+00	 0.13748E+01	 0.13397E+01	 0.78827E-01	 0.14379E+00	 0.12144E+06	 0.11859E+06	 0.45723E+01	 0.10005E+04	 0.21891E+06	 0.75193E-04	-0.54900E+00	-0.62090E+00	 0.00000E+00	-0.14400E+02	 0.14547E+01
 0.10000E+01	 0.10000E+00	-0.16106E+00	 0.15174E+00	 0.79122E-02	 0.79122E-02	-0.31348E-03	-0.31348E-03	 0.63342E-03	 0.63342E-03	 0.45723E+01	 0.10005E+04	 0.21891E+06	 0.71533E-13	-0.54900E+00	-0.62090E+00	 0.00000E+00	-0.14400E+02	 0.14547E+01
 0.10000E+00	 0.10000E+00	-0.16106E+00	 0.15174E+00	 0.43800E-02	 0.43800E-02	-0.85463E-02	-0.85463E-02	 0.30912E+00	 0.30912E+00	 0.45723E+01	 0.10005E+04	 0.21891E+06	 0.16409E-12	-0.54900E+00	-0.62090E+00	 0.00000E+00	-0.14400E+02	 0.14547E+01
 0.10000E+02	 0.10000E+00	-0.16106E+00	 0.15174E+00	 0.17208E-02	 0.17208E-02	-0.44021E-05	-0.44021E-05	 0.65338E-06	 0.65338E-06	 0.45723E+01	 0.10005E+04	 0.21891E+06	 0.40346E-12	-0.54900E+00	-0.62090E+00	 0.00000E+00	-0.14400E+02	 0.14547E+01
 0.10000E-01	 0.10000E+00	-0.16106E+00	 0.15174E+00	 0.39392E-02	 0.39392E-02	-0.59952E-01	-0.59952E-01	 0.18205E+02	 0.18205E+02	 0.45723E+01	 0.10005E+04	 0.21891E+06	 0.81330E-12	-0.54900E+00	-0.62090E+00	 0.00000E+00	-0.14400E+02	 0.14547E+01
 0.10000E+03	 0.10000E+00	-0.16106E+00	 0.15174E+00	 0.20275E-03	 0.20275E-03	-0.44009E-07	-0.44009E-07	 0.65373E-09	 0.65373E-09	 0.45723E+01	 0.10005E+04	 0.21891E+06	 0.44740E-11	-0.54900E+00	-0.62090E+00	 0.00000E+00	-0.14400E+02	 0.14547E+01
 0.10000E-02	 0.10000E+00	-0.16106E+00	 0.15174E+00	 0.17808E-02	 0.17808E-02	-0.16449E+00	-0.16449E+00	 0.29752E+03	 0.29752E+03	 0.45723E+01	 0.10005E+04	 0.21891E+06	 0.38316E-10	-0.54900E+00	-0.62090E+00	 0.00000E+00	-0.14400E+02	 0.14547E+01
 0.10000E-03	 0.10000E+00	-0.16106E+00	 0.15174E+00	 0.30129E-03	 0.30107E-03	-0.22313E+00	-0.22310E+00	 0.34778E+04	 0.34763E+04	 0.45723E+01	 0.10005E+04	 0.21891E+06	 0.51609E-08	-0.54900E+00	-0.62090E+00	 0.00000E+00	-0.14400E+02	 0.14547E+01
 0.10000E-04	 0.10000E+00	-0.16106E+00	 0.15174E+00	 0.44414E-04	 0.40058E-04	-0.29676E+00	-0.28940E+00	 0.38959E+05	 0.38003E+05	 0.45723E+01	 0.10005E+04	 0.21891E+06	 0.76488E-06	-0.54900E+00	-0.62090E+00	 0.00000E+00	-0.14400E+02	 0.14547E+01
 0.10000E-05	 0.10000E+00	-0.16106E+00	 0.15174E+00	 0.30445E-04	 0.44027E-05	-0.40180E+00	-0.30857E+00	 0.43639E+06	 0.39004E+06	 0.45723E+01	 0.10005E+04	 0.21891E+06	 0.62136E-04	-0.54900E+00	-0.62090E+00	 0.00000E+00	-0.14400E+02	 0.14547E+01
 0.30000E+01	 0.10000E+00	-0.16106E+00	 0.15174E+00	 0.46405E-02	 0.46405E-02	-0.46596E-04	-0.46596E-04	 0.24087E-04	 0.24087E-04	 0.45723E+01	 0.10005E+04	 0.21891E+06	 0.58414E-13	-0.54900E+00	-0.62090E+00	 0.00000E+00	-0.14400E+02	 0.14547E+01
 0.30000E+00	 0.10000E+00	-0.16106E+00	 0.15174E+00	 0.57095E-02	 0.57095E-02	-0.18632E-02	-0.18632E-02	 0.20386E-01	 0.20386E-01	 0.45723E+01	 0.10005E+04	 0.21891E+06	 0.25946E-13	-0.54900E+00	-0.62090E+00	 0.00000E+00	-0.14400E+02	 0.14547E+01
 0.30000E+02	 0.10000E+00	-0.16106E+00	 0.15174E+00	 0.62516E-03	 0.62516E-03	-0.49065E-06	-0.49065E-06	 0.24211E-07	 0.24211E-07	 0.45723E+01	 0.10005E+04	 0.21891E+06	 0.26637E-11	-0.54900E+00	-0.62090E+00	 0.00000E+00	-0.14400E+02	 0.14547E+01
 0.30000E-01	 0.10000E+00	-0.16106E+00	 0.15174E+00	 0.45733E-02	 0.45733E-02	-0.29855E-01	-0.29855E-01	 0.32470E+01	 0.32470E+01	 0.45723E+01	 0.10005E+04	 0.21891E+06	 0.13550E-12	-0.54900E+00	-0.62090E+00	 0.00000E+00	-0.14400E+02	 0.14547E+01
 0.30000E+03	 0.10000E+00	-0.16106E+00	 0.15174E+00	 0.72112E-04	 0.72112E-04	-0.48733E-08	-0.48733E-08	 0.24212E-10	 0.24212E-10	 0.45723E+01	 0.10005E+04	 0.21891E+06	 0.11694E-09	-0.54900E+00	-0.62090E+00	 0.00000E+00	-0.14400E+02	 0.14547E+01
 0.30000E-02	 0.10000E+00	-0.16106E+00	 0.15174E+00	 0.30005E-02	 0.30005E-02	-0.11407E+00	-0.11407E+00	 0.84618E+02	 0.84618E+02	 0.45723E+01	 0.10005E+04	 0.21891E+06	 0.45428E-11	-0.54900E+00	-0.62090E+00	 0.00000E+00	-0.14400E+02	 0.14547E+01
 0.30000E-03	 0.10000E+00	-0.16106E+00	 0.15174E+00	 0.74953E-03	 0.74952E-03	-0.19695E+00	-0.19695E+00	 0.10920E+04	 0.10920E+04	 0.45723E+01	 0.10005E+04	 0.21891E+06	 0.59737E-09	-0.54900E+00	-0.62090E+00	 0.00000E+00	-0.14400E+02	 0.14547E+01
 0.30000E-04	 0.10000E+00	-0.16106E+00	 0.15174E+00	 0.10788E-03	 0.10639E-03	-0.25828E+00	-0.25851E+00	 0.12286E+05	 0.12215E+05	 0.45723E+01	 0.10005E+04	 0.21891E+06	 0.70858E-07	-0.54900E+00	-0.62090E+00	 0.00000E+00	-0.14400E+02	 0.14547E+01
 0.30000E-05	 0.10000E+00	-0.16106E+00	 0.15174E+00	 0.23629E-04	 0.12919E-04	-0.35372E+00	-0.30406E+00	 0.13798E+06	 0.12937E+06	 0.45723E+01	 0.10005E+04	 0.21891E+06	 0.49954E-05	-0.54900E+00	-0.62090E+00	 0.00000E+00	-0.14400E+02	 0.14547E+01
 0.10000E+01	 0.10000E-01	-0.16106E-01	 0.15174E+00	 0.19627E-01	 0.19627E-01	-0.13023E-03	-0.13023E-03	 0.61320E-03	 0.61320E-03	 0.45723E+01	 0.10005E+04	 0.21891E+06	 0.10752E-12	-0.54900E+00	-0.62090E+00	 0.00000E+00	-0.14400E+02	 0.14547E+01
 0.10000E+00	 0.10000E-01	-0.16106E-01	 0.15174E+00	 0.62232E-02	 0.62232E-02	-0.53994E-02	-0.53994E-02	 0.31497E+00	 0.31497E+00	 0.45723E+01	 0.10005E+04	 0.21891E+06	 0.17619E-13	-0.54900E+00	-0.62090E+00	 0.00000E+00	-0.14400E+02	 0.14547E+01
 0.10000E+02	 0.10000E-01	-0.16106E-01	 0.15174E+00	 0.69012E-01	 0.69012E-01	-0.28434E-05	-0.28434E-05	 0.62888E-06	 0.62888E-06	 0.45723E+01	 0.10005E+04	 0.21891E+06	 0.13146E-11	-0.54900E+00	-0.62090E+00	 0.00000E+00	-0.14400E+02	 0.14547E+01
 0.10000E-01	 0.10000E-01	-0.16106E-01	 0.15174E+00	 0.22528E-02	 0.22528E-02	-0.16672E-01	-0.16672E-01	 0.18121E+02	 0.18121E+02	 0.45723E+01	 0.10005E+04	 0.21891E+06	 0.34251E-12	-0.54900E+00	-0.62090E+00	 0.00000E+00	-0.14400E+02	 0.14547E+01
 0.10000E+03	 0.10000E-01	-0.16106E-01	 0.15174E+00	 0.17101E-01	 0.17101E-01	-0.43944E-07	-0.43944E-07	 0.62917E-09	 0.62917E-09	 0.45723E+01	 0.10005E+04	 0.21891E+06	 0.29821E-10	-0.54900E+00	-0.62090E+00	 0.00000E+00	-0.14400E+02	 0.14547E+01
 0.10000E-02	 0.10000E-01	-0.16106E-01	 0.15174E+00	 0.17908E-02	 0.17908E-02	 0.68867E-01	 0.68867E-01	 0.28661E+03	 0.28661E+03	 0.45723E+01	 0.10005E+04	 0.21891E+06	 0.32143E-10	-0.54900E+00	-0.62090E+00	 0.00000E+00	-0.14400E+02	 0.14547E+01
 0.10000E-03	 0.10000E-01	-0.16106E-01	 0.15174E+00	 0.54730E-03	 0.54475E-03	 0.16221E+00	 0.16224E+00	 0.33650E+04	 0.33647E+04	 0.45723E+01	 0.10005E+04	 0.21891E+06	 0.38858E-08	-0.54900E+00	-0.62090E+00	 0.00000E+00	-0.14400E+02	 0.14547E+01
 0.10000E-04	 0.10000E-01	-0.16106E-01	 0.15174E+00	 0.16506E-03	 0.97835E-04	 0.16630E+00	 0.17655E+00	 0.35961E+05	 0.35526E+05	 0.45723E+01	 0.10005E+04	 0.21891E+06	 0.52785E-05	-0.54900E+00	-0.62090E+00	 0.00000E+00	-0.14400E+02	 0.14547E+01
 0.10000E-05	 0.10000E-01	-0.16106E-01	 0.15174E+00	 0.13227E-03	 0.11105E-04	 0.10920E+00	 0.18704E+00	 0.37318E+06	 0.35772E+06	 0.45723E+01	 0.10005E+04	 0.21891E+06	 0.46336E-02	-0.54900E+00	-0.62090E+00	 0.00000E+00	-0.14400E+02	 0.14547E+01
 0.30000E+01	 0.10000E-01	-0.16106E-01	 0.15174E+00	 0.38707E-01	 0.38707E-01	-0.17595E-04	-0.17595E-04	 0.23203E-04	 0.23203E-04	 0.45723E+01	 0.10005E+04	 0.21891E+06	 0.14197E-11	-0.54900E+00	-0.62090E+00	 0.00000E+00	-0.14400E+02	 0.14547E+01
 0.30000E+00	 0.10000E-01	-0.16106E-01	 0.15174E+00	 0.12148E-01	 0.12148E-01	-0.10710E-02	-0.10710E-02	 0.20118E-01	 0.20118E-01	 0.45723E+01	 0.10005E+04	 0.21891E+06	 0.15184E-13	-0.54900E+00	-0.62090E+00	 0.00000E+00	-0.14400E+02	 0.14547E+01
 0.30000E+02	 0.10000E-01	-0.16106E-01	 0.15174E+00	 0.45113E-01	 0.45113E-01	-0.45683E-06	-0.45683E-06	 0.23301E-07	 0.23301E-07	 0.45723E+01	 0.10005E+04	 0.21891E+06	 0.16416E-10	-0.54900E+00	-0.62090E+00	 0.00000E+00	-0.14400E+02	 0.14547E+01
 0.30000E-01	 0.10000E-01	-0.16106E-01	 0.15174E+00	 0.33465E-02	 0.33465E-02	-0.14426E-01	-0.14426E-01	 0.33074E+01	 0.33074E+01	 0.45723E+01	 0.10005E+04	 0.21891E+06	 0.10497E-12	-0.54900E+00	-0.62090E+00	 0.00000E+00	-0.14400E+02	 0.14547E+01
 0.30000E+03	 0.10000E-01	-0.16106E-01	 0.15174E+00	 0.62325E-02	 0.62325E-02	-0.49057E-08	-0.49057E-08	 0.23303E-10	 0.23303E-10	 0.45723E+01	 0.10005E+04	 0.21891E+06	 0.48208E-10	-0.54900E+00	-0.62090E+00	 0.00000E+00	-0.14400E+02	 0.14547E+01
 0.30000E-02	 0.10000E-01	-0.16106E-01	 0.15174E+00	 0.19534E-02	 0.19534E-02	 0.15621E-02	 0.15621E-02	 0.82062E+02	 0.82062E+02	 0.45723E+01	 0.10005E+04	 0.21891E+06	 0.42497E-03	-0.54900E+00	-0.62090E+00	 0.00000E+00	-0.14400E+02	 0.14547E+01
 0.30000E-03	 0.10000E-01	-0.16106E-01	 0.15174E+00	 0.11046E-02	 0.11045E-02	 0.14105E+00	 0.14105E+00	 0.10587E+04	 0.10587E+04	 0.45723E+01	 0.10005E+04	 0.21891E+06	 0.25979E-09	-0.54900E+00	-0.62090E+00	 0.00000E+00	-0.14400E+02	 0.14547E+01
 0.30000E-04	 0.10000E-01	-0.16106E-01	 0.15174E+00	 0.25032E-03	 0.23155E-03	 0.16490E+00	 0.16661E+00	 0.11678E+05	 0.11646E+05	 0.45723E+01	 0.10005E+04	 0.21891E+06	 0.23053E-06	-0.54900E+00	-0.62090E+00	 0.00000E+00	-0.14400E+02	 0.14547E+01
 0.30000E-05	 0.10000E-01	-0.16106E-01	 0.15174E+00	 0.17775E-03	 0.32545E-04	 0.13672E+00	 0.18456E+00	 0.12245E+06	 0.11913E+06	 0.45723E+01	 0.10005E+04	 0.21891E+06	 0.14685E-03	-0.54900E+00	-0.62090E+00	 0.00000E+00	-0.14400E+02	 0.14547E+01
 0.10000E+01	 0.10000E-02	-0.16106E-02	 0.15174E+00	 0.44957E-01	 0.44957E-01	-0.93344E-04	-0.93344E-04	 0.61308E-03	 0.61308E-03	 0.45723E+01	 0.10005E+04	 0.21891E+06	 0.86116E-13	-0.54900E+00	-0.62090E+00	 0.00000E+00	-0.14400E+02	 0.14547E+01
 0.10000E+00	 0.10000E-02	-0.16106E-02	 0.15174E+00	 0.61930E-02	 0.61930E-02	-0.53637E-02	-0.53637E-02	 0.31512E+00	 0.31512E+00	 0.45723E+01	 0.10005E+04	 0.21891E+06	 0.15647E-13	-0.54900E+00	-0.62090E+00	 0.00000E+00	-0.14400E+02	 0.14547E+01
 0.10000E+02	 0.10000E-02	-0.16106E-02	 0.15174E+00	 0.19241E+00	 0.19241E+00	-0.12977E-05	-0.12977E-05	 0.62867E-06	 0.62867E-06	 0.45723E+01	 0.10005E+04	 0.21891E+06	 0.58170E-11	-0.54900E+00	-0.62090E+00	 0.00000E+00	-0.14400E+02	 0.14547E+01
 0.10000E-01	 0.10000E-02	-0.16106E-02	 0.15174E+00	 0.22093E-02	 0.22093E-02	-0.18632E-01	-0.18632E-01	 0.18257E+02	 0.18257E+02	 0.45723E+01	 0.10005E+04	 0.21891E+06	 0.16828E-03	-0.54900E+00	-0.62090E+00	 0.00000E+00	-0.14400E+02	 0.14547E+01
 0.10000E+03	 0.10000E-02	-0.16106E-02	 0.15174E+00	 0.68914E+00	 0.68914E+00	-0.28402E-07	-0.28402E-07	 0.62892E-09	 0.62892E-09	 0.45723E+01	 0.10005E+04	 0.21891E+06	 0.48369E-09	-0.54900E+00	-0.62090E+00	 0.00000E+00	-0.14400E+02	 0.14547E+01
 0.10000E-02	 0.10000E-02	-0.16106E-02	 0.15174E+00	 0.45977E-02	 0.45977E-02	-0.28615E-01	-0.28615E-01	 0.29231E+03	 0.29231E+03	 0.45723E+01	 0.10005E+04	 0.21891E+06	 0.42355E-10	-0.54900E+00	-0.62090E+00	 0.00000E+00	-0.14400E+02	 0.14547E+01
 0.10000E-03	 0.10000E-02	-0.16106E-02	 0.15174E+00	 0.97848E-02	 0.97804E-02	 0.22648E+00	 0.22637E+00	 0.33811E+04	 0.33808E+04	 0.45723E+01	 0.10005E+04	 0.21891E+06	 0.24333E-08	-0.54900E+00	-0.62090E+00	 0.00000E+00	-0.14400E+02	 0.14547E+01
 0.10000E-04	 0.10000E-02	-0.16106E-02	 0.15174E+00	 0.27822E-02	 0.25034E-02	 0.16222E+00	 0.18113E+00	 0.35757E+05	 0.35343E+05	 0.45723E+01	 0.10005E+04	 0.21891E+06	 0.10504E+02	-0.54900E+00	-0.62090E+00	 0.00000E+00	-0.14400E+02	 0.14547E+01
 0.10000E-05	 0.10000E-02	-0.16106E-02	 0.15174E+00	 0.16288E-02	 0.31797E-03	 0.68071E-01	 0.15001E+00	 0.36926E+06	 0.35567E+06	 0.45723E+01	 0.10005E+04	 0.21891E+06	 0.37863E-01	-0.54900E+00	-0.62090E+00	 0.00000E+00	-0.14400E+02	 0.14547E+01
 0.30000E+01	 0.10000E-02	-0.16106E-02	 0.15174E+00	 0.11070E+00	 0.11070E+00	-0.11553E-04	-0.11553E-04	 0.23197E-04	 0.23197E-04	 0.45723E+01	 0.10005E+04	 0.21891E+06	 0.14799E-11	-0.54900E+00	-0.62090E+00	 0.00000E+00	-0.14400E+02	 0.14547E+01
 0.30000E+00	 0.10000E-02	-0.16106E-02	 0.15174E+00	 0.14575E-01	 0.14575E-01	-0.94935E-03	-0.94935E-03	 0.20120E-01	 0.20120E-01	 0.45723E+01	 0.10005E+04	 0.21891E+06	 0.17073E-13	-0.54900E+00	-0.62090E+00	 0.00000E+00	-0.14400E+02	 0.14547E+01
 0.30000E+02	 0.10000E-02	-0.16106E-02	 0.15174E+00	 0.38530E+00	 0.38530E+00	-0.17545E-06	-0.17545E-06	 0.23292E-07	 0.23292E-07	 0.45723E+01	 0.10005E+04	 0.21891E+06	 0.99474E-10	-0.54900E+00	-0.62090E+00	 0.00000E+00	-0.14400E+02	 0.14547E+01
 0.30000E-01	 0.10000E-02	-0.16106E-02	 0.15174E+00	 0.32815E-02	 0.32815E-02	-0.14548E-01	-0.14548E-01	 0.33140E+01	 0.33140E+01	 0.45723E+01	 0.10005E+04	 0.21891E+06	 0.46247E-03	-0.54900E+00	-0.62090E+00	 0.00000E+00	-0.14400E+02	 0.14547E+01
 0.30000E+03	 0.10000E-02	-0.16106E-02	 0.15174E+00	 0.45100E+00	 0.45100E+00	-0.45672E-08	-0.45672E-08	 0.23294E-10	 0.23294E-10	 0.45723E+01	 0.10005E+04	 0.21891E+06	 0.12618E-08	-0.54900E+00	-0.62090E+00	 0.00000E+00	-0.14400E+02	 0.14547E+01
 0.30000E-02	 0.10000E-02	-0.16106E-02	 0.15174E+00	 0.23366E-02	 0.23366E-02	-0.23036E-01	-0.23036E-01	 0.83484E+02	 0.83484E+02	 0.45723E+01	 0.10005E+04	 0.21891E+06	 0.28392E-11	-0.54900E+00	-0.62090E+00	 0.00000E+00	-0.14400E+02	 0.14547E+01
 0.30000E-03	 0.10000E-02	-0.16106E-02	 0.15174E+00	 0.99208E-02	 0.99208E-02	 0.44737E-01	 0.44738E-01	 0.10721E+04	 0.10721E+04	 0.45723E+01	 0.10005E+04	 0.21891E+06	 0.41926E-09	-0.54900E+00	-0.62090E+00	 0.00000E+00	-0.14400E+02	 0.14547E+01
 0.30000E-04	 0.10000E-02	-0.16106E-02	 0.15174E+00	 0.53852E-02	 0.53118E-02	 0.22753E+00	 0.23030E+00	 0.11659E+05	 0.11625E+05	 0.45723E+01	 0.10005E+04	 0.21891E+06	 0.61421E-07	-0.54900E+00	-0.62090E+00	 0.00000E+00	-0.14400E+02	 0.14547E+01
 0.30000E-05	 0.10000E-02	-0.16106E-02	 0.15174E+00	 0.15659E-02	 0.91315E-03	 0.11589E+00	 0.15475E+00	 0.12138E+06	 0.11843E+06	 0.45723E+01	 0.10005E+04	 0.21891E+06	 0.54188E-03	-0.54900E+00	-0.62090E+00	 0.00000E+00	-0.14400E+02	 0.14547E+01
 0.10000E+01	 0.10000E-03	-0.16106E-03	 0.15174E+00	 0.46290E-01	 0.46290E-01	-0.91519E-04	-0.91519E-04	 0.61308E-03	 0.61308E-03	 0.45723E+01	 0.10005E+04	 0.21891E+06	 0.15135E-12	-0.54900E+00	-0.62090E+00	 0.00000E+00	-0.14400E+02	 0.14547E+01
 0.10000E+00	 0.10000E-03	-0.16106E-03	 0.15174E+00	 0.61933E-02	 0.61933E-02	-0.53633E-02	-0.53633E-02	 0.31512E+00	 0.31512E+00	 0.45723E+01	 0.10005E+04	 0.21891E+06	 0.14859E-13	-0.54900E+00	-0.62090E+00	 0.00000E+00	-0.14400E+02	 0.14547E+01
 0.10000E+02	 0.10000E-03	-0.16106E-03	 0.15174E+00	 0.44685E+00	 0.44685E+00	-0.93140E-06	-0.93140E-06	 0.62867E-06	 0.62867E-06	 0.45723E+01	 0.10005E+04	 0.21891E+06	 0.10076E-10	-0.54900E+00	-0.62090E+00	 0.00000E+00	-0.14400E+02	 0.14547E+01
 0.10000E-01	 0.10000E-03	-0.16106E-03	 0.15174E+00	 0.22090E-02	 0.22090E-02	-0.18656E-01	-0.18656E-01	 0.18258E+02	 0.18258E+02	 0.45723E+01	 0.10005E+04	 0.21891E+06	 0.15793E-12	-0.54900E+00	-0.62090E+00	 0.00000E+00	-0.14400E+02	 0.14547E+01
 0.10000E+03	 0.10000E-03	-0.16106E-03	 0.15174E+00	 0.19237E+01	 0.19237E+01	-0.12975E-07	-0.12975E-07	 0.62892E-09	 0.62892E-09	 0.45723E+01	 0.10005E+04	 0.21891E+06	 0.11884E-08	-0.54900E+00	-0.62090E+00	 0.00000E+00	-0.14400E+02	 0.14547E+01
 0.10000E-02	 0.10000E-03	-0.16106E-03	 0.15174E+00	 0.48204E-02	 0.48204E-02	-0.36390E-01	-0.36390E-01	 0.29268E+03	 0.29268E+03	 0.45723E+01	 0.10005E+04	 0.21891E+06	 0.45009E-10	-0.54900E+00	-0.62090E+00	 0.00000E+00	-0.14400E+02	 0.14547E+01
 0.10000E-03	 0.10000E-03	-0.16106E-03	 0.15174E+00	 0.40400E-01	 0.40389E-01	 0.27889E-02	 0.30154E-02	 0.33895E+04	 0.33891E+04	 0.45723E+01	 0.10005E+04	 0.21891E+06	 0.81646E-06	-0.54900E+00	-0.62090E+00	 0.00000E+00	-0.14400E+02	 0.14547E+01
 0.10000E-04	 0.10000E-03	-0.16106E-03	 0.15174E+00	 0.96374E-01	 0.95121E-01	 0.23329E+00	 0.25162E+00	 0.35783E+05	 0.35376E+05	 0.45723E+01	 0.10005E+04	 0.21891E+06	 0.15861E-05	-0.54900E+00	-0.62090E+00	 0.00000E+00	-0.14400E+02	 0.14547E+01
 0.10000E-05	 0.10000E-03	-0.16106E-03	 0.15174E+00	 0.28516E-01	 0.19787E-01	 0.13359E+00	 0.18600E+00	 0.36930E+06	 0.35614E+06	 0.45723E+01	 0.10005E+04	 0.21891E+06	 0.56573E-01	-0.54900E+00	-0.62090E+00	 0.00000E+00	-0.14400E+02	 0.14547E+01
 0.30000E+01	 0.10000E-03	-0.16106E-03	 0.15174E+00	 0.13783E+00	 0.13783E+00	-0.10173E-04	-0.10173E-04	 0.23197E-04	 0.23197E-04	 0.45723E+01	 0.10005E+04	 0.21891E+06	 0.85340E-12	-0.54900E+00	-0.62090E+00	 0.00000E+00	-0.14400E+02	 0.14547E+01
 0.30000E+00	 0.10000E-03	-0.16106E-03	 0.15174E+00	 0.14610E-01	 0.14610E-01	-0.94771E-03	-0.94771E-03	 0.20120E-01	 0.20120E-01	 0.45723E+01	 0.10005E+04	 0.21891E+06	 0.12280E-13	-0.54900E+00	-0.62090E+00	 0.00000E+00	-0.14400E+02	 0.14547E+01
 0.30000E+02	 0.10000E-03	-0.16106E-03	 0.15174E+00	 0.11059E+01	 0.11059E+01	-0.11540E-06	-0.11540E-06	 0.23292E-07	 0.23292E-07	 0.45723E+01	 0.10005E+04	 0.21891E+06	 0.11051E-09	-0.54900E+00	-0.62090E+00	 0.00000E+00	-0.14400E+02	 0.14547E+01
 0.30000E-01	 0.10000E-03	-0.16106E-03	 0.15174E+00	 0.32809E-02	 0.32809E-02	-0.14549E-01	-0.14549E-01	 0.33141E+01	 0.33141E+01	 0.45723E+01	 0.10005E+04	 0.21891E+06	 0.57910E-13	-0.54900E+00	-0.62090E+00	 0.00000E+00	-0.14400E+02	 0.14547E+01
 0.30000E+03	 0.10000E-03	-0.16106E-03	 0.15174E+00	 0.38529E+01	 0.38529E+01	-0.17544E-08	-0.17544E-08	 0.23293E-10	 0.23293E-10	 0.45723E+01	 0.10005E+04	 0.21891E+06	 0.39299E-08	-0.54900E+00	-0.62090E+00	 0.00000E+00	-0.14400E+02	 0.14547E+01
 0.30000E-02	 0.10000E-03	-0.16106E-03	 0.15174E+00	 0.23466E-02	 0.23466E-02	-0.23544E-01	-0.23544E-01	 0.83514E+02	 0.83514E+02	 0.45723E+01	 0.10005E+04	 0.21891E+06	 0.19310E-11	-0.54900E+00	-0.62090E+00	 0.00000E+00	-0.14400E+02	 0.14547E+01
 0.30000E-03	 0.10000E-03	-0.16106E-03	 0.15174E+00	 0.14434E-01	 0.14434E-01	-0.46390E-01	-0.46388E-01	 0.10754E+04	 0.10754E+04	 0.45723E+01	 0.10005E+04	 0.21891E+06	 0.19093E-08	-0.54900E+00	-0.62090E+00	 0.00000E+00	-0.14400E+02	 0.14547E+01
 0.30000E-04	 0.10000E-03	-0.16106E-03	 0.15174E+00	 0.96599E-01	 0.96378E-01	 0.12700E+00	 0.12852E+00	 0.11675E+05	 0.11641E+05	 0.45723E+01	 0.10005E+04	 0.21891E+06	 0.10663E-05	-0.54900E+00	-0.62090E+00	 0.00000E+00	-0.14400E+02	 0.14547E+01
 0.30000E-05	 0.10000E-03	-0.16106E-03	 0.15174E+00	 0.52171E-01	 0.47040E-01	 0.17328E+00	 0.21379E+00	 0.12142E+06	 0.11855E+06	 0.45723E+01	 0.10005E+04	 0.21891E+06	 0.20804E-03	-0.54900E+00	-0.62090E+00	 0.00000E+00	-0.14400E+02	 0.14547E+01
 0.10000E+01	 0.10000E-04	-0.16106E-04	 0.15174E+00	 0.46309E-01	 0.46309E-01	-0.91499E-04	-0.91499E-04	 0.61308E-03	 0.61308E-03	 0.45723E+01	 0.10005E+04	 0.21891E+06	 0.12294E-12	-0.54900E+00	-0.62090E+00	 0.00000E+00	-0.14400E+02	 0.14547E+01
 0.10000E+00	 0.10000E-04	-0.16106E-04	 0.15174E+00	 0.61933E-02	 0.61933E-02	-0.53633E-02	-0.53633E-02	 0.31512E+00	 0.31512E+00	 0.45723E+01	 0.10005E+04	 0.21891E+06	 0.12635E-13	-0.54900E+00	-0.62090E+00	 0.00000E+00	-0.14400E+02	 0.14547E+01
 0.10000E+02	 0.10000E-04	-0.16106E-04	 0.15174E+00	 0.46033E+00	 0.46033E+00	-0.91304E-06	-0.91304E-06	 0.62867E-06	 0.62867E-06	 0.45723E+01	 0.10005E+04	 0.21891E+06	 0.16771E-10	-0.54900E+00	-0.62090E+00	 0.00000E+00	-0.14400E+02	 0.14547E+01
 0.10000E-01	 0.10000E-04	-0.16106E-04	 0.15174E+00	 0.22090E-02	 0.22090E-02	-0.18656E-01	-0.18656E-01	 0.18258E+02	 0.18258E+02	 0.45723E+01	 0.10005E+04	 0.21891E+06	 0.33414E-12	-0.54900E+00	-0.62090E+00	 0.00000E+00	-0.14400E+02	 0.14547E+01
 0.10000E+03	 0.10000E-04	-0.16106E-04	 0.15174E+00	 0.44682E+01	 0.44682E+01	-0.93129E-08	-0.93129E-08	 0.62892E-09	 0.62892E-09	 0.45723E+01	 0.10005E+04	 0.21891E+06	 0.26132E-08	-0.54900E+00	-0.62090E+00	 0.00000E+00	-0.14400E+02	 0.14547E+01
 0.10000E-02	 0.10000E-04	-0.16106E-04	 0.15174E+00	 0.48229E-02	 0.48229E-02	-0.36472E-01	-0.36472E-01	 0.29269E+03	 0.29269E+03	 0.45723E+01	 0.10005E+04	 0.21891E+06	 0.29717E-10	-0.54900E+00	-0.62090E+00	 0.00000E+00	-0.14400E+02	 0.14547E+01
 0.10000E-03	 0.10000E-04	-0.16106E-04	 0.15174E+00	 0.42209E-01	 0.42198E-01	-0.84666E-02	-0.82227E-02	 0.33903E+04	 0.33900E+04	 0.45723E+01	 0.10005E+04	 0.21891E+06	 0.22934E-06	-0.54900E+00	-0.62090E+00	 0.00000E+00	-0.14400E+02	 0.14547E+01
 0.10000E-04	 0.10000E-04	-0.16106E-04	 0.15174E+00	 0.39629E+00	 0.39233E+00	 0.79797E-01	 0.90583E-01	 0.35791E+05	 0.35385E+05	 0.45723E+01	 0.10005E+04	 0.21891E+06	 0.85305E-06	-0.54900E+00	-0.62090E+00	 0.00000E+00	-0.14400E+02	 0.14547E+01
 0.10000E-05	 0.10000E-04	-0.16106E-04	 0.15174E+00	 0.99029E+00	 0.93853E+00	 0.20897E+00	 0.18160E+00	 0.36933E+06	 0.35625E+06	 0.45723E+01	 0.10005E+04	 0.21891E+06	 0.92089E-02	-0.54900E+00	-0.62090E+00	 0.00000E+00	-0.14400E+02	 0.14547E+01
 0.30000E+01	 0.10000E-04	-0.16106E-04	 0.15174E+00	 0.13823E+00	 0.13823E+00	-0.10153E-04	-0.10153E-04	 0.23197E-04	 0.23197E-04	 0.45723E+01	 0.10005E+04	 0.21891E+06	 0.16684E-11	-0.54900E+00	-0.62090E+00	 0.00000E+00	-0.14400E+02	 0.14547E+01
 0.30000E+00	 0.10000E-04	-0.16106E-04	 0.15174E+00	 0.14610E-01	 0.14610E-01	-0.94769E-03	-0.94769E-03	 0.20120E-01	 0.20120E-01	 0.45723E+01	 0.10005E+04	 0.21891E+06	 0.13403E-13	-0.54900E+00	-0.62090E+00	 0.00000E+00	-0.14400E+02	 0.14547E+01
 0.30000E+02	 0.10000E-04	-0.16106E-04	 0.15174E+00	 0.13774E+01	 0.13774E+01	-0.10161E-06	-0.10161E-06	 0.23292E-07	 0.23292E-07	 0.45723E+01	 0.10005E+04	 0.21891E+06	 0.12710E-09	-0.54900E+00	-0.62090E+00	 0.00000E+00	-0.14400E+02	 0.14547E+01
 0.30000E-01	 0.10000E-04	-0.16106E-04	 0.15174E+00	 0.32809E-02	 0.32809E-02	-0.14549E-01	-0.14549E-01	 0.33141E+01	 0.33141E+01	 0.45723E+01	 0.10005E+04	 0.21891E+06	 0.53884E-13	-0.54900E+00	-0.62090E+00	 0.00000E+00	-0.14400E+02	 0.14547E+01
 0.30000E+03	 0.10000E-04	-0.16106E-04	 0.15174E+00	 0.11059E+02	 0.11059E+02	-0.11540E-08	-0.11540E-08	 0.23293E-10	 0.23293E-10	 0.45723E+01	 0.10005E+04	 0.21891E+06	 0.11556E-07	-0.54900E+00	-0.62090E+00	 0.00000E+00	-0.14400E+02	 0.14547E+01
 0.30000E-02	 0.10000E-04	-0.16106E-04	 0.15174E+00	 0.23467E-02	 0.23467E-02	-0.23549E-01	-0.23549E-01	 0.83514E+02	 0.83514E+02	 0.45723E+01	 0.10005E+04	 0.21891E+06	 0.39963E-11	-0.54900E+00	-0.62090E+00	 0.00000E+00	-0.14400E+02	 0.14547E+01
 0.30000E-03	 0.10000E-04	-0.16106E-04	 0.15174E+00	 0.14513E-01	 0.14513E-01	-0.47788E-01	-0.47785E-01	 0.10754E+04	 0.10754E+04	 0.45723E+01	 0.10005E+04	 0.21891E+06	 0.17532E-08	-0.54900E+00	-0.62090E+00	 0.00000E+00	-0.14400E+02	 0.14547E+01
 0.30000E-04	 0.10000E-04	-0.16106E-04	 0.15174E+00	 0.13777E+00	 0.13741E+00	 0.51561E-01	 0.52032E-01	 0.11679E+05	 0.11645E+05	 0.45723E+01	 0.10005E+04	 0.21891E+06	 0.50846E-05	-0.54900E+00	-0.62090E+00	 0.00000E+00	-0.14400E+02	 0.14547E+01
 0.30000E-05	 0.10000E-04	-0.16106E-04	 0.15174E+00	 0.97313E+00	 0.95031E+00	 0.13230E+00	 0.18904E+00	 0.12143E+06	 0.11858E+06	 0.45723E+01	 0.10005E+04	 0.21891E+06	 0.16408E-03	-0.54900E+00	-0.62090E+00	 0.00000E+00	-0.14400E+02	 0.14547E+01
 0.10000E+01	 0.30000E-01	-0.48317E-01	 0.15174E+00	 0.13381E-01	 0.13381E-01	-0.16074E-03	-0.16074E-03	 0.61456E-03	 0.61456E-03	 0.45723E+01	 0.10005E+04	 0.21891E+06	 0.14194E-12	-0.54900E+00	-0.62090E+00	 0.00000E+00	-0.14400E+02	 0.14547E+01
 0.10000E+00	 0.30000E-01	-0.48317E-01	 0.15174E+00	 0.62918E-02	 0.62918E-02	-0.58567E-02	-0.58567E-02	 0.31377E+00	 0.31377E+00	 0.45723E+01	 0.10005E+04	 0.21891E+06	 0.20056E-13	-0.54900E+00	-0.62090E+00	 0.00000E+00	-0.14400E+02	 0.14547E+01
 0.10000E+02	 0.30000E-01	-0.48317E-01	 0.15174E+00	 0.15074E-01	 0.15074E-01	-0.41189E-05	-0.41189E-05	 0.63083E-06	 0.63083E-06	 0.45723E+01	 0.10005E+04	 0.21891E+06	 0.13868E-11	-0.54900E+00	-0.62090E+00	 0.00000E+00	-0.14400E+02	 0.14547E+01
 0.10000E-01	 0.30000E-01	-0.48317E-01	 0.15174E+00	 0.29310E-02	 0.29310E-02	-0.12768E-01	-0.12768E-01	 0.17724E+02	 0.17724E+02	 0.45723E+01	 0.10005E+04	 0.21891E+06	 0.36451E-12	-0.54900E+00	-0.62090E+00	 0.00000E+00	-0.14400E+02	 0.14547E+01
 0.10000E+03	 0.30000E-01	-0.48317E-01	 0.15174E+00	 0.20780E-02	 0.20780E-02	-0.44152E-07	-0.44152E-07	 0.63115E-09	 0.63115E-09	 0.45723E+01	 0.10005E+04	 0.21891E+06	 0.56187E-11	-0.54900E+00	-0.62090E+00	 0.00000E+00	-0.14400E+02	 0.14547E+01
 0.10000E-02	 0.30000E-01	-0.48317E-01	 0.15174E+00	 0.22091E-02	 0.22091E-02	 0.91504E-01	 0.91504E-01	 0.28444E+03	 0.28444E+03	 0.45723E+01	 0.10005E+04	 0.21891E+06	 0.33735E-10	-0.54900E+00	-0.62090E+00	 0.00000E+00	-0.14400E+02	 0.14547E+01
 0.10000E-03	 0.30000E-01	-0.48317E-01	 0.15174E+00	 0.10482E-02	 0.10460E-02	 0.44357E+00	 0.44317E+00	 0.35157E+04	 0.35148E+04	 0.45723E+01	 0.10005E+04	 0.21891E+06	 0.67569E-08	-0.54900E+00	-0.62090E+00	 0.00000E+00	-0.14400E+02	 0.14547E+01
 0.10000E-04	 0.30000E-01	-0.48317E-01	 0.15174E+00	 0.22415E-03	 0.19312E-03	 0.54562E+00	 0.57781E+00	 0.39080E+05	 0.38391E+05	 0.45723E+01	 0.10005E+04	 0.21891E+06	 0.15273E-05	-0.54900E+00	-0.62090E+00	 0.00000E+00	-0.14400E+02	 0.14547E+01
 0.10000E-05	 0.30000E-01	-0.48317E-01	 0.15174E+00	 0.33666E-04	 0.21603E-04	 0.48877E+00	 0.58646E+00	 0.41903E+06	 0.39013E+06	 0.45723E+01	 0.10005E+04	 0.21891E+06	 0.31579E-03	-0.54900E+00	-0.62090E+00	 0.00000E+00	-0.14400E+02	 0.14547E+01
 0.30000E+01	 0.30000E-01	-0.48317E-01	 0.15174E+00	 0.23065E-01	 0.23065E-01	-0.30099E-04	-0.30099E-04	 0.23265E-04	 0.23265E-04	 0.45723E+01	 0.10005E+04	 0.21891E+06	 0.81007E-12	-0.54900E+00	-0.62090E+00	 0.00000E+00	-0.14400E+02	 0.14547E+01
 0.30000E+00	 0.30000E-01	-0.48317E-01	 0.15174E+00	 0.73576E-02	 0.73576E-02	-0.13394E-02	-0.13394E-02	 0.20130E-01	 0.20130E-01	 0.45723E+01	 0.10005E+04	 0.21891E+06	 0.22892E-13	-0.54900E+00	-0.62090E+00	 0.00000E+00	-0.14400E+02	 0.14547E+01
 0.30000E+02	 0.30000E-01	-0.48317E-01	 0.15174E+00	 0.62577E-02	 0.62577E-02	-0.48763E-06	-0.48763E-06	 0.23375E-07	 0.23375E-07	 0.45723E+01	 0.10005E+04	 0.21891E+06	 0.17484E-11	-0.54900E+00	-0.62090E+00	 0.00000E+00	-0.14400E+02	 0.14547E+01
 0.30000E-01	 0.30000E-01	-0.48317E-01	 0.15174E+00	 0.39864E-02	 0.39864E-02	-0.14050E-01	-0.14050E-01	 0.32691E+01	 0.32691E+01	 0.45723E+01	 0.10005E+04	 0.21891E+06	 0.44071E-13	-0.54900E+00	-0.62090E+00	 0.00000E+00	-0.14400E+02	 0.14547E+01
 0.30000E+03	 0.30000E-01	-0.48317E-01	 0.15174E+00	 0.74360E-03	 0.74360E-03	-0.48918E-08	-0.48918E-08	 0.23376E-10	 0.23376E-10	 0.45723E+01	 0.10005E+04	 0.21891E+06	 0.28818E-10	-0.54900E+00	-0.62090E+00	 0.00000E+00	-0.14400E+02	 0.14547E+01
 0.30000E-02	 0.30000E-01	-0.48317E-01	 0.15174E+00	 0.25489E-02	 0.25489E-02	 0.21340E-01	 0.21340E-01	 0.80813E+02	 0.80813E+02	 0.45723E+01	 0.10005E+04	 0.21891E+06	 0.22765E-11	-0.54900E+00	-0.62090E+00	 0.00000E+00	-0.14400E+02	 0.14547E+01
 0.30000E-03	 0.30000E-01	-0.48317E-01	 0.15174E+00	 0.17063E-02	 0.17062E-02	 0.25702E+00	 0.25700E+00	 0.10755E+04	 0.10755E+04	 0.45723E+01	 0.10005E+04	 0.21891E+06	 0.32944E-09	-0.54900E+00	-0.62090E+00	 0.00000E+00	-0.14400E+02	 0.14547E+01
 0.30000E-04	 0.30000E-01	-0.48317E-01	 0.15174E+00	 0.48273E-03	 0.46791E-03	 0.54271E+00	 0.54697E+00	 0.12470E+05	 0.12429E+05	 0.45723E+01	 0.10005E+04	 0.21891E+06	 0.20809E-06	-0.54900E+00	-0.62090E+00	 0.00000E+00	-0.14400E+02	 0.14547E+01
 0.30000E-05	 0.30000E-01	-0.48317E-01	 0.15174E+00	 0.86736E-04	 0.63028E-04	 0.52242E+00	 0.59011E+00	 0.13539E+06	 0.12961E+06	 0.45723E+01	 0.10005E+04	 0.21891E+06	 0.56465E-04	-0.54900E+00	-0.62090E+00	 0.00000E+00	-0.14400E+02	 0.14547E+01
 0.10000E+01	 0.30000E-02	-0.48317E-02	 0.15174E+00	 0.37208E-01	 0.37208E-01	-0.10404E-03	-0.10404E-03	 0.61308E-03	 0.61308E-03	 0.45723E+01	 0.10005E+04	 0.21891E+06	 0.23757E-12	-0.54900E+00	-0.62090E+00	 0.00000E+00	-0.14400E+02	 0.14547E+01
 0.10000E+00	 0.30000E-02	-0.48317E-02	 0.15174E+00	 0.61952E-02	 0.61952E-02	-0.53664E-02	-0.53664E-02	 0.31511E+00	 0.31511E+00	 0.45723E+01	 0.10005E+04	 0.21891E+06	 0.20185E-13	-0.54900E+00	-0.62090E+00	 0.00000E+00	-0.14400E+02	 0.14547E+01
 0.10000E+02	 0.30000E-02	-0.48317E-02	 0.15174E+00	 0.12848E+00	 0.12848E+00	-0.15794E-05	-0.15794E-05	 0.62868E-06	 0.62868E-06	 0.45723E+01	 0.10005E+04	 0.21891E+06	 0.11988E-10	-0.54900E+00	-0.62090E+00	 0.00000E+00	-0.14400E+02	 0.14547E+01
 0.10000E-01	 0.30000E-02	-0.48317E-02	 0.15174E+00	 0.22122E-02	 0.22122E-02	-0.18444E-01	-0.18444E-01	 0.18244E+02	 0.18244E+02	 0.45723E+01	 0.10005E+04	 0.21891E+06	 0.17605E-12	-0.54900E+00	-0.62090E+00	 0.00000E+00	-0.14400E+02	 0.14547E+01
 0.10000E+03	 0.30000E-02	-0.48317E-02	 0.15174E+00	 0.15034E+00	 0.15034E+00	-0.41106E-07	-0.41106E-07	 0.62894E-09	 0.62894E-09	 0.45723E+01	 0.10005E+04	 0.21891E+06	 0.78674E-10	-0.54900E+00	-0.62090E+00	 0.00000E+00	-0.14400E+02	 0.14547E+01
 0.10000E-02	 0.30000E-02	-0.48317E-02	 0.15174E+00	 0.35508E-02	 0.35508E-02	 0.10496E-01	 0.10496E-01	 0.29047E+03	 0.29047E+03	 0.45723E+01	 0.10005E+04	 0.21891E+06	 0.95061E-10	-0.54900E+00	-0.62090E+00	 0.00000E+00	-0.14400E+02	 0.14547E+01
 0.10000E-03	 0.30000E-02	-0.48317E-02	 0.15174E+00	 0.21799E-02	 0.21756E-02	 0.20866E+00	 0.20859E+00	 0.33718E+04	 0.33715E+04	 0.45723E+01	 0.10005E+04	 0.21891E+06	 0.19600E-08	-0.54900E+00	-0.62090E+00	 0.00000E+00	-0.14400E+02	 0.14547E+01
 0.10000E-04	 0.30000E-02	-0.48317E-02	 0.15174E+00	 0.55314E-03	 0.43651E-03	 0.14365E+00	 0.15440E+00	 0.35740E+05	 0.35322E+05	 0.45723E+01	 0.10005E+04	 0.21891E+06	 0.57279E-05	-0.54900E+00	-0.62090E+00	 0.00000E+00	-0.14400E+02	 0.14547E+01
 0.10000E-05	 0.30000E-02	-0.48317E-02	 0.15174E+00	 0.59610E-03	 0.50222E-04	 0.50353E-01	 0.14884E+00	 0.36944E+06	 0.35536E+06	 0.45723E+01	 0.10005E+04	 0.21891E+06	 0.34802E-01	-0.54900E+00	-0.62090E+00	 0.00000E+00	-0.14400E+02	 0.14547E+01
 0.30000E+01	 0.30000E-02	-0.48317E-02	 0.15174E+00	 0.61338E-01	 0.61338E-01	-0.14210E-04	-0.14210E-04	 0.23197E-04	 0.23197E-04	 0.45723E+01	 0.10005E+04	 0.21891E+06	 0.18630E-11	-0.54900E+00	-0.62090E+00	 0.00000E+00	-0.14400E+02	 0.14547E+01
 0.30000E+00	 0.30000E-02	-0.48317E-02	 0.15174E+00	 0.14318E-01	 0.14318E-01	-0.96207E-03	-0.96207E-03	 0.20120E-01	 0.20120E-01	 0.45723E+01	 0.10005E+04	 0.21891E+06	 0.13936E-13	-0.54900E+00	-0.62090E+00	 0.00000E+00	-0.14400E+02	 0.14547E+01
 0.30000E+02	 0.30000E-02	-0.48317E-02	 0.15174E+00	 0.22737E+00	 0.22737E+00	-0.29763E-06	-0.29763E-06	 0.23293E-07	 0.23293E-07	 0.45723E+01	 0.10005E+04	 0.21891E+06	 0.64886E-10	-0.54900E+00	-0.62090E+00	 0.00000E+00	-0.14400E+02	 0.14547E+01
 0.30000E-01	 0.30000E-02	-0.48317E-02	 0.15174E+00	 0.32865E-02	 0.32865E-02	-0.14537E-01	-0.14537E-01	 0.33134E+01	 0.33134E+01	 0.45723E+01	 0.10005E+04	 0.21891E+06	 0.85239E-13	-0.54900E+00	-0.62090E+00	 0.00000E+00	-0.14400E+02	 0.14547E+01
 0.30000E+03	 0.30000E-02	-0.48317E-02	 0.15174E+00	 0.62537E-01	 0.62537E-01	-0.48752E-08	-0.48752E-08	 0.23294E-10	 0.23294E-10	 0.45723E+01	 0.10005E+04	 0.21891E+06	 0.99565E-10	-0.54900E+00	-0.62090E+00	 0.00000E+00	-0.14400E+02	 0.14547E+01
 0.30000E-02	 0.30000E-02	-0.48317E-02	 0.15174E+00	 0.22680E-02	 0.22680E-02	-0.19296E-01	-0.19296E-01	 0.83267E+02	 0.83267E+02	 0.45723E+01	 0.10005E+04	 0.21891E+06	 0.59037E-11	-0.54900E+00	-0.62090E+00	 0.00000E+00	-0.14400E+02	 0.14547E+01
 0.30000E-03	 0.30000E-02	-0.48317E-02	 0.15174E+00	 0.36377E-02	 0.36376E-02	 0.15330E+00	 0.15330E+00	 0.10668E+04	 0.10668E+04	 0.45723E+01	 0.10005E+04	 0.21891E+06	 0.30261E-09	-0.54900E+00	-0.62090E+00	 0.00000E+00	-0.14400E+02	 0.14547E+01
 0.30000E-04	 0.30000E-02	-0.48317E-02	 0.15174E+00	 0.10314E-02	 0.99678E-03	 0.17296E+00	 0.17526E+00	 0.11644E+05	 0.11611E+05	 0.45723E+01	 0.10005E+04	 0.21891E+06	 0.60765E-07	-0.54900E+00	-0.62090E+00	 0.00000E+00	-0.14400E+02	 0.14547E+01
 0.30000E-05	 0.30000E-02	-0.48317E-02	 0.15174E+00	 0.45668E-03	 0.14701E-03	 0.10706E+00	 0.14867E+00	 0.12138E+06	 0.11835E+06	 0.45723E+01	 0.10005E+04	 0.21891E+06	 0.75724E-03	-0.54900E+00	-0.62090E+00	 0.00000E+00	-0.14400E+02	 0.14547E+01
 0.10000E+01	 0.30000E-03	-0.48317E-03	 0.15174E+00	 0.46174E-01	 0.46174E-01	-0.91673E-04	-0.91673E-04	 0.61308E-03	 0.61308E-03	 0.45723E+01	 0.10005E+04	 0.21891E+06	 0.18928E-12	-0.54900E+00	-0.62090E+00	 0.00000E+00	-0.14400E+02	 0.14547E+01
 0.10000E+00	 0.30000E-03	-0.48317E-03	 0.15174E+00	 0.61932E-02	 0.61932E-02	-0.53634E-02	-0.53634E-02	 0.31512E+00	 0.31512E+00	 0.45723E+01	 0.10005E+04	 0.21891E+06	 0.17435E-13	-0.54900E+00	-0.62090E+00	 0.00000E+00	-0.14400E+02	 0.14547E+01
 0.10000E+02	 0.30000E-03	-0.48317E-03	 0.15174E+00	 0.36867E+00	 0.36867E+00	-0.10387E-05	-0.10387E-05	 0.62867E-06	 0.62867E-06	 0.45723E+01	 0.10005E+04	 0.21891E+06	 0.94695E-11	-0.54900E+00	-0.62090E+00	 0.00000E+00	-0.14400E+02	 0.14547E+01
 0.10000E-01	 0.30000E-03	-0.48317E-03	 0.15174E+00	 0.22090E-02	 0.22090E-02	-0.18654E-01	-0.18654E-01	 0.18258E+02	 0.18258E+02	 0.45723E+01	 0.10005E+04	 0.21891E+06	 0.32371E-12	-0.54900E+00	-0.62090E+00	 0.00000E+00	-0.14400E+02	 0.14547E+01
 0.10000E+03	 0.30000E-03	-0.48317E-03	 0.15174E+00	 0.12843E+01	 0.12843E+01	-0.15790E-07	-0.15790E-07	 0.62892E-09	 0.62892E-09	 0.45723E+01	 0.10005E+04	 0.21891E+06	 0.54656E-09	-0.54900E+00	-0.62090E+00	 0.00000E+00	-0.14400E+02	 0.14547E+01
 0.10000E-02	 0.30000E-03	-0.48317E-03	 0.15174E+00	 0.48005E-02	 0.48005E-02	-0.35725E-01	-0.35725E-01	 0.29265E+03	 0.29265E+03	 0.45723E+01	 0.10005E+04	 0.21891E+06	 0.47589E-10	-0.54900E+00	-0.62090E+00	 0.00000E+00	-0.14400E+02	 0.14547E+01
 0.10000E-03	 0.30000E-03	-0.48317E-03	 0.15174E+00	 0.30860E-01	 0.30853E-01	 0.80058E-01	 0.80174E-01	 0.33868E+04	 0.33864E+04	 0.45723E+01	 0.10005E+04	 0.21891E+06	 0.58270E-08	-0.54900E+00	-0.62090E+00	 0.00000E+00	-0.14400E+02	 0.14547E+01
 0.10000E-04	 0.30000E-03	-0.48317E-03	 0.15174E+00	 0.18448E-01	 0.17694E-01	 0.21626E+00	 0.23385E+00	 0.35774E+05	 0.35365E+05	 0.45723E+01	 0.10005E+04	 0.21891E+06	 0.14472E-05	-0.54900E+00	-0.62090E+00	 0.00000E+00	-0.14400E+02	 0.14547E+01
 0.10000E-05	 0.30000E-03	-0.48317E-03	 0.15174E+00	 0.60341E-02	 0.27849E-02	 0.10576E+00	 0.18053E+00	 0.36928E+06	 0.35600E+06	 0.45723E+01	 0.10005E+04	 0.21891E+06	 0.23057E-01	-0.54900E+00	-0.62090E+00	 0.00000E+00	-0.14400E+02	 0.14547E+01
 0.30000E+01	 0.30000E-03	-0.48317E-03	 0.15174E+00	 0.13489E+00	 0.13489E+00	-0.10322E-04	-0.10322E-04	 0.23197E-04	 0.23197E-04	 0.45723E+01	 0.10005E+04	 0.21891E+06	 0.13171E-11	-0.54900E+00	-0.62090E+00	 0.00000E+00	-0.14400E+02	 0.14547E+01
 0.30000E+00	 0.30000E-03	-0.48317E-03	 0.15174E+00	 0.14606E-01	 0.14606E-01	-0.94785E-03	-0.94785E-03	 0.20120E-01	 0.20120E-01	 0.45723E+01	 0.10005E+04	 0.21891E+06	 0.15411E-13	-0.54900E+00	-0.62090E+00	 0.00000E+00	-0.14400E+02	 0.14547E+01
 0.30000E+02	 0.30000E-03	-0.48317E-03	 0.15174E+00	 0.61209E+00	 0.61209E+00	-0.14191E-06	-0.14191E-06	 0.23292E-07	 0.23292E-07	 0.45723E+01	 0.10005E+04	 0.21891E+06	 0.61674E-10	-0.54900E+00	-0.62090E+00	 0.00000E+00	-0.14400E+02	 0.14547E+01
 0.30000E-01	 0.30000E-03	-0.48317E-03	 0.15174E+00	 0.32809E-02	 0.32809E-02	-0.14549E-01	-0.14549E-01	 0.33141E+01	 0.33141E+01	 0.45723E+01	 0.10005E+04	 0.21891E+06	 0.66205E-13	-0.54900E+00	-0.62090E+00	 0.00000E+00	-0.14400E+02	 0.14547E+01
 0.30000E+03	 0.30000E-03	-0.48317E-03	 0.15174E+00	 0.22733E+01	 0.22733E+01	-0.29759E-08	-0.29759E-08	 0.23293E-10	 0.23293E-10	 0.45723E+01	 0.10005E+04	 0.21891E+06	 0.24273E-08	-0.54900E+00	-0.62090E+00	 0.00000E+00	-0.14400E+02	 0.14547E+01
 0.30000E-02	 0.30000E-03	-0.48317E-03	 0.15174E+00	 0.23457E-02	 0.23457E-02	-0.23502E-01	-0.23502E-01	 0.83512E+02	 0.83512E+02	 0.45723E+01	 0.10005E+04	 0.21891E+06	 0.22339E-11	-0.54900E+00	-0.62090E+00	 0.00000E+00	-0.14400E+02	 0.14547E+01
 0.30000E-03	 0.30000E-03	-0.48317E-03	 0.15174E+00	 0.13851E-01	 0.13851E-01	-0.35378E-01	-0.35375E-01	 0.10749E+04	 0.10749E+04	 0.45723E+01	 0.10005E+04	 0.21891E+06	 0.27869E-08	-0.54900E+00	-0.62090E+00	 0.00000E+00	-0.14400E+02	 0.14547E+01
 0.30000E-04	 0.30000E-03	-0.48317E-03	 0.15174E+00	 0.31988E-01	 0.31879E-01	 0.25065E+00	 0.25343E+00	 0.11670E+05	 0.11636E+05	 0.45723E+01	 0.10005E+04	 0.21891E+06	 0.43529E-07	-0.54900E+00	-0.62090E+00	 0.00000E+00	-0.14400E+02	 0.14547E+01
 0.30000E-05	 0.30000E-03	-0.48317E-03	 0.15174E+00	 0.92562E-02	 0.72909E-02	 0.14279E+00	 0.18755E+00	 0.12140E+06	 0.11852E+06	 0.45723E+01	 0.10005E+04	 0.21891E+06	 0.25008E-03	-0.54900E+00	-0.62090E+00	 0.00000E+00	-0.14400E+02	 0.14547E+01
 0.10000E+01	 0.30000E-04	-0.48317E-04	 0.15174E+00	 0.46307E-01	 0.46307E-01	-0.91501E-04	-0.91501E-04	 0.61308E-03	 0.61308E-03	 0.45723E+01	 0.10005E+04	 0.21891E+06	 0.11846E-12	-0.54900E+00	-0.62090E+00	 0.00000E+00	-0.14400E+02	 0.14547E+01
 0.10000E+00	 0.30000E-04	-0.48317E-04	 0.15174E+00	 0.61933E-02	 0.61933E-02	-0.53633E-02	-0.53633E-02	 0.31512E+00	 0.31512E+00	 0.45723E+01	 0.10005E+04	 0.21891E+06	 0.14664E-13	-0.54900E+00	-0.62090E+00	 0.00000E+00	-0.14400E+02	 0.14547E+01
 0.10000E+02	 0.30000E-04	-0.48317E-04	 0.15174E+00	 0.45917E+00	 0.45917E+00	-0.91458E-06	-0.91458E-06	 0.62867E-06	 0.62867E-06	 0.45723E+01	 0.10005E+04	 0.21891E+06	 0.70480E-11	-0.54900E+00	-0.62090E+00	 0.00000E+00	-0.14400E+02	 0.14547E+01
 0.10000E-01	 0.30000E-04	-0.48317E-04	 0.15174E+00	 0.22090E-02	 0.22090E-02	-0.18656E-01	-0.18656E-01	 0.18258E+02	 0.18258E+02	 0.45723E+01	 0.10005E+04	 0.21891E+06	 0.39916E-12	-0.54900E+00	-0.62090E+00	 0.00000E+00	-0.14400E+02	 0.14547E+01
 0.10000E+03	 0.30000E-04	-0.48317E-04	 0.15174E+00	 0.36863E+01	 0.36863E+01	-0.10386E-07	-0.10386E-07	 0.62892E-09	 0.62892E-09	 0.45723E+01	 0.10005E+04	 0.21891E+06	 0.16541E-08	-0.54900E+00	-0.62090E+00	 0.00000E+00	-0.14400E+02	 0.14547E+01
 0.10000E-02	 0.30000E-04	-0.48317E-04	 0.15174E+00	 0.48227E-02	 0.48227E-02	-0.36466E-01	-0.36466E-01	 0.29269E+03	 0.29269E+03	 0.45723E+01	 0.10005E+04	 0.21891E+06	 0.36819E-10	-0.54900E+00	-0.62090E+00	 0.00000E+00	-0.14400E+02	 0.14547E+01
 0.10000E-03	 0.30000E-04	-0.48317E-04	 0.15174E+00	 0.42051E-01	 0.42040E-01	-0.76532E-02	-0.74108E-02	 0.33902E+04	 0.33899E+04	 0.45723E+01	 0.10005E+04	 0.21891E+06	 0.35802E-06	-0.54900E+00	-0.62090E+00	 0.00000E+00	-0.14400E+02	 0.14547E+01
 0.10000E-04	 0.30000E-04	-0.48317E-04	 0.15174E+00	 0.30684E+00	 0.30399E+00	 0.12377E+00	 0.13698E+00	 0.35788E+05	 0.35382E+05	 0.45723E+01	 0.10005E+04	 0.21891E+06	 0.74637E-06	-0.54900E+00	-0.62090E+00	 0.00000E+00	-0.14400E+02	 0.14547E+01
 0.10000E-05	 0.30000E-04	-0.48317E-04	 0.15174E+00	 0.18654E+00	 0.16147E+00	 0.16262E+00	 0.15770E+00	 0.36932E+06	 0.35622E+06	 0.45723E+01	 0.10005E+04	 0.21891E+06	 0.12094E-01	-0.54900E+00	-0.62090E+00	 0.00000E+00	-0.14400E+02	 0.14547E+01
 0.30000E+01	 0.30000E-04	-0.48317E-04	 0.15174E+00	 0.13819E+00	 0.13819E+00	-0.10155E-04	-0.10155E-04	 0.23197E-04	 0.23197E-04	 0.45723E+01	 0.10005E+04	 0.21891E+06	 0.67615E-12	-0.54900E+00	-0.62090E+00	 0.00000E+00	-0.14400E+02	 0.14547E+01
 0.30000E+00	 0.30000E-04	-0.48317E-04	 0.15174E+00	 0.14610E-01	 0.14610E-01	-0.94770E-03	-0.94770E-03	 0.20120E-01	 0.20120E-01	 0.45723E+01	 0.10005E+04	 0.21891E+06	 0.11327E-13	-0.54900E+00	-0.62090E+00	 0.00000E+00	-0.14400E+02	 0.14547E+01
 0.30000E+02	 0.30000E-04	-0.48317E-04	 0.15174E+00	 0.13480E+01	 0.13480E+01	-0.10310E-06	-0.10310E-06	 0.23292E-07	 0.23292E-07	 0.45723E+01	 0.10005E+04	 0.21891E+06	 0.10007E-09	-0.54900E+00	-0.62090E+00	 0.00000E+00	-0.14400E+02	 0.14547E+01
 0.30000E-01	 0.30000E-04	-0.48317E-04	 0.15174E+00	 0.32809E-02	 0.32809E-02	-0.14549E-01	-0.14549E-01	 0.33141E+01	 0.33141E+01	 0.45723E+01	 0.10005E+04	 0.21891E+06	 0.85534E-13	-0.54900E+00	-0.62090E+00	 0.00000E+00	-0.14400E+02	 0.14547E+01
 0.30000E+03	 0.30000E-04	-0.48317E-04	 0.15174E+00	 0.61208E+01	 0.61208E+01	-0.14191E-08	-0.14191E-08	 0.23293E-10	 0.23293E-10	 0.45723E+01	 0.10005E+04	 0.21891E+06	 0.39305E-08	-0.54900E+00	-0.62090E+00	 0.00000E+00	-0.14400E+02	 0.14547E+01
 0.30000E-02	 0.30000E-04	-0.48317E-04	 0.15174E+00	 0.23467E-02	 0.23467E-02	-0.23549E-01	-0.23549E-01	 0.83514E+02	 0.83514E+02	 0.45723E+01	 0.10005E+04	 0.21891E+06	 0.38499E-11	-0.54900E+00	-0.62090E+00	 0.00000E+00	-0.14400E+02	 0.14547E+01
 0.30000E-03	 0.30000E-04	-0.48317E-04	 0.15174E+00	 0.14506E-01	 0.14506E-01	-0.47675E-01	-0.47672E-01	 0.10754E+04	 0.10754E+04	 0.45723E+01	 0.10005E+04	 0.21891E+06	 0.44313E-09	-0.54900E+00	-0.62090E+00	 0.00000E+00	-0.14400E+02	 0.14547E+01
 0.30000E-04	 0.30000E-04	-0.48317E-04	 0.15174E+00	 0.13271E+00	 0.13237E+00	 0.54072E-01	 0.54654E-01	 0.11678E+05	 0.11644E+05	 0.45723E+01	 0.10005E+04	 0.21891E+06	 0.49769E-05	-0.54900E+00	-0.62090E+00	 0.00000E+00	-0.14400E+02	 0.14547E+01
 0.30000E-05	 0.30000E-04	-0.48317E-04	 0.15174E+00	 0.32521E+00	 0.31491E+00	 0.20064E+00	 0.24021E+00	 0.12143E+06	 0.11857E+06	 0.45723E+01	 0.10005E+04	 0.21891E+06	 0.43971E-04	-0.54900E+00	-0.62090E+00	 0.00000E+00	-0.14400E+02	 0.14547E+01
