 ##################################################
 #WARNING: these are left-handed Boozer coordinates
 #(similar, but not equal, to PEST)
 ##################################################
  0.641000000000000     
          65
          65
           5
  3.80934E-01  3.15604E-01  2.27943E-01  1.37610E-01  6.67396E-02  3.14146E-02  3.56432E-02  7.05829E-02  1.19227E-01  1.64154E-01  1.94576E-01  2.09485E-01  2.15796E-01  2.22969E-01  2.37180E-01  2.58077E-01  2.79504E-01  2.93384E-01  2.94338E-01  2.82450E-01  2.62877E-01  2.42815E-01  2.27764E-01  2.19238E-01  2.15008E-01  2.11447E-01  2.06321E-01  2.00302E-01  1.96349E-01  1.97508E-01  2.04608E-01  2.15342E-01  2.25329E-01  2.30480E-01  2.29249E-01  2.23408E-01  2.16940E-01  2.13774E-01  2.15743E-01  2.21966E-01  2.29899E-01  2.37288E-01  2.43709E-01  2.50712E-01  2.60529E-01  2.74254E-01  2.90765E-01  3.07159E-01  3.20477E-01  3.29583E-01  3.35907E-01  3.42445E-01  3.51574E-01  3.63096E-01  3.73921E-01  3.79872E-01  3.78656E-01  3.72152E-01  3.66274E-01  3.67967E-01  3.80643E-01  4.00559E-01  4.16540E-01  4.13866E-01  3.80934E-01
  3.73053E-01  3.13952E-01  2.28328E-01  1.35915E-01  5.96748E-02  1.65403E-02  1.09371E-02  3.41006E-02  6.93130E-02  1.00258E-01  1.18267E-01  1.25014E-01  1.29735E-01  1.42878E-01  1.69816E-01  2.07884E-01  2.48025E-01  2.79737E-01  2.96377E-01  2.97921E-01  2.89967E-01  2.79907E-01  2.72735E-01  2.68877E-01  2.65087E-01  2.57516E-01  2.44879E-01  2.29694E-01  2.16899E-01  2.10808E-01  2.12370E-01  2.18457E-01  2.23648E-01  2.23392E-01  2.16637E-01  2.06348E-01  1.97640E-01  1.94704E-01  1.98418E-01  2.06071E-01  2.13295E-01  2.16958E-01  2.17175E-01  2.17200E-01  2.21287E-01  2.31900E-01  2.48068E-01  2.65950E-01  2.81246E-01  2.91906E-01  2.99332E-01  3.07207E-01  3.18640E-01  3.33485E-01  3.47736E-01  3.55688E-01  3.53781E-01  3.43749E-01  3.32837E-01  3.30371E-01  3.42162E-01  3.65761E-01  3.89541E-01  3.96753E-01  3.73053E-01
  3.57935E-01  3.12313E-01  2.41791E-01  1.61993E-01  9.20148E-02  4.62851E-02  2.87924E-02  3.25053E-02  4.41107E-02  5.14373E-02  4.96293E-02  4.29533E-02  4.15688E-02  5.52959E-02  8.79038E-02  1.34957E-01  1.86143E-01  2.30517E-01  2.61596E-01  2.79560E-01  2.89610E-01  2.97808E-01  3.07027E-01  3.15414E-01  3.18105E-01  3.10937E-01  2.93742E-01  2.71143E-01  2.50344E-01  2.37270E-01  2.33391E-01  2.35156E-01  2.36353E-01  2.31963E-01  2.21194E-01  2.07888E-01  1.98092E-01  1.96303E-01  2.02662E-01  2.12808E-01  2.20452E-01  2.21138E-01  2.14891E-01  2.06192E-01  2.01306E-01  2.04602E-01  2.16104E-01  2.31739E-01  2.46055E-01  2.55703E-01  2.61439E-01  2.67369E-01  2.77895E-01  2.94298E-01  3.13262E-01  3.28458E-01  3.34442E-01  3.30496E-01  3.21893E-01  3.17396E-01  3.24052E-01  3.42114E-01  3.63161E-01  3.72947E-01  3.57935E-01
  3.45082E-01  3.17720E-01  2.71614E-01  2.15478E-01  1.61334E-01  1.18877E-01  9.11928E-02  7.41350E-02  5.96481E-02  4.11282E-02  1.77798E-02 -4.47309E-03 -1.60054E-02 -8.70907E-03  1.95279E-02  6.35542E-02  1.13521E-01  1.59738E-01  1.97042E-01  2.26274E-01  2.52213E-01  2.79367E-01  3.08251E-01  3.34392E-01  3.50666E-01  3.51538E-01  3.36671E-01  3.11717E-01  2.85758E-01  2.66842E-01  2.58149E-01  2.56951E-01  2.56883E-01  2.52141E-01  2.41096E-01  2.27225E-01  2.16866E-01  2.15175E-01  2.22737E-01  2.34860E-01  2.44010E-01  2.43976E-01  2.33339E-01  2.16252E-01  2.00103E-01  1.91467E-01  1.92712E-01  2.01185E-01  2.11368E-01  2.18568E-01  2.21887E-01  2.24635E-01  2.31984E-01  2.47338E-01  2.69721E-01  2.93873E-01  3.13084E-01  3.23102E-01  3.24684E-01  3.23129E-01  3.24884E-01  3.33130E-01  3.44995E-01  3.52210E-01  3.45082E-01
  3.40020E-01  3.32424E-01  3.14149E-01  2.86385E-01  2.53237E-01  2.19173E-01  1.86452E-01  1.54199E-01  1.19771E-01  8.15857E-02  4.16175E-02  5.84469E-03 -1.78557E-02 -2.33443E-02 -9.35322E-03  1.97370E-02  5.60349E-02  9.20729E-02  1.24338E-01  1.54379E-01  1.86831E-01  2.25486E-01  2.69725E-01  3.13469E-01  3.47431E-01  3.63544E-01  3.59166E-01  3.38709E-01  3.11723E-01  2.88432E-01  2.75096E-01  2.71677E-01  2.72959E-01  2.72328E-01  2.65989E-01  2.55181E-01  2.45187E-01  2.41815E-01  2.47470E-01  2.59169E-01  2.69714E-01  2.71376E-01  2.60042E-01  2.37464E-01  2.10384E-01  1.87058E-01  1.73186E-01  1.69485E-01  1.72198E-01  1.76067E-01  1.77911E-01  1.78683E-01  1.82811E-01  1.95268E-01  2.18184E-01  2.49014E-01  2.81400E-01  3.08203E-01  3.24981E-01  3.31887E-01  3.32968E-01  3.33323E-01  3.35859E-01  3.39527E-01  3.40020E-01
  3.41694E-01  3.52347E-01  3.59536E-01  3.58407E-01  3.46574E-01  3.24355E-01  2.93643E-01  2.56474E-01  2.14361E-01  1.68789E-01  1.22306E-01  7.91511E-02  4.46260E-02  2.32541E-02  1.67343E-02  2.30089E-02  3.72582E-02  5.44957E-02  7.23799E-02  9.25431E-02  1.19454E-01  1.57219E-01  2.06017E-01  2.60264E-01  3.09797E-01  3.43798E-01  3.55567E-01  3.45710E-01  3.21990E-01  2.95822E-01  2.77161E-01  2.70382E-01  2.73200E-01  2.79033E-01  2.81343E-01  2.77477E-01  2.69886E-01  2.64139E-01  2.65002E-01  2.72925E-01  2.83039E-01  2.87317E-01  2.78731E-01  2.55092E-01  2.20450E-01  1.83274E-01  1.52438E-01  1.33234E-01  1.25545E-01  1.25059E-01  1.26661E-01  1.27941E-01  1.30772E-01  1.40059E-01  1.60442E-01  1.92906E-01  2.33309E-01  2.73719E-01  3.05894E-01  3.24995E-01  3.31583E-01  3.30857E-01  3.29681E-01  3.33026E-01  3.41694E-01
  3.43033E-01  3.68523E-01  3.95061E-01  4.14514E-01  4.20773E-01  4.11895E-01  3.89926E-01  3.58937E-01  3.22726E-01  2.83564E-01  2.42519E-01  2.00744E-01  1.60546E-01  1.25292E-01  9.81094E-02  8.03058E-02  7.07306E-02  6.67504E-02  6.64127E-02  7.04326E-02  8.25276E-02  1.07490E-01  1.47783E-01  2.00536E-01  2.56894E-01  3.04534E-01  3.32487E-01  3.35942E-01  3.18563E-01  2.90962E-01  2.65946E-01  2.52888E-01  2.54019E-01  2.64459E-01  2.75781E-01  2.81032E-01  2.78413E-01  2.71646E-01  2.66971E-01  2.68630E-01  2.75538E-01  2.81150E-01  2.76671E-01  2.55861E-01  2.18737E-01  1.72102E-01  1.26574E-01  9.17522E-02  7.21516E-02  6.60408E-02  6.76628E-02  7.13970E-02  7.53813E-02  8.25035E-02  9.82463E-02  1.26722E-01  1.67285E-01  2.13773E-01  2.56930E-01  2.88726E-01  3.06222E-01  3.12853E-01  3.16459E-01  3.25120E-01  3.43033E-01
  3.34286E-01  3.70773E-01  4.09676E-01  4.42461E-01  4.62169E-01  4.66398E-01  4.57620E-01  4.40909E-01  4.20687E-01  3.98461E-01  3.72817E-01  3.41436E-01  3.03642E-01  2.61769E-01  2.20450E-01  1.84349E-01  1.55891E-01  1.34575E-01  1.18385E-01  1.06400E-01  1.00757E-01  1.06370E-01  1.28161E-01  1.67181E-01  2.17953E-01  2.68986E-01  3.06715E-01  3.21218E-01  3.10810E-01  2.83030E-01  2.51303E-01  2.28839E-01  2.22825E-01  2.31836E-01  2.47672E-01  2.60437E-01  2.63992E-01  2.58763E-01  2.50502E-01  2.45872E-01  2.47566E-01  2.51878E-01  2.50203E-01  2.33696E-01  1.98457E-01  1.48313E-01  9.35897E-02  4.65194E-02  1.57842E-02  3.12687E-03  3.75078E-03  1.00724E-02  1.65439E-02  2.27562E-02  3.31318E-02  5.35465E-02  8.70032E-02  1.30992E-01  1.78141E-01  2.19807E-01  2.50548E-01  2.70889E-01  2.86799E-01  3.06172E-01  3.34286E-01
  3.07356E-01  3.51753E-01  3.97591E-01  4.37902E-01  4.66856E-01  4.82703E-01  4.88271E-01  4.88771E-01  4.88323E-01  4.87327E-01  4.82280E-01  4.68121E-01  4.41640E-01  4.03854E-01  3.59904E-01  3.16554E-01  2.78885E-01  2.48247E-01  2.22762E-01  2.00027E-01  1.80197E-01  1.67282E-01  1.67491E-01  1.85303E-01  2.19481E-01  2.61597E-01  2.98370E-01  3.17045E-01  3.11207E-01  2.83945E-01  2.46589E-01  2.13488E-01  1.95460E-01  1.95254E-01  2.07244E-01  2.21335E-01  2.28749E-01  2.26448E-01  2.17833E-01  2.09522E-01  2.06285E-01  2.07216E-01  2.05471E-01  1.91828E-01  1.60057E-01  1.11056E-01  5.33457E-02 -4.45970E-04 -3.92217E-02 -5.81627E-02 -6.00919E-02 -5.28855E-02 -4.45462E-02 -3.87623E-02 -3.33643E-02 -2.23372E-02  1.58198E-06  3.52225E-02  7.96058E-02  1.26155E-01  1.68491E-01  2.04240E-01  2.35919E-01  2.68838E-01  3.07356E-01
  2.59000E-01  3.09429E-01  3.59372E-01  4.04009E-01  4.39331E-01  4.64537E-01  4.82547E-01  4.98208E-01  5.15192E-01  5.33436E-01  5.48734E-01  5.54827E-01  5.46832E-01  5.24055E-01  4.90525E-01  4.52967E-01  4.17424E-01  3.86563E-01  3.59283E-01  3.32810E-01  3.05904E-01  2.81050E-01  2.64020E-01  2.60776E-01  2.73382E-01  2.97367E-01  3.22371E-01  3.36124E-01  3.29938E-01  3.02854E-01  2.62241E-01  2.20403E-01  1.88921E-01  1.73617E-01  1.72675E-01  1.78696E-01  1.83326E-01  1.81752E-01  1.74571E-01  1.66152E-01  1.60659E-01  1.58283E-01  1.54063E-01  1.40125E-01  1.10177E-01  6.36623E-02  7.15270E-03 -4.79657E-02 -9.03862E-02 -1.13786E-01 -1.19171E-01 -1.13500E-01 -1.05465E-01 -1.00771E-01 -9.94531E-02 -9.64788E-02 -8.50639E-02 -6.06442E-02 -2.32589E-02  2.28392E-02  7.18534E-02  1.19620E-01  1.65353E-01  2.11033E-01  2.59000E-01
  1.91548E-01  2.46959E-01  3.00278E-01  3.48201E-01  3.88171E-01  4.20097E-01  4.46792E-01  4.72658E-01  5.01220E-01  5.32893E-01  5.64308E-01  5.89695E-01  6.03624E-01  6.03617E-01  5.91195E-01  5.70829E-01  5.47455E-01  5.24079E-01  5.00860E-01  4.76179E-01  4.48934E-01  4.20529E-01  3.95143E-01  3.77891E-01  3.71797E-01  3.75340E-01  3.82134E-01  3.83212E-01  3.70913E-01  3.42421E-01  3.01114E-01  2.55011E-01  2.13123E-01  1.81627E-01  1.61778E-01  1.50486E-01  1.42947E-01  1.35636E-01  1.27875E-01  1.21142E-01  1.16711E-01  1.13265E-01  1.06183E-01  8.91954E-02  5.76752E-02  1.17258E-02 -4.27703E-02 -9.59616E-02 -1.37951E-01 -1.62900E-01 -1.71220E-01 -1.68761E-01 -1.63454E-01 -1.61198E-01 -1.63085E-01 -1.65271E-01 -1.61332E-01 -1.45675E-01 -1.16134E-01 -7.45105E-02 -2.50649E-02  2.79024E-02  8.18675E-02  1.36323E-01  1.91548E-01
  1.11142E-01  1.70390E-01  2.26974E-01  2.77896E-01  3.21188E-01  3.57121E-01  3.88442E-01  4.19340E-01  4.53543E-01  4.92488E-01  5.34508E-01  5.75458E-01  6.10427E-01  6.35667E-01  6.49752E-01  6.53533E-01  6.49082E-01  6.38403E-01  6.22695E-01  6.02540E-01  5.78729E-01  5.53023E-01  5.28179E-01  5.07023E-01  4.91039E-01  4.79277E-01  4.68332E-01  4.53534E-01  4.30855E-01  3.98581E-01  3.57930E-01  3.12371E-01  2.66086E-01  2.22464E-01  1.83397E-01  1.49587E-01  1.21436E-01  9.96918E-02  8.52422E-02  7.80452E-02  7.58753E-02  7.38532E-02  6.54220E-02  4.46440E-02  8.85873E-03 -3.96357E-02 -9.38824E-02 -1.44629E-01 -1.83787E-01 -2.07428E-01 -2.16922E-01 -2.17727E-01 -2.16468E-01 -2.17746E-01 -2.22193E-01 -2.26550E-01 -2.25542E-01 -2.14425E-01 -1.90905E-01 -1.55598E-01 -1.11082E-01 -6.03425E-02 -5.58964E-03  5.19141E-02  1.11142E-01
  2.47785E-02  8.57053E-02  1.44512E-01  1.97475E-01  2.42455E-01  2.79873E-01  3.12661E-01  3.45148E-01  3.81405E-01  4.23769E-01  4.72125E-01  5.24117E-01  5.75997E-01  6.23668E-01  6.63497E-01  6.92781E-01  7.09974E-01  7.14850E-01  7.08636E-01  6.93973E-01  6.74480E-01  6.53872E-01  6.34831E-01  6.18119E-01  6.02407E-01  5.84986E-01  5.63087E-01  5.35154E-01  5.01404E-01  4.63379E-01  4.22766E-01  3.80240E-01  3.35106E-01  2.86097E-01  2.32950E-01  1.77843E-01  1.25664E-01  8.26429E-02  5.37359E-02  3.99562E-02  3.70542E-02  3.64354E-02  2.81628E-02  4.83464E-03 -3.53832E-02 -8.79732E-02 -1.43915E-01 -1.93328E-01 -2.29254E-01 -2.49919E-01 -2.58584E-01 -2.61281E-01 -2.63667E-01 -2.68535E-01 -2.75012E-01 -2.79570E-01 -2.78050E-01 -2.67553E-01 -2.47267E-01 -2.18074E-01 -1.81426E-01 -1.38355E-01 -8.92438E-02 -3.44447E-02  2.47785E-02
 -6.21310E-02 -3.11681E-03  5.51284E-02  1.07834E-01  1.52339E-01  1.89139E-01  2.21567E-01  2.54352E-01  2.91849E-01  3.36740E-01  3.89590E-01  4.49115E-01  5.12686E-01  5.76694E-01  6.36741E-01  6.87961E-01  7.25827E-01  7.47421E-01  7.52700E-01  7.44988E-01  7.30126E-01  7.14374E-01  7.01893E-01  6.93025E-01  6.84346E-01  6.70571E-01  6.47416E-01  6.13895E-01  5.72783E-01  5.28928E-01  4.86307E-01  4.45515E-01  4.03228E-01  3.54138E-01  2.94464E-01  2.25137E-01  1.52763E-01  8.75481E-02  3.89473E-02  1.11271E-02  5.43048E-04 -2.99739E-03 -1.21367E-02 -3.65591E-02 -7.89184E-02 -1.33992E-01 -1.91349E-01 -2.40131E-01 -2.73575E-01 -2.91215E-01 -2.97947E-01 -3.00781E-01 -3.05113E-01 -3.12417E-01 -3.20289E-01 -3.24442E-01 -3.21289E-01 -3.09616E-01 -2.90551E-01 -2.66136E-01 -2.37569E-01 -2.04306E-01 -1.64587E-01 -1.17006E-01 -6.21310E-02
 -1.46552E-01 -9.41107E-02 -4.06953E-02  8.37581E-03  4.99996E-02  8.46200E-02  1.15870E-01  1.48863E-01  1.88142E-01  2.36293E-01  2.93684E-01  3.59046E-01  4.30166E-01  5.04117E-01  5.77000E-01  6.43749E-01  6.98651E-01  7.36859E-01  7.56337E-01  7.59207E-01  7.51451E-01  7.40738E-01  7.33196E-01  7.30665E-01  7.29950E-01  7.24581E-01  7.08284E-01  6.78344E-01  6.37018E-01  5.90157E-01  5.43761E-01  5.00367E-01  4.57419E-01  4.08669E-01  3.48044E-01  2.73900E-01  1.91255E-01  1.10554E-01  4.33390E-02 -3.09040E-03 -2.92918E-02 -4.36433E-02 -5.85578E-02 -8.47776E-02 -1.26554E-01 -1.80040E-01 -2.35554E-01 -2.82421E-01 -3.13856E-01 -3.29511E-01 -3.34641E-01 -3.36642E-01 -3.41022E-01 -3.48928E-01 -3.57331E-01 -3.61432E-01 -3.57668E-01 -3.45554E-01 -3.27422E-01 -3.06444E-01 -2.84303E-01 -2.59996E-01 -2.30509E-01 -1.92906E-01 -1.46552E-01
 -2.26916E-01 -1.85752E-01 -1.41832E-01 -9.99748E-02 -6.33935E-02 -3.20252E-02 -2.49784E-03  3.03373E-02  7.12088E-02  1.22721E-01  1.84865E-01  2.55690E-01  3.32404E-01  4.12088E-01  4.91633E-01  5.67237E-01  6.34193E-01  6.87603E-01  7.23980E-01  7.42973E-01  7.48105E-01  7.45784E-01  7.42760E-01  7.43155E-01  7.46572E-01  7.48378E-01  7.42101E-01  7.22754E-01  6.89315E-01  6.45022E-01  5.95330E-01  5.44689E-01  4.94007E-01  4.40316E-01  3.78908E-01  3.06805E-01  2.25564E-01  1.41721E-01  6.44214E-02  1.35629E-03 -4.48810E-02 -7.80544E-02 -1.06410E-01 -1.38579E-01 -1.79343E-01 -2.27433E-01 -2.76414E-01 -3.18114E-01 -3.46724E-01 -3.61431E-01 -3.66328E-01 -3.67848E-01 -3.71249E-01 -3.78100E-01 -3.86016E-01 -3.90570E-01 -3.88118E-01 -3.77843E-01 -3.61919E-01 -3.43837E-01 -3.26030E-01 -3.08279E-01 -2.87867E-01 -2.61358E-01 -2.26916E-01
 -3.01504E-01 -2.75096E-01 -2.44408E-01 -2.12629E-01 -1.82697E-01 -1.55396E-01 -1.28502E-01 -9.74634E-02 -5.72920E-02 -4.66471E-03  6.07973E-02  1.36624E-01  2.18727E-01  3.02949E-01  3.86041E-01  4.65661E-01  5.39655E-01  6.05371E-01  6.59709E-01  7.00079E-01  7.25780E-01  7.38870E-01  7.43818E-01  7.45818E-01  7.48495E-01  7.52139E-01  7.53436E-01  7.46915E-01  7.27447E-01  6.92540E-01  6.43312E-01  5.83720E-01  5.18555E-01  4.51352E-01  3.83334E-01  3.13852E-01  2.41930E-01  1.67879E-01  9.39559E-02  2.36748E-02 -3.98256E-02 -9.53321E-02 -1.44063E-01 -1.88776E-01 -2.31961E-01 -2.74178E-01 -3.13527E-01 -3.46609E-01 -3.70460E-01 -3.84351E-01 -3.90429E-01 -3.92784E-01 -3.95447E-01 -4.00433E-01 -4.06893E-01 -4.11843E-01 -4.12015E-01 -4.05749E-01 -3.93877E-01 -3.79104E-01 -3.64316E-01 -3.50831E-01 -3.37635E-01 -3.22064E-01 -3.01504E-01
 -3.67417E-01 -3.57035E-01 -3.41426E-01 -3.21371E-01 -2.99168E-01 -2.76796E-01 -2.54015E-01 -2.27611E-01 -1.92363E-01 -1.43366E-01 -7.84999E-02  2.95782E-04  8.76805E-02  1.77159E-01  2.63688E-01  3.45206E-01  4.22282E-01  4.96179E-01  5.66588E-01  6.30505E-01  6.83070E-01  7.20001E-01  7.40230E-01  7.47103E-01  7.47212E-01  7.47211E-01  7.50215E-01  7.53686E-01  7.50116E-01  7.30334E-01  6.87919E-01  6.22535E-01  5.40524E-01  4.52434E-01  3.68703E-01  2.95588E-01  2.33258E-01  1.76785E-01  1.19350E-01  5.59399E-02 -1.42791E-02 -8.78568E-02 -1.58966E-01 -2.22091E-01 -2.74067E-01 -3.14612E-01 -3.45430E-01 -3.68725E-01 -3.86095E-01 -3.98373E-01 -4.06209E-01 -4.10760E-01 -4.13798E-01 -4.17077E-01 -4.21356E-01 -4.25813E-01 -4.28355E-01 -4.26787E-01 -4.20188E-01 -4.09637E-01 -3.97771E-01 -3.87373E-01 -3.79770E-01 -3.74021E-01 -3.67417E-01
 -4.20923E-01 -4.25327E-01 -4.24494E-01 -4.16589E-01 -4.02919E-01 -3.86571E-01 -3.69662E-01 -3.50913E-01 -3.25195E-01 -2.85609E-01 -2.27112E-01 -1.49647E-01 -5.88594E-02  3.62132E-02  1.27343E-01  2.10867E-01  2.88790E-01  3.66490E-01  4.48245E-01  5.33208E-01  6.14323E-01  6.81097E-01  7.24911E-01  7.43935E-01  7.44711E-01  7.39161E-01  7.38303E-01  7.45920E-01  7.55683E-01  7.53565E-01  7.24627E-01  6.60853E-01  5.66040E-01  4.55105E-01  3.48021E-01  2.61280E-01  2.01046E-01  1.61264E-01  1.27461E-01  8.41575E-02  2.21654E-02 -5.76682E-02 -1.45696E-01 -2.28574E-01 -2.95350E-01 -3.41521E-01 -3.69454E-01 -3.85629E-01 -3.96681E-01 -4.06515E-01 -4.15732E-01 -4.23102E-01 -4.27671E-01 -4.29976E-01 -4.31689E-01 -4.34195E-01 -4.37319E-01 -4.39242E-01 -4.37774E-01 -4.32118E-01 -4.23882E-01 -4.16508E-01 -4.13340E-01 -4.15496E-01 -4.20923E-01
 -4.59002E-01 -4.74906E-01 -4.86786E-01 -4.90527E-01 -4.86087E-01 -4.77021E-01 -4.67457E-01 -4.58294E-01 -4.45140E-01 -4.19573E-01 -3.73341E-01 -3.03236E-01 -2.13673E-01 -1.15191E-01 -1.93865E-02  6.69839E-02  1.45293E-01  2.23581E-01  3.10891E-01  4.10494E-01  5.16007E-01  6.12982E-01  6.85540E-01  7.24611E-01  7.33164E-01  7.25174E-01  7.18404E-01  7.24574E-01  7.42190E-01  7.56163E-01  7.44874E-01  6.91376E-01  5.93027E-01  4.64487E-01  3.32292E-01  2.23500E-01  1.53946E-01  1.21834E-01  1.09616E-01  9.30020E-02  5.24488E-02 -1.84519E-02 -1.11379E-01 -2.08575E-01 -2.91754E-01 -3.49934E-01 -3.82623E-01 -3.97568E-01 -4.05148E-01 -4.12882E-01 -4.22859E-01 -4.32831E-01 -4.39508E-01 -4.41595E-01 -4.40693E-01 -4.39852E-01 -4.41133E-01 -4.44086E-01 -4.46262E-01 -4.45348E-01 -4.41373E-01 -4.37324E-01 -4.37573E-01 -4.45051E-01 -4.59002E-01
 -4.81066E-01 -5.04144E-01 -5.25635E-01 -5.39847E-01 -5.45089E-01 -5.44376E-01 -5.42855E-01 -5.43380E-01 -5.43060E-01 -5.33227E-01 -5.03333E-01 -4.46780E-01 -3.65276E-01 -2.68851E-01 -1.71086E-01 -8.19925E-02 -2.60138E-03  7.53222E-02  1.63865E-01  2.70613E-01  3.92125E-01  5.13295E-01  6.13550E-01  6.76934E-01  7.00602E-01  6.96803E-01  6.86696E-01  6.88884E-01  7.08629E-01  7.33751E-01  7.39870E-01  7.02748E-01  6.11579E-01  4.76321E-01  3.25028E-01  1.92239E-01  1.03988E-01  6.67592E-02  6.56466E-02  7.23139E-02  5.85441E-02  8.65170E-03 -7.49762E-02 -1.75152E-01 -2.69452E-01 -3.40738E-01 -3.83478E-01 -4.03466E-01 -4.12230E-01 -4.19946E-01 -4.30823E-01 -4.42942E-01 -4.51690E-01 -4.54032E-01 -4.50815E-01 -4.45963E-01 -4.43553E-01 -4.45065E-01 -4.48751E-01 -4.51459E-01 -4.51527E-01 -4.50600E-01 -4.52978E-01 -4.62825E-01 -4.81066E-01
 -4.89713E-01 -5.15698E-01 -5.43363E-01 -5.66253E-01 -5.80962E-01 -5.89004E-01 -5.95298E-01 -6.03996E-01 -6.14221E-01 -6.18631E-01 -6.06144E-01 -5.67637E-01 -5.01354E-01 -4.14645E-01 -3.20564E-01 -2.30916E-01 -1.49674E-01 -7.07749E-02  1.79512E-02  1.26549E-01  2.54974E-01  3.90213E-01  5.10740E-01  5.96455E-01  6.38915E-01  6.46084E-01  6.38480E-01  6.38227E-01  6.56561E-01  6.86556E-01  7.05385E-01  6.85505E-01  6.09330E-01  4.79883E-01  3.21763E-01  1.71570E-01  6.23199E-02  9.40301E-03  4.80446E-03  2.21086E-02  2.94364E-02  3.76236E-03 -6.01870E-02 -1.50086E-01 -2.44107E-01 -3.22095E-01 -3.74011E-01 -4.01977E-01 -4.16012E-01 -4.26806E-01 -4.39916E-01 -4.54258E-01 -4.64926E-01 -4.67836E-01 -4.63020E-01 -4.54644E-01 -4.48180E-01 -4.46920E-01 -4.50266E-01 -4.54883E-01 -4.57736E-01 -4.58840E-01 -4.61703E-01 -4.71115E-01 -4.89713E-01
 -4.89921E-01 -5.15410E-01 -5.45921E-01 -5.75008E-01 -5.97864E-01 -6.14043E-01 -6.27220E-01 -6.41939E-01 -6.59294E-01 -6.74388E-01 -6.77482E-01 -6.58541E-01 -6.12673E-01 -5.43130E-01 -4.59810E-01 -3.73798E-01 -2.90998E-01 -2.08732E-01 -1.17686E-01 -8.50782E-03  1.20567E-01  2.59638E-01  3.89519E-01  4.89935E-01  5.49396E-01  5.71302E-01  5.72479E-01  5.74334E-01  5.90968E-01  6.20535E-01  6.44799E-01  6.37668E-01  5.78721E-01  4.64925E-01  3.14413E-01  1.60132E-01  3.62397E-02 -3.61787E-02 -5.72594E-02 -4.67013E-02 -3.35576E-02 -4.28096E-02 -8.52510E-02 -1.55066E-01 -2.35308E-01 -3.07581E-01 -3.60604E-01 -3.93597E-01 -4.13686E-01 -4.29795E-01 -4.46987E-01 -4.64376E-01 -4.77215E-01 -4.81201E-01 -4.75990E-01 -4.65727E-01 -4.56529E-01 -4.52811E-01 -4.54962E-01 -4.59847E-01 -4.63664E-01 -4.65138E-01 -4.66855E-01 -4.73777E-01 -4.89921E-01
 -4.87060E-01 -5.09805E-01 -5.40150E-01 -5.72300E-01 -6.00775E-01 -6.23438E-01 -6.42283E-01 -6.61356E-01 -6.83044E-01 -7.05069E-01 -7.20234E-01 -7.19307E-01 -6.95499E-01 -6.47863E-01 -5.81490E-01 -5.04237E-01 -4.21893E-01 -3.34794E-01 -2.38178E-01 -1.26390E-01  1.40837E-03  1.37538E-01  2.66790E-01  3.72190E-01  4.42771E-01  4.79115E-01  4.93250E-01  5.02429E-01  5.19671E-01  5.45989E-01  5.68650E-01  5.66810E-01  5.22032E-01  4.28480E-01  2.97560E-01  1.54497E-01  2.83527E-02 -5.97120E-02 -1.04353E-01 -1.16568E-01 -1.17053E-01 -1.26043E-01 -1.54760E-01 -2.02285E-01 -2.58628E-01 -3.11549E-01 -3.53096E-01 -3.82522E-01 -4.04653E-01 -4.25385E-01 -4.47410E-01 -4.68693E-01 -4.84333E-01 -4.90263E-01 -4.86281E-01 -4.76497E-01 -4.67027E-01 -4.62522E-01 -4.63794E-01 -4.68010E-01 -4.71242E-01 -4.71650E-01 -4.71194E-01 -4.74731E-01 -4.87060E-01
 -4.84813E-01 -5.03553E-01 -5.31129E-01 -5.62898E-01 -5.93678E-01 -6.20503E-01 -6.43872E-01 -6.66699E-01 -6.91590E-01 -7.18119E-01 -7.41772E-01 -7.55269E-01 -7.51522E-01 -7.26505E-01 -6.80388E-01 -6.16367E-01 -5.38055E-01 -4.47246E-01 -3.43627E-01 -2.26747E-01 -9.90512E-02  3.21270E-02  1.55305E-01  2.58474E-01  3.33978E-01  3.81974E-01  4.10325E-01  4.30532E-01  4.51501E-01  4.74325E-01  4.90915E-01  4.87478E-01  4.51304E-01  3.77576E-01  2.72768E-01  1.52918E-01  3.75858E-02 -5.75358E-02 -1.25846E-01 -1.70623E-01 -2.01447E-01 -2.28473E-01 -2.57649E-01 -2.89110E-01 -3.19080E-01 -3.43645E-01 -3.61929E-01 -3.76819E-01 -3.93010E-01 -4.13787E-01 -4.38656E-01 -4.63316E-01 -4.82003E-01 -4.90757E-01 -4.89664E-01 -4.82751E-01 -4.75659E-01 -4.72546E-01 -4.74074E-01 -4.77665E-01 -4.79754E-01 -4.78624E-01 -4.75999E-01 -4.76431E-01 -4.84813E-01
 -4.84151E-01 -4.98247E-01 -5.20984E-01 -5.49239E-01 -5.79041E-01 -6.07617E-01 -6.34533E-01 -6.61305E-01 -6.89750E-01 -7.20065E-01 -7.49696E-01 -7.73595E-01 -7.85636E-01 -7.80379E-01 -7.54302E-01 -7.06051E-01 -6.35976E-01 -5.45570E-01 -4.37426E-01 -3.15757E-01 -1.86960E-01 -5.94476E-02  5.77094E-02  1.57052E-01  2.34939E-01  2.92500E-01  3.34625E-01  3.67239E-01  3.94098E-01  4.14639E-01  4.24024E-01  4.15397E-01  3.83263E-01  3.26322E-01  2.48387E-01  1.57062E-01  6.09926E-02 -3.28026E-02 -1.20203E-01 -1.99436E-01 -2.69375E-01 -3.28024E-01 -3.72304E-01 -3.99434E-01 -4.09089E-01 -4.04929E-01 -3.94351E-01 -3.86230E-01 -3.87611E-01 -4.00963E-01 -4.23411E-01 -4.48385E-01 -4.68847E-01 -4.80487E-01 -4.83305E-01 -4.80907E-01 -4.78085E-01 -4.78099E-01 -4.81179E-01 -4.84970E-01 -4.86523E-01 -4.84583E-01 -4.80802E-01 -4.79191E-01 -4.84151E-01
 -4.83869E-01 -4.93008E-01 -5.09558E-01 -5.32142E-01 -5.58546E-01 -5.86894E-01 -6.16367E-01 -6.47161E-01 -6.79774E-01 -7.14045E-01 -7.48401E-01 -7.79591E-01 -8.02930E-01 -8.12919E-01 -8.04067E-01 -7.71828E-01 -7.13586E-01 -6.29542E-01 -5.23262E-01 -4.01526E-01 -2.73300E-01 -1.47949E-01 -3.32075E-02  6.63331E-02  1.49601E-01  2.18111E-01  2.74170E-01  3.19097E-01  3.52321E-01  3.71755E-01  3.75154E-01  3.61582E-01  3.32088E-01  2.89127E-01  2.35075E-01  1.70782E-01  9.52290E-02  6.78587E-03 -9.43629E-02 -2.03872E-01 -3.12418E-01 -4.07276E-01 -4.76008E-01 -5.10847E-01 -5.11865E-01 -4.87383E-01 -4.51290E-01 -4.18296E-01 -3.99104E-01 -3.97463E-01 -4.10184E-01 -4.29816E-01 -4.48542E-01 -4.61445E-01 -4.67810E-01 -4.70203E-01 -4.72172E-01 -4.75950E-01 -4.81375E-01 -4.86401E-01 -4.88730E-01 -4.87502E-01 -4.84104E-01 -4.81708E-01 -4.83869E-01
 -4.82243E-01 -4.86386E-01 -4.96299E-01 -5.12398E-01 -5.34274E-01 -5.61063E-01 -5.91802E-01 -6.25644E-01 -6.61881E-01 -6.99769E-01 -7.38144E-01 -7.74893E-01 -8.06483E-01 -8.27813E-01 -8.32707E-01 -8.15115E-01 -7.70789E-01 -6.98855E-01 -6.02584E-01 -4.88898E-01 -3.66661E-01 -2.44401E-01 -1.28388E-01 -2.19214E-02  7.39647E-02  1.58859E-01  2.31417E-01  2.88846E-01  3.27829E-01  3.46372E-01  3.45462E-01  3.29353E-01  3.03964E-01  2.73942E-01  2.39829E-01  1.96969E-01  1.37128E-01  5.25075E-02 -5.94648E-02 -1.92782E-01 -3.32724E-01 -4.59397E-01 -5.53763E-01 -6.03800E-01 -6.08324E-01 -5.76964E-01 -5.26411E-01 -4.74592E-01 -4.35145E-01 -4.14237E-01 -4.10586E-01 -4.18124E-01 -4.29734E-01 -4.40313E-01 -4.48064E-01 -4.53881E-01 -4.59645E-01 -4.66521E-01 -4.74151E-01 -4.80971E-01 -4.85261E-01 -4.86239E-01 -4.84621E-01 -4.82425E-01 -4.82243E-01
 -4.78724E-01 -4.78257E-01 -4.82003E-01 -4.92035E-01 -5.09374E-01 -5.33785E-01 -5.64037E-01 -5.98535E-01 -6.35970E-01 -6.75577E-01 -7.16765E-01 -7.58205E-01 -7.96873E-01 -8.27659E-01 -8.43986E-01 -8.39387E-01 -8.09464E-01 -7.53337E-01 -6.73889E-01 -5.76641E-01 -4.67813E-01 -3.52562E-01 -2.34319E-01 -1.15519E-01  7.75916E-04  1.09498E-01  2.03506E-01  2.75271E-01  3.19708E-01  3.36745E-01  3.32091E-01  3.15386E-01  2.96170E-01  2.79330E-01  2.62167E-01  2.34712E-01  1.83550E-01  9.77952E-02 -2.52216E-02 -1.77004E-01 -3.39074E-01 -4.87962E-01 -6.02119E-01 -6.68140E-01 -6.84052E-01 -6.58717E-01 -6.07946E-01 -5.49097E-01 -4.96233E-01 -4.57383E-01 -4.34347E-01 -4.24493E-01 -4.23336E-01 -4.26764E-01 -4.32187E-01 -4.38596E-01 -4.45893E-01 -4.54084E-01 -4.62751E-01 -4.70947E-01 -4.77479E-01 -4.81362E-01 -4.82274E-01 -4.80850E-01 -4.78724E-01
 -4.74589E-01 -4.70492E-01 -4.69286E-01 -4.74378E-01 -4.87695E-01 -5.09079E-01 -5.36746E-01 -5.68560E-01 -6.03307E-01 -6.41133E-01 -6.82751E-01 -7.27806E-01 -7.73366E-01 -8.13574E-01 -8.40902E-01 -8.48519E-01 -8.32609E-01 -7.93346E-01 -7.33967E-01 -6.58441E-01 -5.69135E-01 -4.65965E-01 -3.47770E-01 -2.15309E-01 -7.41868E-02  6.42388E-02  1.85046E-01  2.74520E-01  3.25480E-01  3.40517E-01  3.31275E-01  3.13638E-01  3.00724E-01  2.96763E-01  2.94698E-01  2.78777E-01  2.31165E-01  1.39803E-01  4.22235E-03 -1.63052E-01 -3.39916E-01 -5.01342E-01 -6.26546E-01 -7.04021E-01 -7.33010E-01 -7.21566E-01 -6.82609E-01 -6.29785E-01 -5.74498E-01 -5.24617E-01 -4.84527E-01 -4.55847E-01 -4.38228E-01 -4.30017E-01 -4.28832E-01 -4.32165E-01 -4.37961E-01 -4.44970E-01 -4.52662E-01 -4.60744E-01 -4.68575E-01 -4.74927E-01 -4.78348E-01 -4.78015E-01 -4.74589E-01
 -4.72178E-01 -4.66006E-01 -4.61467E-01 -4.62848E-01 -4.72553E-01 -4.90168E-01 -5.13205E-01 -5.39098E-01 -5.67153E-01 -5.99100E-01 -6.37715E-01 -6.84188E-01 -7.35843E-01 -7.85748E-01 -8.24747E-01 -8.44962E-01 -8.42816E-01 -8.19738E-01 -7.79982E-01 -7.26746E-01 -6.58983E-01 -5.71146E-01 -4.56599E-01 -3.13217E-01 -1.48166E-01  2.12018E-02  1.71624E-01  2.82026E-01  3.41848E-01  3.55508E-01  3.40484E-01  3.19478E-01  3.10055E-01  3.16491E-01  3.27647E-01  3.21871E-01  2.76713E-01  1.79028E-01  3.10672E-02 -1.49844E-01 -3.37426E-01 -5.05276E-01 -6.34520E-01 -7.17468E-01 -7.56638E-01 -7.60699E-01 -7.39867E-01 -7.02885E-01 -6.56326E-01 -6.05494E-01 -5.55502E-01 -5.11422E-01 -4.77349E-01 -4.55146E-01 -4.43896E-01 -4.40578E-01 -4.41677E-01 -4.44745E-01 -4.49012E-01 -4.54751E-01 -4.61970E-01 -4.69427E-01 -4.74774E-01 -4.75829E-01 -4.72178E-01
 -4.73246E-01 -4.66823E-01 -4.60618E-01 -4.59260E-01 -4.65407E-01 -4.78450E-01 -4.95372E-01 -5.13289E-01 -5.32018E-01 -5.54875E-01 -5.86896E-01 -6.31310E-01 -6.86361E-01 -7.44567E-01 -7.95183E-01 -8.28695E-01 -8.40761E-01 -8.33146E-01 -8.10831E-01 -7.76854E-01 -7.28077E-01 -6.54914E-01 -5.46020E-01 -3.96031E-01 -2.12254E-01 -1.61885E-02  1.61957E-01  2.93987E-01  3.64923E-01  3.79201E-01  3.58472E-01  3.31584E-01  3.21203E-01  3.33306E-01  3.54498E-01  3.58368E-01  3.17830E-01  2.17619E-01  6.13118E-02 -1.29958E-01 -3.25872E-01 -4.98034E-01 -6.28696E-01 -7.13709E-01 -7.59518E-01 -7.76823E-01 -7.74683E-01 -7.57822E-01 -7.27667E-01 -6.85465E-01 -6.34942E-01 -5.82694E-01 -5.36196E-01 -5.00873E-01 -4.78147E-01 -4.65654E-01 -4.59317E-01 -4.55889E-01 -4.54341E-01 -4.55402E-01 -4.59798E-01 -4.66616E-01 -4.73047E-01 -4.75800E-01 -4.73246E-01
 -4.77557E-01 -4.72472E-01 -4.66054E-01 -4.62727E-01 -4.65274E-01 -4.73218E-01 -4.83490E-01 -4.93102E-01 -5.02097E-01 -5.14695E-01 -5.37560E-01 -5.75884E-01 -6.29548E-01 -6.91776E-01 -7.51395E-01 -7.97622E-01 -8.24620E-01 -8.32955E-01 -8.26833E-01 -8.08585E-01 -7.73870E-01 -7.11100E-01 -6.06465E-01 -4.52614E-01 -2.56516E-01 -4.17034E-02  1.57451E-01  3.07739E-01  3.90165E-01  4.07719E-01  3.83694E-01  3.50855E-01  3.36254E-01  3.48771E-01  3.75277E-01  3.87144E-01  3.53906E-01  2.57525E-01  1.00689E-01 -9.43054E-02 -2.94890E-01 -4.70842E-01 -6.04201E-01 -6.92429E-01 -7.44522E-01 -7.73179E-01 -7.87605E-01 -7.90410E-01 -7.79328E-01 -7.51759E-01 -7.08883E-01 -6.56839E-01 -6.04579E-01 -5.60010E-01 -5.26919E-01 -5.04418E-01 -4.88920E-01 -4.77113E-01 -4.67956E-01 -4.62564E-01 -4.62348E-01 -4.66937E-01 -4.73494E-01 -4.77980E-01 -4.77557E-01
 -4.82715E-01 -4.79820E-01 -4.74328E-01 -4.69918E-01 -4.69274E-01 -4.72298E-01 -4.76420E-01 -4.78923E-01 -4.79829E-01 -4.83299E-01 -4.96345E-01 -5.25267E-01 -5.71773E-01 -6.31171E-01 -6.93872E-01 -7.49482E-01 -7.91059E-01 -8.16833E-01 -8.28118E-01 -8.24621E-01 -8.00239E-01 -7.42669E-01 -6.38229E-01 -4.80180E-01 -2.76322E-01 -5.11899E-02  1.59552E-01  3.21061E-01  4.12547E-01  4.35526E-01  4.12723E-01  3.77622E-01  3.59190E-01  3.68810E-01  3.95519E-01  4.11683E-01  3.86286E-01  2.99458E-01  1.51515E-01 -3.72891E-02 -2.35508E-01 -4.13049E-01 -5.51462E-01 -6.47652E-01 -7.10348E-01 -7.52240E-01 -7.82410E-01 -8.02764E-01 -8.09533E-01 -7.98023E-01 -7.67294E-01 -7.22032E-01 -6.70845E-01 -6.22422E-01 -5.82061E-01 -5.50521E-01 -5.25522E-01 -5.04558E-01 -4.87042E-01 -4.74462E-01 -4.68694E-01 -4.69860E-01 -4.75366E-01 -4.80892E-01 -4.82715E-01
 -4.85455E-01 -4.84622E-01 -4.80860E-01 -4.76630E-01 -4.74025E-01 -4.73220E-01 -4.72483E-01 -4.69851E-01 -4.65387E-01 -4.62480E-01 -4.67091E-01 -4.85167E-01 -5.19600E-01 -5.68529E-01 -6.25982E-01 -6.84449E-01 -7.37650E-01 -7.81598E-01 -8.13127E-01 -8.26851E-01 -8.12928E-01 -7.58009E-01 -6.50121E-01 -4.85827E-01 -2.76051E-01 -4.68476E-02  1.66584E-01  3.31053E-01  4.27203E-01  4.56572E-01  4.40291E-01  4.09516E-01  3.91648E-01  3.98488E-01  4.21667E-01  4.37292E-01  4.17429E-01  3.42983E-01  2.12077E-01  4.05124E-02 -1.45262E-01 -3.18774E-01 -4.62600E-01 -5.72053E-01 -6.52691E-01 -7.13949E-01 -7.62716E-01 -8.00107E-01 -8.22477E-01 -8.25307E-01 -8.07232E-01 -7.71841E-01 -7.26472E-01 -6.79087E-01 -6.35255E-01 -5.96953E-01 -5.63564E-01 -5.34053E-01 -5.08717E-01 -4.89367E-01 -4.77962E-01 -4.74812E-01 -4.77679E-01 -4.82525E-01 -4.85455E-01
 -4.83678E-01 -4.83924E-01 -4.82346E-01 -4.79809E-01 -4.77133E-01 -4.74255E-01 -4.70282E-01 -4.64439E-01 -4.57259E-01 -4.51203E-01 -4.50200E-01 -4.58308E-01 -4.78261E-01 -5.10713E-01 -5.54453E-01 -6.07149E-01 -6.65688E-01 -7.25456E-01 -7.78749E-01 -8.13502E-01 -8.13911E-01 -7.63918E-01 -6.53039E-01 -4.82374E-01 -2.67822E-01 -3.81876E-02  1.72101E-01  3.33412E-01  4.30398E-01  4.66509E-01  4.61348E-01  4.41811E-01  4.30691E-01  4.37599E-01  4.55967E-01  4.67130E-01  4.49311E-01  3.87278E-01  2.78482E-01  1.33370E-01 -2.95488E-02 -1.91051E-01 -3.37389E-01 -4.62809E-01 -5.68023E-01 -6.56255E-01 -7.29403E-01 -7.86329E-01 -8.23788E-01 -8.38988E-01 -8.31980E-01 -8.06470E-01 -7.68704E-01 -7.25259E-01 -6.81074E-01 -6.38747E-01 -5.99214E-01 -5.63101E-01 -5.31696E-01 -5.06908E-01 -4.90311E-01 -4.82019E-01 -4.80228E-01 -4.81821E-01 -4.83678E-01
 -4.77994E-01 -4.77919E-01 -4.78550E-01 -4.78936E-01 -4.78002E-01 -4.74816E-01 -4.69072E-01 -4.61431E-01 -4.53430E-01 -4.46948E-01 -4.43585E-01 -4.44459E-01 -4.50675E-01 -4.64190E-01 -4.88292E-01 -5.26838E-01 -5.81929E-01 -6.50672E-01 -7.22582E-01 -7.79440E-01 -7.98689E-01 -7.59947E-01 -6.52527E-01 -4.80947E-01 -2.65767E-01 -3.87875E-02  1.66037E-01  3.22675E-01  4.20247E-01  4.64622E-01  4.73958E-01  4.70215E-01  4.70268E-01  4.80139E-01  4.94290E-01  4.99633E-01  4.81962E-01  4.31794E-01  3.47354E-01  2.34012E-01  1.01221E-01 -4.11220E-02 -1.85096E-01 -3.25217E-01 -4.57352E-01 -5.77294E-01 -6.80113E-01 -7.60764E-01 -8.15537E-01 -8.43451E-01 -8.46757E-01 -8.30267E-01 -7.99894E-01 -7.61158E-01 -7.18317E-01 -6.74336E-01 -6.31414E-01 -5.91525E-01 -5.56581E-01 -5.28134E-01 -5.06924E-01 -4.92635E-01 -4.84075E-01 -4.79676E-01 -4.77994E-01
 -4.71738E-01 -4.70069E-01 -4.72414E-01 -4.75993E-01 -4.77609E-01 -4.75135E-01 -4.68595E-01 -4.60079E-01 -4.52408E-01 -4.47310E-01 -4.44337E-01 -4.41443E-01 -4.37194E-01 -4.33403E-01 -4.36369E-01 -4.55322E-01 -4.98020E-01 -5.65149E-01 -6.46286E-01 -7.19957E-01 -7.58736E-01 -7.38000E-01 -6.45040E-01 -4.84700E-01 -2.78945E-01 -6.03003E-02  1.38343E-01  2.93486E-01  3.96641E-01  4.53989E-01  4.80909E-01  4.94210E-01  5.05519E-01  5.18248E-01  5.28599E-01  5.29208E-01  5.13123E-01  4.76211E-01  4.17355E-01  3.37153E-01  2.36539E-01  1.16466E-01 -2.11068E-02 -1.71695E-01 -3.27412E-01 -4.77589E-01 -6.10875E-01 -7.17948E-01 -7.93649E-01 -8.37643E-01 -8.53523E-01 -8.46984E-01 -8.24030E-01 -7.89923E-01 -7.49005E-01 -7.05003E-01 -6.61250E-01 -6.20538E-01 -5.84693E-01 -5.54311E-01 -5.28987E-01 -5.08010E-01 -4.91119E-01 -4.78781E-01 -4.71738E-01
 -4.69322E-01 -4.65299E-01 -4.68349E-01 -4.74078E-01 -4.77514E-01 -4.75592E-01 -4.68663E-01 -4.60006E-01 -4.53511E-01 -4.50849E-01 -4.50000E-01 -4.46319E-01 -4.35915E-01 -4.19544E-01 -4.04575E-01 -4.03268E-01 -4.27427E-01 -4.81566E-01 -5.57899E-01 -6.35994E-01 -6.88019E-01 -6.87845E-01 -6.20404E-01 -4.87362E-01 -3.06735E-01 -1.06722E-01  8.35355E-02  2.42419E-01  3.60363E-01  4.39332E-01  4.88434E-01  5.18317E-01  5.36954E-01  5.48207E-01  5.52785E-01  5.50109E-01  5.39470E-01  5.19775E-01  4.88412E-01  4.40478E-01  3.69500E-01  2.69814E-01  1.39648E-01 -1.66215E-02 -1.88327E-01 -3.60730E-01 -5.18712E-01 -6.50382E-01 -7.49200E-01 -8.14072E-01 -8.47878E-01 -8.55509E-01 -8.42404E-01 -8.13986E-01 -7.75666E-01 -7.32797E-01 -6.90126E-01 -6.50908E-01 -6.16241E-01 -5.85263E-01 -5.56316E-01 -5.28542E-01 -5.02956E-01 -4.82252E-01 -4.69322E-01
 -4.73784E-01 -4.67221E-01 -4.69648E-01 -4.75460E-01 -4.78723E-01 -4.76209E-01 -4.68878E-01 -4.60859E-01 -4.56441E-01 -4.56848E-01 -4.58812E-01 -4.56083E-01 -4.43305E-01 -4.20242E-01 -3.93828E-01 -3.76477E-01 -3.80946E-01 -4.13896E-01 -4.71201E-01 -5.37377E-01 -5.89700E-01 -6.05427E-01 -5.69161E-01 -4.77469E-01 -3.39189E-01 -1.71837E-01  3.96466E-03  1.69673E-01  3.11962E-01  4.23493E-01  5.02124E-01  5.49722E-01  5.71316E-01  5.74479E-01  5.68294E-01  5.61347E-01  5.58959E-01  5.60653E-01  5.59249E-01  5.42491E-01  4.96978E-01  4.13026E-01  2.88490E-01  1.29964E-01 -4.90399E-02 -2.31998E-01 -4.03604E-01 -5.52659E-01 -6.72862E-01 -7.61892E-01 -8.19903E-01 -8.48541E-01 -8.50887E-01 -8.31887E-01 -7.98383E-01 -7.58111E-01 -7.17820E-01 -6.81383E-01 -6.49036E-01 -6.18348E-01 -5.86521E-01 -5.52814E-01 -5.19670E-01 -4.91817E-01 -4.73784E-01
 -4.84912E-01 -4.75943E-01 -4.76464E-01 -4.80166E-01 -4.81062E-01 -4.76618E-01 -4.68753E-01 -4.62105E-01 -4.60605E-01 -4.64406E-01 -4.69095E-01 -4.67772E-01 -4.54984E-01 -4.30357E-01 -3.99853E-01 -3.73831E-01 -3.62744E-01 -3.72507E-01 -4.01660E-01 -4.41468E-01 -4.78580E-01 -4.98813E-01 -4.90395E-01 -4.45765E-01 -3.62060E-01 -2.41129E-01 -8.97477E-02  8.00371E-02  2.51327E-01  4.04612E-01  5.22092E-01  5.93008E-01  6.17773E-01  6.08615E-01  5.85673E-01  5.69533E-01  5.73070E-01  5.96078E-01  6.25141E-01  6.38895E-01  6.16417E-01  5.45069E-01  4.24582E-01  2.66022E-01  8.67547E-02 -9.58015E-02 -2.68690E-01 -4.24581E-01 -5.59979E-01 -6.72381E-01 -7.58559E-01 -8.15055E-01 -8.40399E-01 -8.37323E-01 -8.13229E-01 -7.78210E-01 -7.41505E-01 -7.08283E-01 -6.78543E-01 -6.48762E-01 -6.15303E-01 -5.77603E-01 -5.39288E-01 -5.06570E-01 -4.84912E-01
 -4.99066E-01 -4.87756E-01 -4.85498E-01 -4.85833E-01 -4.83290E-01 -4.76397E-01 -4.68063E-01 -4.63149E-01 -4.64783E-01 -4.71748E-01 -4.78578E-01 -4.78362E-01 -4.66573E-01 -4.43664E-01 -4.14952E-01 -3.87946E-01 -3.68814E-01 -3.60051E-01 -3.60480E-01 -3.67098E-01 -3.77007E-01 -3.87686E-01 -3.95156E-01 -3.91437E-01 -3.63725E-01 -2.97208E-01 -1.81377E-01 -1.72375E-02  1.78584E-01  3.76005E-01  5.40351E-01  6.44806E-01  6.81031E-01  6.62773E-01  6.20259E-01  5.87421E-01  5.87524E-01  6.23607E-01  6.77942E-01  7.20442E-01  7.21799E-01  6.65180E-01  5.51430E-01  3.96214E-01  2.21519E-01  4.63598E-02 -1.18750E-01 -2.71561E-01 -4.13427E-01 -5.43773E-01 -6.57278E-01 -7.45307E-01 -8.00427E-01 -8.21006E-01 -8.12947E-01 -7.87470E-01 -7.56209E-01 -7.26469E-01 -6.99261E-01 -6.71022E-01 -6.37725E-01 -5.98757E-01 -5.58230E-01 -5.23050E-01 -4.99066E-01
 -5.10824E-01 -4.96899E-01 -4.91586E-01 -4.88841E-01 -4.83726E-01 -4.75366E-01 -4.67073E-01 -4.63611E-01 -4.67434E-01 -4.76385E-01 -4.84424E-01 -4.84939E-01 -4.74532E-01 -4.54801E-01 -4.30968E-01 -4.08277E-01 -3.88691E-01 -3.70234E-01 -3.49639E-01 -3.26500E-01 -3.05749E-01 -2.95898E-01 -3.03025E-01 -3.23536E-01 -3.40354E-01 -3.26160E-01 -2.53785E-01 -1.09689E-01  9.61126E-02  3.29466E-01  5.42577E-01  6.91840E-01  7.55204E-01  7.40972E-01  6.83602E-01  6.28189E-01  6.10693E-01  6.42958E-01  7.09140E-01  7.74560E-01  8.02124E-01  7.68172E-01  6.70581E-01  5.26278E-01  3.60757E-01  1.95825E-01  4.18543E-02 -1.02252E-01 -2.42721E-01 -3.82771E-01 -5.17679E-01 -6.35692E-01 -7.23771E-01 -7.74420E-01 -7.89534E-01 -7.79187E-01 -7.56389E-01 -7.31049E-01 -7.06586E-01 -6.80768E-01 -6.49751E-01 -6.12460E-01 -5.72508E-01 -5.36626E-01 -5.10824E-01
 -5.15546E-01 -4.98437E-01 -4.90267E-01 -4.86010E-01 -4.80892E-01 -4.73479E-01 -4.66278E-01 -4.63477E-01 -4.67397E-01 -4.76138E-01 -4.84126E-01 -4.85294E-01 -4.76806E-01 -4.60688E-01 -4.42099E-01 -4.25236E-01 -4.09713E-01 -3.90265E-01 -3.60614E-01 -3.19434E-01 -2.74400E-01 -2.40704E-01 -2.33396E-01 -2.56793E-01 -2.96871E-01 -3.22020E-01 -2.93783E-01 -1.83838E-01  1.05482E-02  2.60654E-01  5.14159E-01  7.14340E-01  8.22434E-01  8.32989E-01  7.74958E-01  6.97950E-01  6.50024E-01  6.57318E-01  7.14665E-01  7.90746E-01  8.44341E-01  8.43208E-01  7.76594E-01  6.56302E-01  5.07343E-01  3.54195E-01  2.10190E-01  7.49495E-02 -6.00396E-02 -2.01992E-01 -3.49428E-01 -4.90893E-01 -6.10020E-01 -6.93527E-01 -7.37403E-01 -7.47973E-01 -7.37743E-01 -7.18863E-01 -6.98095E-01 -6.75846E-01 -6.49146E-01 -6.16133E-01 -5.78960E-01 -5.43376E-01 -5.15546E-01
 -5.11366E-01 -4.90600E-01 -4.79888E-01 -4.75920E-01 -4.73791E-01 -4.70290E-01 -4.65679E-01 -4.62840E-01 -4.64450E-01 -4.70296E-01 -4.76707E-01 -4.78638E-01 -4.73000E-01 -4.60790E-01 -4.46260E-01 -4.33370E-01 -4.21861E-01 -4.06021E-01 -3.77759E-01 -3.32847E-01 -2.76559E-01 -2.24444E-01 -1.96161E-01 -2.04290E-01 -2.43669E-01 -2.87713E-01 -2.95480E-01 -2.27954E-01 -6.67548E-02  1.73777E-01  4.47901E-01  6.93974E-01  8.58007E-01  9.14902E-01  8.77659E-01  7.90310E-01  7.07915E-01  6.72945E-01  6.98762E-01  7.67149E-01  8.39849E-01  8.77538E-01  8.56721E-01  7.76963E-01  6.56392E-01  5.19382E-01  3.83770E-01  2.54236E-01  1.24384E-01 -1.49070E-02 -1.66424E-01 -3.22212E-01 -4.65989E-01 -5.80529E-01 -6.55521E-01 -6.91534E-01 -6.98314E-01 -6.88952E-01 -6.73592E-01 -6.56144E-01 -6.35308E-01 -6.08518E-01 -5.75856E-01 -5.41399E-01 -5.11366E-01
 -4.99465E-01 -4.75235E-01 -4.62083E-01 -4.59169E-01 -4.61763E-01 -4.64385E-01 -4.64014E-01 -4.61311E-01 -4.59208E-01 -4.60036E-01 -4.63318E-01 -4.65843E-01 -4.63929E-01 -4.56169E-01 -4.44446E-01 -4.32198E-01 -4.20925E-01 -4.07516E-01 -3.84914E-01 -3.46596E-01 -2.92644E-01 -2.33369E-01 -1.87021E-01 -1.71174E-01 -1.91300E-01 -2.32674E-01 -2.61207E-01 -2.34863E-01 -1.21823E-01  8.26888E-02  3.49446E-01  6.22732E-01  8.40220E-01  9.56986E-01  9.62991E-01  8.86053E-01  7.78959E-01  6.96697E-01  6.74216E-01  7.14443E-01  7.91092E-01  8.63582E-01  8.96045E-01  8.71258E-01  7.93767E-01  6.82449E-01  5.57910E-01  4.32012E-01  3.04711E-01  1.68761E-01  1.84764E-02 -1.43126E-01 -3.02975E-01 -4.42863E-01 -5.47500E-01 -6.11015E-01 -6.38462E-01 -6.41948E-01 -6.34065E-01 -6.22456E-01 -6.08324E-01 -5.89038E-01 -5.62588E-01 -5.30819E-01 -4.99465E-01
 -4.82484E-01 -4.56131E-01 -4.40396E-01 -4.37579E-01 -4.44224E-01 -4.53347E-01 -4.58562E-01 -4.57481E-01 -4.52337E-01 -4.47643E-01 -4.46621E-01 -4.48852E-01 -4.50666E-01 -4.47850E-01 -4.38603E-01 -4.24499E-01 -4.08607E-01 -3.92105E-01 -3.72046E-01 -3.42503E-01 -2.99118E-01 -2.44430E-01 -1.90050E-01 -1.52918E-01 -1.46157E-01 -1.68757E-01 -2.00132E-01 -2.04107E-01 -1.42464E-01  7.13321E-03  2.37239E-01  5.08291E-01  7.60487E-01  9.35752E-01  1.00046E+00  9.58726E-01  8.50030E-01  7.32291E-01  6.57980E-01  6.54042E-01  7.14098E-01  8.05331E-01  8.85494E-01  9.21270E-01  8.99513E-01  8.27349E-01  7.23065E-01  6.04013E-01  4.78375E-01  3.44549E-01  1.97211E-01  3.54321E-02 -1.32447E-01 -2.90109E-01 -4.19767E-01 -5.09918E-01 -5.59909E-01 -5.78925E-01 -5.80401E-01 -5.75295E-01 -5.68044E-01 -5.57059E-01 -5.38825E-01 -5.12574E-01 -4.82484E-01
 -4.62090E-01 -4.36206E-01 -4.17900E-01 -4.12917E-01 -4.20657E-01 -4.34543E-01 -4.45899E-01 -4.48901E-01 -4.43545E-01 -4.34886E-01 -4.29171E-01 -4.29463E-01 -4.33553E-01 -4.35450E-01 -4.29330E-01 -4.13205E-01 -3.89793E-01 -3.63972E-01 -3.38651E-01 -3.12156E-01 -2.79388E-01 -2.36503E-01 -1.86086E-01 -1.38817E-01 -1.09199E-01 -1.06468E-01 -1.25367E-01 -1.42687E-01 -1.23301E-01 -3.46426E-02  1.36431E-01  3.72788E-01  6.28638E-01  8.44527E-01  9.69986E-01  9.83951E-01  9.03554E-01  7.77015E-01  6.63730E-01  6.10529E-01  6.34595E-01  7.20021E-01  8.28304E-01  9.16654E-01  9.55019E-01  9.34393E-01  8.64161E-01  7.61882E-01  6.42204E-01  5.10962E-01  3.66722E-01  2.07476E-01  3.74440E-02 -1.30599E-01 -2.78959E-01 -3.92367E-01 -4.64602E-01 -5.00561E-01 -5.12763E-01 -5.14542E-01 -5.13959E-01 -5.11720E-01 -5.03840E-01 -4.86858E-01 -4.62090E-01
 -4.37230E-01 -4.15248E-01 -3.95202E-01 -3.85916E-01 -3.90961E-01 -4.06463E-01 -4.23372E-01 -4.32793E-01 -4.31077E-01 -4.21528E-01 -4.11721E-01 -4.08174E-01 -4.11786E-01 -4.16929E-01 -4.14784E-01 -3.98785E-01 -3.68656E-01 -3.30417E-01 -2.92339E-01 -2.59508E-01 -2.30727E-01 -2.00058E-01 -1.62243E-01 -1.18409E-01 -7.77173E-02 -5.27886E-02 -5.05774E-02 -6.38415E-02 -6.90248E-02 -3.35846E-02  6.92788E-02  2.45178E-01  4.70546E-01  6.97430E-01  8.70374E-01  9.48512E-01  9.22896E-01  8.20818E-01  6.94848E-01  6.01435E-01  5.78724E-01  6.33317E-01  7.41106E-01  8.60482E-01  9.50680E-01  9.86466E-01  9.63199E-01  8.91835E-01  7.88464E-01  6.64989E-01  5.25771E-01  3.70896E-01  2.02675E-01  3.04020E-02 -1.30063E-01 -2.61808E-01 -3.54139E-01 -4.07180E-01 -4.31059E-01 -4.40198E-01 -4.46082E-01 -4.52640E-01 -4.56630E-01 -4.52319E-01 -4.37230E-01
 -4.04261E-01 -3.89612E-01 -3.69974E-01 -3.56077E-01 -3.55887E-01 -3.69835E-01 -3.90539E-01 -4.07232E-01 -4.12158E-01 -4.05001E-01 -3.92557E-01 -3.83881E-01 -3.83922E-01 -3.89699E-01 -3.91515E-01 -3.78613E-01 -3.45835E-01 -2.97130E-01 -2.43603E-01 -1.97180E-01 -1.63762E-01 -1.40230E-01 -1.17346E-01 -8.68848E-02 -4.83847E-02 -1.07653E-02  1.30791E-02  1.61801E-02  6.04769E-03  5.94275E-03  4.64745E-02  1.50543E-01  3.18965E-01  5.24745E-01  7.20265E-01  8.55276E-01  8.97889E-01  8.48762E-01  7.41563E-01  6.29259E-01  5.62483E-01  5.69827E-01  6.48622E-01  7.69382E-01  8.90526E-01  9.75558E-01  1.00475E+00  9.77088E-01  9.03774E-01  7.98501E-01  6.70532E-01  5.23820E-01  3.61256E-01  1.90019E-01  2.36697E-02 -1.20911E-01 -2.30096E-01 -2.99580E-01 -3.36116E-01 -3.53684E-01 -3.66226E-01 -3.81096E-01 -3.96896E-01 -4.06679E-01 -4.04261E-01
 -3.59031E-01 -3.54114E-01 -3.38236E-01 -3.22205E-01 -3.17080E-01 -3.27665E-01 -3.49632E-01 -3.72118E-01 -3.84240E-01 -3.81549E-01 -3.68406E-01 -3.54737E-01 -3.49130E-01 -3.52555E-01 -3.56774E-01 -3.48692E-01 -3.18243E-01 -2.65072E-01 -1.99794E-01 -1.38765E-01 -9.52217E-02 -7.20326E-02 -6.05441E-02 -4.64616E-02 -1.93825E-02  1.98896E-02  5.91559E-02  8.25996E-02  8.24622E-02  6.76787E-02  6.35719E-02  1.01330E-01  2.01802E-01  3.61884E-01  5.51208E-01  7.22015E-01  8.28427E-01  8.46288E-01  7.84130E-01  6.79919E-01  5.85098E-01  5.43438E-01  5.74376E-01  6.67835E-01  7.91654E-01  9.06767E-01  9.82262E-01  1.00369E+00  9.72343E-01  8.98214E-01  7.91985E-01  6.60862E-01  5.09700E-01  3.45194E-01  1.79094E-01  2.73306E-02 -9.50270E-02 -1.80078E-01 -2.30649E-01 -2.58621E-01 -2.78655E-01 -3.00813E-01 -3.26273E-01 -3.48506E-01 -3.59031E-01
 -2.99754E-01 -3.05113E-01 -2.96616E-01 -2.83177E-01 -2.76406E-01 -2.83871E-01 -3.04537E-01 -3.29288E-01 -3.46335E-01 -3.48270E-01 -3.36412E-01 -3.19663E-01 -3.08419E-01 -3.07242E-01 -3.10920E-01 -3.06665E-01 -2.81506E-01 -2.30645E-01 -1.61644E-01 -9.15660E-02 -3.82979E-02 -1.08574E-02 -4.42414E-03 -3.29620E-03  9.59119E-03  4.19873E-02  8.69388E-02  1.26411E-01  1.42509E-01  1.30217E-01  1.04133E-01  9.44525E-02  1.33180E-01  2.37086E-01  3.96294E-01  5.74986E-01  7.24837E-01  8.05260E-01  8.01004E-01  7.28756E-01  6.29781E-01  5.52300E-01  5.32001E-01  5.79383E-01  6.78773E-01  7.97916E-01  9.02324E-01  9.67234E-01  9.82469E-01  9.49909E-01  8.77117E-01  7.71844E-01  6.40444E-01  4.89944E-01  3.30934E-01  1.78019E-01  4.65330E-02 -5.29910E-02 -1.19219E-01 -1.60283E-01 -1.89314E-01 -2.17547E-01 -2.48888E-01 -2.79064E-01 -2.99754E-01
 -2.28958E-01 -2.42984E-01 -2.44270E-01 -2.38414E-01 -2.34764E-01 -2.41053E-01 -2.58655E-01 -2.81508E-01 -2.99561E-01 -3.04769E-01 -2.95966E-01 -2.79483E-01 -2.64924E-01 -2.58544E-01 -2.58349E-01 -2.54228E-01 -2.33497E-01 -1.88877E-01 -1.24145E-01 -5.37671E-02  3.85406E-03  3.60402E-02  4.29243E-02  3.76164E-02  3.88811E-02  6.01397E-02  1.01050E-01  1.46853E-01  1.76542E-01  1.75838E-01  1.47880E-01  1.15220E-01  1.11043E-01  1.63304E-01  2.79542E-01  4.40288E-01  6.04977E-01  7.28113E-01  7.78313E-01  7.51407E-01  6.71659E-01  5.80947E-01  5.21311E-01  5.18938E-01  5.76310E-01  6.74740E-01  7.84544E-01  8.77085E-01  9.33146E-01  9.45074E-01  9.13797E-01  8.44189E-01  7.42108E-01  6.14386E-01  4.70492E-01  3.23389E-01  1.87748E-01  7.57906E-02 -7.02594E-03 -6.37505E-02 -1.03710E-01 -1.37291E-01 -1.70588E-01 -2.02979E-01 -2.28958E-01
 -1.53211E-01 -1.72541E-01 -1.83415E-01 -1.87860E-01 -1.91097E-01 -1.98638E-01 -2.12780E-01 -2.30848E-01 -2.46480E-01 -2.53359E-01 -2.49087E-01 -2.36710E-01 -2.22696E-01 -2.12445E-01 -2.06071E-01 -1.97325E-01 -1.76748E-01 -1.37578E-01 -8.09952E-02 -1.73369E-02  3.80078E-02  7.22074E-02  8.19998E-02  7.59573E-02  7.02521E-02  7.98078E-02  1.09563E-01  1.50911E-01  1.85854E-01  1.97213E-01  1.79684E-01  1.45598E-01  1.21627E-01  1.37264E-01  2.10325E-01  3.36622E-01  4.89204E-01  6.28071E-01  7.16158E-01  7.34382E-01  6.89015E-01  6.08363E-01  5.30742E-01  4.89466E-01  5.01414E-01  5.63398E-01  6.56560E-01  7.55463E-01  8.37147E-01  8.86494E-01  8.96934E-01  8.68077E-01  8.02916E-01  7.06525E-01  5.86430E-01  4.53273E-01  3.20139E-01  1.99926E-01  1.01732E-01  2.82069E-02 -2.44827E-02 -6.38482E-02 -9.69190E-02 -1.27017E-01 -1.53211E-01
 -8.05335E-02 -1.01084E-01 -1.18290E-01 -1.31730E-01 -1.42471E-01 -1.52733E-01 -1.64383E-01 -1.77414E-01 -1.89578E-01 -1.97561E-01 -1.98981E-01 -1.93843E-01 -1.84352E-01 -1.73042E-01 -1.60406E-01 -1.43704E-01 -1.18107E-01 -7.98637E-02 -2.97551E-02  2.54074E-02  7.46515E-02  1.07599E-01  1.19789E-01  1.15556E-01  1.06475E-01  1.05702E-01  1.20938E-01  1.49847E-01  1.80761E-01  1.98859E-01  1.94961E-01  1.72361E-01  1.47738E-01  1.44968E-01  1.84299E-01  2.71897E-01  3.94949E-01  5.25038E-01  6.28647E-01  6.80261E-01  6.72316E-01  6.17756E-01  5.44393E-01  4.83900E-01  4.60387E-01  4.83146E-01  5.45830E-01  6.31209E-01  7.18468E-01  7.89585E-01  8.32613E-01  8.41762E-01  8.15750E-01  7.56281E-01  6.67633E-01  5.57083E-01  4.35026E-01  3.13752E-01  2.04831E-01  1.16111E-01  4.98384E-02  2.91552E-03 -3.07998E-02 -5.73847E-02 -8.05335E-02
 -1.68012E-02 -3.51320E-02 -5.32931E-02 -7.05423E-02 -8.56518E-02 -9.82425E-02 -1.09092E-01 -1.19437E-01 -1.29904E-01 -1.39864E-01 -1.47608E-01 -1.51114E-01 -1.48808E-01 -1.39785E-01 -1.23435E-01 -9.89832E-02 -6.55963E-02 -2.33212E-02  2.55647E-02  7.57821E-02  1.19789E-01  1.50212E-01  1.63077E-01  1.60161E-01  1.48938E-01  1.39655E-01  1.40632E-01  1.54095E-01  1.74855E-01  1.92932E-01  1.99172E-01  1.91164E-01  1.76291E-01  1.69913E-01  1.89011E-01  2.44002E-01  3.32575E-01  4.38698E-01  5.37663E-01  6.05196E-01  6.26767E-01  6.03105E-01  5.49655E-01  4.90457E-01  4.49268E-01  4.41708E-01  4.71333E-01  5.30508E-01  6.04787E-01  6.78292E-01  7.37752E-01  7.74137E-01  7.82286E-01  7.59892E-01  7.07030E-01  6.26621E-01  5.25181E-01  4.12778E-01  3.01504E-01  2.02666E-01  1.23811E-01  6.69469E-02  2.88203E-02  3.07410E-03 -1.68012E-02
  3.69138E-02  2.23439E-02  8.52981E-03 -5.72283E-03 -1.97439E-02 -3.25365E-02 -4.39715E-02 -5.50054E-02 -6.69376E-02 -8.02778E-02 -9.39475E-02 -1.05263E-01 -1.10664E-01 -1.06764E-01 -9.12499E-02 -6.33753E-02 -2.41047E-02  2.38779E-02  7.62041E-02  1.27066E-01  1.69979E-01  1.99233E-01  2.11731E-01  2.08479E-01  1.94822E-01  1.78898E-01  1.68670E-01  1.68696E-01  1.78233E-01  1.91811E-01  2.02288E-01  2.05099E-01  2.01596E-01  1.99606E-01  2.10564E-01  2.44262E-01  3.03564E-01  3.81656E-01  4.63377E-01  5.30316E-01  5.67604E-01  5.69520E-01  5.41557E-01  4.98179E-01  4.57423E-01  4.34721E-01  4.38428E-01  4.68491E-01  5.18126E-01  5.77130E-01  6.35042E-01  6.82969E-01  7.13928E-01  7.22469E-01  7.04601E-01  6.58558E-01  5.86093E-01  4.93384E-01  3.90602E-01  2.89826E-01  2.01932E-01  1.33692E-01  8.63402E-02  5.61903E-02  3.69138E-02
  8.44973E-02  7.26296E-02  6.57637E-02  5.94445E-02  5.14021E-02  4.11425E-02  2.89899E-02  1.52448E-02 -8.52886E-05 -1.69297E-02 -3.44832E-02 -5.06818E-02 -6.21858E-02 -6.49681E-02 -5.53396E-02 -3.10888E-02  7.60637E-03  5.77532E-02  1.13755E-01  1.68297E-01  2.13802E-01  2.44210E-01  2.56618E-01  2.52233E-01  2.36186E-01  2.16041E-01  1.99390E-01  1.91354E-01  1.93006E-01  2.01462E-01  2.11709E-01  2.19452E-01  2.23679E-01  2.27701E-01  2.38012E-01  2.61353E-01  3.01219E-01  3.55447E-01  4.16057E-01  4.71607E-01  5.11115E-01  5.27957E-01  5.22130E-01  5.00040E-01  4.72045E-01  4.48930E-01  4.38773E-01  4.45282E-01  4.67880E-01  5.02955E-01  5.45354E-01  5.89335E-01  6.28808E-01  6.57269E-01  6.68079E-01  6.55528E-01  6.16522E-01  5.52195E-01  4.68550E-01  3.75559E-01  2.84812E-01  2.06516E-01  1.46953E-01  1.07353E-01  8.44973E-02
  1.32225E-01  1.19550E-01  1.17677E-01  1.19279E-01  1.18578E-01  1.12611E-01  1.01213E-01  8.59805E-02  6.88843E-02  5.12894E-02  3.38200E-02  1.70374E-02  2.43122E-03 -6.96977E-03 -6.89730E-03  6.86560E-03  3.66469E-02  8.12936E-02  1.35613E-01  1.91266E-01  2.38934E-01  2.71036E-01  2.84005E-01  2.79255E-01  2.62476E-01  2.41544E-01  2.23853E-01  2.14080E-01  2.13194E-01  2.18975E-01  2.27717E-01  2.36317E-01  2.43850E-01  2.52009E-01  2.64256E-01  2.84125E-01  3.13412E-01  3.51027E-01  3.92965E-01  4.33397E-01  4.66426E-01  4.87824E-01  4.96142E-01  4.92872E-01  4.81744E-01  4.67557E-01  4.55031E-01  4.48029E-01  4.49247E-01  4.60177E-01  4.81077E-01  5.10726E-01  5.46034E-01  5.81780E-01  6.10871E-01  6.25395E-01  6.18398E-01  5.85933E-01  5.28663E-01  4.52342E-01  3.66807E-01  2.83651E-01  2.13282E-01  1.62321E-01  1.32225E-01
  1.84771E-01  1.66355E-01  1.62891E-01  1.66392E-01  1.69360E-01  1.67219E-01  1.59140E-01  1.47116E-01  1.33973E-01  1.21459E-01  1.09450E-01  9.66570E-02  8.23386E-02  6.79737E-02  5.77756E-02  5.75434E-02  7.22247E-02  1.03301E-01  1.47311E-01  1.96351E-01  2.40501E-01  2.71195E-01  2.84120E-01  2.80433E-01  2.65857E-01  2.48154E-01  2.34171E-01  2.27684E-01  2.28860E-01  2.35274E-01  2.43810E-01  2.52420E-01  2.60977E-01  2.70996E-01  2.84544E-01  3.03030E-01  3.26447E-01  3.53360E-01  3.81480E-01  4.08437E-01  4.32338E-01  4.51932E-01  4.66457E-01  4.75407E-01  4.78474E-01  4.75764E-01  4.68168E-01  4.57690E-01  4.47474E-01  4.41406E-01  4.43313E-01  4.55899E-01  4.79681E-01  5.12226E-01  5.47994E-01  5.78995E-01  5.96319E-01  5.92299E-01  5.62779E-01  5.08763E-01  4.36753E-01  3.57433E-01  2.82942E-01  2.23529E-01  1.84771E-01
  2.41950E-01  2.13076E-01  1.98827E-01  1.93895E-01  1.92661E-01  1.91379E-01  1.89020E-01  1.86554E-01  1.85224E-01  1.84930E-01  1.83680E-01  1.78508E-01  1.67375E-01  1.50990E-01  1.33440E-01  1.21081E-01  1.20052E-01  1.33514E-01  1.59943E-01  1.93344E-01  2.25383E-01  2.48506E-01  2.58670E-01  2.56532E-01  2.46670E-01  2.35345E-01  2.27895E-01  2.26964E-01  2.32174E-01  2.41188E-01  2.51391E-01  2.61293E-01  2.71016E-01  2.81791E-01  2.94921E-01  3.10882E-01  3.29029E-01  3.48011E-01  3.66529E-01  3.83958E-01  4.00451E-01  4.16488E-01  4.32159E-01  4.46632E-01  4.58135E-01  4.64538E-01  4.64286E-01  4.57316E-01  4.45554E-01  4.32786E-01  4.23889E-01  4.23597E-01  4.35100E-01  4.58813E-01  4.91671E-01  5.27257E-01  5.56912E-01  5.71713E-01  5.64902E-01  5.34019E-01  4.81990E-01  4.16609E-01  3.48455E-01  2.87848E-01  2.41950E-01
  2.98041E-01  2.55953E-01  2.22587E-01  1.98538E-01  1.83980E-01  1.78957E-01  1.83107E-01  1.95025E-01  2.11761E-01  2.28911E-01  2.41527E-01  2.45593E-01  2.39496E-01  2.24800E-01  2.05892E-01  1.88528E-01  1.77811E-01  1.76408E-01  1.83715E-01  1.96301E-01  2.09398E-01  2.18785E-01  2.22299E-01  2.20382E-01  2.15571E-01  2.11250E-01  2.10265E-01  2.13992E-01  2.22154E-01  2.33322E-01  2.45750E-01  2.58123E-01  2.69896E-01  2.81187E-01  2.92389E-01  3.03781E-01  3.15357E-01  3.26932E-01  3.38411E-01  3.50008E-01  3.62248E-01  3.75689E-01  3.90486E-01  4.05990E-01  4.20628E-01  4.32182E-01  4.38457E-01  4.38143E-01  4.31581E-01  4.21104E-01  4.10750E-01  4.05305E-01  4.08908E-01  4.23594E-01  4.48297E-01  4.78695E-01  5.08067E-01  5.28955E-01  5.35158E-01  5.23386E-01  4.94047E-01  4.50913E-01  3.99854E-01  3.47152E-01  2.98041E-01
  3.44179E-01  2.89355E-01  2.32992E-01  1.83343E-01  1.48899E-01  1.35578E-01  1.44444E-01  1.71040E-01  2.06700E-01  2.41389E-01  2.66898E-01  2.79120E-01  2.78590E-01  2.69275E-01  2.56343E-01  2.44001E-01  2.34282E-01  2.27073E-01  2.21086E-01  2.15059E-01  2.08539E-01  2.01976E-01  1.96277E-01  1.92240E-01  1.90262E-01  1.90431E-01  1.92833E-01  1.97758E-01  2.05588E-01  2.16419E-01  2.29662E-01  2.43944E-01  2.57465E-01  2.68651E-01  2.76796E-01  2.82329E-01  2.86569E-01  2.91118E-01  2.97224E-01  3.05444E-01  3.15712E-01  3.27674E-01  3.40970E-01  3.55234E-01  3.69823E-01  3.83521E-01  3.94568E-01  4.01186E-01  4.02461E-01  3.99141E-01  3.93828E-01  3.90316E-01  3.92232E-01  4.01571E-01  4.17802E-01  4.37996E-01  4.57909E-01  4.73454E-01  4.81845E-01  4.81864E-01  4.73268E-01  4.55851E-01  4.28908E-01  3.91603E-01  3.44179E-01
  3.72666E-01  3.09157E-01  2.32547E-01  1.58207E-01  1.02861E-01  7.84699E-02  8.77747E-02  1.23538E-01  1.71783E-01  2.17495E-01  2.50150E-01  2.66675E-01  2.70787E-01  2.69487E-01  2.68758E-01  2.70656E-01  2.73052E-01  2.71758E-01  2.63544E-01  2.48289E-01  2.29146E-01  2.10854E-01  1.97333E-01  1.89995E-01  1.87641E-01  1.87826E-01  1.88701E-01  1.90170E-01  1.93696E-01  2.00972E-01  2.12380E-01  2.26249E-01  2.39411E-01  2.48734E-01  2.52725E-01  2.52268E-01  2.50093E-01  2.49334E-01  2.52043E-01  2.58491E-01  2.67564E-01  2.77849E-01  2.88649E-01  3.00229E-01  3.13198E-01  3.27527E-01  3.41958E-01  3.54351E-01  3.62826E-01  3.67019E-01  3.68576E-01  3.70461E-01  3.75362E-01  3.84137E-01  3.95286E-01  4.05870E-01  4.13387E-01  4.17429E-01  4.19962E-01  4.23781E-01  4.29888E-01  4.35315E-01  4.32976E-01  4.14132E-01  3.72666E-01
  3.80934E-01  3.15604E-01  2.27943E-01  1.37610E-01  6.67396E-02  3.14146E-02  3.56432E-02  7.05829E-02  1.19227E-01  1.64154E-01  1.94576E-01  2.09485E-01  2.15796E-01  2.22969E-01  2.37180E-01  2.58077E-01  2.79504E-01  2.93384E-01  2.94338E-01  2.82450E-01  2.62877E-01  2.42815E-01  2.27764E-01  2.19238E-01  2.15008E-01  2.11447E-01  2.06321E-01  2.00302E-01  1.96349E-01  1.97508E-01  2.04608E-01  2.15342E-01  2.25329E-01  2.30480E-01  2.29249E-01  2.23408E-01  2.16940E-01  2.13774E-01  2.15743E-01  2.21966E-01  2.29899E-01  2.37288E-01  2.43709E-01  2.50712E-01  2.60529E-01  2.74254E-01  2.90765E-01  3.07159E-01  3.20477E-01  3.29583E-01  3.35907E-01  3.42445E-01  3.51574E-01  3.63096E-01  3.73921E-01  3.79872E-01  3.78656E-01  3.72152E-01  3.66274E-01  3.67967E-01  3.80643E-01  4.00559E-01  4.16540E-01  4.13866E-01  3.80934E-01
