 0.10000E+01	 0.00000E+00	 0.00000E+00	 0.32005E+00	 0.10328E+01	 0.10328E+01	 0.41817E-03	 0.41817E-03	 0.16109E-03	 0.16109E-03	 0.45723E+01	 0.10005E+04	 0.21891E+06	 0.82187E-13	 0.12780E+00	 0.26490E+00	 0.44000E-02	 0.23227E+01	 0.25818E+00
 0.10000E+00	 0.00000E+00	 0.00000E+00	 0.32005E+00	 0.15109E+00	 0.15109E+00	 0.38374E-01	 0.38374E-01	 0.54904E-01	 0.54904E-01	 0.45723E+01	 0.10005E+04	 0.21891E+06	 0.81300E-13	 0.12780E+00	 0.26490E+00	 0.44000E-02	 0.23227E+01	 0.25818E+00
 0.10000E+02	 0.00000E+00	 0.00000E+00	 0.32005E+00	 0.10268E+02	 0.10268E+02	 0.40832E-05	 0.40832E-05	 0.20294E-06	 0.20294E-06	 0.45723E+01	 0.10005E+04	 0.21891E+06	 0.80150E-11	 0.12780E+00	 0.26490E+00	 0.44000E-02	 0.23227E+01	 0.25818E+00
 0.10000E-01	 0.00000E+00	 0.00000E+00	 0.32005E+00	 0.91521E-01	 0.91521E-01	 0.61040E+00	 0.61040E+00	 0.68702E+01	 0.68702E+01	 0.45723E+01	 0.10005E+04	 0.21891E+06	 0.74698E-12	 0.12780E+00	 0.26490E+00	 0.44000E-02	 0.23227E+01	 0.25818E+00
 0.10000E+03	 0.00000E+00	 0.00000E+00	 0.32005E+00	 0.10268E+03	 0.10268E+03	 0.40814E-07	 0.40814E-07	 0.20376E-09	 0.20376E-09	 0.45723E+01	 0.10005E+04	 0.21891E+06	 0.13270E-08	 0.12780E+00	 0.26490E+00	 0.44000E-02	 0.23227E+01	 0.25818E+00
 0.10000E-02	 0.00000E+00	 0.00000E+00	 0.32005E+00	 0.45384E-01	 0.45382E-01	 0.18290E+01	 0.18290E+01	 0.19204E+03	 0.19204E+03	 0.45723E+01	 0.10005E+04	 0.21891E+06	 0.60626E-10	 0.12780E+00	 0.26490E+00	 0.44000E-02	 0.23227E+01	 0.25818E+00
 0.10000E-03	 0.00000E+00	 0.00000E+00	 0.32005E+00	 0.82744E-01	 0.77612E-01	 0.20227E+01	 0.20397E+01	 0.24260E+04	 0.24060E+04	 0.45723E+01	 0.10005E+04	 0.21891E+06	 0.38281E-08	 0.12780E+00	 0.26490E+00	 0.44000E-02	 0.23227E+01	 0.25818E+00
 0.10000E-04	 0.00000E+00	 0.00000E+00	 0.32005E+00	 0.66952E+00	 0.32814E+00	 0.16765E+01	 0.18933E+01	 0.26509E+05	 0.25368E+05	 0.45723E+01	 0.10005E+04	 0.21891E+06	 0.37272E-06	 0.12780E+00	 0.26490E+00	 0.44000E-02	 0.23227E+01	 0.25818E+00
 0.10000E-05	 0.00000E+00	 0.00000E+00	 0.32005E+00	 0.66622E+01	 0.29835E+00	 0.87555E+00	 0.16697E+01	 0.29017E+06	 0.25464E+06	 0.45723E+01	 0.10005E+04	 0.21891E+06	 0.33862E-04	 0.12780E+00	 0.26490E+00	 0.44000E-02	 0.23227E+01	 0.25818E+00
 0.30000E+01	 0.00000E+00	 0.00000E+00	 0.32005E+00	 0.30824E+01	 0.30824E+01	 0.45555E-04	 0.45555E-04	 0.72413E-05	 0.72413E-05	 0.45723E+01	 0.10005E+04	 0.21891E+06	 0.22152E-11	 0.12780E+00	 0.26490E+00	 0.44000E-02	 0.23227E+01	 0.25818E+00
 0.30000E+00	 0.00000E+00	 0.00000E+00	 0.32005E+00	 0.32712E+00	 0.32712E+00	 0.47730E-02	 0.47730E-02	 0.35669E-02	 0.35669E-02	 0.45723E+01	 0.10005E+04	 0.21891E+06	 0.30319E-13	 0.12780E+00	 0.26490E+00	 0.44000E-02	 0.23227E+01	 0.25818E+00
 0.30000E+02	 0.00000E+00	 0.00000E+00	 0.32005E+00	 0.30804E+02	 0.30804E+02	 0.45351E-06	 0.45351E-06	 0.75435E-08	 0.75435E-08	 0.45723E+01	 0.10005E+04	 0.21891E+06	 0.16866E-09	 0.12780E+00	 0.26490E+00	 0.44000E-02	 0.23227E+01	 0.25818E+00
 0.30000E-01	 0.00000E+00	 0.00000E+00	 0.32005E+00	 0.11087E+00	 0.11087E+00	 0.21194E+00	 0.21194E+00	 0.83734E+00	 0.83734E+00	 0.45723E+01	 0.10005E+04	 0.21891E+06	 0.23231E-12	 0.12780E+00	 0.26490E+00	 0.44000E-02	 0.23227E+01	 0.25818E+00
 0.30000E+03	 0.00000E+00	 0.00000E+00	 0.32005E+00	 0.30804E+03	 0.30804E+03	 0.45349E-08	 0.45349E-08	 0.75469E-11	 0.75469E-11	 0.45723E+01	 0.10005E+04	 0.21891E+06	 0.11767E-07	 0.12780E+00	 0.26490E+00	 0.44000E-02	 0.23227E+01	 0.25818E+00
 0.30000E-02	 0.00000E+00	 0.00000E+00	 0.32005E+00	 0.66580E-01	 0.66580E-01	 0.13331E+01	 0.13331E+01	 0.47142E+02	 0.47142E+02	 0.45723E+01	 0.10005E+04	 0.21891E+06	 0.88247E-11	 0.12780E+00	 0.26490E+00	 0.44000E-02	 0.23227E+01	 0.25818E+00
 0.30000E-03	 0.00000E+00	 0.00000E+00	 0.32005E+00	 0.46040E-01	 0.45808E-01	 0.20049E+01	 0.20060E+01	 0.74781E+03	 0.74685E+03	 0.45723E+01	 0.10005E+04	 0.21891E+06	 0.29087E-09	 0.12780E+00	 0.26490E+00	 0.44000E-02	 0.23227E+01	 0.25818E+00
 0.30000E-04	 0.00000E+00	 0.00000E+00	 0.32005E+00	 0.23022E+00	 0.17076E+00	 0.18910E+01	 0.19722E+01	 0.85217E+04	 0.83399E+04	 0.45723E+01	 0.10005E+04	 0.21891E+06	 0.51757E-07	 0.12780E+00	 0.26490E+00	 0.44000E-02	 0.23227E+01	 0.25818E+00
 0.30000E-05	 0.00000E+00	 0.00000E+00	 0.32005E+00	 0.22217E+01	 0.44557E+00	 0.13182E+01	 0.18350E+01	 0.92336E+05	 0.84837E+05	 0.45723E+01	 0.10005E+04	 0.21891E+06	 0.37508E-05	 0.12780E+00	 0.26490E+00	 0.44000E-02	 0.23227E+01	 0.25818E+00
 0.10000E+01	 0.10000E+00	 0.37750E+00	 0.32005E+00	 0.11206E-01	 0.11206E-01	 0.12155E-02	 0.12155E-02	 0.40273E-03	 0.40273E-03	 0.45723E+01	 0.10005E+04	 0.21891E+06	 0.12069E-11	 0.12780E+00	 0.26490E+00	 0.44000E-02	 0.23227E+01	 0.25818E+00
 0.10000E+00	 0.10000E+00	 0.37750E+00	 0.32005E+00	 0.31514E-01	 0.31514E-01	 0.14714E-01	 0.14714E-01	 0.46414E-01	 0.46414E-01	 0.45723E+01	 0.10005E+04	 0.21891E+06	 0.80342E-11	 0.12780E+00	 0.26490E+00	 0.44000E-02	 0.23227E+01	 0.25818E+00
 0.10000E+02	 0.10000E+00	 0.37750E+00	 0.32005E+00	 0.20486E-02	 0.20486E-02	 0.13535E-04	 0.13535E-04	 0.49019E-06	 0.49019E-06	 0.45723E+01	 0.10005E+04	 0.21891E+06	 0.52097E-11	 0.12780E+00	 0.26490E+00	 0.44000E-02	 0.23227E+01	 0.25818E+00
 0.10000E-01	 0.10000E+00	 0.37750E+00	 0.32005E+00	 0.18670E-01	 0.18670E-01	 0.94836E-02	 0.94836E-02	 0.22392E+01	 0.22392E+01	 0.45723E+01	 0.10005E+04	 0.21891E+06	 0.10121E-10	 0.12780E+00	 0.26490E+00	 0.44000E-02	 0.23227E+01	 0.25818E+00
 0.10000E+03	 0.10000E+00	 0.37750E+00	 0.32005E+00	 0.32812E-03	 0.32812E-03	 0.13583E-06	 0.13583E-06	 0.49258E-09	 0.49258E-09	 0.45723E+01	 0.10005E+04	 0.21891E+06	 0.14038E-09	 0.12780E+00	 0.26490E+00	 0.44000E-02	 0.23227E+01	 0.25818E+00
 0.10000E-02	 0.10000E+00	 0.37750E+00	 0.32005E+00	 0.41389E-02	 0.41389E-02	-0.83838E-01	-0.83838E-01	 0.12170E+03	 0.12169E+03	 0.45723E+01	 0.10005E+04	 0.21891E+06	 0.47831E-09	 0.12780E+00	 0.26490E+00	 0.44000E-02	 0.23227E+01	 0.25818E+00
 0.10000E-03	 0.10000E+00	 0.37750E+00	 0.32005E+00	 0.79844E-03	 0.79696E-03	-0.31606E+00	-0.31356E+00	 0.28385E+04	 0.28145E+04	 0.45723E+01	 0.10005E+04	 0.21891E+06	 0.12344E-07	 0.12780E+00	 0.26490E+00	 0.44000E-02	 0.23227E+01	 0.25818E+00
 0.10000E-04	 0.10000E+00	 0.37750E+00	 0.32005E+00	 0.13381E-03	 0.10962E-03	-0.42441E+00	-0.38569E+00	 0.39444E+05	 0.35857E+05	 0.45723E+01	 0.10005E+04	 0.21891E+06	 0.72840E-06	 0.12780E+00	 0.26490E+00	 0.44000E-02	 0.23227E+01	 0.25818E+00
 0.10000E-05	 0.10000E+00	 0.37750E+00	 0.32005E+00	 0.20630E-03	 0.12615E-04	-0.58771E+00	-0.43246E+00	 0.47681E+06	 0.36870E+06	 0.45723E+01	 0.10005E+04	 0.21891E+06	 0.93072E-04	 0.12780E+00	 0.26490E+00	 0.44000E-02	 0.23227E+01	 0.25818E+00
 0.30000E+01	 0.10000E+00	 0.37750E+00	 0.32005E+00	 0.47569E-02	 0.47569E-02	 0.14789E-03	 0.14789E-03	 0.17609E-04	 0.17609E-04	 0.45723E+01	 0.10005E+04	 0.21891E+06	 0.16208E-11	 0.12780E+00	 0.26490E+00	 0.44000E-02	 0.23227E+01	 0.25818E+00
 0.30000E+00	 0.10000E+00	 0.37750E+00	 0.32005E+00	 0.23670E-01	 0.23670E-01	 0.71223E-02	 0.71223E-02	 0.71153E-02	 0.71153E-02	 0.45723E+01	 0.10005E+04	 0.21891E+06	 0.83062E-12	 0.12780E+00	 0.26490E+00	 0.44000E-02	 0.23227E+01	 0.25818E+00
 0.30000E+02	 0.10000E+00	 0.37750E+00	 0.32005E+00	 0.92282E-03	 0.92282E-03	 0.15119E-05	 0.15119E-05	 0.18229E-07	 0.18229E-07	 0.45723E+01	 0.10005E+04	 0.21891E+06	 0.29375E-10	 0.12780E+00	 0.26490E+00	 0.44000E-02	 0.23227E+01	 0.25818E+00
 0.30000E-01	 0.10000E+00	 0.37750E+00	 0.32005E+00	 0.28804E-01	 0.28804E-01	 0.17539E-01	 0.17539E-01	 0.32624E+00	 0.32624E+00	 0.45723E+01	 0.10005E+04	 0.21891E+06	 0.47323E-10	 0.12780E+00	 0.26490E+00	 0.44000E-02	 0.23227E+01	 0.25818E+00
 0.30000E+03	 0.10000E+00	 0.37750E+00	 0.32005E+00	 0.11742E-03	 0.11742E-03	 0.15086E-07	 0.15086E-07	 0.18246E-10	 0.18246E-10	 0.45723E+01	 0.10005E+04	 0.21891E+06	 0.23378E-08	 0.12780E+00	 0.26490E+00	 0.44000E-02	 0.23227E+01	 0.25818E+00
 0.30000E-02	 0.10000E+00	 0.37750E+00	 0.32005E+00	 0.88474E-02	 0.88474E-02	-0.17415E-01	-0.17415E-01	 0.19197E+02	 0.19197E+02	 0.45723E+01	 0.10005E+04	 0.21891E+06	 0.10571E-09	 0.12780E+00	 0.26490E+00	 0.44000E-02	 0.23227E+01	 0.25818E+00
 0.30000E-03	 0.10000E+00	 0.37750E+00	 0.32005E+00	 0.18349E-02	 0.18348E-02	-0.21935E+00	-0.21924E+00	 0.70606E+03	 0.70557E+03	 0.45723E+01	 0.10005E+04	 0.21891E+06	 0.23510E-08	 0.12780E+00	 0.26490E+00	 0.44000E-02	 0.23227E+01	 0.25818E+00
 0.30000E-04	 0.10000E+00	 0.37750E+00	 0.32005E+00	 0.29941E-03	 0.29128E-03	-0.37559E+00	-0.35872E+00	 0.11572E+05	 0.11111E+05	 0.45723E+01	 0.10005E+04	 0.21891E+06	 0.13551E-06	 0.12780E+00	 0.26490E+00	 0.44000E-02	 0.23227E+01	 0.25818E+00
 0.30000E-05	 0.10000E+00	 0.37750E+00	 0.32005E+00	 0.10544E-03	 0.35909E-04	-0.49985E+00	-0.41470E+00	 0.14732E+06	 0.12242E+06	 0.45723E+01	 0.10005E+04	 0.21891E+06	 0.99947E-05	 0.12780E+00	 0.26490E+00	 0.44000E-02	 0.23227E+01	 0.25818E+00
 0.10000E+01	 0.10000E-01	 0.37750E-01	 0.32005E+00	 0.49646E+00	 0.49646E+00	 0.94454E-03	 0.94454E-03	 0.16334E-03	 0.16334E-03	 0.45723E+01	 0.10005E+04	 0.21891E+06	 0.56390E-13	 0.12780E+00	 0.26490E+00	 0.44000E-02	 0.23227E+01	 0.25818E+00
 0.10000E+00	 0.10000E-01	 0.37750E-01	 0.32005E+00	 0.15591E+00	 0.15591E+00	 0.39827E-01	 0.39827E-01	 0.55152E-01	 0.55152E-01	 0.45723E+01	 0.10005E+04	 0.21891E+06	 0.52593E-13	 0.12780E+00	 0.26490E+00	 0.44000E-02	 0.23227E+01	 0.25818E+00
 0.10000E+02	 0.10000E-01	 0.37750E-01	 0.32005E+00	 0.10625E+00	 0.10625E+00	 0.13654E-04	 0.13654E-04	 0.20577E-06	 0.20577E-06	 0.45723E+01	 0.10005E+04	 0.21891E+06	 0.27189E-12	 0.12780E+00	 0.26490E+00	 0.44000E-02	 0.23227E+01	 0.25818E+00
 0.10000E-01	 0.10000E-01	 0.37750E-01	 0.32005E+00	 0.91755E-01	 0.91755E-01	 0.59939E+00	 0.59939E+00	 0.66906E+01	 0.66906E+01	 0.45723E+01	 0.10005E+04	 0.21891E+06	 0.78820E-12	 0.12780E+00	 0.26490E+00	 0.44000E-02	 0.23227E+01	 0.25818E+00
 0.10000E+03	 0.10000E-01	 0.37750E-01	 0.32005E+00	 0.19441E-01	 0.19441E-01	 0.13571E-06	 0.13571E-06	 0.20664E-09	 0.20664E-09	 0.45723E+01	 0.10005E+04	 0.21891E+06	 0.71546E-11	 0.12780E+00	 0.26490E+00	 0.44000E-02	 0.23227E+01	 0.25818E+00
 0.10000E-02	 0.10000E-01	 0.37750E-01	 0.32005E+00	 0.32638E-01	 0.32637E-01	 0.16146E+01	 0.16146E+01	 0.17853E+03	 0.17853E+03	 0.45723E+01	 0.10005E+04	 0.21891E+06	 0.93172E-10	 0.12780E+00	 0.26490E+00	 0.44000E-02	 0.23227E+01	 0.25818E+00
 0.10000E-03	 0.10000E-01	 0.37750E-01	 0.32005E+00	 0.64932E-02	 0.63434E-02	 0.18359E+01	 0.18483E+01	 0.23867E+04	 0.23633E+04	 0.45723E+01	 0.10005E+04	 0.21891E+06	 0.66631E-08	 0.12780E+00	 0.26490E+00	 0.44000E-02	 0.23227E+01	 0.25818E+00
 0.10000E-04	 0.10000E-01	 0.37750E-01	 0.32005E+00	 0.10685E-02	 0.87215E-03	 0.16709E+01	 0.18027E+01	 0.27956E+05	 0.25889E+05	 0.45723E+01	 0.10005E+04	 0.21891E+06	 0.11668E-05	 0.12780E+00	 0.26490E+00	 0.44000E-02	 0.23227E+01	 0.25818E+00
 0.10000E-05	 0.10000E-01	 0.37750E-01	 0.32005E+00	 0.23600E-03	 0.97451E-04	 0.15407E+01	 0.16883E+01	 0.31767E+06	 0.26258E+06	 0.45723E+01	 0.10005E+04	 0.21891E+06	 0.27453E-03	 0.12780E+00	 0.26490E+00	 0.44000E-02	 0.23227E+01	 0.25818E+00
 0.30000E+01	 0.10000E-01	 0.37750E-01	 0.32005E+00	 0.29274E+00	 0.29274E+00	 0.14479E-03	 0.14479E-03	 0.73415E-05	 0.73415E-05	 0.45723E+01	 0.10005E+04	 0.21891E+06	 0.13507E-12	 0.12780E+00	 0.26490E+00	 0.44000E-02	 0.23227E+01	 0.25818E+00
 0.30000E+00	 0.10000E-01	 0.37750E-01	 0.32005E+00	 0.31173E+00	 0.31173E+00	 0.59545E-02	 0.59545E-02	 0.36222E-02	 0.36222E-02	 0.45723E+01	 0.10005E+04	 0.21891E+06	 0.18038E-13	 0.12780E+00	 0.26490E+00	 0.44000E-02	 0.23227E+01	 0.25818E+00
 0.30000E+02	 0.10000E-01	 0.37750E-01	 0.32005E+00	 0.43856E-01	 0.43856E-01	 0.15055E-05	 0.15055E-05	 0.76495E-08	 0.76495E-08	 0.45723E+01	 0.10005E+04	 0.21891E+06	 0.11540E-11	 0.12780E+00	 0.26490E+00	 0.44000E-02	 0.23227E+01	 0.25818E+00
 0.30000E-01	 0.10000E-01	 0.37750E-01	 0.32005E+00	 0.11296E+00	 0.11296E+00	 0.21078E+00	 0.21078E+00	 0.82263E+00	 0.82263E+00	 0.45723E+01	 0.10005E+04	 0.21891E+06	 0.16428E-12	 0.12780E+00	 0.26490E+00	 0.44000E-02	 0.23227E+01	 0.25818E+00
 0.30000E+03	 0.10000E-01	 0.37750E-01	 0.32005E+00	 0.89511E-02	 0.89511E-02	 0.15124E-07	 0.15124E-07	 0.76538E-11	 0.76538E-11	 0.45723E+01	 0.10005E+04	 0.21891E+06	 0.18383E-10	 0.12780E+00	 0.26490E+00	 0.44000E-02	 0.23227E+01	 0.25818E+00
 0.30000E-02	 0.10000E-01	 0.37750E-01	 0.32005E+00	 0.60829E-01	 0.60829E-01	 0.12312E+01	 0.12312E+01	 0.44458E+02	 0.44458E+02	 0.45723E+01	 0.10005E+04	 0.21891E+06	 0.17721E-10	 0.12780E+00	 0.26490E+00	 0.44000E-02	 0.23227E+01	 0.25818E+00
 0.30000E-03	 0.10000E-01	 0.37750E-01	 0.32005E+00	 0.14532E-01	 0.14499E-01	 0.17970E+01	 0.17976E+01	 0.71350E+03	 0.71281E+03	 0.45723E+01	 0.10005E+04	 0.21891E+06	 0.70633E-09	 0.12780E+00	 0.26490E+00	 0.44000E-02	 0.23227E+01	 0.25818E+00
 0.30000E-04	 0.10000E-01	 0.37750E-01	 0.32005E+00	 0.26195E-02	 0.23724E-02	 0.17642E+01	 0.18410E+01	 0.87228E+04	 0.83972E+04	 0.45723E+01	 0.10005E+04	 0.21891E+06	 0.75965E-07	 0.12780E+00	 0.26490E+00	 0.44000E-02	 0.23227E+01	 0.25818E+00
 0.30000E-05	 0.10000E-01	 0.37750E-01	 0.32005E+00	 0.39873E-03	 0.27744E-03	 0.16310E+01	 0.17410E+01	 0.98899E+05	 0.87164E+05	 0.45723E+01	 0.10005E+04	 0.21891E+06	 0.29284E-04	 0.12780E+00	 0.26490E+00	 0.44000E-02	 0.23227E+01	 0.25818E+00
 0.10000E+01	 0.10000E-02	 0.37750E-02	 0.32005E+00	 0.10193E+01	 0.10193E+01	 0.42913E-03	 0.42913E-03	 0.16111E-03	 0.16111E-03	 0.45723E+01	 0.10005E+04	 0.21891E+06	 0.14049E-12	 0.12780E+00	 0.26490E+00	 0.44000E-02	 0.23227E+01	 0.25818E+00
 0.10000E+00	 0.10000E-02	 0.37750E-02	 0.32005E+00	 0.15100E+00	 0.15100E+00	 0.38388E-01	 0.38388E-01	 0.54906E-01	 0.54906E-01	 0.45723E+01	 0.10005E+04	 0.21891E+06	 0.52073E-13	 0.12780E+00	 0.26490E+00	 0.44000E-02	 0.23227E+01	 0.25818E+00
 0.10000E+02	 0.10000E-02	 0.37750E-02	 0.32005E+00	 0.47972E+01	 0.47972E+01	 0.91472E-05	 0.91472E-05	 0.20296E-06	 0.20296E-06	 0.45723E+01	 0.10005E+04	 0.21891E+06	 0.39961E-11	 0.12780E+00	 0.26490E+00	 0.44000E-02	 0.23227E+01	 0.25818E+00
 0.10000E-01	 0.10000E-02	 0.37750E-02	 0.32005E+00	 0.91523E-01	 0.91523E-01	 0.61023E+00	 0.61023E+00	 0.68680E+01	 0.68680E+01	 0.45723E+01	 0.10005E+04	 0.21891E+06	 0.60740E-12	 0.12780E+00	 0.26490E+00	 0.44000E-02	 0.23227E+01	 0.25818E+00
 0.10000E+03	 0.10000E-02	 0.37750E-02	 0.32005E+00	 0.10604E+01	 0.10604E+01	 0.13648E-06	 0.13648E-06	 0.20379E-09	 0.20379E-09	 0.45723E+01	 0.10005E+04	 0.21891E+06	 0.51118E-10	 0.12780E+00	 0.26490E+00	 0.44000E-02	 0.23227E+01	 0.25818E+00
 0.10000E-02	 0.10000E-02	 0.37750E-02	 0.32005E+00	 0.44854E-01	 0.44852E-01	 0.18239E+01	 0.18239E+01	 0.19157E+03	 0.19157E+03	 0.45723E+01	 0.10005E+04	 0.21891E+06	 0.59788E-10	 0.12780E+00	 0.26490E+00	 0.44000E-02	 0.23227E+01	 0.25818E+00
 0.10000E-03	 0.10000E-02	 0.37750E-02	 0.32005E+00	 0.41926E-01	 0.39390E-01	 0.19463E+01	 0.19591E+01	 0.24114E+04	 0.23907E+04	 0.45723E+01	 0.10005E+04	 0.21891E+06	 0.36319E-08	 0.12780E+00	 0.26490E+00	 0.44000E-02	 0.23227E+01	 0.25818E+00
 0.10000E-04	 0.10000E-02	 0.37750E-02	 0.32005E+00	 0.21453E-01	 0.97151E-02	 0.16641E+01	 0.17695E+01	 0.26487E+05	 0.25259E+05	 0.45723E+01	 0.10005E+04	 0.21891E+06	 0.11905E-05	 0.12780E+00	 0.26490E+00	 0.44000E-02	 0.23227E+01	 0.25818E+00
 0.10000E-05	 0.10000E-02	 0.37750E-02	 0.32005E+00	 0.76470E-02	 0.10330E-02	 0.11858E+01	 0.17517E+01	 0.29009E+06	 0.25338E+06	 0.45723E+01	 0.10005E+04	 0.21891E+06	 0.98578E-03	 0.12780E+00	 0.26490E+00	 0.44000E-02	 0.23227E+01	 0.25818E+00
 0.30000E+01	 0.10000E-02	 0.37750E-02	 0.32005E+00	 0.27856E+01	 0.27856E+01	 0.55459E-04	 0.55459E-04	 0.72419E-05	 0.72419E-05	 0.45723E+01	 0.10005E+04	 0.21891E+06	 0.18928E-11	 0.12780E+00	 0.26490E+00	 0.44000E-02	 0.23227E+01	 0.25818E+00
 0.30000E+00	 0.10000E-02	 0.37750E-02	 0.32005E+00	 0.32633E+00	 0.32633E+00	 0.47855E-02	 0.47855E-02	 0.35674E-02	 0.35674E-02	 0.45723E+01	 0.10005E+04	 0.21891E+06	 0.18450E-13	 0.12780E+00	 0.26490E+00	 0.44000E-02	 0.23227E+01	 0.25818E+00
 0.30000E+02	 0.10000E-02	 0.37750E-02	 0.32005E+00	 0.29041E+01	 0.29041E+01	 0.14395E-05	 0.14395E-05	 0.75445E-08	 0.75445E-08	 0.45723E+01	 0.10005E+04	 0.21891E+06	 0.11732E-10	 0.12780E+00	 0.26490E+00	 0.44000E-02	 0.23227E+01	 0.25818E+00
 0.30000E-01	 0.10000E-02	 0.37750E-02	 0.32005E+00	 0.11091E+00	 0.11091E+00	 0.21192E+00	 0.21192E+00	 0.83719E+00	 0.83719E+00	 0.45723E+01	 0.10005E+04	 0.21891E+06	 0.17985E-12	 0.12780E+00	 0.26490E+00	 0.44000E-02	 0.23227E+01	 0.25818E+00
 0.30000E+03	 0.10000E-02	 0.37750E-02	 0.32005E+00	 0.43812E+00	 0.43812E+00	 0.15055E-07	 0.15055E-07	 0.75480E-11	 0.75480E-11	 0.45723E+01	 0.10005E+04	 0.21891E+06	 0.12277E-09	 0.12780E+00	 0.26490E+00	 0.44000E-02	 0.23227E+01	 0.25818E+00
 0.30000E-02	 0.10000E-02	 0.37750E-02	 0.32005E+00	 0.66454E-01	 0.66454E-01	 0.13312E+01	 0.13312E+01	 0.47096E+02	 0.47096E+02	 0.45723E+01	 0.10005E+04	 0.21891E+06	 0.68028E-11	 0.12780E+00	 0.26490E+00	 0.44000E-02	 0.23227E+01	 0.25818E+00
 0.30000E-03	 0.10000E-02	 0.37750E-02	 0.32005E+00	 0.40351E-01	 0.40167E-01	 0.19876E+01	 0.19884E+01	 0.74362E+03	 0.74267E+03	 0.45723E+01	 0.10005E+04	 0.21891E+06	 0.43433E-09	 0.12780E+00	 0.26490E+00	 0.44000E-02	 0.23227E+01	 0.25818E+00
 0.30000E-04	 0.10000E-02	 0.37750E-02	 0.32005E+00	 0.32154E-01	 0.23332E-01	 0.17748E+01	 0.18165E+01	 0.84995E+04	 0.83028E+04	 0.45723E+01	 0.10005E+04	 0.21891E+06	 0.45088E-07	 0.12780E+00	 0.26490E+00	 0.44000E-02	 0.23227E+01	 0.25818E+00
 0.30000E-05	 0.10000E-02	 0.37750E-02	 0.32005E+00	 0.13984E-01	 0.30761E-02	 0.14683E+01	 0.17560E+01	 0.92274E+05	 0.84435E+05	 0.45723E+01	 0.10005E+04	 0.21891E+06	 0.44729E-04	 0.12780E+00	 0.26490E+00	 0.44000E-02	 0.23227E+01	 0.25818E+00
 0.10000E+01	 0.10000E-03	 0.37750E-03	 0.32005E+00	 0.10312E+01	 0.10312E+01	 0.41829E-03	 0.41829E-03	 0.16109E-03	 0.16109E-03	 0.45723E+01	 0.10005E+04	 0.21891E+06	 0.11624E-12	 0.12780E+00	 0.26490E+00	 0.44000E-02	 0.23227E+01	 0.25818E+00
 0.10000E+00	 0.10000E-03	 0.37750E-03	 0.32005E+00	 0.15108E+00	 0.15108E+00	 0.38374E-01	 0.38374E-01	 0.54904E-01	 0.54904E-01	 0.45723E+01	 0.10005E+04	 0.21891E+06	 0.74447E-13	 0.12780E+00	 0.26490E+00	 0.44000E-02	 0.23227E+01	 0.25818E+00
 0.10000E+02	 0.10000E-03	 0.37750E-03	 0.32005E+00	 0.10128E+02	 0.10128E+02	 0.41919E-05	 0.41919E-05	 0.20294E-06	 0.20294E-06	 0.45723E+01	 0.10005E+04	 0.21891E+06	 0.88035E-11	 0.12780E+00	 0.26490E+00	 0.44000E-02	 0.23227E+01	 0.25818E+00
 0.10000E-01	 0.10000E-03	 0.37750E-03	 0.32005E+00	 0.91521E-01	 0.91521E-01	 0.61039E+00	 0.61039E+00	 0.68701E+01	 0.68701E+01	 0.45723E+01	 0.10005E+04	 0.21891E+06	 0.55771E-12	 0.12780E+00	 0.26490E+00	 0.44000E-02	 0.23227E+01	 0.25818E+00
 0.10000E+03	 0.10000E-03	 0.37750E-03	 0.32005E+00	 0.47956E+02	 0.47956E+02	 0.91435E-07	 0.91435E-07	 0.20376E-09	 0.20376E-09	 0.45723E+01	 0.10005E+04	 0.21891E+06	 0.27434E-09	 0.12780E+00	 0.26490E+00	 0.44000E-02	 0.23227E+01	 0.25818E+00
 0.10000E-02	 0.10000E-03	 0.37750E-03	 0.32005E+00	 0.45372E-01	 0.45370E-01	 0.18290E+01	 0.18290E+01	 0.19204E+03	 0.19203E+03	 0.45723E+01	 0.10005E+04	 0.21891E+06	 0.49785E-10	 0.12780E+00	 0.26490E+00	 0.44000E-02	 0.23227E+01	 0.25818E+00
 0.10000E-03	 0.10000E-03	 0.37750E-03	 0.32005E+00	 0.81084E-01	 0.75984E-01	 0.20266E+01	 0.20432E+01	 0.24253E+04	 0.24053E+04	 0.45723E+01	 0.10005E+04	 0.21891E+06	 0.51721E-08	 0.12780E+00	 0.26490E+00	 0.44000E-02	 0.23227E+01	 0.25818E+00
 0.10000E-04	 0.10000E-03	 0.37750E-03	 0.32005E+00	 0.34299E+00	 0.14239E+00	 0.17929E+01	 0.19555E+01	 0.26498E+05	 0.25348E+05	 0.45723E+01	 0.10005E+04	 0.21891E+06	 0.61768E-06	 0.12780E+00	 0.26490E+00	 0.44000E-02	 0.23227E+01	 0.25818E+00
 0.10000E-05	 0.10000E-03	 0.37750E-03	 0.32005E+00	 0.29372E+00	 0.22133E-01	 0.14595E+01	 0.19106E+01	 0.29011E+06	 0.25436E+06	 0.45723E+01	 0.10005E+04	 0.21891E+06	 0.52252E-02	 0.12780E+00	 0.26490E+00	 0.44000E-02	 0.23227E+01	 0.25818E+00
 0.30000E+01	 0.10000E-03	 0.37750E-03	 0.32005E+00	 0.30729E+01	 0.30729E+01	 0.45670E-04	 0.45670E-04	 0.72413E-05	 0.72413E-05	 0.45723E+01	 0.10005E+04	 0.21891E+06	 0.15109E-11	 0.12780E+00	 0.26490E+00	 0.44000E-02	 0.23227E+01	 0.25818E+00
 0.30000E+00	 0.10000E-03	 0.37750E-03	 0.32005E+00	 0.32702E+00	 0.32702E+00	 0.47731E-02	 0.47731E-02	 0.35669E-02	 0.35669E-02	 0.45723E+01	 0.10005E+04	 0.21891E+06	 0.23211E-13	 0.12780E+00	 0.26490E+00	 0.44000E-02	 0.23227E+01	 0.25818E+00
 0.30000E+02	 0.10000E-03	 0.37750E-03	 0.32005E+00	 0.27822E+02	 0.27822E+02	 0.55238E-06	 0.55238E-06	 0.75435E-08	 0.75435E-08	 0.45723E+01	 0.10005E+04	 0.21891E+06	 0.20471E-09	 0.12780E+00	 0.26490E+00	 0.44000E-02	 0.23227E+01	 0.25818E+00
 0.30000E-01	 0.10000E-03	 0.37750E-03	 0.32005E+00	 0.11087E+00	 0.11087E+00	 0.21194E+00	 0.21194E+00	 0.83734E+00	 0.83734E+00	 0.45723E+01	 0.10005E+04	 0.21891E+06	 0.13249E-12	 0.12780E+00	 0.26490E+00	 0.44000E-02	 0.23227E+01	 0.25818E+00
 0.30000E+03	 0.10000E-03	 0.37750E-03	 0.32005E+00	 0.29039E+02	 0.29039E+02	 0.14394E-07	 0.14394E-07	 0.75469E-11	 0.75469E-11	 0.45723E+01	 0.10005E+04	 0.21891E+06	 0.80535E-09	 0.12780E+00	 0.26490E+00	 0.44000E-02	 0.23227E+01	 0.25818E+00
 0.30000E-02	 0.10000E-03	 0.37750E-03	 0.32005E+00	 0.66578E-01	 0.66578E-01	 0.13330E+01	 0.13330E+01	 0.47142E+02	 0.47142E+02	 0.45723E+01	 0.10005E+04	 0.21891E+06	 0.64009E-11	 0.12780E+00	 0.26490E+00	 0.44000E-02	 0.23227E+01	 0.25818E+00
 0.30000E-03	 0.10000E-03	 0.37750E-03	 0.32005E+00	 0.45920E-01	 0.45688E-01	 0.20049E+01	 0.20059E+01	 0.74775E+03	 0.74679E+03	 0.45723E+01	 0.10005E+04	 0.21891E+06	 0.34440E-09	 0.12780E+00	 0.26490E+00	 0.44000E-02	 0.23227E+01	 0.25818E+00
 0.30000E-04	 0.10000E-03	 0.37750E-03	 0.32005E+00	 0.19617E+00	 0.14124E+00	 0.19292E+01	 0.20050E+01	 0.85168E+04	 0.83339E+04	 0.45723E+01	 0.10005E+04	 0.21891E+06	 0.35430E-07	 0.12780E+00	 0.26490E+00	 0.44000E-02	 0.23227E+01	 0.25818E+00
 0.30000E-05	 0.10000E-03	 0.37750E-03	 0.32005E+00	 0.35437E+00	 0.62773E-01	 0.16585E+01	 0.19138E+01	 0.92312E+05	 0.84756E+05	 0.45723E+01	 0.10005E+04	 0.21891E+06	 0.63233E-04	 0.12780E+00	 0.26490E+00	 0.44000E-02	 0.23227E+01	 0.25818E+00
 0.10000E+01	 0.10000E-04	 0.37750E-04	 0.32005E+00	 0.10328E+01	 0.10328E+01	 0.41817E-03	 0.41817E-03	 0.16109E-03	 0.16109E-03	 0.45723E+01	 0.10005E+04	 0.21891E+06	 0.61671E-13	 0.12780E+00	 0.26490E+00	 0.44000E-02	 0.23227E+01	 0.25818E+00
 0.10000E+00	 0.10000E-04	 0.37750E-04	 0.32005E+00	 0.15109E+00	 0.15109E+00	 0.38374E-01	 0.38374E-01	 0.54904E-01	 0.54904E-01	 0.45723E+01	 0.10005E+04	 0.21891E+06	 0.85214E-13	 0.12780E+00	 0.26490E+00	 0.44000E-02	 0.23227E+01	 0.25818E+00
 0.10000E+02	 0.10000E-04	 0.37750E-04	 0.32005E+00	 0.10253E+02	 0.10253E+02	 0.40847E-05	 0.40847E-05	 0.20294E-06	 0.20294E-06	 0.45723E+01	 0.10005E+04	 0.21891E+06	 0.11894E-10	 0.12780E+00	 0.26490E+00	 0.44000E-02	 0.23227E+01	 0.25818E+00
 0.10000E-01	 0.10000E-04	 0.37750E-04	 0.32005E+00	 0.91521E-01	 0.91521E-01	 0.61040E+00	 0.61040E+00	 0.68702E+01	 0.68702E+01	 0.45723E+01	 0.10005E+04	 0.21891E+06	 0.66617E-12	 0.12780E+00	 0.26490E+00	 0.44000E-02	 0.23227E+01	 0.25818E+00
 0.10000E+03	 0.10000E-04	 0.37750E-04	 0.32005E+00	 0.10127E+03	 0.10127E+03	 0.41901E-07	 0.41901E-07	 0.20376E-09	 0.20376E-09	 0.45723E+01	 0.10005E+04	 0.21891E+06	 0.15561E-08	 0.12780E+00	 0.26490E+00	 0.44000E-02	 0.23227E+01	 0.25818E+00
 0.10000E-02	 0.10000E-04	 0.37750E-04	 0.32005E+00	 0.45384E-01	 0.45382E-01	 0.18290E+01	 0.18290E+01	 0.19204E+03	 0.19204E+03	 0.45723E+01	 0.10005E+04	 0.21891E+06	 0.64309E-10	 0.12780E+00	 0.26490E+00	 0.44000E-02	 0.23227E+01	 0.25818E+00
 0.10000E-03	 0.10000E-04	 0.37750E-04	 0.32005E+00	 0.82716E-01	 0.77583E-01	 0.20228E+01	 0.20398E+01	 0.24260E+04	 0.24060E+04	 0.45723E+01	 0.10005E+04	 0.21891E+06	 0.39006E-08	 0.12780E+00	 0.26490E+00	 0.44000E-02	 0.23227E+01	 0.25818E+00
 0.10000E-04	 0.10000E-04	 0.37750E-04	 0.32005E+00	 0.65862E+00	 0.32106E+00	 0.17049E+01	 0.19157E+01	 0.26507E+05	 0.25366E+05	 0.45723E+01	 0.10005E+04	 0.21891E+06	 0.40578E-06	 0.12780E+00	 0.26490E+00	 0.44000E-02	 0.23227E+01	 0.25818E+00
 0.10000E-05	 0.10000E-04	 0.37750E-04	 0.32005E+00	 0.38543E+01	 0.22199E+00	 0.13306E+01	 0.18116E+01	 0.29015E+06	 0.25458E+06	 0.45723E+01	 0.10005E+04	 0.21891E+06	 0.10880E-02	 0.12780E+00	 0.26490E+00	 0.44000E-02	 0.23227E+01	 0.25818E+00
 0.30000E+01	 0.10000E-04	 0.37750E-04	 0.32005E+00	 0.30814E+01	 0.30814E+01	 0.45557E-04	 0.45557E-04	 0.72413E-05	 0.72413E-05	 0.45723E+01	 0.10005E+04	 0.21891E+06	 0.29127E-11	 0.12780E+00	 0.26490E+00	 0.44000E-02	 0.23227E+01	 0.25818E+00
 0.30000E+00	 0.10000E-04	 0.37750E-04	 0.32005E+00	 0.32712E+00	 0.32712E+00	 0.47730E-02	 0.47730E-02	 0.35669E-02	 0.35669E-02	 0.45723E+01	 0.10005E+04	 0.21891E+06	 0.23481E-13	 0.12780E+00	 0.26490E+00	 0.44000E-02	 0.23227E+01	 0.25818E+00
 0.30000E+02	 0.10000E-04	 0.37750E-04	 0.32005E+00	 0.30708E+02	 0.30708E+02	 0.45467E-06	 0.45467E-06	 0.75435E-08	 0.75435E-08	 0.45723E+01	 0.10005E+04	 0.21891E+06	 0.12848E-09	 0.12780E+00	 0.26490E+00	 0.44000E-02	 0.23227E+01	 0.25818E+00
 0.30000E-01	 0.10000E-04	 0.37750E-04	 0.32005E+00	 0.11087E+00	 0.11087E+00	 0.21194E+00	 0.21194E+00	 0.83734E+00	 0.83734E+00	 0.45723E+01	 0.10005E+04	 0.21891E+06	 0.21600E-12	 0.12780E+00	 0.26490E+00	 0.44000E-02	 0.23227E+01	 0.25818E+00
 0.30000E+03	 0.10000E-04	 0.37750E-04	 0.32005E+00	 0.27822E+03	 0.27822E+03	 0.55235E-08	 0.55236E-08	 0.75469E-11	 0.75469E-11	 0.45723E+01	 0.10005E+04	 0.21891E+06	 0.14103E-07	 0.12780E+00	 0.26490E+00	 0.44000E-02	 0.23227E+01	 0.25818E+00
 0.30000E-02	 0.10000E-04	 0.37750E-04	 0.32005E+00	 0.66580E-01	 0.66580E-01	 0.13331E+01	 0.13331E+01	 0.47142E+02	 0.47142E+02	 0.45723E+01	 0.10005E+04	 0.21891E+06	 0.53377E-11	 0.12780E+00	 0.26490E+00	 0.44000E-02	 0.23227E+01	 0.25818E+00
 0.30000E-03	 0.10000E-04	 0.37750E-04	 0.32005E+00	 0.46038E-01	 0.45806E-01	 0.20049E+01	 0.20060E+01	 0.74781E+03	 0.74685E+03	 0.45723E+01	 0.10005E+04	 0.21891E+06	 0.34016E-09	 0.12780E+00	 0.26490E+00	 0.44000E-02	 0.23227E+01	 0.25818E+00
 0.30000E-04	 0.10000E-04	 0.37750E-04	 0.32005E+00	 0.22960E+00	 0.17023E+00	 0.18936E+01	 0.19747E+01	 0.85216E+04	 0.83398E+04	 0.45723E+01	 0.10005E+04	 0.21891E+06	 0.45448E-07	 0.12780E+00	 0.26490E+00	 0.44000E-02	 0.23227E+01	 0.25818E+00
 0.30000E-05	 0.10000E-04	 0.37750E-04	 0.32005E+00	 0.19779E+01	 0.39107E+00	 0.14851E+01	 0.18963E+01	 0.92329E+05	 0.84823E+05	 0.45723E+01	 0.10005E+04	 0.21891E+06	 0.73339E-05	 0.12780E+00	 0.26490E+00	 0.44000E-02	 0.23227E+01	 0.25818E+00
 0.10000E+01	 0.30000E-01	 0.11325E+00	 0.32005E+00	 0.10312E+00	 0.10312E+00	 0.13474E-02	 0.13474E-02	 0.18513E-03	 0.18513E-03	 0.45723E+01	 0.10005E+04	 0.21891E+06	 0.20467E-13	 0.12780E+00	 0.26490E+00	 0.44000E-02	 0.23227E+01	 0.25818E+00
 0.10000E+00	 0.30000E-01	 0.11325E+00	 0.32005E+00	 0.19670E+00	 0.19670E+00	 0.52708E-01	 0.52708E-01	 0.57969E-01	 0.57969E-01	 0.45723E+01	 0.10005E+04	 0.21891E+06	 0.66859E-13	 0.12780E+00	 0.26490E+00	 0.44000E-02	 0.23227E+01	 0.25818E+00
 0.10000E+02	 0.30000E-01	 0.11325E+00	 0.32005E+00	 0.14736E-01	 0.14736E-01	 0.13546E-04	 0.13546E-04	 0.22868E-06	 0.22868E-06	 0.45723E+01	 0.10005E+04	 0.21891E+06	 0.61669E-12	 0.12780E+00	 0.26490E+00	 0.44000E-02	 0.23227E+01	 0.25818E+00
 0.10000E-01	 0.30000E-01	 0.11325E+00	 0.32005E+00	 0.10633E+00	 0.10633E+00	 0.58129E+00	 0.58129E+00	 0.58980E+01	 0.58980E+01	 0.45723E+01	 0.10005E+04	 0.21891E+06	 0.88347E-12	 0.12780E+00	 0.26490E+00	 0.44000E-02	 0.23227E+01	 0.25818E+00
 0.10000E+03	 0.30000E-01	 0.11325E+00	 0.32005E+00	 0.29912E-02	 0.29912E-02	 0.13611E-06	 0.13611E-06	 0.22973E-09	 0.22973E-09	 0.45723E+01	 0.10005E+04	 0.21891E+06	 0.37443E-10	 0.12780E+00	 0.26490E+00	 0.44000E-02	 0.23227E+01	 0.25818E+00
 0.10000E-02	 0.30000E-01	 0.11325E+00	 0.32005E+00	 0.30707E-01	 0.30707E-01	 0.16614E+01	 0.16614E+01	 0.20753E+03	 0.20753E+03	 0.45723E+01	 0.10005E+04	 0.21891E+06	 0.97941E-10	 0.12780E+00	 0.26490E+00	 0.44000E-02	 0.23227E+01	 0.25818E+00
 0.10000E-03	 0.30000E-01	 0.11325E+00	 0.32005E+00	 0.44965E-02	 0.44720E-02	 0.20307E+01	 0.20251E+01	 0.33118E+04	 0.32725E+04	 0.45723E+01	 0.10005E+04	 0.21891E+06	 0.71547E-08	 0.12780E+00	 0.26490E+00	 0.44000E-02	 0.23227E+01	 0.25818E+00
 0.10000E-04	 0.30000E-01	 0.11325E+00	 0.32005E+00	 0.61041E-03	 0.56670E-03	 0.19615E+01	 0.19192E+01	 0.39495E+05	 0.37331E+05	 0.45723E+01	 0.10005E+04	 0.21891E+06	 0.58242E-06	 0.12780E+00	 0.26490E+00	 0.44000E-02	 0.23227E+01	 0.25818E+00
 0.10000E-05	 0.30000E-01	 0.11325E+00	 0.32005E+00	 0.16082E-03	 0.67553E-04	 0.16595E+01	 0.17286E+01	 0.44202E+06	 0.38136E+06	 0.45723E+01	 0.10005E+04	 0.21891E+06	 0.67079E-04	 0.12780E+00	 0.26490E+00	 0.44000E-02	 0.23227E+01	 0.25818E+00
 0.30000E+01	 0.30000E-01	 0.11325E+00	 0.32005E+00	 0.39413E-01	 0.39413E-01	 0.15219E-03	 0.15219E-03	 0.81810E-05	 0.81810E-05	 0.45723E+01	 0.10005E+04	 0.21891E+06	 0.12581E-12	 0.12780E+00	 0.26490E+00	 0.44000E-02	 0.23227E+01	 0.25818E+00
 0.30000E+00	 0.30000E-01	 0.11325E+00	 0.32005E+00	 0.21792E+00	 0.21792E+00	 0.11628E-01	 0.11628E-01	 0.42280E-02	 0.42280E-02	 0.45723E+01	 0.10005E+04	 0.21891E+06	 0.19699E-13	 0.12780E+00	 0.26490E+00	 0.44000E-02	 0.23227E+01	 0.25818E+00
 0.30000E+02	 0.30000E-01	 0.11325E+00	 0.32005E+00	 0.69858E-02	 0.69858E-02	 0.15071E-05	 0.15071E-05	 0.85022E-08	 0.85022E-08	 0.45723E+01	 0.10005E+04	 0.21891E+06	 0.11173E-10	 0.12780E+00	 0.26490E+00	 0.44000E-02	 0.23227E+01	 0.25818E+00
 0.30000E-01	 0.30000E-01	 0.11325E+00	 0.32005E+00	 0.13367E+00	 0.13367E+00	 0.20445E+00	 0.20445E+00	 0.72365E+00	 0.72365E+00	 0.45723E+01	 0.10005E+04	 0.21891E+06	 0.15182E-12	 0.12780E+00	 0.26490E+00	 0.44000E-02	 0.23227E+01	 0.25818E+00
 0.30000E+03	 0.30000E-01	 0.11325E+00	 0.32005E+00	 0.11792E-02	 0.11792E-02	 0.15094E-07	 0.15094E-07	 0.85096E-11	 0.85096E-11	 0.45723E+01	 0.10005E+04	 0.21891E+06	 0.67452E-10	 0.12780E+00	 0.26490E+00	 0.44000E-02	 0.23227E+01	 0.25818E+00
 0.30000E-02	 0.30000E-01	 0.11325E+00	 0.32005E+00	 0.65417E-01	 0.65417E-01	 0.12179E+01	 0.12179E+01	 0.43498E+02	 0.43498E+02	 0.45723E+01	 0.10005E+04	 0.21891E+06	 0.14958E-10	 0.12780E+00	 0.26490E+00	 0.44000E-02	 0.23227E+01	 0.25818E+00
 0.30000E-03	 0.30000E-01	 0.11325E+00	 0.32005E+00	 0.11509E-01	 0.11505E-01	 0.19121E+01	 0.19120E+01	 0.93932E+03	 0.93805E+03	 0.45723E+01	 0.10005E+04	 0.21891E+06	 0.10025E-08	 0.12780E+00	 0.26490E+00	 0.44000E-02	 0.23227E+01	 0.25818E+00
 0.30000E-04	 0.30000E-01	 0.11325E+00	 0.32005E+00	 0.15710E-02	 0.15271E-02	 0.20495E+01	 0.20215E+01	 0.12352E+05	 0.11947E+05	 0.45723E+01	 0.10005E+04	 0.21891E+06	 0.11441E-06	 0.12780E+00	 0.26490E+00	 0.44000E-02	 0.23227E+01	 0.25818E+00
 0.30000E-05	 0.30000E-01	 0.11325E+00	 0.32005E+00	 0.23825E-03	 0.18968E-03	 0.17768E+01	 0.17869E+01	 0.14020E+06	 0.12657E+06	 0.45723E+01	 0.10005E+04	 0.21891E+06	 0.56607E-05	 0.12780E+00	 0.26490E+00	 0.44000E-02	 0.23227E+01	 0.25818E+00
 0.10000E+01	 0.30000E-02	 0.11325E-01	 0.32005E+00	 0.93748E+00	 0.93748E+00	 0.50871E-03	 0.50871E-03	 0.16125E-03	 0.16125E-03	 0.45723E+01	 0.10005E+04	 0.21891E+06	 0.16885E-12	 0.12780E+00	 0.26490E+00	 0.44000E-02	 0.23227E+01	 0.25818E+00
 0.10000E+00	 0.30000E-02	 0.11325E-01	 0.32005E+00	 0.15132E+00	 0.15132E+00	 0.38503E-01	 0.38503E-01	 0.54925E-01	 0.54925E-01	 0.45723E+01	 0.10005E+04	 0.21891E+06	 0.53231E-13	 0.12780E+00	 0.26490E+00	 0.44000E-02	 0.23227E+01	 0.25818E+00
 0.10000E+02	 0.30000E-02	 0.11325E-01	 0.32005E+00	 0.96868E+00	 0.96868E+00	 0.12962E-04	 0.12962E-04	 0.20318E-06	 0.20318E-06	 0.45723E+01	 0.10005E+04	 0.21891E+06	 0.17714E-11	 0.12780E+00	 0.26490E+00	 0.44000E-02	 0.23227E+01	 0.25818E+00
 0.10000E-01	 0.30000E-02	 0.11325E-01	 0.32005E+00	 0.91479E-01	 0.91479E-01	 0.60909E+00	 0.60909E+00	 0.68517E+01	 0.68517E+01	 0.45723E+01	 0.10005E+04	 0.21891E+06	 0.61126E-12	 0.12780E+00	 0.26490E+00	 0.44000E-02	 0.23227E+01	 0.25818E+00
 0.10000E+03	 0.30000E-02	 0.11325E-01	 0.32005E+00	 0.14605E+00	 0.14605E+00	 0.13550E-06	 0.13550E-06	 0.20402E-09	 0.20402E-09	 0.45723E+01	 0.10005E+04	 0.21891E+06	 0.11629E-10	 0.12780E+00	 0.26490E+00	 0.44000E-02	 0.23227E+01	 0.25818E+00
 0.10000E-02	 0.30000E-02	 0.11325E-01	 0.32005E+00	 0.42102E-01	 0.42100E-01	 0.17906E+01	 0.17906E+01	 0.18874E+03	 0.18874E+03	 0.45723E+01	 0.10005E+04	 0.21891E+06	 0.63848E-10	 0.12780E+00	 0.26490E+00	 0.44000E-02	 0.23227E+01	 0.25818E+00
 0.10000E-03	 0.30000E-02	 0.11325E-01	 0.32005E+00	 0.17427E-01	 0.16841E-01	 0.18266E+01	 0.18353E+01	 0.23960E+04	 0.23738E+04	 0.45723E+01	 0.10005E+04	 0.21891E+06	 0.43057E-08	 0.12780E+00	 0.26490E+00	 0.44000E-02	 0.23227E+01	 0.25818E+00
 0.10000E-04	 0.30000E-02	 0.11325E-01	 0.32005E+00	 0.53292E-02	 0.30833E-02	 0.16322E+01	 0.17638E+01	 0.26578E+05	 0.25199E+05	 0.45723E+01	 0.10005E+04	 0.21891E+06	 0.21592E-05	 0.12780E+00	 0.26490E+00	 0.44000E-02	 0.23227E+01	 0.25818E+00
 0.10000E-05	 0.30000E-02	 0.11325E-01	 0.32005E+00	 0.13125E-02	 0.47829E-03	 0.16268E+01	 0.17473E+01	 0.29254E+06	 0.25279E+06	 0.45723E+01	 0.10005E+04	 0.21891E+06	 0.79498E-03	 0.12780E+00	 0.26490E+00	 0.44000E-02	 0.23227E+01	 0.25818E+00
 0.30000E+01	 0.30000E-02	 0.11325E-01	 0.32005E+00	 0.16030E+01	 0.16030E+01	 0.96421E-04	 0.96421E-04	 0.72487E-05	 0.72487E-05	 0.45723E+01	 0.10005E+04	 0.21891E+06	 0.34236E-12	 0.12780E+00	 0.26490E+00	 0.44000E-02	 0.23227E+01	 0.25818E+00
 0.30000E+00	 0.30000E-02	 0.11325E-01	 0.32005E+00	 0.32510E+00	 0.32510E+00	 0.48848E-02	 0.48848E-02	 0.35716E-02	 0.35716E-02	 0.45723E+01	 0.10005E+04	 0.21891E+06	 0.17557E-13	 0.12780E+00	 0.26490E+00	 0.44000E-02	 0.23227E+01	 0.25818E+00
 0.30000E+02	 0.30000E-02	 0.11325E-01	 0.32005E+00	 0.38711E+00	 0.38711E+00	 0.15171E-05	 0.15171E-05	 0.75529E-08	 0.75529E-08	 0.45723E+01	 0.10005E+04	 0.21891E+06	 0.36428E-11	 0.12780E+00	 0.26490E+00	 0.44000E-02	 0.23227E+01	 0.25818E+00
 0.30000E-01	 0.30000E-02	 0.11325E-01	 0.32005E+00	 0.11100E+00	 0.11100E+00	 0.21182E+00	 0.21182E+00	 0.83599E+00	 0.83599E+00	 0.45723E+01	 0.10005E+04	 0.21891E+06	 0.16936E-12	 0.12780E+00	 0.26490E+00	 0.44000E-02	 0.23227E+01	 0.25818E+00
 0.30000E+03	 0.30000E-02	 0.11325E-01	 0.32005E+00	 0.69492E-01	 0.69492E-01	 0.15074E-07	 0.15074E-07	 0.75565E-11	 0.75565E-11	 0.45723E+01	 0.10005E+04	 0.21891E+06	 0.63172E-10	 0.12780E+00	 0.26490E+00	 0.44000E-02	 0.23227E+01	 0.25818E+00
 0.30000E-02	 0.30000E-02	 0.11325E-01	 0.32005E+00	 0.65721E-01	 0.65721E-01	 0.13191E+01	 0.13191E+01	 0.46761E+02	 0.46761E+02	 0.45723E+01	 0.10005E+04	 0.21891E+06	 0.95550E-11	 0.12780E+00	 0.26490E+00	 0.44000E-02	 0.23227E+01	 0.25818E+00
 0.30000E-03	 0.30000E-02	 0.11325E-01	 0.32005E+00	 0.27468E-01	 0.27387E-01	 0.19089E+01	 0.19095E+01	 0.73192E+03	 0.73100E+03	 0.45723E+01	 0.10005E+04	 0.21891E+06	 0.58273E-09	 0.12780E+00	 0.26490E+00	 0.44000E-02	 0.23227E+01	 0.25818E+00
 0.30000E-04	 0.30000E-02	 0.11325E-01	 0.32005E+00	 0.95402E-02	 0.77718E-02	 0.17387E+01	 0.17800E+01	 0.85017E+04	 0.82764E+04	 0.45723E+01	 0.10005E+04	 0.21891E+06	 0.10054E-06	 0.12780E+00	 0.26490E+00	 0.44000E-02	 0.23227E+01	 0.25818E+00
 0.30000E-05	 0.30000E-02	 0.11325E-01	 0.32005E+00	 0.26422E-02	 0.10763E-02	 0.15495E+01	 0.17569E+01	 0.92681E+05	 0.84239E+05	 0.45723E+01	 0.10005E+04	 0.21891E+06	 0.57308E-04	 0.12780E+00	 0.26490E+00	 0.44000E-02	 0.23227E+01	 0.25818E+00
 0.10000E+01	 0.30000E-03	 0.11325E-02	 0.32005E+00	 0.10297E+01	 0.10297E+01	 0.41918E-03	 0.41918E-03	 0.16110E-03	 0.16110E-03	 0.45723E+01	 0.10005E+04	 0.21891E+06	 0.18861E-12	 0.12780E+00	 0.26490E+00	 0.44000E-02	 0.23227E+01	 0.25818E+00
 0.10000E+00	 0.30000E-03	 0.11325E-02	 0.32005E+00	 0.15106E+00	 0.15106E+00	 0.38375E-01	 0.38375E-01	 0.54904E-01	 0.54904E-01	 0.45723E+01	 0.10005E+04	 0.21891E+06	 0.56872E-13	 0.12780E+00	 0.26490E+00	 0.44000E-02	 0.23227E+01	 0.25818E+00
 0.10000E+02	 0.30000E-03	 0.11325E-02	 0.32005E+00	 0.92750E+01	 0.92750E+01	 0.49731E-05	 0.49731E-05	 0.20294E-06	 0.20294E-06	 0.45723E+01	 0.10005E+04	 0.21891E+06	 0.19207E-10	 0.12780E+00	 0.26490E+00	 0.44000E-02	 0.23227E+01	 0.25818E+00
 0.10000E-01	 0.30000E-03	 0.11325E-02	 0.32005E+00	 0.91521E-01	 0.91521E-01	 0.61038E+00	 0.61038E+00	 0.68700E+01	 0.68700E+01	 0.45723E+01	 0.10005E+04	 0.21891E+06	 0.62902E-12	 0.12780E+00	 0.26490E+00	 0.44000E-02	 0.23227E+01	 0.25818E+00
 0.10000E+03	 0.30000E-03	 0.11325E-02	 0.32005E+00	 0.96798E+01	 0.96798E+01	 0.12955E-06	 0.12955E-06	 0.20376E-09	 0.20376E-09	 0.45723E+01	 0.10005E+04	 0.21891E+06	 0.42279E-10	 0.12780E+00	 0.26490E+00	 0.44000E-02	 0.23227E+01	 0.25818E+00
 0.10000E-02	 0.30000E-03	 0.11325E-02	 0.32005E+00	 0.45307E-01	 0.45305E-01	 0.18285E+01	 0.18285E+01	 0.19200E+03	 0.19199E+03	 0.45723E+01	 0.10005E+04	 0.21891E+06	 0.32749E-10	 0.12780E+00	 0.26490E+00	 0.44000E-02	 0.23227E+01	 0.25818E+00
 0.10000E-03	 0.30000E-03	 0.11325E-02	 0.32005E+00	 0.72150E-01	 0.67482E-01	 0.20255E+01	 0.20410E+01	 0.24220E+04	 0.24019E+04	 0.45723E+01	 0.10005E+04	 0.21891E+06	 0.51643E-08	 0.12780E+00	 0.26490E+00	 0.44000E-02	 0.23227E+01	 0.25818E+00
 0.10000E-04	 0.30000E-03	 0.11325E-02	 0.32005E+00	 0.10979E+00	 0.43221E-01	 0.17284E+01	 0.18493E+01	 0.26490E+05	 0.25324E+05	 0.45723E+01	 0.10005E+04	 0.21891E+06	 0.39535E-06	 0.12780E+00	 0.26490E+00	 0.44000E-02	 0.23227E+01	 0.25818E+00
 0.10000E-05	 0.30000E-03	 0.11325E-02	 0.32005E+00	 0.58147E-01	 0.49491E-02	 0.12877E+01	 0.18232E+01	 0.29006E+06	 0.25408E+06	 0.45723E+01	 0.10005E+04	 0.21891E+06	 0.13109E-02	 0.12780E+00	 0.26490E+00	 0.44000E-02	 0.23227E+01	 0.25818E+00
 0.30000E+01	 0.30000E-03	 0.11325E-02	 0.32005E+00	 0.30471E+01	 0.30471E+01	 0.46536E-04	 0.46536E-04	 0.72413E-05	 0.72413E-05	 0.45723E+01	 0.10005E+04	 0.21891E+06	 0.25454E-11	 0.12780E+00	 0.26490E+00	 0.44000E-02	 0.23227E+01	 0.25818E+00
 0.30000E+00	 0.30000E-03	 0.11325E-02	 0.32005E+00	 0.32670E+00	 0.32670E+00	 0.47741E-02	 0.47741E-02	 0.35670E-02	 0.35670E-02	 0.45723E+01	 0.10005E+04	 0.21891E+06	 0.21018E-13	 0.12780E+00	 0.26490E+00	 0.44000E-02	 0.23227E+01	 0.25818E+00
 0.30000E+02	 0.30000E-03	 0.11325E-02	 0.32005E+00	 0.15973E+02	 0.15973E+02	 0.96019E-06	 0.96019E-06	 0.75436E-08	 0.75436E-08	 0.45723E+01	 0.10005E+04	 0.21891E+06	 0.99171E-10	 0.12780E+00	 0.26490E+00	 0.44000E-02	 0.23227E+01	 0.25818E+00
 0.30000E-01	 0.30000E-03	 0.11325E-02	 0.32005E+00	 0.11088E+00	 0.11088E+00	 0.21194E+00	 0.21194E+00	 0.83733E+00	 0.83733E+00	 0.45723E+01	 0.10005E+04	 0.21891E+06	 0.19893E-12	 0.12780E+00	 0.26490E+00	 0.44000E-02	 0.23227E+01	 0.25818E+00
 0.30000E+03	 0.30000E-03	 0.11325E-02	 0.32005E+00	 0.38703E+01	 0.38703E+01	 0.15170E-07	 0.15170E-07	 0.75470E-11	 0.75470E-11	 0.45723E+01	 0.10005E+04	 0.21891E+06	 0.27138E-09	 0.12780E+00	 0.26490E+00	 0.44000E-02	 0.23227E+01	 0.25818E+00
 0.30000E-02	 0.30000E-03	 0.11325E-02	 0.32005E+00	 0.66562E-01	 0.66562E-01	 0.13329E+01	 0.13329E+01	 0.47138E+02	 0.47138E+02	 0.45723E+01	 0.10005E+04	 0.21891E+06	 0.75219E-11	 0.12780E+00	 0.26490E+00	 0.44000E-02	 0.23227E+01	 0.25818E+00
 0.30000E-03	 0.30000E-03	 0.11325E-02	 0.32005E+00	 0.45257E-01	 0.45030E-01	 0.20042E+01	 0.20052E+01	 0.74729E+03	 0.74633E+03	 0.45723E+01	 0.10005E+04	 0.21891E+06	 0.59299E-09	 0.12780E+00	 0.26490E+00	 0.44000E-02	 0.23227E+01	 0.25818E+00
 0.30000E-04	 0.30000E-03	 0.11325E-02	 0.32005E+00	 0.11336E+00	 0.77183E-01	 0.18797E+01	 0.19408E+01	 0.85098E+04	 0.83241E+04	 0.45723E+01	 0.10005E+04	 0.21891E+06	 0.41671E-07	 0.12780E+00	 0.26490E+00	 0.44000E-02	 0.23227E+01	 0.25818E+00
 0.30000E-05	 0.30000E-03	 0.11325E-02	 0.32005E+00	 0.82301E-01	 0.14648E-01	 0.15680E+01	 0.18257E+01	 0.92298E+05	 0.84666E+05	 0.45723E+01	 0.10005E+04	 0.21891E+06	 0.25850E-04	 0.12780E+00	 0.26490E+00	 0.44000E-02	 0.23227E+01	 0.25818E+00
 0.10000E+01	 0.30000E-04	 0.11325E-03	 0.32005E+00	 0.10325E+01	 0.10325E+01	 0.41818E-03	 0.41818E-03	 0.16109E-03	 0.16109E-03	 0.45723E+01	 0.10005E+04	 0.21891E+06	 0.11485E-12	 0.12780E+00	 0.26490E+00	 0.44000E-02	 0.23227E+01	 0.25818E+00
 0.10000E+00	 0.30000E-04	 0.11325E-03	 0.32005E+00	 0.15109E+00	 0.15109E+00	 0.38374E-01	 0.38374E-01	 0.54904E-01	 0.54904E-01	 0.45723E+01	 0.10005E+04	 0.21891E+06	 0.78959E-13	 0.12780E+00	 0.26490E+00	 0.44000E-02	 0.23227E+01	 0.25818E+00
 0.10000E+02	 0.30000E-04	 0.11325E-03	 0.32005E+00	 0.10237E+02	 0.10237E+02	 0.40936E-05	 0.40936E-05	 0.20294E-06	 0.20294E-06	 0.45723E+01	 0.10005E+04	 0.21891E+06	 0.20831E-10	 0.12780E+00	 0.26490E+00	 0.44000E-02	 0.23227E+01	 0.25818E+00
 0.10000E-01	 0.30000E-04	 0.11325E-03	 0.32005E+00	 0.91521E-01	 0.91521E-01	 0.61040E+00	 0.61040E+00	 0.68702E+01	 0.68702E+01	 0.45723E+01	 0.10005E+04	 0.21891E+06	 0.60597E-12	 0.12780E+00	 0.26490E+00	 0.44000E-02	 0.23227E+01	 0.25818E+00
 0.10000E+03	 0.30000E-04	 0.11325E-03	 0.32005E+00	 0.92740E+02	 0.92740E+02	 0.49712E-07	 0.49712E-07	 0.20376E-09	 0.20376E-09	 0.45723E+01	 0.10005E+04	 0.21891E+06	 0.16590E-08	 0.12780E+00	 0.26490E+00	 0.44000E-02	 0.23227E+01	 0.25818E+00
 0.10000E-02	 0.30000E-04	 0.11325E-03	 0.32005E+00	 0.45383E-01	 0.45381E-01	 0.18290E+01	 0.18290E+01	 0.19204E+03	 0.19204E+03	 0.45723E+01	 0.10005E+04	 0.21891E+06	 0.45517E-10	 0.12780E+00	 0.26490E+00	 0.44000E-02	 0.23227E+01	 0.25818E+00
 0.10000E-03	 0.30000E-04	 0.11325E-03	 0.32005E+00	 0.82540E-01	 0.77406E-01	 0.20233E+01	 0.20402E+01	 0.24260E+04	 0.24060E+04	 0.45723E+01	 0.10005E+04	 0.21891E+06	 0.41461E-08	 0.12780E+00	 0.26490E+00	 0.44000E-02	 0.23227E+01	 0.25818E+00
 0.10000E-04	 0.30000E-04	 0.11325E-03	 0.32005E+00	 0.59490E+00	 0.28172E+00	 0.17674E+01	 0.19666E+01	 0.26503E+05	 0.25360E+05	 0.45723E+01	 0.10005E+04	 0.21891E+06	 0.29720E-06	 0.12780E+00	 0.26490E+00	 0.44000E-02	 0.23227E+01	 0.25818E+00
 0.10000E-05	 0.30000E-04	 0.11325E-03	 0.32005E+00	 0.13383E+01	 0.98849E-01	 0.15662E+01	 0.19438E+01	 0.29013E+06	 0.25453E+06	 0.45723E+01	 0.10005E+04	 0.21891E+06	 0.71362E-03	 0.12780E+00	 0.26490E+00	 0.44000E-02	 0.23227E+01	 0.25818E+00
 0.30000E+01	 0.30000E-04	 0.11325E-03	 0.32005E+00	 0.30780E+01	 0.30780E+01	 0.45568E-04	 0.45568E-04	 0.72413E-05	 0.72413E-05	 0.45723E+01	 0.10005E+04	 0.21891E+06	 0.17528E-11	 0.12780E+00	 0.26490E+00	 0.44000E-02	 0.23227E+01	 0.25818E+00
 0.30000E+00	 0.30000E-04	 0.11325E-03	 0.32005E+00	 0.32711E+00	 0.32711E+00	 0.47730E-02	 0.47730E-02	 0.35669E-02	 0.35669E-02	 0.45723E+01	 0.10005E+04	 0.21891E+06	 0.32273E-13	 0.12780E+00	 0.26490E+00	 0.44000E-02	 0.23227E+01	 0.25818E+00
 0.30000E+02	 0.30000E-04	 0.11325E-03	 0.32005E+00	 0.30449E+02	 0.30449E+02	 0.46332E-06	 0.46332E-06	 0.75435E-08	 0.75435E-08	 0.45723E+01	 0.10005E+04	 0.21891E+06	 0.15682E-09	 0.12780E+00	 0.26490E+00	 0.44000E-02	 0.23227E+01	 0.25818E+00
 0.30000E-01	 0.30000E-04	 0.11325E-03	 0.32005E+00	 0.11087E+00	 0.11087E+00	 0.21194E+00	 0.21194E+00	 0.83734E+00	 0.83734E+00	 0.45723E+01	 0.10005E+04	 0.21891E+06	 0.21508E-12	 0.12780E+00	 0.26490E+00	 0.44000E-02	 0.23227E+01	 0.25818E+00
 0.30000E+03	 0.30000E-04	 0.11325E-03	 0.32005E+00	 0.15973E+03	 0.15973E+03	 0.96015E-08	 0.96015E-08	 0.75469E-11	 0.75469E-11	 0.45723E+01	 0.10005E+04	 0.21891E+06	 0.62228E-08	 0.12780E+00	 0.26490E+00	 0.44000E-02	 0.23227E+01	 0.25818E+00
 0.30000E-02	 0.30000E-04	 0.11325E-03	 0.32005E+00	 0.66580E-01	 0.66580E-01	 0.13331E+01	 0.13331E+01	 0.47142E+02	 0.47142E+02	 0.45723E+01	 0.10005E+04	 0.21891E+06	 0.78739E-11	 0.12780E+00	 0.26490E+00	 0.44000E-02	 0.23227E+01	 0.25818E+00
 0.30000E-03	 0.30000E-04	 0.11325E-03	 0.32005E+00	 0.46026E-01	 0.45794E-01	 0.20049E+01	 0.20060E+01	 0.74780E+03	 0.74685E+03	 0.45723E+01	 0.10005E+04	 0.21891E+06	 0.42225E-09	 0.12780E+00	 0.26490E+00	 0.44000E-02	 0.23227E+01	 0.25818E+00
 0.30000E-04	 0.30000E-04	 0.11325E-03	 0.32005E+00	 0.22583E+00	 0.16683E+00	 0.19043E+01	 0.19848E+01	 0.85207E+04	 0.83387E+04	 0.45723E+01	 0.10005E+04	 0.21891E+06	 0.50378E-07	 0.12780E+00	 0.26490E+00	 0.44000E-02	 0.23227E+01	 0.25818E+00
 0.30000E-05	 0.30000E-04	 0.11325E-03	 0.32005E+00	 0.12079E+01	 0.23211E+00	 0.16298E+01	 0.19664E+01	 0.92322E+05	 0.84804E+05	 0.45723E+01	 0.10005E+04	 0.21891E+06	 0.72435E-05	 0.12780E+00	 0.26490E+00	 0.44000E-02	 0.23227E+01	 0.25818E+00
