# Postprocessed output from file: /home/jose/RUNS/marconis/lhdis_0114/flsurf_phi.dat
# Time average interval         : 600000	1000000
# load_s0, nchi, nphi, nfp
#
0.640625
65
65
10
1.28170680652	1.11368802294	0.951918200943	0.797489298189	0.650961823459	0.512554209276	0.382332945111	0.260350370238	0.146736132397	0.0417255057871	-0.0543681546371	-0.141220797807	-0.21858717563	-0.286388854651	-0.344783001895	-0.394195428245	-0.435314406117	-0.469040380344	-0.496404605832	-0.518463257591	-0.536185327512	-0.550348584967	-0.561454624408	-0.569674592799	-0.574827732976	-0.576396536947	-0.573566194707	-0.565289528687	-0.550364000193	-0.5275072338	-0.495433243694	-0.45291148625	-0.398811845423	-0.332144456495	-0.252077872239	-0.15796378446	-0.0493530734747	0.0739741167433	0.211958259774	0.364208097881	0.529925376884	0.70782441052	0.896050039828	1.09211631736	1.29286545451	1.49447853001	1.69253558582	1.88214402828	2.05812945806	2.21528269207	2.34865379461	2.45385826679	2.52738292569	2.56684402857	2.57118019259	2.54075009454	2.47731689725	2.38392288232	2.26465364735	2.12432742228	1.96813065373	1.80124384281	1.62851792867	1.4541876509	1.28170680652	
1.17306295417	0.997401981083	0.834341759194	0.684946050424	0.549550281874	0.427937042928	0.319527648756	0.223549210865	0.139181129577	0.0656498145213	0.00227920841123	-0.0515063060419	-0.09621159836	-0.132322193846	-0.160358876684	-0.18092344654	-0.194722626093	-0.20256514348	-0.205329525618	-0.203906749184	-0.199125120827	-0.191667431035	-0.181991812636	-0.17026444958	-0.15631587151	-0.13962357782	-0.119323728743	-0.0942525466621	-0.0630121965242	-0.0240515524387	0.0242286104059	0.0833837194887	0.154824861223	0.239723868288	0.338937852981	0.452943332138	0.581785443538	0.725038344824	0.881782802214	1.05058640413	1.22950003293	1.41605938646	1.60730097542	1.7997872057	1.98965858743	2.1727053909	2.34446984457	2.50038520994	2.63594179107	2.74688891055	2.82945125516	2.88055491019	2.89803953754	2.880835833	2.82909290289	2.74422559492	2.6288825839	2.48682115926	2.32269637518	2.14178839523	1.94966702763	1.75187539311	1.55360421365	1.3594125614	1.17306295417	
1.00527165436	0.837606214592	0.688575459957	0.558965414493	0.448656681175	0.356780762486	0.281917479267	0.222303461637	0.176033781328	0.141231886484	0.116176689076	0.0993787381271	0.0896055919207	0.085867492689	0.0873726846117	0.0934674623995	0.103578588297	0.117169444976	0.133718673956	0.152725459238	0.173742631015	0.196430194371	0.220621103483	0.246388928833	0.274104741737	0.304474587602	0.33854578859	0.377682229214	0.423502342882	0.477782992716	0.542341057563	0.618891803839	0.708904732575	0.813462322121	0.93313535309	1.06788487461	1.21699607705	1.37905423348	1.55195509569	1.73295824402	1.91877010976	2.1056493853	2.28954443516	2.46621204842	2.63137067753	2.78082166933	2.91057931889	3.0169910415	3.09684360391	3.14748021834	3.16689330075	3.15383350755	3.10789264763	3.02958262201	2.92037750642	2.78272656094	2.62000992435	2.43644539377	2.23693307074	2.02684111357	1.81175440523	1.5971993544	1.3883533724	1.18978891735	1.00527165436	
0.823387773042	0.680506404909	0.560978955601	0.46501876304	0.391810457572	0.33966245722	0.306219945411	0.288714251753	0.284217391878	0.289876500279	0.303103294515	0.321703723761	0.343944657934	0.368560107735	0.394702599182	0.421866414267	0.449795614273	0.478392678735	0.507649623442	0.537607307747	0.568350462067	0.600034185185	0.632934824731	0.667514292056	0.704483253791	0.744845581393	0.789916628485	0.841298505966	0.900811950263	0.970383633954	1.05189037355	1.14699545637	1.25694959495	1.38240474489	1.52327344726	1.67860724385	1.84654678086	2.02433375529	2.20839378127	2.39448130031	2.57788290517	2.75364528206	2.91683408473	3.0627692939	3.18723425796	3.28665298574	3.35819422472	3.39982834948	3.41033687639	3.38928322804	3.3369534112	3.25430479008	3.14290899695	3.0049188972	2.84304526257	2.66054522865	2.46120611917	2.24930941335	2.02955875286	1.80695998251	1.58665816753	1.37371660715	1.17287567257	0.988308775015	0.823387773042	
0.674971151781	0.571896383595	0.494690183744	0.442749575579	0.414408495227	0.407097724428	0.417583772475	0.442252446799	0.477405059791	0.519534363348	0.565549370864	0.612932294968	0.659819678334	0.705001255428	0.747862505584	0.788277630661	0.826479755405	0.862932769616	0.898223866895	0.932989526822	0.967883971504	1.00358933844	1.04085935701	1.08058173176	1.12384007173	1.17196924143	1.22656058914	1.28942856025	1.36252750817	1.44781116191	1.54703971861	1.66156130114	1.79209064698	1.93849888577	2.09964771008	2.27329078383	2.45606642889	2.64358737076	2.83062087045	3.01136947662	3.17980668667	3.33004920331	3.45673006776	3.55532634828	3.62241371037	3.65581189094	3.65464515503	3.61926372369	3.55109036434	3.4524097963	3.32611980262	3.17550604853	3.00405058725	2.81530876022	2.61285758903	2.40029756336	2.1813110187	1.95971064722	1.73948363559	1.52478188405	1.31983054782	1.1287854075	0.955519198828	0.803385980125	0.674971151781	
0.602778294687	0.550032200023	0.522909626062	0.519881831918	0.53841973745	0.575173168207	0.626238537861	0.687463478299	0.754770843213	0.824446082354	0.893367448416	0.959164388211	1.02027489818	1.07592348501	1.12602823492	1.17105957284	1.21187560366	1.24956084859	1.28529409466	1.32025780583	1.355596587	1.39243142457	1.43189630913	1.47521982791	1.52378271554	1.57916739079	1.64316299185	1.71770257266	1.80474519658	1.90610327223	2.02320500163	2.15681852451	2.30681946086	2.4719550065	2.64969631354	2.83618885561	3.02632244865	3.21393589822	3.39214249323	3.5537622673	3.69181069151	3.80001464229	3.8732756837	3.90804945131	3.90257806788	3.8569654186	3.77308439213	3.65431441854	3.50517503364	3.33088773536	3.13693542144	2.9286759126	2.71105512663	2.48844903194	2.26463627713	2.04288490822	1.82611131538	1.61706531063	1.41848986415	1.23321066934	1.06413370041	0.914136632789	0.785885883687	0.681596261604	0.602778294687	
0.638026582431	0.639633609139	0.663767558941	0.708037863481	0.769197643364	0.843354820243	0.926253770408	1.01360231783	1.10140210908	1.18621934265	1.26539761304	1.33718241282	1.4007349381	1.45606607287	1.50389172389	1.54544894716	1.58229806682	1.61613414552	1.64864400735	1.68141483468	1.71590223856	1.75345549025	1.79538314019	1.84304778756	1.89792257503	1.96164592648	2.03602820808	2.12293640955	2.22415101536	2.34113824001	2.47475168432	2.62495155873	2.7905137494	2.96881362888	3.15572076315	3.34562329492	3.53162313093	3.70588405268	3.86013303894	3.98625875085	4.07695536402	4.12635123114	4.13051764604	4.08783432913	3.99913274911	3.86760834992	3.69850045202	3.498584692	3.2755603371	3.03737881116	2.79163572661	2.54507813465	2.30329193095	2.07058814619	1.85007578713	1.64388665434	1.45348304523	1.27998837252	1.12446063689	0.988066063025	0.872134580847	0.778069891847	0.707169270569	0.660376901673	0.638026582431	
0.795780368538	0.848407671944	0.918007459798	1.00155911372	1.09538052871	1.19536291702	1.29728362195	1.39712526046	1.4914005465	1.57740675617	1.65338513478	1.71859435681	1.77325824976	1.81844277195	1.85585099099	1.88758901977	1.91592844445	1.94310208767	1.97115928701	2.00187839442	2.03676390496	2.07710717432	2.12407657488	2.17884307296	2.24266574845	2.31695362598	2.40323482832	2.50304898496	2.61775206852	2.74822258791	2.89455032378	3.05568876891	3.22917566485	3.41093521074	3.59523521634	3.77482952018	3.94128118478	4.08550848378	4.1984410028	4.27178655388	4.29881165603	4.27500797041	4.19860586202	4.07082657136	3.8958537332	3.68049358895	3.4335830757	3.16520525672	2.88581429777	2.60538693963	2.33270410817	2.07484111547	1.83692403709	1.62214463633	1.43200635607	1.26673370749	1.12574696144	1.00813213734	0.913010954152	0.839771187201	0.788131864118	0.75805316655	0.749535249093	0.762350694041	0.795780368538	
1.07270145675	1.1660048926	1.26905878069	1.37856731742	1.490778859	1.60174194094	1.70763338694	1.80508829607	1.89148766291	1.96519011724	2.02564129938	2.07336930338	2.10987446596	2.13742857405	2.15880335059	2.17699150207	2.19492112335	2.2152396958	2.24016605952	2.27141751754	2.31024098114	2.35751181518	2.41387921386	2.47992030384	2.55627223887	2.64370902839	2.74311936171	2.85537799239	2.98111553963	3.12041000874	3.27242472885	3.43504703611	3.60461951434	3.7757779362	3.94149741082	4.09335155092	4.22200283635	4.31788770221	4.37205271585	4.37703742827	4.32770934703	4.22192802358	4.0609461106	3.84948763583	3.59545177002	3.3092909834	3.00311286085	2.68963363522	2.38110602497	2.08836367236	1.82009687908	1.58243251798	1.37884893096	1.21039783123	1.07617046117	0.973906169065	0.900633160605	0.853249467578	0.82895165415	0.825480066748	0.841164114378	0.874792649318	0.925369992202	0.991819680894	1.07270145675	
1.44789835842	1.56601006365	1.68599834591	1.80471161833	1.91872074026	2.02459031673	2.11921335805	2.20015190093	2.26589559896	2.31604718585	2.35138695666	2.37380960156	2.3861402138	2.391865743	2.39480039139	2.39874863293	2.40718504932	2.42300545802	2.44838285282	2.48469975583	2.53261847821	2.59222427172	2.66321265713	2.74512577838	2.83751010388	2.94002624711	3.05250474987	3.17478260288	3.30648471277	3.44671190066	3.5936608322	3.74428093504	3.89400972008	4.03668165701	4.16465023103	4.26915856514	4.34096540718	4.37113727465	4.35198220463	4.27799549432	4.14664824718	3.95896447287	3.71973123032	3.43732537381	3.12313577377	2.79063675748	2.45423926201	2.12805034453	1.82470701257	1.55443133117	1.32441184773	1.13856977294	0.997705192299	0.89996551793	0.84153871382	0.817445462469	0.822312147546	0.851016095301	0.899128174654	0.963130915689	1.04040002238	1.12902207618	1.22748694997	1.33434241272	1.44789835842	
1.88627104844	2.01006707606	2.12826938053	2.2382903502	2.33738456613	2.42294372829	2.49281888194	2.54564943799	2.58111862251	2.60009453044	2.60465517811	2.59798090407	2.58410699257	2.56760360534	2.55318253338	2.545300855	2.54780617434	2.56365230626	2.59472931789	2.64182039283	2.70468668954	2.78223938798	2.8728027064	2.97441100765	3.08503087493	3.20276774183	3.32594240406	3.45300716215	3.58237852473	3.71211489134	3.839598178	3.96121143576	4.07209546615	4.16611426497	4.23605453525	4.27403564262	4.27218844714	4.22353088211	4.12285221957	3.96760320111	3.75859642427	3.50036189837	3.20114000255	2.8724356578	2.52816995866	2.18354115405	1.85371334167	1.55251799596	1.2913275563	1.0782434952	0.917684237431	0.810399627229	0.753875136216	0.743038047007	0.771140467803	0.830685619686	0.914266789673	1.01522324336	1.12804873067	1.24853697495	1.37368820051	1.50145237601	1.6303547368	1.75910343054	1.88627104844	
2.34380565589	2.45349270834	2.55141626925	2.63592421029	2.70527786941	2.75791481061	2.79278949256	2.8096738704	2.80938623549	2.7939356547	2.76650519643	2.73131761646	2.69336316466	2.65802513994	2.63064952616	2.61610646015	2.61837227461	2.64023537136	2.68306718482	2.74679193168	2.82997471196	2.93001160119	3.04348229795	3.16648404856	3.29498658729	3.42512891789	3.55338268974	3.67659174904	3.79188713199	3.89644774841	3.98724081286	4.06073560835	4.11271317898	4.13825293441	4.13189328715	4.08806412336	4.00170651946	3.86904298863	3.68836327593	3.46073248051	3.19047589491	2.88531199191	2.55610341032	2.21619448589	1.88040755766	1.56380951624	1.2804087407	1.04195188727	0.85697556662	0.730228426273	0.662521246657	0.65100022719	0.689777163121	0.770809242131	0.884895613689	1.02265141849	1.17534037252	1.3354766234	1.4971588179	1.65613119907	1.80960773542	1.95593769326	2.09418600475	2.22370880142	2.34380565589	
2.77397653385	2.85153920767	2.91310629039	2.95826913836	2.98652243952	2.99750680183	2.99133915951	2.96887461023	2.93192388001	2.88338940061	2.82724174633	2.76838836039	2.7123756475	2.66500986515	2.63190069984	2.61798793076	2.62708463408	2.66152726011	2.72193132295	2.807117277	2.91420102474	3.03881618518	3.17549925202	3.31813027282	3.4603986157	3.59622470245	3.72008779737	3.82722725423	3.91367017522	3.97615070536	4.01190928622	4.01846233825	3.99344554363	3.9345051221	3.83940213943	3.70631389419	3.53424683624	3.32357430464	3.07660527029	2.79802581764	2.49511049431	2.17765967001	1.85758003714	1.54813073882	1.26292889931	1.01481044817	0.814711084175	0.670709245541	0.587359212745	0.565397692657	0.60184917645	0.690502070576	0.822677301763	0.988174099613	1.17626759559	1.37663389272	1.58009945963	1.77914870028	1.96815837191	2.14338188463	2.30271289427	2.4453054795	2.57113554916	2.68056399977	2.77397653385	
3.13262506406	3.16371121834	3.17684723777	3.17307673898	3.15328491165	3.11842590196	3.06976538413	3.00912802428	2.93910650147	2.86317513444	2.78569301043	2.71177605502	2.64703170848	2.59718588805	2.56762748724	2.56292127393	2.58633597853	2.6394339734	2.72181809527	2.83100206612	2.96247521346	3.10997122021	3.26587873241	3.42177821742	3.56904031735	3.69942414728	3.80559496692	3.88150015089	3.92260015098	3.92593102239	3.88996399053	3.81445058005	3.70017746855	3.54872420191	3.3623864669	3.14416767562	2.8978876107	2.6283844006	2.3417409956	2.04543307435	1.74833086775	1.46049946715	1.19275788153	0.956031524111	0.760552604353	0.61500996582	0.525766169205	0.49624686977	0.526596899787	0.613647533498	0.751202313967	0.930606473098	1.14152048042	1.37279637454	1.61336704539	1.85303366318	2.08307677357	2.29664886322	2.48893100265	2.65705748701	2.79986886389	2.91754347047	3.01116279188	3.08229232971	3.13262506406	
3.38346836678	3.35864425125	3.31626653583	3.25893873553	3.18904846883	3.10888712291	3.02082341775	2.92751295534	2.83206669344	2.738172327	2.65011080634	2.57266701785	2.51091992167	2.4699037498	2.45419871282	2.46745870926	2.51193382491	2.58806591378	2.69416861696	2.82629585173	2.97827510954	3.14198040699	3.30779979178	3.46525218817	3.6037485787	3.71334478241	3.78548201723	3.81356546735	3.79337719264	3.72327186838	3.6041159614	3.43907332167	3.23323345308	2.9931575562	2.72642561658	2.44125952978	2.14621950413	1.850001099	1.56131653927	1.28880330478	1.04091710646	0.825753936127	0.650786979724	0.522507579183	0.446009291516	0.424563233064	0.459252059012	0.548731267806	0.689160363704	0.874339318232	1.0960530335	1.34458397184	1.60934627082	1.87958805553	2.14507478805	2.3966780126	2.6268442725	2.82986639646	3.00202188026	3.14148795165	3.24811862433	3.32314733753	3.36879064876	3.38787122912	3.38346836678	
3.49849387963	3.41389207513	3.31436561526	3.20412428698	3.08706715165	2.96679790241	2.84670782471	2.73010470003	2.62033742122	2.52090939942	2.43552241007	2.36803323687	2.32233122808	2.30206838323	2.31033349338	2.34925170727	2.41953867822	2.52011964019	2.6477971189	2.79711494687	2.96038452271	3.12794579391	3.28868965483	3.43076523308	3.54243683237	3.61302871683	3.63382080259	3.59881931574	3.505312745	3.3541303332	3.14961225275	2.89925131822	2.61309699549	2.30298136416	1.98165162887	1.6619454101	1.3560563344	1.07496885155	0.828086540441	0.623030124296	0.46558729165	0.359748967325	0.307791821526	0.310364111092	0.36655079618	0.473918614951	0.628554925273	0.825120812794	1.05695903749	1.3162538115	1.59429467126	1.88181024581	2.16934567418	2.44772022965	2.7084603357	2.94418683428	3.14894517733	3.31842549244	3.45008300814	3.5431091917	3.59829731809	3.61783008023	3.604961367	3.56370342314	3.49849387963	
3.46185318116	3.31930250814	3.16644209795	3.00902696704	2.85241080908	2.7014252046	2.56035123283	2.43293985514	2.32247175164	2.23185455858	2.16367811386	2.12024380958	2.10353645945	2.11508358771	2.15575491834	2.22547426226	2.32289008578	2.44505222084	2.58714133401	2.74233206343	2.9018335497	3.0551734819	3.19071448768	3.29641776964	3.36076901547	3.37381155023	3.328146128	3.21978762124	3.04878652501	2.81947128224	2.54031691322	2.22340434464	1.8835239164	1.53703731757	1.20060954799	0.889983298061	0.618914420497	0.39838128977	0.23612794001	0.136541453598	0.100829038338	0.127415316949	0.212473341663	0.350493496888	0.534816344652	0.758080407702	1.01254586105	1.29032394526	1.5834990607	1.88421146378	2.18472148318	2.47746471457	2.75518692272	3.01109425932	3.23904523405	3.43377350913	3.59111613928	3.70822079568	3.78366763462	3.81754241949	3.81141802989	3.76823996767	3.69212552166	3.58811229724	3.46185318116	
3.26760782583	3.07454466938	2.87745324656	2.68346122241	2.4992151811	2.330610818	2.18261524247	2.05916916033	1.96315463623	1.89643730767	1.85995695931	1.85381551014	1.87737606695	1.92928514838	2.00746684545	2.10902581834	2.23008327546	2.36561436462	2.50927251982	2.65332523439	2.78870638856	2.90529296229	2.99239368254	3.03946777999	3.037022755	2.97761128676	2.8568044893	2.67400786371	2.43300877437	2.1421129417	1.81382693137	1.46409247842	1.11110615658	0.773869653513	0.470646483782	0.217501886138	0.0271061039793	-0.0920677017545	-0.13608246848	-0.105416799581	-0.004449894016	0.159342243672	0.376335774787	0.635732523072	0.926423763319	1.23768775481	1.55964877807	1.88353570714	2.20171809926	2.50761747976	2.79556034838	3.06054608305	3.29811993164	3.50428522015	3.67549212541	3.80872302391	3.90163889897	3.95278531868	3.96176902046	3.9294232116	3.85790941559	3.75071486804	3.61258299912	3.44933531843	3.26760782583	
2.92053902779	2.68943354613	2.46186893666	2.24606724906	2.0496896492	1.87942369971	1.74063954296	1.63713440385	1.57100199057	1.54260360287	1.5506652039	1.59245519095	1.66403254664	1.76048331726	1.87617654252	2.00494219251	2.14017041215	2.27487286554	2.40167303019	2.51282924427	2.60029734107	2.65594186502	2.67190106079	2.64114012883	2.55815885585	2.41979769795	2.22601440882	1.98051385151	1.69110012871	1.36962433488	1.03147425686	0.694610197336	0.378220676844	0.101146157573	-0.119725713718	-0.270896627764	-0.343338855318	-0.333093723373	-0.241339457231	-0.0739591912078	0.159306335391	0.445972729573	0.772038398311	1.12316912525	1.48571346422	1.84747160923	2.19815882858	2.52958264384	2.83558605839	3.11175075414	3.35505205986	3.56345171174	3.73550148852	3.87009135384	3.96627941619	4.02327186142	4.04050720027	4.01785073413	3.9558305283	3.85587860686	3.72055556319	3.55367269109	3.36033070494	3.1468458074	2.92053902779	
2.43631169002	2.18392929552	1.94352591412	1.72401111321	1.53365844688	1.37954356458	1.26702547482	1.19932859672	1.17728306259	1.19923109501	1.26113221878	1.35684542402	1.47855739743	1.61733911404	1.76369610912	1.90811577016	2.04152317265	2.15559390432	2.24295055507	2.29724069838	2.31316368873	2.28650515622	2.21424877732	2.0948012975	1.92834451564	1.71726979607	1.46661557132	1.18439151918	0.881668398724	0.572339606709	0.272481774929	-0.00065725212626	-0.229953461061	-0.399849454026	-0.497743694898	-0.515141412772	-0.448411987821	-0.299053317845	-0.0734571749282	0.217781203533	0.560901078705	0.940219903138	1.33941174749	1.74271707604	2.13592609376	2.50708851353	2.8469119173	3.14884226874	3.40886392345	3.62513929541	3.79748855738	3.92680340991	4.01457907309	4.06247063229	4.07200265677	4.044481421	3.98102198558	3.88271767322	3.75091317711	3.5875217126	3.39533892868	3.17828820296	2.94157795054	2.69170171205	2.43631169002	
1.8374925908	1.58394575981	1.35127023165	1.14851864737	0.984013669068	0.864632419433	0.795128637114	0.777566047613	0.810924484894	0.890957149949	1.01035088715	1.15914025018	1.32540001608	1.49615407917	1.6583071193	1.79961090217	1.90947283116	1.97952468994	2.00396923752	1.97963765767	1.90585463127	1.7841740684	1.61807956771	1.41273616403	1.17484110466	0.912574053416	0.635609326453	0.355103652373	0.0835633472216	-0.165494945866	-0.378137520442	-0.540843513743	-0.641501337914	-0.670450907953	-0.621423211334	-0.492234969778	-0.285135409098	-0.00674943507029	0.332363690701	0.718508357306	1.13587557936	1.56771690532	1.99749068169	2.40994532519	2.79195549217	3.13312773687	3.42609631858	3.6665334591	3.85288395369	3.98591064039	4.06814886415	4.10321651464	4.09525694569	4.0484109588	3.96644314024	3.8525718942	3.70943743227	3.53925570274	3.3441205313	3.12633598293	2.88882462138	2.63546874375	2.37133906536	2.10281252948	1.8374925908	
1.15479115489	0.922366672464	0.719714501437	0.555319821775	0.436775270313	0.369944543522	0.358157373008	0.401522449518	0.49647356418	0.635642048269	0.808111395687	1.00007316484	1.19583107973	1.37906962275	1.53421378857	1.64773745122	1.70925448615	1.71225443768	1.654442063	1.53765153885	1.36740463237	1.15221826681	0.902787696537	0.631177543516	0.350119184449	0.0724718399367	-0.189154666395	-0.422671334624	-0.616721009132	-0.760927728916	-0.846239629849	-0.865345627007	-0.813157544158	-0.68729189432	-0.488461418415	-0.220699530691	0.108640624087	0.489133180133	0.907781573545	1.34972867034	1.79911754833	2.24003870093	2.65746924642	3.03810863243	3.37107720277	3.64836252187	3.86506497128	4.01932295691	4.11203391253	4.14641617343	4.12738471167	4.0608984662	3.95334442877	3.81096472855	3.63942360826	3.44359148489	3.22745584122	2.99426107902	2.74679357845	2.48773282273	2.22008479689	1.94759579027	1.67503646454	1.40838193787	1.15479115489	
0.423217722002	0.235295999906	0.0854875733914	-0.0192267973019	-0.0730356345394	-0.0721854777716	-0.0158407545023	0.0932262001919	0.248229808021	0.438371962687	0.649305047234	0.864071849536	1.06443661397	1.23246750749	1.35219158848	1.41110197889	1.40133691717	1.32038408494	1.17123610305	0.962003823483	0.705062942544	0.415865551088	0.111597043954	-0.190155843115	-0.47257191857	-0.720501127242	-0.921065948975	-1.06398251178	-1.14167132733	-1.14921008557	-1.08423360586	-0.946830295302	-0.739442356924	-0.466791540296	-0.135798757549	0.244535016385	0.663325152917	1.10809435159	1.56518816837	2.02030256318	2.45910496832	2.8679050995	3.23434336232	3.5480124481	3.80097068853	3.98806676193	4.10708270322	4.158646531	4.14597140544	4.07439869695	3.95081882967	3.78303951264	3.57918206435	3.34711469061	3.094001518	2.82605817753	2.54843717568	2.26533482453	1.98021088087	1.69616316927	1.41632241074	1.14426888192	0.884364549656	0.641918928695	0.423217722002	
-0.317849465151	-0.438300519381	-0.513746475831	-0.539925246297	-0.514138685732	-0.43608369269	-0.308589229784	-0.138142946839	0.0649215705099	0.286687840274	0.510398602571	0.717663994987	0.890004407172	1.0105773592	1.06587482867	1.04716127449	0.951481840336	0.782096943948	0.548291806802	0.264581528245	-0.0505722084636	-0.376383065174	-0.691483000684	-0.975583855711	-1.2108825522	-1.38306819146	-1.48190467856	-1.50138554443	-1.43952709496	-1.29794227302	-1.08126778447	-0.796566363699	-0.452779853233	-0.0602670554399	0.369565135165	0.824553020182	1.29202671175	1.75904895629	2.21270948885	2.64043430525	3.03039468259	3.37194812905	3.65603012959	3.8756328276	4.02608337818	4.10528726015	4.11375849171	4.05450146033	3.93278881447	3.75568700239	3.53156843494	3.26955525275	2.97895186792	2.66873085729	2.34715032483	2.0214517822	1.6977748931	1.38119918352	1.07590592698	0.785489317564	0.513293401274	0.262765209105	0.0377310402443	-0.157440002079	-0.317849465151	
-1.02656581153	-1.05915503807	-1.04276709244	-0.977313072762	-0.86468839144	-0.709329841502	-0.518613763773	-0.303023272875	-0.0759486796507	0.146898907192	0.348471694377	0.511704591965	0.621040908815	0.663995945905	0.63256424908	0.524283898932	0.342805977029	0.0978763872409	-0.195291732067	-0.51719969551	-0.845665015167	-1.15766276787	-1.43118916491	-1.6469404249	-1.7896130081	-1.8487250968	-1.81892853513	-1.69984207862	-1.49549606973	-1.2135553752	-0.86444207126	-0.460453851581	-0.0150034690629	0.458010174658	0.944672374269	1.43139630041	1.90516548162	2.35373281523	2.76579330504	3.1311579385	3.44100918648	3.68806881302	3.86688376219	3.97400998087	4.00815779527	3.97029994595	3.86358430669	3.69320483066	3.46613090826	3.19075446495	2.87641696214	2.53299750776	2.17044580392	1.7983519944	1.42564021502	1.06030125316	0.709287005709	0.378503407082	0.0729003605547	-0.203344156847	-0.446608571723	-0.653604798431	-0.821224866872	-0.946475633317	-1.02656581153	
-1.66156012612	-1.59191718245	-1.47436479235	-1.31441411139	-1.11974501105	-0.900217744475	-0.667792624494	-0.436122549566	-0.219973991803	-0.0343832693737	0.106386482594	0.189996499626	0.207206277962	0.15292383444	0.0270025795261	-0.165335361211	-0.41353821177	-0.702259141466	-1.01236476794	-1.32233317252	-1.60990352497	-1.85378972628	-2.03530460535	-2.13967579793	-2.15692031795	-2.08228097648	-1.9161361679	-1.66353630042	-1.33345046708	-0.937841686424	-0.490744213983	-0.00736992400232	0.49665222406	1.00590330197	1.50564747083	1.9821993885	2.42317661403	2.81768912313	3.15648448099	3.43202642528	3.63862615964	3.77248469831	3.83174848311	3.81650982224	3.72881563668	3.57256639361	3.35335078859	3.07827113112	2.75566374183	2.39479920064	2.00553955735	1.598036488	1.18239197679	0.768391923087	0.365253275686	-0.018549687033	-0.375414997957	-0.69869038079	-0.982679566022	-1.22263421596	-1.41473549083	-1.55608077197	-1.64471867988	-1.67976803798	-1.66156012612	
-2.18724071549	-2.01201208258	-1.79730555993	-1.55502880893	-1.29884097677	-1.04351668309	-0.804210399142	-0.595589428711	-0.430959619067	-0.32141240622	-0.27503037702	-0.296222856258	-0.385245975425	-0.537952626927	-0.745823540058	-0.996309288292	-1.27348086547	-1.55896870907	-1.83312037496	-2.07630343278	-2.27022792696	-2.39915131111	-2.45090024254	-2.41756144522	-2.29578302531	-2.08678102805	-1.79595196903	-1.43231301222	-1.00778181808	-0.536367839164	-0.0334378518685	0.485023214013	1.00304494331	1.50523986	1.97726868308	2.40624603243	2.7810379499	3.09249602718	3.33362647783	3.49964183099	3.5879157544	3.59802087323	3.53156382197	3.39200438858	3.18448937445	2.91558736923	2.59307490832	2.22563644634	1.82262015227	1.39380849744	0.949186430884	0.498767683466	0.0524417493152	-0.380191707658	-0.789912644634	-1.16803693078	-1.50653817289	-1.79820055122	-2.03679161045	-2.21727641242	-2.33605441705	-2.39121732162	-2.38285434546	-2.31328052249	-2.18724071549	
-2.58275079287	-2.31471705552	-2.02445672617	-1.72972168231	-1.44877367934	-1.19913788412	-0.9963260348	-0.85275105185	-0.776845210762	-0.772507372596	-0.838885757888	-0.970487671264	-1.15760813285	-1.38701130674	-1.64281757124	-1.9075120913	-2.16300394357	-2.39167285486	-2.57730972223	-2.70595267181	-2.76650683224	-2.75122099212	-2.6558865722	-2.47988526427	-2.22603407367	-1.90029133288	-1.51136922767	-1.07025809647	-0.589782209385	-0.0840592672109	0.431968821064	0.943061081958	1.43417186806	1.89098337166	2.30035506178	2.65082862102	2.93292826382	3.13952297846	3.2660017759	3.31025022386	3.27265144595	3.15590862978	2.96481911209	2.70589268216	2.38704456612	2.01718945619	1.60591710459	1.16318655142	0.699053885783	0.223511550879	-0.253611033383	-0.722703869142	-1.1743759735	-1.59945605809	-1.98903246197	-2.33452062843	-2.62783784664	-2.86167194572	-3.02985443456	-3.127839951	-3.15322430462	-3.10628346173	-2.99043020102	-2.81248347537	-2.58275079287	
-2.85249703494	-2.52369165961	-2.19792033263	-1.89642158959	-1.63898609599	-1.44230313027	-1.31853391768	-1.27429215635	-1.31013733992	-1.42062124849	-1.59486624277	-1.81759302907	-2.07046523194	-2.33360601894	-2.58710736762	-2.81239320747	-2.99329538494	-3.11680283719	-3.17343547195	-3.15728771924	-3.06587539468	-2.89974758991	-2.66212218837	-2.35842104806	-1.99591403512	-1.58345306793	-1.13118874484	-0.650422812798	-0.153395586414	0.346905655295	0.837019220534	1.3033470488	1.73256075559	2.11209200854	2.43061694805	2.67856068872	2.84853778342	2.93562896156	2.93766330589	2.8551894462	2.69137137963	2.45178841251	2.14399564204	1.77713599345	1.36144470279	0.907750208468	0.427099830145	-0.0696073973301	-0.571863985005	-1.06964161913	-1.55343278834	-2.01416544053	-2.44311843145	-2.83179923631	-3.17193254187	-3.45554501812	-3.67520738699	-3.8244636892	-3.89841633335	-3.89442715016	-3.81286283874	-3.6577426166	-3.43715387339	-3.16336812211	-2.85249703494	
-3.03158981249	-2.69146907276	-2.3837693273	-2.1292784596	-1.94510244283	-1.84301268978	-1.8282656883	-1.89901616702	-2.04647479594	-2.25571822264	-2.50711034105	-2.77813211372	-3.04541820883	-3.28671951377	-3.48262550333	-3.61776263562	-3.68150989969	-3.66806385839	-3.5760927266	-3.40804105136	-3.16919270224	-2.8669303246	-2.50986087258	-2.10736058636	-1.66924401577	-1.20553166043	-0.72653260483	-0.242840335821	0.23462044319	0.694588400599	1.1255948614	1.51618453323	1.85524490722	2.13249060686	2.33892347565	2.46729480114	2.51262809078	2.47250041544	2.34722690041	2.13991072285	1.85625200764	1.5042569724	1.09380412358	0.636130857024	0.143263710566	-0.372482988946	-0.899014242343	-1.42472324146	-1.93882136485	-2.4313250546	-2.8930869725	-3.31569588977	-3.69120021059	-4.01220682716	-4.27165717135	-4.46313131923	-4.58116774271	-4.62176084185	-4.58316042303	-4.46656839697	-4.27689236346	-4.02322019914	-3.71897150726	-3.38156827799	-3.03158981249	
-3.18419001564	-2.8911257804	-2.65753910098	-2.49922933277	-2.42645313572	-2.44273309371	-2.54423552755	-2.71993726406	-2.95249126375	-3.21979348	-3.49702575042	-3.75893724868	-3.98206474293	-4.14666276122	-4.23802894321	-4.24720113511	-4.17098483891	-4.01127062016	-3.77417724372	-3.46876912254	-3.10586951164	-2.6972037211	-2.25447408493	-1.78904062279	-1.31170159299	-0.832627066985	-0.361573725027	0.091990203043	0.518715020001	0.909283533132	1.25445980332	1.54521910241	1.77306145713	1.93039337168	2.01093423908	2.01019783442	1.92587033412	1.75816268075	1.509884851	1.1864554035	0.79577045346	0.347815252929	-0.145767813876	-0.672209648836	-1.21818551955	-1.77036318507	-2.31585506401	-2.84255473704	-3.33944603547	-3.79662975049	-4.20535901545	-4.55799203758	-4.84783630627	-5.06924536996	-5.21759967825	-5.28958484262	-5.28359696977	-5.20026252677	-5.04305385103	-4.81878868152	-4.5380431578	-4.21517775704	-3.86802230555	-3.51705663176	-3.18419001564	
-3.38886316775	-3.19661976065	-3.08136941672	-3.05014301755	-3.10363159123	-3.23569132916	-3.4335563292	-3.67869561973	-3.948343939	-4.21748366408	-4.46107921181	-4.65625809775	-4.78420217642	-4.83141899789	-4.79046037622	-4.65986261289	-4.4434917088	-4.14959525966	-3.78943448002	-3.37614468329	-2.92356640161	-2.44540405908	-1.95466949203	-1.4633054762	-0.982190167001	-0.521119120375	-0.0889915052829	0.30597669185	0.656098089047	0.954100325119	1.19312675636	1.3668268444	1.46959880391	1.49683292549	1.44529255044	1.31349953736	1.10198524496	0.813538896642	0.453332248325	0.0288669749772	-0.450209148851	-0.972412670613	-1.52484451444	-2.09372838074	-2.66486788392	-3.22423413258	-3.75837694014	-4.25486856629	-4.70253079855	-5.09169381346	-5.4143954224	-5.66427090552	-5.83692145871	-5.92983872362	-5.9426038376	-5.87712501586	-5.73780176792	-5.53182338806	-5.26926040937	-4.96311314969	-4.62908693801	-4.2851572352	-3.95075518716	-3.64570509303	-3.38886316775	
-3.71518514064	-3.65835873493	-3.68110104266	-3.77998503786	-3.94579190684	-4.16387447007	-4.41508163239	-4.6771450446	-4.92647136374	-5.14007399664	-5.29746446947	-5.38221167238	-5.38305637476	-5.29439686898	-5.11625564221	-4.85365268547	-4.51574657836	-4.11469650957	-3.66443232303	-3.17985304767	-2.67574180756	-2.16624166692	-1.66444818736	-1.18211072719	-0.729664330137	-0.316183095765	0.0504377572089	0.363358934901	0.616642450638	0.805163016444	0.924573820111	0.971362133739	0.942942827881	0.837870840975	0.656077601418	0.39909343426	0.0702302354632	-0.325238099052	-0.780031987871	-1.28491298963	-1.82883904435	-2.39923736951	-2.98240103823	-3.56380872648	-4.12878024053	-4.66281643853	-5.15217483524	-5.58436760396	-5.94842325061	-6.2356547946	-6.43969253052	-6.55696710619	-6.58698236659	-6.53236967835	-6.39900968804	-6.19585561793	-5.93473746781	-5.62996112494	-5.29782917667	-4.95600819726	-4.62281977792	-4.31636904639	-4.05362837009	-3.84938389036	-3.71518514064	
-4.20100680798	-4.28493663227	-4.43470114798	-4.63736538325	-4.8760653235	-5.13104419789	-5.38095379928	-5.60440119755	-5.78147425707	-5.89518887241	-5.93257770457	-5.88547294903	-5.75068610841	-5.52988748571	-5.22906279764	-4.85767455326	-4.42796997498	-3.95380931786	-3.45000748251	-2.93156164767	-2.41299364579	-1.90798602775	-1.42897726593	-0.9870425752	-0.591731940871	-0.251117214708	0.0281750408513	0.240868833147	0.382944025576	0.451536328822	0.444896926825	0.362364272407	0.204397624045	-0.0273433217775	-0.329893868927	-0.698886066794	-1.12841551815	-1.61099603545	-2.13751086044	-2.69724335447	-3.27804982803	-3.86656494434	-4.4484482738	-5.008762924	-5.5325853407	-6.00534757039	-6.41355717274	-6.74540120564	-6.9913995613	-7.14516644401	-7.20384171373	-7.16868992831	-7.04517855169	-6.84294300735	-6.57541895194	-6.25908614035	-5.91263295738	-5.55588786795	-5.20874284071	-4.89008808766	-4.61683468387	-4.40302604133	-4.25910162513	-4.19125482779	-4.20100680798	
-4.83700778074	-5.0364336552	-5.27490099272	-5.53328454144	-5.79117823692	-6.02815253983	-6.22506915911	-6.36523187698	-6.43538693368	-6.42631667243	-6.33320418748	-6.15556048773	-5.89692072916	-5.56431352223	-5.16754067132	-4.71864551248	-4.23104668588	-3.71902350828	-3.19711796332	-2.67959634987	-2.18014071991	-1.71136948559	-1.28464193066	-0.909867361085	-0.595359654303	-0.347785509561	-0.172184584914	-0.0719943853217	-0.0491499988129	-0.104148328165	-0.236151499974	-0.443054781921	-0.72153000013	-1.06707251541	-1.47396295975	-1.93527625229	-2.44283992107	-2.98719887514	-3.55761978016	-4.14212872423	-4.72763035014	-5.30002725816	-5.84468189621	-6.34656474026	-6.79098413987	-7.16430443116	-7.45439100797	-7.65189961874	-7.7508226152	-7.74932365861	-7.65046608717	-7.46221750247	-7.19744183631	-6.87322833167	-6.50986854493	-6.12958845206	-5.75504919495	-5.40788982578	-5.10737538355	-4.86926379017	-4.70493382836	-4.62084892655	-4.61825751949	-4.69324537337	-4.83700778074	
-5.56993803044	-5.83671922044	-6.10941017461	-6.36724163696	-6.59071279402	-6.76270875005	-6.86938566721	-6.90072494512	-6.85083118564	-6.71783614863	-6.50373448868	-6.21379534833	-5.85609323496	-5.44098818646	-4.98032087086	-4.48722650018	-3.97533430428	-3.45856129022	-2.950679712	-2.46485698458	-2.01353242787	-1.60791281199	-1.2578995041	-0.971817970154	-0.756295050306	-0.616204809834	-0.55463965111	-0.57294974382	-0.670802374853	-0.846311962621	-1.09613926382	-1.41559943651	-1.79880338575	-2.23873137885	-2.727254998	-3.25526845192	-3.81261380538	-4.38807990629	-4.96955480642	-5.54396387876	-6.09739665303	-6.6154012551	-7.0834753621	-7.48733360287	-7.81382847629	-8.05179997887	-8.19276998038	-8.23219241568	-8.16998439561	-8.01122681299	-7.76633675872	-7.45070640104	-7.08403363316	-6.68901981759	-6.28990495813	-5.91072956554	-5.57368580261	-5.29760126509	-5.09674421341	-4.97998243564	-4.95037894284	-5.00513479724	-5.13597942436	-5.32986662161	-5.56993803044	
-6.31776657022	-6.59476020461	-6.84595191412	-7.05308227692	-7.2009703795	-7.27816349272	-7.27718902632	-7.19460435488	-7.03076138779	-6.78937505568	-6.47701339765	-6.10256667006	-5.67670113067	-5.21135720482	-4.71935629979	-4.21396516902	-3.70859214246	-3.21644580957	-2.75024379248	-2.3219364893	-1.94239944135	-1.62122316902	-1.36648409434	-1.18454706405	-1.07998090601	-1.05549859486	-1.11193456429	-1.2483214038	-1.46198102269	-1.74862186853	-2.1025279333	-2.51667414099	-2.98287551611	-3.49192840062	-4.03367240396	-4.59710118406	-5.17036857018	-5.74086570672	-6.29532546318	-6.81993031015	-7.30056634002	-7.72331431478	-8.07488707962	-8.34349448035	-8.51962640111	-8.59691549934	-8.57313816583	-8.45076539893	-8.23745732314	-7.94597852989	-7.59377459726	-7.20207629283	-6.79456000009	-6.39577000902	-6.02939552962	-5.716602945	-5.47456305498	-5.31532520488	-5.2450768689	-5.2638569915	-5.36573214133	-5.53935454692	-5.76891875026	-6.03536942472	-6.31776657022	
-6.99452353927	-7.22953168932	-7.4144165459	-7.53609047348	-7.58530939081	-7.55665876372	-7.44848364213	-7.26252754818	-7.0034833342	-6.67852365397	-6.29681101621	-5.8690199574	-5.40693400474	-4.92307118641	-4.4303682196	-3.94180883447	-3.4701943852	-3.02785403024	-2.62630501481	-2.27607940878	-1.98637776245	-1.76489800877	-1.61764121302	-1.54874373052	-1.56043045458	-1.65296365968	-1.82472438378	-2.07227608742	-2.39051322593	-2.77276069666	-3.21101887132	-3.69611016436	-4.21781382377	-4.76503629956	-5.32591921918	-5.88794891925	-6.4380431463	-6.96272940854	-7.4483299279	-7.88121784905	-8.24842637623	-8.53812743461	-8.74042973315	-8.84822628381	-8.85798514226	-8.77048774634	-8.59123215642	-8.33066777342	-8.0038462579	-7.62980382642	-7.23045649476	-6.82928191725	-6.44974093064	-6.11368491307	-5.83984668272	-5.64255557177	-5.53081215953	-5.50771790839	-5.5704244257	-5.71044657365	-5.9143566368	-6.16494603153	-6.44239389269	-6.72579565985	-6.99452353927	
-7.53250870978	-7.68852712982	-7.78014394991	-7.80035645721	-7.74567824543	-7.61587850579	-7.41368010882	-7.14426288421	-6.81488797826	-6.43450330661	-6.01335052394	-5.56268138951	-5.09443292004	-4.62100050275	-4.15488479224	-3.70840733959	-3.29349433544	-2.92136283299	-2.60221182564	-2.34497090028	-2.15704292177	-2.04408397816	-2.00985278099	-2.05608677845	-2.1824864911	-2.38673156166	-2.66456835732	-3.01000342224	-3.41541764096	-3.87176764247	-4.36884253961	-4.89542878332	-5.4395048425	-5.9884462006	-6.52913012596	-7.04819616067	-7.53221806331	-7.96794192812	-8.34280610602	-8.64524581889	-8.86544948298	-8.99608034403	-9.03289967063	-8.97558903699	-8.82810913236	-8.59899816933	-8.30126086682	-7.9517830642	-7.57052799543	-7.17936693688	-6.80069238765	-6.45596527238	-6.16427653818	-5.94106922073	-5.79711105625	-5.73782470956	-5.76299173541	-5.86688966666	-6.03880363608	-6.26392152513	-6.52444360398	-6.80081434431	-7.07322161998	-7.32274517119	-7.53250870978	
-7.89171876303	-7.9500633329	-7.93939260283	-7.85820266204	-7.70770571778	-7.49154748132	-7.21534496597	-6.88631326593	-6.51299018739	-6.10497079358	-5.67265846471	-5.22707839619	-4.77968130993	-4.34211513794	-3.92599932071	-3.54263800849	-3.2027597752	-2.91622319368	-2.69169894235	-2.5363988173	-2.45580829495	-2.45347893787	-2.53085780393	-2.68722561186	-2.9197077332	-3.22333067046	-3.59119006934	-4.01462637068	-4.48351254581	-4.98645885483	-5.51112737104	-6.04447405704	-6.57304276196	-7.08325273162	-7.56157627239	-7.99497011352	-8.37119061899	-8.67916028703	-8.90955094939	-9.05524768916	-9.11198406749	-9.07890084901	-8.95893790326	-8.75917259791	-8.49068833385	-8.16831821396	-7.80999960788	-7.43573735496	-7.06649225159	-6.72286090863	-6.4237277506	-6.18502755836	-6.01867446116	-5.93179507326	-5.92627189212	-5.99871865291	-6.14079318836	-6.33993010303	-6.58026906904	-6.84387825331	-7.11205832233	-7.36641357773	-7.59023364065	-7.76911540276	-7.89171876303	
-8.06398449436	-8.02209573892	-7.91387485241	-7.74211344277	-7.51154941201	-7.22846807856	-6.90035874281	-6.53559855183	-6.14323108739	-5.73283101323	-5.31439580221	-4.89818304738	-4.4946415427	-4.11420394438	-3.76713916894	-3.46330266845	-3.2118686725	-3.02105912411	-2.897785296	-2.84738816281	-2.87335264274	-2.97708449579	-3.15773672613	-3.41218093402	-3.7349977438	-4.11861020382	-4.553495707	-5.02840957417	-5.53079589517	-6.04707617857	-6.56308144287	-7.0644485905	-7.53702581189	-7.96733336222	-8.34294719304	-8.65297176193	-8.88847930474	-9.04289313339	-9.1124735435	-9.09661152077	-8.99805404808	-8.823118339	-8.58161836968	-8.28658801098	-7.95382167414	-7.60118721194	-7.24768459896	-6.91241370562	-6.61343310691	-6.36660160742	-6.18456255317	-6.07588346239	-6.04444894445	-6.08920253417	-6.20424522781	-6.37929571008	-6.60049745026	-6.85144215317	-7.11438250417	-7.37147569623	-7.60589619362	-7.80286351098	-7.95027332625	-8.0391976101	-8.06398449436	
-8.06262272239	-7.92960964955	-7.73749288426	-7.49223274617	-7.20107752415	-6.8721588427	-6.5141690945	-6.13611361566	-5.74712931281	-5.35641911529	-4.97313455537	-4.60638772728	-4.26520495015	-3.95837119088	-3.69438341305	-3.48122115708	-3.32613907519	-3.23538990988	-3.2139202954	-3.26503886004	-3.39017980177	-3.58861243828	-3.85728379112	-4.19075995003	-4.58122398319	-5.01869946144	-5.49121642535	-5.98524408689	-6.48613588449	-6.97861552174	-7.44741048723	-7.87781404228	-8.25629336304	-8.57113569428	-8.81296893781	-8.97520137314	-9.05441111639	-9.05049950223	-8.96675990594	-8.8098044833	-8.58924052963	-8.31734435477	-8.00855553114	-7.6788622623	-7.3451609585	-7.02446387788	-6.73309028794	-6.48581480323	-6.29504280877	-6.17000191369	-6.11613397915	-6.13465024675	-6.22236981045	-6.37183679941	-6.5718416345	-6.8081182143	-7.06438588889	-7.32357341687	-7.56875151237	-7.78446334802	-7.95749637886	-8.07741255884	-8.13700920157	-8.13236488119	-8.06262272239	
-7.91344820031	-7.70472789864	-7.4465989564	-7.14726856526	-6.8158089984	-6.46162007672	-6.09421270324	-5.72290730018	-5.35664310439	-5.0039670222	-4.67294893937	-4.37123150767	-4.10603206554	-3.88414834871	-3.7118864727	-3.59497004001	-3.53838484863	-3.54612689433	-3.62092663022	-3.76395954883	-3.97454764091	-4.24988036377	-4.58483523843	-4.97188225175	-5.40114235651	-5.8605694336	-6.33628756423	-6.81309150257	-7.27503277359	-7.70618684829	-8.09144922353	-8.41730743437	-8.67268341955	-8.84958937149	-8.94363527926	-8.95431117329	-8.88498955428	-8.74271495926	-8.5376737639	-8.28253086038	-7.9917544953	-7.68081748217	-7.36546409468	-7.06108732197	-6.78213324242	-6.54156250059	-6.35037293213	-6.2171100291	-6.14745776814	-6.14386637943	-6.20528666682	-6.32708876386	-6.50118623679	-6.71639810171	-6.95909663397	-7.21399447006	-7.46516702	-7.69713382643	-7.89562518789	-8.04860217489	-8.14679137228	-8.18392666288	-8.15696000726	-8.06588427667	-7.91344820031	
-7.64744501892	-7.38143853173	-7.07686663129	-6.74350263925	-6.39162899393	-6.03154977397	-5.67321664143	-5.32598197702	-4.99839634243	-4.69810045801	-4.43186504581	-4.20563502696	-4.02457196562	-3.89317282649	-3.81527353868	-3.79404487284	-3.83191796117	-3.93040184524	-4.08984545879	-4.3091893823	-4.58564055039	-4.91440556098	-5.28851857233	-5.69873165965	-6.13360488049	-6.57971929916	-7.02216356698	-7.4451500881	-7.83280379197	-8.17010881485	-8.44386685927	-8.64366909561	-8.76269587075	-8.7982949893	-8.7522578946	-8.63070629781	-8.44360270761	-8.20398587601	-7.92704053246	-7.62895046833	-7.32589192066	-7.03321516359	-6.76473068489	-6.53226395844	-6.34537922664	-6.21121763045	-6.13442908146	-6.1171195453	-6.15880141254	-6.25636608073	-6.40411372143	-6.59383510651	-6.81509311565	-7.05562275714	-7.30189717392	-7.53990193046	-7.75586817666	-7.93709460532	-8.07270022902	-8.15413111119	-8.17557927161	-8.13420869017	-8.03010184695	-7.86609262346	-7.64744501892	
-7.29268561269	-6.98863668022	-6.6572869314	-6.30937475516	-5.95588700934	-5.60757364742	-5.27448386153	-4.96569601702	-4.68910309126	-4.45127362224	-4.25749549255	-4.11183348901	-4.01725502035	-3.97579670984	-3.98866568665	-4.05632078851	-4.17849540278	-4.35405909759	-4.58091808802	-4.8557385824	-5.1737097335	-5.52827102256	-5.91099283928	-6.31148535142	-6.71752942797	-7.11545172979	-7.490600951	-7.82818897682	-8.11418277216	-8.33632089295	-8.48516201168	-8.55499333804	-8.54441843604	-8.45669151648	-8.29958697869	-8.08483639355	-7.8271711926	-7.54314780458	-7.24989313567	-6.96391024058	-6.70002503173	-6.47063544487	-6.28533140993	-6.15075258016	-6.07068305555	-6.04629052223	-6.07640796947	-6.15781645345	-6.28547406553	-6.45267504498	-6.65125295477	-6.87166597661	-7.10330527388	-7.33482575314	-7.55443844741	-7.75064393546	-7.91264615775	-8.03088626913	-8.09772438555	-8.10769752956	-8.05784023323	-7.94787490115	-7.78013875221	-7.55942634527	-7.29268561269	
-6.87607752029	-6.55286450574	-6.21356557086	-5.86931623003	-5.53128406967	-5.21013480801	-4.91562188219	-4.65621526333	-4.4388662158	-4.26889531235	-4.14997813416	-4.08424213322	-4.07243531342	-4.11413953158	-4.20793740061	-4.35158264271	-4.54211851812	-4.77582831825	-5.04819482794	-5.35375895462	-5.6859169184	-6.0367549771	-6.39697519048	-6.75589658078	-7.10168573131	-7.42177714753	-7.70343469229	-7.93466006139	-8.10502301183	-8.20667291914	-8.23523026122	-8.19034517116	-8.07607488426	-7.90078594178	-7.67661450831	-7.41855425065	-7.14327186227	-6.86774946598	-6.60802002181	-6.37808656796	-6.18910530233	-6.04894804316	-5.96210684558	-5.92989952112	-5.9508785517	-6.02134108096	-6.13585433712	-6.28770950213	-6.46928244796	-6.67227798621	-6.88791548034	-7.10703035845	-7.32025480316	-7.51818359605	-7.69157216417	-7.8317750971	-7.93101884425	-7.98278534905	-7.98224404217	-7.92651409432	-7.81491768911	-7.64908739128	-7.43295054564	-7.17261478563	-6.87607752029	
-6.41834758239	-6.09375554065	-5.76389552309	-5.43969360291	-5.13190140739	-4.85060196573	-4.60476432845	-4.40187422037	-4.24769209878	-4.14611279983	-4.09915426437	-4.1070605797	-4.16847277981	-4.28067428944	-4.43982586447	-4.64121521488	-4.87938230016	-5.14826766138	-5.44124475767	-5.75104581569	-6.06976711626	-6.38879081567	-6.69881459251	-6.98998700294	-7.25217391132	-7.47539948321	-7.65046228333	-7.769609539	-7.82730412871	-7.82096851542	-7.75144829055	-7.62331576224	-7.4448474968	-7.22756192372	-6.98544361207	-6.73389230128	-6.48854223432	-6.26405394959	-6.07304862979	-5.92532445418	-5.82738022237	-5.7822807297	-5.78985296554	-5.84712329115	-5.94888484018	-6.0883350228	-6.25766779251	-6.44858150956	-6.65261230864	-6.86140828917	-7.06680740225	-7.26096838735	-7.43633337239	-7.58575666941	-7.70264822417	-7.78104701197	-7.81595015584	-7.80353694926	-7.74141316605	-7.62886933328	-7.4670778631	-7.25915616447	-7.01018626865	-6.72707898798	-6.41834758239	
-5.93854307985	-5.628336399	-5.32289622832	-5.03235380475	-4.76647274399	-4.53419702464	-4.34324681577	-4.19975497102	-4.10803923647	-4.07046263885	-4.08740872875	-4.15738729072	-4.27719435062	-4.44216219998	-4.64642132881	-4.8831910536	-5.14504721602	-5.42405040967	-5.71201302933	-6.00055201611	-6.28119556155	-6.54552536688	-6.78527136788	-6.99256085479	-7.16018115828	-7.28197429605	-7.35326193479	-7.37131144845	-7.335789239	-7.24905779851	-7.11631446213	-6.94555040931	-6.74716835918	-6.53338594844	-6.3174213137	-6.1125371652	-5.93108611445	-5.78364195496	-5.67827737973	-5.62012864021	-5.61125345642	-5.65072615929	-5.73499480938	-5.8583978672	-6.01375563807	-6.19297147903	-6.3875666311	-6.58912388039	-6.78955764455	-6.98133690134	-7.15751517701	-7.31182046689	-7.43857589854	-7.53277135722	-7.59011733388	-7.60706623115	-7.58103862789	-7.51051300884	-7.39525175035	-7.2364276268	-7.03674963377	-6.80053806814	-6.53367647485	-6.24348798704	-5.93854307985	
-5.44929410668	-5.16659643873	-4.89752734198	-4.6508810174	-4.43489006751	-4.25686688191	-4.12284175675	-4.03727536137	-4.00285830424	-4.0203785144	-4.08869829628	-4.2048531347	-4.36419517139	-4.56062384044	-4.78685642676	-5.03474245986	-5.29559721375	-5.56045413556	-5.82040343411	-6.06683259638	-6.29167481809	-6.48766796287	-6.6485317347	-6.76924964456	-6.84626807869	-6.87771077827	-6.86357032509	-6.80585268921	-6.70862024214	-6.57792269049	-6.42164120825	-6.2491146829	-6.07066457973	-5.89701294485	-5.73860031977	-5.60493734291	-5.50397822803	-5.44163965534	-5.42147852964	-5.44454593125	-5.50948310135	-5.61273369517	-5.74893197035	-5.9113669855	-6.09246094796	-6.28425094118	-6.47878071825	-6.66843902683	-6.84616272328	-7.00559029446	-7.1411126292	-7.24792078745	-7.32199977898	-7.36013692497	-7.35996336847	-7.31997431407	-7.23964580526	-7.11948389781	-6.96110150224	-6.76731806803	-6.54217050883	-6.29090897798	-6.01993647151	-5.73665709245	-5.44929410668	
-4.95918490214	-4.71367041327	-4.4891168272	-4.29252784071	-4.13017029658	-4.00731038436	-3.92795095892	-3.89464962862	-3.9083540084	-3.96832348237	-4.07213436641	-4.2157264368	-4.3935463199	-4.59873672094	-4.82341755852	-5.05902529967	-5.29657943508	-5.52711629467	-5.74207013701	-5.93358505804	-6.0949176709	-6.2207141303	-6.30726817427	-6.35270791406	-6.35708595559	-6.32239819384	-6.25249904546	-6.15289887494	-6.03051074105	-5.89329554156	-5.74985166073	-5.60896234493	-5.47914122811	-5.36819392579	-5.28279352227	-5.22817646947	-5.20789168227	-5.22366212593	-5.27538291495	-5.36118363367	-5.47762235622	-5.61993139554	-5.78231563364	-5.95828798359	-6.1409727339	-6.32341063641	-6.49884020406	-6.6608656553	-6.80364116519	-6.92202123896	-7.01159164182	-7.06879679425	-7.09092755269	-7.07622766165	-7.0239014461	-6.934110281	-6.80807284034	-6.64800570828	-6.45713741818	-6.23968270002	-6.00076872438	-5.746355011	-5.48310132548	-5.2182006678	-4.95918490214	
-4.4725213607	-4.26991196144	-4.09377350312	-3.9490058794	-3.83960653962	-3.76853133235	-3.73756500168	-3.74726028354	-3.79685009431	-3.88423939896	-4.00604591787	-4.15761960201	-4.33317531699	-4.52594368465	-4.72841298483	-4.93260873256	-5.13039419683	-5.31386462217	-5.47576628513	-5.60985899551	-5.71129913331	-5.77697124175	-5.8056899475	-5.79830804759	-5.75768530818	-5.68851065888	-5.59699633547	-5.49046242194	-5.37686395083	-5.2642750032	-5.16041135518	-5.07219326711	-5.00540730015	-4.96447827332	-4.95232244027	-4.97033303498	-5.01845276559	-5.09530156202	-5.19832531997	-5.32401748557	-5.46810271069	-5.62571897476	-5.79161356552	-5.96027563656	-6.12612081949	-6.28358552699	-6.42729354221	-6.55217584069	-6.65357908893	-6.72742913276	-6.7703274221	-6.77971011703	-6.75392217213	-6.69232466121	-6.59536161184	-6.4645581053	-6.30252227581	-6.11288648569	-5.90019638755	-5.66979083138	-5.42763840073	-5.1801609169	-4.93402714863	-4.69595848492	-4.4725213607	
-3.98657850029	-3.82863531606	-3.7006728277	-3.60533662626	-3.54423235263	-3.51793488431	-3.52601180467	-3.56708300878	-3.63886818321	-3.73824170926	-3.86129947278	-4.00341833233	-4.15932775305	-4.32322314692	-4.48891269058	-4.64999358706	-4.80012308342	-4.93332467682	-5.04431892699	-5.12889117378	-5.18422953851	-5.20919388276	-5.20449588423	-5.17272482201	-5.11822713413	-5.04682548312	-4.96539514417	-4.88135676509	-4.80211708787	-4.73454133986	-4.68449422975	-4.65649058787	-4.65350363274	-4.67692642213	-4.72667068046	-4.80131003974	-4.89837512437	-5.01464026463	-5.14632718613	-5.28937505947	-5.43958203183	-5.59269358339	-5.74446897816	-5.89070161079	-6.02721654456	-6.14988965939	-6.25468816166	-6.33776957684	-6.39555432417	-6.42488968582	-6.42325342651	-6.38887512315	-6.32093067897	-6.21967132727	-6.08649661915	-5.92397898973	-5.73580784334	-5.52668643632	-5.30215508265	-5.06836493843	-4.83183532839	-4.5991773941	-4.37683441696	-4.17083922057	-3.98657850029	
-3.49734559467	-3.38204696244	-3.29819945769	-3.2462455939	-3.22550475364	-3.23432890727	-3.27029140454	-3.33036949728	-3.41112429619	-3.50885123068	-3.61967497907	-3.73961255536	-3.86460436747	-3.99053256013	-4.11324611388	-4.22862438288	-4.33269797843	-4.42182146907	-4.4929075282	-4.5436979174	-4.57303169583	-4.58107253822	-4.56944488106	-4.54123961861	-4.50087991724	-4.45381982969	-4.40613956005	-4.36405097046	-4.33336571904	-4.31904317045	-4.32481243497	-4.35291889762	-4.40405271346	-4.47745359328	-4.57109087586	-4.68194276729	-4.80636909874	-4.94040067665	-5.08001631338	-5.2213463713	-5.36075887664	-5.49490201556	-5.62065473303	-5.73505079082	-5.83520393917	-5.91824974227	-5.98134804782	-6.0216890567	-6.03664082307	-6.0238982163	-5.98166706707	-5.90889333611	-5.8054340781	-5.67224134528	-5.51144671587	-5.32638006375	-5.12148388238	-4.90218835826	-4.6746586661	-4.445519504	-4.22150490285	-4.0091310901	-3.81439222731	-3.64243061368	-3.49734559467	
-2.99728783474	-2.91972530458	-2.87319962442	-2.8562023889	-2.86610087332	-2.89942147545	-2.95217839881	-3.02019272517	-3.09937743403	-3.18595747965	-3.27660548278	-3.36848144048	-3.45919883412	-3.54673748712	-3.62932815797	-3.70535147168	-3.7732923013	-3.83176356978	-3.87960396879	-3.91604537455	-3.94091074923	-3.95480661031	-3.95925549178	-3.95673417215	-3.95058796639	-3.94481486172	-3.94374897677	-3.95165610301	-3.97233607487	-4.00874727786	-4.0627153203	-4.13479134286	-4.22423131113	-4.32912284675	-4.44659572851	-4.5731477186	-4.70494568516	-4.83812308521	-4.96903158062	-5.09436324632	-5.2112470288	-5.31720411415	-5.41006672917	-5.48788683954	-5.54880219278	-5.59094119766	-5.61243889469	-5.61138776949	-5.58599690105	-5.53474924782	-5.45655296485	-5.35102467105	-5.21863928803	-5.06092512363	-4.88055180953	-4.68134102004	-4.46818974112	-4.24689137329	-4.02385516473	-3.8057888043	-3.59929819211	-3.41051170736	-3.24472105303	-3.10605390446	-2.99728783474	
-2.4809677709	-2.43447315423	-2.41706297197	-2.42572258055	-2.45640498495	-2.50440089772	-2.5647729302	-2.63278780991	-2.70425626371	-2.77580203466	-2.84500668372	-2.91042129921	-2.97145180518	-3.02815890166	-3.08100603053	-3.1306090804	-3.17753118909	-3.2221613204	-3.26469186174	-3.30519195598	-3.34375259088	-3.38066492413	-3.4165828215	-3.45263140772	-3.49041691817	-3.53194548278	-3.57943845294	-3.63507087326	-3.700710364	-3.77763570447	-3.86631590652	-3.96633434714	-4.07635120092	-4.19419648973	-4.31707634565	-4.44179320452	-4.56498234944	-4.68337114047	-4.79396514849	-4.89413232865	-4.98168275665	-5.05480876566	-5.11204354739	-5.15214322001	-5.17394352758	-5.17633796112	-5.15821527573	-5.1184667127	-5.05609676272	-4.97035204521	-4.8608957891	-4.72800278297	-4.57275276133	-4.39717354239	-4.20432549344	-3.99831602701	-3.78418856367	-3.56774742017	-3.35526804775	-3.1531395093	-2.96748080586	-2.80373662739	-2.66629550779	-2.55820387801	-2.4809677709	
-1.9459482747	-1.92362330125	-1.9273916922	-1.95332039505	-1.99660645987	-2.05200417423	-2.11430511281	-2.17880549038	-2.24167817612	-2.30025555265	-2.35314586706	-2.40020769723	-2.44237460097	-2.4813608885	-2.5193114303	-2.55843545041	-2.60068941781	-2.64754820535	-2.69989091194	-2.75800891405	-2.82171501753	-2.89052501631	-2.96386446604	-3.04125249808	-3.12243348976	-3.20742476653	-3.29647480302	-3.38995715191	-3.48819792938	-3.59131550243	-3.69904918663	-3.81064624902	-3.92483499354	-4.03984269087	-4.15348960338	-4.2633302294	-4.36680780889	-4.46142525318	-4.54486456003	-4.61510625794	-4.67044997177	-4.70949762249	-4.73119636557	-4.73469566648	-4.71929128955	-4.68441318136	-4.62956559594	-4.55436441359	-4.45859938782	-4.34230960537	-4.20595242747	-4.05053163472	-3.87773668982	-3.69006299238	-3.49085792654	-3.28431378704	-3.07535887809	-2.86947563024	-2.67242692921	-2.48992200516	-2.32723782704	-2.18886647896	-2.07815974574	-1.99705813396	-1.9459482747	
-1.39606862257	-1.39224971529	-1.41106977819	-1.44830718365	-1.49907787573	-1.55827366137	-1.62101838898	-1.68310381478	-1.7413586068	-1.79389085193	-1.84017926811	-1.88101781404	-1.91829923687	-1.95468572424	-1.99321425546	-2.03687709832	-2.08824946466	-2.14920376405	-2.22074309795	-2.30296636541	-2.39515603201	-2.4959626381	-2.60364244633	-2.71631008484	-2.83215649103	-2.94961401935	-3.06743290279	-3.18468573455	-3.30070272741	-3.41496150926	-3.52695327024	-3.63605941265	-3.7414604262	-3.84208183084	-3.93659170386	-4.02342906578	-4.10089307737	-4.16721325295	-4.22065808393	-4.25962299115	-4.28268989064	-4.28867106499	-4.27663618705	-4.24591866866	-4.19609759916	-4.12698364242	-4.03862527816	-3.93131992467	-3.80564283809	-3.66249330486	-3.50318085264	-3.32949992264	-3.14378539073	-2.94898135112	-2.74863690028	-2.54687147684	-2.34826427133	-2.15768075313	-1.98004212851	-1.82005118717	-1.68187030713	-1.56882601195	-1.48314158171	-1.42572514089	-1.39606862257	
-0.842445783716	-0.853918311821	-0.884619852166	-0.930595273647	-0.987459710843	-1.05076157403	-1.11637326339	-1.1808531267	-1.24174610261	-1.29778312301	-1.34894935859	-1.39641862279	-1.44234484334	-1.48955472785	-1.54116679835	-1.6001890599	-1.66914961891	-1.74979911642	-1.84292541081	-1.94829237449	-2.06470398463	-2.1901759217	-2.32218043994	-2.45792329763	-2.5946205515	-2.72972449659	-2.86108888468	-2.98704728952	-3.10642645771	-3.21847022902	-3.32272579113	-3.4189173119	-3.50678821963	-3.58599047087	-3.65599195747	-3.71602733435	-3.76510172995	-3.80201416007	-3.82544401528	-3.83401452291	-3.82641464896	-3.80148431581	-3.75829661375	-3.69623906899	-3.61504934186	-3.5148696511	-3.39624564197	-3.26015058567	-3.1079773192	-2.9415291585	-2.76302761979	-2.57509523557	-2.38074057698	-2.18333097227	-1.98654200315	-1.79428954938	-1.61060632233	-1.43951524153	-1.28484271525	-1.15003010039	-1.03792850454	-0.95058440615	-0.889083289633	-0.853418741501	-0.842445783716	
-0.303596177438	-0.330191540634	-0.372963405107	-0.428610562465	-0.493607132966	-0.564457866684	-0.637964292267	-0.711484593602	-0.78315537886	-0.852038353712	-0.918179857556	-0.982566379002	-1.04697394606	-1.11372671113	-1.18538992636	-1.26443590476	-1.35291917576	-1.45220396891	-1.56277783872	-1.68416690604	-1.81497168939	-1.9529954257	-2.09546400519	-2.23929025472	-2.381353226	-2.51875363586	-2.64901062607	-2.77020109416	-2.88100199847	-2.98066150901	-3.06890230617	-3.14577239558	-3.21148356802	-3.26623629411	-3.31008467445	-3.34282002917	-3.36391723152	-3.37254886937	-3.36760579513	-3.34782064649	-3.31188660426	-3.25857087649	-3.18691577706	-3.0963405896	-2.98672857559	-2.85854218768	-2.71284455457	-2.5512989641	-2.37613498888	-2.19008575693	-1.99630106963	-1.79824173651	-1.59957155897	-1.40404294352	-1.21538242395	-1.03718226472	-0.872795686992	-0.725238549723	-0.597086058919	-0.490381656265	-0.40655817146	-0.346358257051	-0.309777818191	-0.296038816305	-0.303596177438	
0.195819312434	0.151455708584	0.0935850623679	0.0246962441094	-0.0526580881731	-0.13597904067	-0.222956834552	-0.311615744983	-0.40045267319	-0.488547328374	-0.575630657838	-0.66208999959	-0.748900744195	-0.837488726074	-0.929529148723	-1.02670493145	-1.13045329828	-1.24173270713	-1.36084123913	-1.48731039035	-1.61989174838	-1.75663083588	-1.89503014722	-2.03226291973	-2.16541838043	-2.29174797252	-2.40887105896	-2.51493017114	-2.60866135162	-2.68939593867	-2.75698234921	-2.81165467606	-2.85385955589	-2.88407742081	-2.90264804762	-2.90963644544	-2.90476192747	-2.88734306344	-2.85637012194	-2.81060168348	-2.74870494843	-2.66943173215	-2.5718185042	-2.45536500431	-2.32017996851	-2.16710548856	-1.99774838513	-1.81448580863	-1.62038668996	-1.41908888581	-1.21463120738	-1.01125820645	-0.813218049401	-0.624565817842	-0.44898908905	-0.289669655277	-0.14918926488	-0.0294767357329	0.0682068072344	0.143244095487	0.195617766767	0.225853272773	0.234955424066	0.224348902703	0.195819312434	
0.628218541251	0.561701855092	0.484227594976	0.397541751501	0.303338110907	0.203275500469	0.0989648587668	-0.00807495374482	-0.11648728055	-0.225165538824	-0.333341653426	-0.440652310666	-0.547162918306	-0.653336498804	-0.759942125586	-0.867910385969	-0.978151534755	-1.09136401436	-1.20785732716	-1.32742436898	-1.44927251324	-1.5720344629	-1.69385999454	-1.81255735462	-1.92578879653	-2.03127480468	-2.12698707279	-2.21129713798	-2.28306904727	-2.34168411409	-2.38698904015	-2.41919487072	-2.43872407658	-2.44604490771	-2.44149779239	-2.42516628236	-2.39678959217	-2.35571926772	-2.30097110493	-2.23132457348	-2.14549095636	-2.04230490294	-1.92093305943	-1.78110208162	-1.62326403648	-1.44872232098	-1.25968890802	-1.05925628836	-0.851290415639	-0.640250390888	-0.430950911973	-0.228287832501	-0.0369543984496	0.138825075147	0.295512555882	0.430417503039	0.541778392281	0.628763890823	0.691402093789	0.730451629972	0.747233989724	0.743453819537	0.721031738946	0.681961959138	0.628218541251	
0.967156259068	0.8741677492	0.773108069188	0.665210779502	0.551570900512	0.433263042683	0.311423154306	0.187282103948	0.0621449775714	-0.062683201734	-0.186005666094	-0.306850075381	-0.424567023324	-0.538885150514	-0.649908320546	-0.75804991163	-0.863911956938	-0.968129774539	-1.07120270387	-1.17334651814	-1.27438282594	-1.37368979659	-1.47021652123	-1.56256615643	-1.64911819513	-1.72818535687	-1.798175372	-1.85772490729	-1.90580062875	-1.9417422516	-1.965246941	-1.97630408812	-1.97508101807	-1.96179015181	-1.93655839693	-1.89929381831	-1.84962404562	-1.7868752614	-1.71009843949	-1.61818361127	-1.51002006288	-1.38469297927	-1.2417071979	-1.08119747568	-0.904108568113	-0.712316854622	-0.508672016579	-0.296951367075	-0.081717081191	0.131907748301	0.338532687265	0.5328314988	0.709882149592	0.865476909217	0.996372608397	1.10045934389	1.17681920976	1.22568174527	1.24828280758	1.24664343652	1.22330210901	1.1810379725	1.12261464906	1.05058297817	0.967156259068	
1.1925346012	1.07092637467	0.94494546059	0.815600692983	0.683672535307	0.549885118528	0.415049815187	0.280153886142	0.14637205002	0.015009717322	-0.112606494647	-0.235266800571	-0.352013392993	-0.462244787413	-0.565766749185	-0.662780657546	-0.753807870924	-0.839568192158	-0.92082461082	-0.99823294743	-1.07220389968	-1.142814442	-1.20976720446	-1.27240677361	-1.32979108487	-1.38078614247	-1.42419400677	-1.45886455781	-1.48379193676	-1.49817667843	-1.50144184105	-1.49320951275	-1.47323828626	-1.44134159117	-1.39729484609	-1.34075563211	-1.27121249535	-1.1879831841	-1.09025532762	-0.977182611881	-0.848037191308	-0.70238832421	-0.540301839182	-0.362528223026	-0.170660034568	0.0327723497032	0.244282355438	0.459502022139	0.673350918313	0.880291629542	1.07465323942	1.25099193304	1.40445481207	1.53110711877	1.62819112282	1.69428397857	1.72933347672	1.73457653159	1.71234296994	1.66576910735	1.59846382483	1.51416159184	1.41641508776	1.3083521636	1.1925346012	
1.29544351486	1.14711356533	0.999208865073	0.852740725895	0.708366837624	0.566576532328	0.427870930691	0.29288343869	0.162420961808	0.0374434052886	-0.0810211010075	-0.191995896807	-0.294685940112	-0.388589300631	-0.473568987415	-0.549870821105	-0.618084401166	-0.679054477605	-0.733756435955	-0.783157534346	-0.828081763137	-0.869100957983	-0.906462023715	-0.940059299166	-0.969451692758	-0.993914576533	-1.01252079626	-1.02423037115	-1.02797961434	-1.0227493873	-1.00761355473	-0.981760505744	-0.944484262916	-0.895156882052	-0.833194742455	-0.758032135928	-0.669094899808	-0.565822212932	-0.447712459946	-0.314404214646	-0.165799782495	-0.00220358104497	0.175523425108	0.365825990221	0.566347108759	0.773874573994	0.984362063515	1.19303041675	1.39455620302	1.58333728903	1.75381631451	1.90083663269	2.01999211988	2.10794245235	2.1626489084	2.18350831198	2.17136674947	2.12840484957	2.05791369043	1.96397404993	1.85109347975	1.72382294246	1.58643200296	1.44263769613	1.29544351486	
1.28170680652	1.11368802294	0.951918200943	0.797489298189	0.650961823459	0.512554209276	0.382332945111	0.260350370238	0.146736132397	0.0417255057871	-0.0543681546371	-0.141220797807	-0.21858717563	-0.286388854651	-0.344783001895	-0.394195428245	-0.435314406117	-0.469040380344	-0.496404605832	-0.518463257591	-0.536185327512	-0.550348584967	-0.561454624408	-0.569674592799	-0.574827732976	-0.576396536947	-0.573566194707	-0.565289528687	-0.550364000193	-0.5275072338	-0.495433243694	-0.45291148625	-0.398811845423	-0.332144456495	-0.252077872239	-0.15796378446	-0.0493530734747	0.0739741167433	0.211958259774	0.364208097881	0.529925376884	0.70782441052	0.896050039828	1.09211631736	1.29286545451	1.49447853001	1.69253558582	1.88214402828	2.05812945806	2.21528269207	2.34865379461	2.45385826679	2.52738292569	2.56684402857	2.57118019259	2.54075009454	2.47731689725	2.38392288232	2.26465364735	2.12432742228	1.96813065373	1.80124384281	1.62851792867	1.4541876509	1.28170680652	
