 &datain
 nzperiod=  5,
 lalpha= 20, lfout=20, nrun =  1,
 cmul = 3.0000,
 efield = 0.0000,
 mpolb =  7,  ntorb = 26,  ibbi = 1,
 chip = -1.0332,  psip = -1.0909,
 btheta =  0.0000, bzeta = -14.4000,
 borbi(0,0)=  0.25202E+01,
 borbi(1,0)=  0.27966E+00,
 borbi(1,1)=  -.18787E+00,
 borbi(0,1)=  -.98348E-01,
 borbi(2,3)=  -.25497E-01,
 borbi(0,2)=  -.17351E-01,
 borbi(-1,1)=  0.13887E-01,
 borbi(1,2)=  0.12173E-01,
 borbi(-2,1)=  0.11619E-01,
 borbi(3,3)=  0.10772E-01,
 borbi(-9,1)=  -.93587E-02,
 borbi(2,1)=  0.93388E-02,
 borbi(3,1)=  -.91805E-02,
 borbi(2,0)=  -.86457E-02,
 borbi(-1,2)=  -.83827E-02,
 borbi(10,0)=  -.71445E-02,
 borbi(-7,2)=  -.63658E-02,
 borbi(2,2)=  -.61781E-02,
 borbi(3,4)=  0.59683E-02,
 borbi(4,1)=  0.52604E-02,
 borbi(-7,3)=  0.48449E-02,
 borbi(1,3)=  0.40415E-02,
 borbi(4,3)=  -.38506E-02,
 borbi(-8,2)=  0.37355E-02,
 borbi(-6,2)=  0.37301E-02,
 borbi(5,1)=  -.35073E-02,
 borbi(3,2)=  0.34697E-02,
 borbi(-2,2)=  0.33983E-02,
 borbi(-10,1)=  0.33766E-02,
 borbi(-8,3)=  -.32543E-02,
 borbi(4,2)=  0.29646E-02,
 borbi(11,1)=  -.29177E-02,
 borbi(-1,3)=  -.28614E-02,
 borbi(9,0)=  -.28007E-02,
 borbi(3,0)=  -.27570E-02,
 borbi(-2,3)=  -.27094E-02,
 borbi(-5,1)=  0.27022E-02,
 borbi(5,2)=  0.26569E-02,
 borbi(-4,1)=  0.24403E-02,
 borbi(11,2)=  -.21657E-02,
 borbi(4,0)=  0.21369E-02,
 borbi(-3,2)=  0.21117E-02,
 borbi(-3,1)=  -.20979E-02,
 borbi(10,2)=  0.20875E-02,
 borbi(2,4)=  0.16028E-02,
 borbi(-7,1)=  0.15512E-02,
 borbi(-5,3)=  -.15065E-02,
 borbi(-8,1)=  -.14834E-02,
 borbi(8,1)=  0.14760E-02,
 borbi(11,0)=  0.14055E-02,
 borbi(6,3)=  0.13883E-02,
 borbi(9,1)=  -.13499E-02,
 borbi(10,3)=  -.13399E-02,
 borbi(-4,4)=  -.12532E-02,
 borbi(-6,5)=  0.12346E-02,
 borbi(-7,4)=  -.11358E-02,
 borbi(-5,4)=  0.11165E-02,
 borbi(5,3)=  -.11151E-02,
 borbi(-7,5)=  0.10752E-02,
 borbi(8,2)=  -.10710E-02,
 borbi(-11,1)=  -.10593E-02,
 borbi(0,3)=  0.98885E-03,
 borbi(4,5)=  0.98063E-03,
 borbi(-1,4)=  -.97082E-03,
 borbi(2,5)=  0.94962E-03,
 borbi(12,1)=  0.91979E-03,
 borbi(12,2)=  0.88154E-03,
 borbi(7,2)=  0.85093E-03,
 borbi(6,0)=  0.78622E-03,
 borbi(6,2)=  -.74689E-03,
 borbi(8,3)=  -.73451E-03,
 borbi(7,0)=  0.72194E-03,
 borbi(6,1)=  0.71198E-03,
 borbi(5,0)=  -.67048E-03,
 borbi(-8,4)=  0.67034E-03,
 borbi(1,5)=  0.62075E-03,
 borbi(-6,6)=  -.60599E-03,
 borbi(-6,3)=  -.59802E-03,
 borbi(4,4)=  -.58675E-03,
 borbi(3,5)=  -.54931E-03,
 borbi(9,4)=  -.52399E-03,
 borbi(10,1)=  -.45880E-03,
 borbi(6,4)=  -.45141E-03,
 borbi(-12,1)=  0.44685E-03,
 borbi(-5,6)=  0.43994E-03,
 borbi(-9,3)=  0.42992E-03,
 borbi(9,2)=  0.40228E-03,
 borbi(2,6)=  -.40025E-03,
 borbi(-3,3)=  -.38816E-03,
 borbi(7,4)=  -.38591E-03,
 borbi(1,4)=  -.38190E-03,
 borbi(-3,4)=  -.37888E-03,
 borbi(4,6)=  0.37187E-03,
 borbi(8,4)=  0.34612E-03,
 borbi(-4,2)=  0.34567E-03,
 borbi(13,1)=  -.34350E-03,
 borbi(13,2)=  -.33303E-03,
 borbi(10,4)=  -.32915E-03,
 borbi(-10,3)=  -.31641E-03,
 borbi(-5,5)=  -.31401E-03,
 mmnn(1,1)=  0, 22,  0,  1,  2,  3,  4,  5,  6,  7,  8,  9, 10, 11, 12,
  13, 14, 15, 16, 17, 18, 19, 20, 21,
 mmnn(1,2)=  1, 22,  0,  1,  2,  3,  4,  5,  6,  7,  8,  9, 10, 11, 12,
  13, 14, 15, 16, 17, 18, 19, 20, 21,
 mmnn(1,3)=  2, 22,  0,  1,  2,  3,  4,  5,  6,  7,  8,  9, 10, 11, 12,
  13, 14, 15, 16, 17, 18, 19, 20, 21,
 mmnn(1,4)=  3, 22,  0,  1,  2,  3,  4,  5,  6,  7,  8,  9, 10, 11, 12,
  13, 14, 15, 16, 17, 18, 19, 20, 21,
 mmnn(1,5)=  4, 22,  0,  1,  2,  3,  4,  5,  6,  7,  8,  9, 10, 11, 12,
  13, 14, 15, 16, 17, 18, 19, 20, 21,
 mmnn(1,6)=  5, 22,  0,  1,  2,  3,  4,  5,  6,  7,  8,  9, 10, 11, 12,
  13, 14, 15, 16, 17, 18, 19, 20, 21,
 mmnn(1,7)=  6, 22,  0,  1,  2,  3,  4,  5,  6,  7,  8,  9, 10, 11, 12,
  13, 14, 15, 16, 17, 18, 19, 20, 21,
 mmnn(1,8)=  7, 22,  0,  1,  2,  3,  4,  5,  6,  7,  8,  9, 10, 11, 12,
  13, 14, 15, 16, 17, 18, 19, 20, 21,
 mmnn(1,9)=  8, 22,  0,  1,  2,  3,  4,  5,  6,  7,  8,  9, 10, 11, 12,
  13, 14, 15, 16, 17, 18, 19, 20, 21,
 mmnn(1,10)=  9, 22,  0,  1,  2,  3,  4,  5,  6,  7,  8,  9, 10, 11, 12,
  13, 14, 15, 16, 17, 18, 19, 20, 21,
 mmnn(1,11)= 10, 22,  0,  1,  2,  3,  4,  5,  6,  7,  8,  9, 10, 11, 12,
  13, 14, 15, 16, 17, 18, 19, 20, 21,
 mmnn(1,12)= 11, 22,  0,  1,  2,  3,  4,  5,  6,  7,  8,  9, 10, 11, 12,
  13, 14, 15, 16, 17, 18, 19, 20, 21,
 mmnn(1,13)= 12, 22,  0,  1,  2,  3,  4,  5,  6,  7,  8,  9, 10, 11, 12,
  13, 14, 15, 16, 17, 18, 19, 20, 21,
 mmnn(1,14)= 13, 22,  0,  1,  2,  3,  4,  5,  6,  7,  8,  9, 10, 11, 12,
  13, 14, 15, 16, 17, 18, 19, 20, 21,
 mmnn(1,15)= 14, 22,  0,  1,  2,  3,  4,  5,  6,  7,  8,  9, 10, 11, 12,
  13, 14, 15, 16, 17, 18, 19, 20, 21,
 mmnn(1,16)= 15, 22,  0,  1,  2,  3,  4,  5,  6,  7,  8,  9, 10, 11, 12,
  13, 14, 15, 16, 17, 18, 19, 20, 21,
 mmnn(1,17)= 16, 22,  0,  1,  2,  3,  4,  5,  6,  7,  8,  9, 10, 11, 12,
  13, 14, 15, 16, 17, 18, 19, 20, 21,
 mmnn(1,18)= 17, 22,  0,  1,  2,  3,  4,  5,  6,  7,  8,  9, 10, 11, 12,
  13, 14, 15, 16, 17, 18, 19, 20, 21,
 mmnn(1,19)= 18, 22,  0,  1,  2,  3,  4,  5,  6,  7,  8,  9, 10, 11, 12,
  13, 14, 15, 16, 17, 18, 19, 20, 21,
 mmnn(1,20)= 19, 21,  0,  1,  2,  3,  4,  5,  6,  7,  8,  9, 10, 11, 12,
  13, 14, 15, 16, 17, 18, 19, 20,
 mmnn(1,21)= 20, 20,  0,  1,  2,  3,  4,  5,  6,  7,  8,  9, 10, 11, 12,
  13, 14, 15, 16, 17, 18, 19,
 mmnn(1,22)= 21, 20,  0,  1,  2,  3,  4,  5,  6,  7,  8,  9, 10, 11, 12,
  13, 14, 15, 16, 17, 18, 19,
 mmnn(1,23)= 22, 20,  0,  1,  2,  3,  4,  5,  6,  7,  8,  9, 10, 11, 12,
  13, 14, 15, 16, 17, 18, 19,
 mmnn(1,24)= 23, 19,  0,  1,  2,  3,  4,  5,  6,  7,  8,  9, 10, 11, 12,
  13, 14, 15, 16, 17, 18,
 mmnn(1,25)= 24, 18,  0,  1,  2,  3,  4,  5,  6,  7,  8,  9, 10, 11, 12,
  13, 14, 15, 16, 17,
 mmnn(1,26)= 25, 18,  0,  1,  2,  3,  4,  5,  6,  7,  8,  9, 10, 11, 12,
  13, 14, 15, 16, 17,
 mmnn(1,27)= 26, 17,  0,  1,  2,  3,  4,  5,  6,  7,  8,  9, 10, 11, 12,
  13, 14, 15, 16,
 mmnn(1,28)= 27, 16,  0,  1,  2,  3,  4,  5,  6,  7,  8,  9, 10, 11, 12,
  13, 14, 15,
 mmnn(1,29)= 28, 16,  0,  1,  2,  3,  4,  5,  6,  7,  8,  9, 10, 11, 12,
  13, 14, 15,
 mmnn(1,30)= 29, 16,  0,  1,  2,  3,  4,  5,  6,  7,  8,  9, 10, 11, 12,
  13, 14, 15,
 mmnn(1,31)= 30, 16,  0,  1,  2,  3,  4,  5,  6,  7,  8,  9, 10, 11, 12,
  13, 14, 15,
 mmnn(1,32)= 31, 14,  0,  1,  2,  3,  4,  5,  6,  7,  8,  9, 10, 11, 12,
  13,
 mmnn(1,33)= 32, 14,  0,  1,  2,  3,  4,  5,  6,  7,  8,  9, 10, 11, 12,
  13,
 mmnn(1,34)= 33, 14,  0,  1,  2,  3,  4,  5,  6,  7,  8,  9, 10, 11, 12,
  13,
 mmnn(1,35)= 34, 12,  0,  1,  2,  3,  4,  5,  6,  7,  8,  9, 10, 11,
 mmnn(1,36)= 35, 12,  0,  1,  2,  3,  4,  5,  6,  7,  8,  9, 10, 11,
 mmnn(1,37)= 36, 12,  0,  1,  2,  3,  4,  5,  6,  7,  8,  9, 10, 11,
 mmnn(1,38)= 37, 10,  0,  1,  2,  3,  4,  5,  6,  7,  8,  9,
 mmnn(1,39)= 38, 10,  0,  1,  2,  3,  4,  5,  6,  7,  8,  9,
 mmnn(1,40)= 39, 10,  0,  1,  2,  3,  4,  5,  6,  7,  8,  9,
 mmnn(1,41)= -1, 21,  1,  2,  3,  4,  5,  6,  7,  8,  9, 10, 11, 12, 13,
  14, 15, 16, 17, 18, 19, 20, 21,
 mmnn(1,42)= -2, 21,  1,  2,  3,  4,  5,  6,  7,  8,  9, 10, 11, 12, 13,
  14, 15, 16, 17, 18, 19, 20, 21,
 mmnn(1,43)= -3, 21,  1,  2,  3,  4,  5,  6,  7,  8,  9, 10, 11, 12, 13,
  14, 15, 16, 17, 18, 19, 20, 21,
 mmnn(1,44)= -4, 21,  1,  2,  3,  4,  5,  6,  7,  8,  9, 10, 11, 12, 13,
  14, 15, 16, 17, 18, 19, 20, 21,
 mmnn(1,45)= -5, 21,  1,  2,  3,  4,  5,  6,  7,  8,  9, 10, 11, 12, 13,
  14, 15, 16, 17, 18, 19, 20, 21,
 mmnn(1,46)= -6, 20,  1,  2,  3,  4,  5,  6,  7,  8,  9, 10, 11, 12, 13,
  14, 15, 16, 17, 18, 19, 20,
 mmnn(1,47)= -7, 19,  1,  2,  3,  4,  5,  6,  7,  8,  9, 10, 11, 12, 13,
  14, 15, 16, 17, 18, 19,
 mmnn(1,48)= -8, 18,  1,  2,  3,  4,  5,  6,  7,  8,  9, 10, 11, 12, 13,
  14, 15, 16, 17, 18,
 mmnn(1,49)= -9, 18,  1,  2,  3,  4,  5,  6,  7,  8,  9, 10, 11, 12, 13,
  14, 15, 16, 17, 18,
 mmnn(1,50)=-10, 18,  1,  2,  3,  4,  5,  6,  7,  8,  9, 10, 11, 12, 13,
  14, 15, 16, 17, 18,
 mmnn(1,51)=-11, 17,  1,  2,  3,  4,  5,  6,  7,  8,  9, 10, 11, 12, 13,
  14, 15, 16, 17,
 mmnn(1,52)=-12, 16,  1,  2,  3,  4,  5,  6,  7,  8,  9, 10, 11, 12, 13,
  14, 15, 16,
 mmnn(1,53)=-13, 16,  1,  2,  3,  4,  5,  6,  7,  8,  9, 10, 11, 12, 13,
  14, 15, 16,
 mmnn(1,54)=-14, 16,  1,  2,  3,  4,  5,  6,  7,  8,  9, 10, 11, 12, 13,
  14, 15, 16,
 mmnn(1,55)=-15, 18,  1,  2,  3,  4,  5,  6,  7,  8,  9, 10, 11, 12, 13,
  14, 15, 16, 17, 18,
 mmnn(1,56)=-16, 18,  1,  2,  3,  4,  5,  6,  7,  8,  9, 10, 11, 12, 13,
  14, 15, 16, 17, 18,
 mmnn(1,57)=-17, 18,  1,  2,  3,  4,  5,  6,  7,  8,  9, 10, 11, 12, 13,
  14, 15, 16, 17, 18,
 mmnn(1,58)=-18, 18,  1,  2,  3,  4,  5,  6,  7,  8,  9, 10, 11, 12, 13,
  14, 15, 16, 17, 18,
 mmnn(1,59)=-19, 17,  1,  2,  3,  4,  5,  6,  7,  8,  9, 10, 11, 12, 13,
  14, 15, 16, 17,
 mmnn(1,60)=-20, 16,  1,  2,  3,  4,  5,  6,  7,  8,  9, 10, 11, 12, 13,
  14, 15, 16,
 mmnn(1,61)=-21, 15,  1,  2,  3,  4,  5,  6,  7,  8,  9, 10, 11, 12, 13,
  14, 15,
 mmnn(1,62)=-22, 15,  1,  2,  3,  4,  5,  6,  7,  8,  9, 10, 11, 12, 13,
  14, 15,
 mmnn(1,63)=-23, 14,  1,  2,  3,  4,  5,  6,  7,  8,  9, 10, 11, 12, 13,
  14,
 mmnn(1,64)=-24, 13,  1,  2,  3,  4,  5,  6,  7,  8,  9, 10, 11, 12, 13,
 mmnn(1,65)=-25, 12,  1,  2,  3,  4,  5,  6,  7,  8,  9, 10, 11, 12,
 mmnn(1,66)=-26, 12,  1,  2,  3,  4,  5,  6,  7,  8,  9, 10, 11, 12,
 mmnn(1,67)=-27, 11,  1,  2,  3,  4,  5,  6,  7,  8,  9, 10, 11,
 mmnn(1,68)=-28, 10,  1,  2,  3,  4,  5,  6,  7,  8,  9, 10,
 mmnn(1,69)=-29,  9,  1,  2,  3,  4,  5,  6,  7,  8,  9,
 mmnn(1,70)=-30,  9,  1,  2,  3,  4,  5,  6,  7,  8,  9,
 mmnn(1,71)=-31,  9,  1,  2,  3,  4,  5,  6,  7,  8,  9,
 mmnn(1,72)=-32,  8,  1,  2,  3,  4,  5,  6,  7,  8,
 mmnn(1,73)=-33,  7,  1,  2,  3,  4,  5,  6,  7,
 mmnn(1,74)=-34,  6,  1,  2,  3,  4,  5,  6,
 mmnn(1,75)=-35,  6,  1,  2,  3,  4,  5,  6,
 mmnn(1,76)=-36,  4,  1,  2,  3,  4,
 mmnn(1,77)=-37,  4,  1,  2,  3,  4,
 mmnn(1,78)=-38,  2,  1,  2,
 mpol=22, ntor= 78 /
