 ##################################################
 #WARNING: these are left-handed Boozer coordinates
 #(similar, but not equal, to PEST)
 ##################################################
  0.357000000000000     
          65
          65
          10
  1.35346E+00  1.38418E+00  1.43159E+00  1.49255E+00  1.56322E+00  1.63945E+00  1.71720E+00  1.79297E+00  1.86409E+00  1.92888E+00  1.98672E+00  2.03793E+00  2.08360E+00  2.12532E+00  2.16487E+00  2.20392E+00  2.24382E+00  2.28542E+00  2.32897E+00  2.37419E+00  2.42027E+00  2.46610E+00  2.51036E+00  2.55171E+00  2.58891E+00  2.62089E+00  2.64676E+00  2.66586E+00  2.67762E+00  2.68159E+00  2.67733E+00  2.66444E+00  2.64256E+00  2.61146E+00  2.57113E+00  2.52192E+00  2.46462E+00  2.40059E+00  2.33175E+00  2.26050E+00  2.18962E+00  2.12200E+00  2.06040E+00  2.00715E+00  1.96381E+00  1.93102E+00  1.90830E+00  1.89406E+00  1.88574E+00  1.88005E+00  1.87331E+00  1.86193E+00  1.84279E+00  1.81368E+00  1.77364E+00  1.72309E+00  1.66390E+00  1.59922E+00  1.53320E+00  1.47058E+00  1.41616E+00  1.37434E+00  1.34865E+00  1.34141E+00  1.35346E+00
  1.47057E+00  1.53736E+00  1.60980E+00  1.68308E+00  1.75279E+00  1.81534E+00  1.86832E+00  1.91069E+00  1.94271E+00  1.96584E+00  1.98242E+00  1.99528E+00  2.00736E+00  2.02129E+00  2.03908E+00  2.06192E+00  2.09010E+00  2.12301E+00  2.15932E+00  2.19718E+00  2.23448E+00  2.26909E+00  2.29909E+00  2.32291E+00  2.33937E+00  2.34776E+00  2.34771E+00  2.33913E+00  2.32213E+00  2.29693E+00  2.26383E+00  2.22324E+00  2.17569E+00  2.12198E+00  2.06324E+00  2.00102E+00  1.93728E+00  1.87439E+00  1.81494E+00  1.76160E+00  1.71680E+00  1.68248E+00  1.65978E+00  1.64884E+00  1.64869E+00  1.65722E+00  1.67136E+00  1.68735E+00  1.70113E+00  1.70879E+00  1.70704E+00  1.69367E+00  1.66782E+00  1.63018E+00  1.58300E+00  1.52984E+00  1.47530E+00  1.42445E+00  1.38236E+00  1.35347E+00  1.34112E+00  1.34724E+00  1.37204E+00  1.41412E+00  1.47057E+00
  1.63253E+00  1.69966E+00  1.75823E+00  1.80473E+00  1.83716E+00  1.85516E+00  1.86001E+00  1.85436E+00  1.84183E+00  1.82656E+00  1.81264E+00  1.80363E+00  1.80219E+00  1.80979E+00  1.82665E+00  1.85173E+00  1.88300E+00  1.91773E+00  1.95280E+00  1.98512E+00  2.01192E+00  2.03099E+00  2.04079E+00  2.04054E+00  2.03012E+00  2.00993E+00  1.98080E+00  1.94380E+00  1.90011E+00  1.85098E+00  1.79769E+00  1.74160E+00  1.68418E+00  1.62711E+00  1.57226E+00  1.52169E+00  1.47757E+00  1.44199E+00  1.41674E+00  1.40311E+00  1.40161E+00  1.41179E+00  1.43216E+00  1.46022E+00  1.49256E+00  1.52525E+00  1.55413E+00  1.57531E+00  1.58566E+00  1.58318E+00  1.56733E+00  1.53915E+00  1.50126E+00  1.45759E+00  1.41302E+00  1.37280E+00  1.34203E+00  1.32501E+00  1.32475E+00  1.34263E+00  1.37820E+00  1.42922E+00  1.49195E+00  1.56152E+00  1.63253E+00
  1.73230E+00  1.76098E+00  1.77156E+00  1.76469E+00  1.74278E+00  1.70976E+00  1.67056E+00  1.63047E+00  1.59456E+00  1.56709E+00  1.55110E+00  1.54807E+00  1.55791E+00  1.57902E+00  1.60857E+00  1.64292E+00  1.67802E+00  1.70992E+00  1.73512E+00  1.75091E+00  1.75551E+00  1.74816E+00  1.72899E+00  1.69892E+00  1.65946E+00  1.61244E+00  1.55988E+00  1.50383E+00  1.44628E+00  1.38915E+00  1.33431E+00  1.28361E+00  1.23889E+00  1.20199E+00  1.17461E+00  1.15825E+00  1.15400E+00  1.16233E+00  1.18294E+00  1.21457E+00  1.25501E+00  1.30116E+00  1.34920E+00  1.39495E+00  1.43422E+00  1.46333E+00  1.47953E+00  1.48137E+00  1.46896E+00  1.44406E+00  1.40996E+00  1.37118E+00  1.33301E+00  1.30092E+00  1.27992E+00  1.27397E+00  1.28551E+00  1.31508E+00  1.36128E+00  1.42084E+00  1.48901E+00  1.56005E+00  1.62790E+00  1.68689E+00  1.73230E+00
  1.67612E+00  1.64466E+00  1.59671E+00  1.53773E+00  1.47411E+00  1.41244E+00  1.35874E+00  1.31783E+00  1.29284E+00  1.28496E+00  1.29339E+00  1.31558E+00  1.34760E+00  1.38466E+00  1.42172E+00  1.45396E+00  1.47737E+00  1.48898E+00  1.48710E+00  1.47132E+00  1.44238E+00  1.40194E+00  1.35231E+00  1.29615E+00  1.23621E+00  1.17516E+00  1.11546E+00  1.05934E+00  1.00883E+00  9.65768E-01  9.31868E-01  9.08689E-01  8.97588E-01  8.99593E-01  9.15237E-01  9.44364E-01  9.85967E-01  1.03807E+00  1.09774E+00  1.16116E+00  1.22394E+00  1.28144E+00  1.32924E+00  1.36368E+00  1.38225E+00  1.38405E+00  1.36992E+00  1.34252E+00  1.30612E+00  1.26617E+00  1.22875E+00  1.19983E+00  1.18466E+00  1.18702E+00  1.20877E+00  1.24959E+00  1.30690E+00  1.37613E+00  1.45122E+00  1.52525E+00  1.59130E+00  1.64314E+00  1.67602E+00  1.68718E+00  1.67612E+00
  1.42953E+00  1.34607E+00  1.25949E+00  1.17791E+00  1.10850E+00  1.05678E+00  1.02603E+00  1.01706E+00  1.02822E+00  1.05574E+00  1.09426E+00  1.13753E+00  1.17915E+00  1.21329E+00  1.23524E+00  1.24184E+00  1.23162E+00  1.20480E+00  1.16304E+00  1.10914E+00  1.04656E+00  9.79093E-01  9.10418E-01  8.43902E-01  7.82434E-01  7.28390E-01  6.83682E-01  6.49852E-01  6.28164E-01  6.19658E-01  6.25140E-01  6.45091E-01  6.79515E-01  7.27751E-01  7.88293E-01  8.58673E-01  9.35442E-01  1.01429E+00  1.09034E+00  1.15852E+00  1.21410E+00  1.25325E+00  1.27353E+00  1.27430E+00  1.25696E+00  1.22494E+00  1.18340E+00  1.13879E+00  1.09812E+00  1.06820E+00  1.05476E+00  1.06176E+00  1.09082E+00  1.14097E+00  1.20861E+00  1.28789E+00  1.37134E+00  1.45070E+00  1.51784E+00  1.56574E+00  1.58929E+00  1.58587E+00  1.55572E+00  1.50181E+00  1.42953E+00
  1.02946E+00  9.28582E-01  8.43718E-01  7.81234E-01  7.44753E-01  7.34853E-01  7.49141E-01  7.82661E-01  8.28589E-01  8.79103E-01  9.26308E-01  9.63114E-01  9.83955E-01  9.85267E-01  9.65701E-01  9.26059E-01  8.69000E-01  7.98568E-01  7.19634E-01  6.37337E-01  5.56587E-01  4.81703E-01  4.16198E-01  3.62718E-01  3.23106E-01  2.98543E-01  2.89710E-01  2.96929E-01  3.20224E-01  3.59302E-01  4.13444E-01  4.81342E-01  5.60929E-01  6.49249E-01  7.42425E-01  8.35778E-01  9.24087E-01  1.00202E+00  1.06465E+00  1.10807E+00  1.12990E+00  1.12976E+00  1.10950E+00  1.07315E+00  1.02667E+00  9.77392E-01  9.33190E-01  9.01636E-01  8.89042E-01  8.99644E-01  9.34990E-01  9.93624E-01  1.07113E+00  1.16056E+00  1.25313E+00  1.33925E+00  1.40958E+00  1.45615E+00  1.47332E+00  1.45844E+00  1.41219E+00  1.33851E+00  1.24414E+00  1.13787E+00  1.02946E+00
  5.52267E-01  4.76840E-01  4.32199E-01  4.18787E-01  4.33556E-01  4.70467E-01  5.21312E-01  5.76753E-01  6.27428E-01  6.64994E-01  6.82981E-01  6.77372E-01  6.46850E-01  5.92721E-01  5.18551E-01  4.29589E-01  3.32076E-01  2.32540E-01  1.37173E-01  5.13577E-02 -2.06298E-02 -7.57146E-02 -1.11964E-01 -1.28416E-01 -1.24858E-01 -1.01629E-01 -5.94791E-02  4.69326E-04  7.66650E-02  1.67001E-01  2.68665E-01  3.78018E-01  4.90576E-01  6.01124E-01  7.03997E-01  7.93524E-01  8.64585E-01  9.13221E-01  9.37219E-01  9.36559E-01  9.13653E-01  8.73308E-01  8.22383E-01  7.69153E-01  7.22438E-01  6.90600E-01  6.80509E-01  6.96638E-01  7.40389E-01  8.09768E-01  8.99459E-01  1.00131E+00  1.10518E+00  1.20007E+00  1.27539E+00  1.32220E+00  1.33426E+00  1.30884E+00  1.24707E+00  1.15381E+00  1.03714E+00  9.07416E-01  7.76098E-01  6.54448E-01  5.52267E-01
  5.52717E-02  3.28303E-02  4.29646E-02  7.85453E-02  1.29951E-01  1.86284E-01  2.36670E-01  2.71481E-01  2.83328E-01  2.67741E-01  2.23447E-01  1.52275E-01  5.87170E-02 -5.07627E-02 -1.68554E-01 -2.86747E-01 -3.97879E-01 -4.95524E-01 -5.74640E-01 -6.31707E-01 -6.64662E-01 -6.72689E-01 -6.55955E-01 -6.15350E-01 -5.52293E-01 -4.68647E-01 -3.66746E-01 -2.49499E-01 -1.20533E-01  1.56921E-02  1.53877E-01  2.88015E-01  4.11712E-01  5.18670E-01  6.03307E-01  6.61427E-01  6.90854E-01  6.91915E-01  6.67682E-01  6.23906E-01  5.68602E-01  5.11312E-01  4.62108E-01  4.30434E-01  4.23949E-01  4.47498E-01  5.02369E-01  5.85943E-01  6.91805E-01  8.10329E-01  9.29676E-01  1.03710E+00  1.12039E+00  1.16935E+00  1.17697E+00  1.14033E+00  1.06099E+00  9.44822E-01  8.01418E-01  6.42963E-01  4.82865E-01  3.34244E-01  2.08472E-01  1.13952E-01  5.52717E-02
 -4.74637E-01 -4.47795E-01 -4.01993E-01 -3.49812E-01 -3.03822E-01 -2.75143E-01 -2.72276E-01 -3.00312E-01 -3.60587E-01 -4.50807E-01 -5.65556E-01 -6.97109E-01 -8.36416E-01 -9.74098E-01 -1.10134E+00 -1.21061E+00 -1.29603E+00 -1.35360E+00 -1.38112E+00 -1.37788E+00 -1.34443E+00 -1.28217E+00 -1.19317E+00 -1.08001E+00 -9.45776E-01 -7.94199E-01 -6.29773E-01 -4.57882E-01 -2.84812E-01 -1.17594E-01  3.63573E-02  1.69793E-01  2.76336E-01  3.51242E-01  3.92122E-01  3.99488E-01  3.77031E-01  3.31528E-01  2.72360E-01  2.10656E-01  1.58125E-01  1.25724E-01  1.22305E-01  1.53422E-01  2.20476E-01  3.20303E-01  4.45313E-01  5.84168E-01  7.22952E-01  8.46696E-01  9.41079E-01  9.94111E-01  9.97567E-01  9.48004E-01  8.47231E-01  7.02152E-01  5.24014E-01  3.27145E-01  1.27335E-01 -5.99332E-02 -2.21192E-01 -3.46425E-01 -4.30066E-01 -4.71443E-01 -4.74637E-01
 -1.13439E+00 -1.09279E+00 -1.05587E+00 -1.03650E+00 -1.04461E+00 -1.08621E+00 -1.16297E+00 -1.27234E+00 -1.40810E+00 -1.56134E+00 -1.72156E+00 -1.87785E+00 -2.01996E+00 -2.13912E+00 -2.22852E+00 -2.28358E+00 -2.30181E+00 -2.28259E+00 -2.22671E+00 -2.13608E+00 -2.01336E+00 -1.86183E+00 -1.68537E+00 -1.48858E+00 -1.27693E+00 -1.05693E+00 -8.36080E-01 -6.22757E-01 -4.25760E-01 -2.53685E-01 -1.14109E-01 -1.26924E-02  4.76586E-02  6.74459E-02  5.09056E-02  5.91767E-03 -5.65479E-02 -1.23430E-01 -1.80933E-01 -2.16093E-01 -2.18375E-01 -1.81081E-01 -1.02385E-01  1.41682E-02  1.59789E-01  3.21224E-01  4.82103E-01  6.24722E-01  7.32049E-01  7.89709E-01  7.87692E-01  7.21596E-01  5.93203E-01  4.10350E-01  1.86079E-01 -6.28116E-02 -3.17654E-01 -5.59982E-01 -7.73552E-01 -9.46052E-01 -1.07031E+00 -1.14486E+00 -1.17384E+00 -1.16619E+00 -1.13439E+00
 -2.07062E+00 -2.06316E+00 -2.08329E+00 -2.13837E+00 -2.23075E+00 -2.35789E+00 -2.51294E+00 -2.68587E+00 -2.86472E+00 -3.03699E+00 -3.19089E+00 -3.31629E+00 -3.40536E+00 -3.45284E+00 -3.45593E+00 -3.41397E+00 -3.32804E+00 -3.20044E+00 -3.03441E+00 -2.83387E+00 -2.60348E+00 -2.34869E+00 -2.07604E+00 -1.79322E+00 -1.50924E+00 -1.23409E+00 -9.78395E-01 -7.52587E-01 -5.65973E-01 -4.25658E-01 -3.35529E-01 -2.95445E-01 -3.00812E-01 -3.42638E-01 -4.08154E-01 -4.81957E-01 -5.47600E-01 -5.89451E-01 -5.94600E-01 -5.54575E-01 -4.66624E-01 -3.34378E-01 -1.67766E-01  1.78359E-02  2.03156E-01  3.67110E-01  4.89178E-01  5.51778E-01  5.42354E-01  4.54913E-01  2.90805E-01  5.86577E-02 -2.26543E-01 -5.45106E-01 -8.74821E-01 -1.19341E+00 -1.48092E+00 -1.72183E+00 -1.90652E+00 -2.03203E+00 -2.10206E+00 -2.12608E+00 -2.11793E+00 -2.09389E+00 -2.07062E+00
 -3.41462E+00 -3.48069E+00 -3.58562E+00 -3.72735E+00 -3.89872E+00 -4.08864E+00 -4.28362E+00 -4.46934E+00 -4.63216E+00 -4.76031E+00 -4.84463E+00 -4.87898E+00 -4.86011E+00 -4.78736E+00 -4.66208E+00 -4.48714E+00 -4.26645E+00 -4.00473E+00 -3.70744E+00 -3.38101E+00 -3.03303E+00 -2.67250E+00 -2.30994E+00 -1.95717E+00 -1.62686E+00 -1.33165E+00 -1.08303E+00 -8.90086E-01 -7.58233E-01 -6.88205E-01 -6.75450E-01 -7.10093E-01 -7.77570E-01 -8.59893E-01 -9.37483E-01 -9.91355E-01 -1.00541E+00 -9.68552E-01 -8.76316E-01 -7.31801E-01 -5.45723E-01 -3.35544E-01 -1.23739E-01  6.46001E-02  2.04578E-01  2.74361E-01  2.57757E-01  1.46185E-01 -6.02214E-02 -3.52512E-01 -7.13844E-01 -1.12131E+00 -1.54848E+00 -1.96822E+00 -2.35568E+00 -2.69081E+00 -2.96027E+00 -3.15856E+00 -3.28809E+00 -3.35838E+00 -3.38448E+00 -3.38476E+00 -3.37855E+00 -3.38371E+00 -3.41462E+00
 -5.21897E+00 -5.36897E+00 -5.55108E+00 -5.75358E+00 -5.96153E+00 -6.15864E+00 -6.32903E+00 -6.45871E+00 -6.53663E+00 -6.55519E+00 -6.51024E+00 -6.40081E+00 -6.22844E+00 -5.99658E+00 -5.71002E+00 -5.37454E+00 -4.99680E+00 -4.58446E+00 -4.14648E+00 -3.69337E+00 -3.23736E+00 -2.79224E+00 -2.37286E+00 -1.99424E+00 -1.67029E+00 -1.41237E+00 -1.22778E+00 -1.11854E+00 -1.08051E+00 -1.10325E+00 -1.17058E+00 -1.26192E+00 -1.35434E+00 -1.42506E+00 -1.45413E+00 -1.42706E+00 -1.33682E+00 -1.18521E+00 -9.83088E-01 -7.49634E-01 -5.10487E-01 -2.95058E-01 -1.33281E-01 -5.21970E-02 -7.27815E-02 -2.07411E-01 -4.58292E-01 -8.17049E-01 -1.26553E+00 -1.77775E+00 -2.32266E+00 -2.86755E+00 -3.38144E+00 -3.83834E+00 -4.21968E+00 -4.51588E+00 -4.72678E+00 -4.86098E+00 -4.93417E+00 -4.96674E+00 -4.98095E+00 -4.99816E+00 -5.03628E+00 -5.10786E+00 -5.21897E+00
 -7.42540E+00 -7.63379E+00 -7.84987E+00 -8.05554E+00 -8.23251E+00 -8.36417E+00 -8.43692E+00 -8.44099E+00 -8.37062E+00 -8.22385E+00 -8.00193E+00 -7.70860E+00 -7.34943E+00 -6.93137E+00 -6.46250E+00 -5.95212E+00 -5.41097E+00 -4.85152E+00 -4.28809E+00 -3.73681E+00 -3.21502E+00 -2.74039E+00 -2.32947E+00 -1.99612E+00 -1.74977E+00 -1.59391E+00 -1.52504E+00 -1.53233E+00 -1.59807E+00 -1.69909E+00 -1.80893E+00 -1.90068E+00 -1.95012E+00 -1.93871E+00 -1.85620E+00 -1.70237E+00 -1.48762E+00 -1.23240E+00 -9.65276E-01 -7.20067E-01 -5.32138E-01 -4.34429E-01 -4.53639E-01 -6.07031E-01 -9.00277E-01 -1.32661E+00 -1.86738E+00 -2.49397E+00 -3.17081E+00 -3.85920E+00 -4.52127E+00 -5.12392E+00 -5.64194E+00 -6.06019E+00 -6.37451E+00 -6.59132E+00 -6.72602E+00 -6.80046E+00 -6.83981E+00 -6.86926E+00 -6.91097E+00 -6.98164E+00 -7.09087E+00 -7.24059E+00 -7.42540E+00
 -9.87484E+00 -1.00864E+01 -1.02696E+01 -1.04048E+01 -1.04755E+01 -1.04692E+01 -1.03779E+01 -1.01978E+01 -9.92938E+00 -9.57619E+00 -9.14424E+00 -8.64147E+00 -8.07740E+00 -7.46305E+00 -6.81116E+00 -6.13642E+00 -5.45563E+00 -4.78755E+00 -4.15242E+00 -3.57089E+00 -3.06255E+00 -2.64414E+00 -2.32755E+00 -2.11812E+00 -2.01327E+00 -2.00200E+00 -2.06518E+00 -2.17700E+00 -2.30733E+00 -2.42477E+00 -2.50026E+00 -2.51061E+00 -2.44161E+00 -2.29031E+00 -2.06600E+00 -1.78989E+00 -1.49323E+00 -1.21426E+00 -9.94102E-01 -8.72213E-01 -8.81872E-01 -1.04626E+00 -1.37560E+00 -1.86576E+00 -2.49844E+00 -3.24298E+00 -4.05952E+00 -4.90315E+00 -5.72858E+00 -6.49469E+00 -7.16847E+00 -7.72792E+00 -8.16358E+00 -8.47850E+00 -8.68687E+00 -8.81142E+00 -8.87998E+00 -8.92176E+00 -8.96371E+00 -9.02745E+00 -9.12711E+00 -9.26825E+00 -9.44786E+00 -9.65546E+00 -9.87484E+00
 -1.23481E+01 -1.24920E+01 -1.25676E+01 -1.25590E+01 -1.24552E+01 -1.22501E+01 -1.19428E+01 -1.15362E+01 -1.10365E+01 -1.04526E+01 -9.79532E+00 -9.07759E+00 -8.31421E+00 -7.52221E+00 -6.72091E+00 -5.93183E+00 -5.17814E+00 -4.48360E+00 -3.87103E+00 -3.36025E+00 -2.96603E+00 -2.69596E+00 -2.54889E+00 -2.51414E+00 -2.57164E+00 -2.69327E+00 -2.84530E+00 -2.99178E+00 -3.09843E+00 -3.13681E+00 -3.08795E+00 -2.94522E+00 -2.71592E+00 -2.42118E+00 -2.09436E+00 -1.77783E+00 -1.51854E+00 -1.36294E+00 -1.35171E+00 -1.51501E+00 -1.86887E+00 -2.41302E+00 -3.13063E+00 -3.98982E+00 -4.94690E+00 -5.95079E+00 -6.94835E+00 -7.88960E+00 -8.73263E+00 -9.44726E+00 -1.00174E+01 -1.04415E+01 -1.07315E+01 -1.09106E+01 -1.10090E+01 -1.10602E+01 -1.10965E+01 -1.11454E+01 -1.12267E+01 -1.13506E+01 -1.15175E+01 -1.17189E+01 -1.19387E+01 -1.21562E+01 -1.23481E+01
 -1.46138E+01 -1.46173E+01 -1.45163E+01 -1.43017E+01 -1.39698E+01 -1.35225E+01 -1.29659E+01 -1.23095E+01 -1.15658E+01 -1.07498E+01 -9.87876E+00 -8.97225E+00 -8.05240E+00 -7.14359E+00 -6.27189E+00 -5.46407E+00 -4.74598E+00 -4.14045E+00 -3.66504E+00 -3.32973E+00 -3.13513E+00 -3.07132E+00 -3.11787E+00 -3.24498E+00 -3.41595E+00 -3.59063E+00 -3.72978E+00 -3.79953E+00 -3.77572E+00 -3.64735E+00 -3.41872E+00 -3.10986E+00 -2.75521E+00 -2.40043E+00 -2.09779E+00 -1.90059E+00 -1.85724E+00 -2.00563E+00 -2.36870E+00 -2.95138E+00 -3.73971E+00 -4.70189E+00 -5.79138E+00 -6.95156E+00 -8.12151E+00 -9.24202E+00 -1.02613E+01 -1.11399E+01 -1.18535E+01 -1.23947E+01 -1.27719E+01 -1.30076E+01 -1.31340E+01 -1.31890E+01 -1.32108E+01 -1.32337E+01 -1.32843E+01 -1.33791E+01 -1.35234E+01 -1.37114E+01 -1.39285E+01 -1.41529E+01 -1.43591E+01 -1.45209E+01 -1.46138E+01
 -1.64625E+01 -1.62612E+01 -1.59280E+01 -1.54622E+01 -1.48688E+01 -1.41573E+01 -1.33417E+01 -1.24390E+01 -1.14691E+01 -1.04548E+01 -9.42149E+00 -8.39676E+00 -7.40997E+00 -6.49103E+00 -5.66883E+00 -4.96911E+00 -4.41204E+00 -4.00990E+00 -3.76496E+00 -3.66825E+00 -3.69924E+00 -3.82694E+00 -4.01220E+00 -4.21135E+00 -4.38062E+00 -4.48113E+00 -4.48361E+00 -4.37246E+00 -4.14847E+00 -3.82979E+00 -3.45096E+00 -3.05991E+00 -2.71329E+00 -2.47055E+00 -2.38742E+00 -2.50962E+00 -2.86742E+00 -3.47187E+00 -4.31302E+00 -5.36048E+00 -6.56620E+00 -7.86913E+00 -9.20138E+00 -1.04948E+01 -1.16878E+01 -1.27306E+01 -1.35901E+01 -1.42513E+01 -1.47182E+01 -1.50110E+01 -1.51632E+01 -1.52163E+01 -1.52146E+01 -1.51996E+01 -1.52059E+01 -1.52573E+01 -1.53656E+01 -1.55298E+01 -1.57374E+01 -1.59670E+01 -1.61913E+01 -1.63803E+01 -1.65048E+01 -1.65390E+01 -1.64625E+01
 -1.77241E+01 -1.72690E+01 -1.66676E+01 -1.59286E+01 -1.50662E+01 -1.40987E+01 -1.30486E+01 -1.19417E+01 -1.08067E+01 -9.67470E+00 -8.57876E+00 -7.55230E+00 -6.62761E+00 -5.83359E+00 -5.19335E+00 -4.72163E+00 -4.42261E+00 -4.28849E+00 -4.29898E+00 -4.42224E+00 -4.61713E+00 -4.83685E+00 -5.03355E+00 -5.16359E+00 -5.19276E+00 -5.10078E+00 -4.88463E+00 -4.56003E+00 -4.16088E+00 -3.73651E+00 -3.34707E+00 -3.05732E+00 -2.92972E+00 -3.01742E+00 -3.35806E+00 -3.96911E+00 -4.84534E+00 -5.95868E+00 -7.26065E+00 -8.68693E+00 -1.01636E+01 -1.16144E+01 -1.29682E+01 -1.41654E+01 -1.51633E+01 -1.59391E+01 -1.64910E+01 -1.68365E+01 -1.70092E+01 -1.70536E+01 -1.70194E+01 -1.69557E+01 -1.69051E+01 -1.68999E+01 -1.69592E+01 -1.70879E+01 -1.72774E+01 -1.75077E+01 -1.77504E+01 -1.79726E+01 -1.81406E+01 -1.82227E+01 -1.81926E+01 -1.80304E+01 -1.77241E+01
 -1.82775E+01 -1.75432E+01 -1.66656E+01 -1.56640E+01 -1.45623E+01 -1.33885E+01 -1.21743E+01 -1.09538E+01 -9.76349E+00 -8.64005E+00 -7.61916E+00 -6.73309E+00 -6.00814E+00 -5.46203E+00 -5.10156E+00 -4.92090E+00 -4.90092E+00 -5.00993E+00 -5.20571E+00 -5.43919E+00 -5.65907E+00 -5.81737E+00 -5.87495E+00 -5.80662E+00 -5.60494E+00 -5.28234E+00 -4.87099E+00 -4.42048E+00 -3.99327E+00 -3.65847E+00 -3.48447E+00 -3.53142E+00 -3.84423E+00 -4.44710E+00 -5.34011E+00 -6.49842E+00 -7.87416E+00 -9.40074E+00 -1.09993E+01 -1.25862E+01 -1.40814E+01 -1.54156E+01 -1.65366E+01 -1.74134E+01 -1.80380E+01 -1.84244E+01 -1.86059E+01 -1.86295E+01 -1.85503E+01 -1.84244E+01 -1.83033E+01 -1.82279E+01 -1.82256E+01 -1.83081E+01 -1.84713E+01 -1.86977E+01 -1.89587E+01 -1.92189E+01 -1.94400E+01 -1.95850E+01 -1.96210E+01 -1.95219E+01 -1.92698E+01 -1.88553E+01 -1.82775E+01
 -1.80664E+01 -1.70629E+01 -1.59412E+01 -1.47314E+01 -1.34673E+01 -1.21857E+01 -1.09255E+01 -9.72591E+00 -8.62529E+00 -7.65852E+00 -6.85467E+00 -6.23431E+00 -5.80709E+00 -5.56987E+00 -5.50583E+00 -5.58489E+00 -5.76550E+00 -5.99805E+00 -6.22948E+00 -6.40875E+00 -6.49267E+00 -6.45138E+00 -6.27263E+00 -5.96456E+00 -5.55612E+00 -5.09528E+00 -4.64482E+00 -4.27624E+00 -4.06224E+00 -4.06878E+00 -4.34745E+00 -4.92920E+00 -5.82009E+00 -6.99962E+00 -8.42197E+00 -1.00199E+01 -1.17112E+01 -1.34063E+01 -1.50170E+01 -1.64648E+01 -1.76881E+01 -1.86475E+01 -1.93280E+01 -1.97396E+01 -1.99141E+01 -1.99008E+01 -1.97594E+01 -1.95537E+01 -1.93439E+01 -1.91805E+01 -1.91001E+01 -1.91222E+01 -1.92487E+01 -1.94651E+01 -1.97434E+01 -2.00460E+01 -2.03304E+01 -2.05535E+01 -2.06755E+01 -2.06633E+01 -2.04924E+01 -2.01479E+01 -1.96247E+01 -1.89268E+01 -1.80664E+01
 -1.71255E+01 -1.59099E+01 -1.46250E+01 -1.33103E+01 -1.20069E+01 -1.07564E+01 -9.59899E+00 -8.57120E+00 -7.70387E+00 -7.01945E+00 -6.52972E+00 -6.23392E+00 -6.11777E+00 -6.15360E+00 -6.30200E+00 -6.51473E+00 -6.73916E+00 -6.92348E+00 -7.02251E+00 -7.00326E+00 -6.84957E+00 -6.56527E+00 -6.17524E+00 -5.72416E+00 -5.27281E+00 -4.89238E+00 -4.65712E+00 -4.63629E+00 -4.88620E+00 -5.44333E+00 -6.31938E+00 -7.49875E+00 -8.93908E+00 -1.05745E+01 -1.23216E+01 -1.40871E+01 -1.57770E+01 -1.73053E+01 -1.86018E+01 -1.96188E+01 -2.03342E+01 -2.07528E+01 -2.09040E+01 -2.08379E+01 -2.06180E+01 -2.03146E+01 -1.99967E+01 -1.97249E+01 -1.95457E+01 -1.94878E+01 -1.95605E+01 -1.97540E+01 -2.00423E+01 -2.03868E+01 -2.07409E+01 -2.10555E+01 -2.12835E+01 -2.13836E+01 -2.13234E+01 -2.10811E+01 -2.06460E+01 -2.00185E+01 -1.92088E+01 -1.82358E+01 -1.71255E+01
 -1.56026E+01 -1.42815E+01 -1.29596E+01 -1.16808E+01 -1.04875E+01 -9.41799E+00 -8.50446E+00 -7.77060E+00 -7.22948E+00 -6.88188E+00 -6.71539E+00 -6.70453E+00 -6.81218E+00 -6.99236E+00 -7.19424E+00 -7.36714E+00 -7.46604E+00 -7.45696E+00 -7.32174E+00 -7.06124E+00 -6.69685E+00 -6.26960E+00 -5.83705E+00 -5.46798E+00 -5.23553E+00 -5.20927E+00 -5.44727E+00 -5.98901E+00 -6.84994E+00 -8.01845E+00 -9.45568E+00 -1.10982E+01 -1.28633E+01 -1.46568E+01 -1.63814E+01 -1.79462E+01 -1.92751E+01 -2.03135E+01 -2.10333E+01 -2.14339E+01 -2.15419E+01 -2.14065E+01 -2.10936E+01 -2.06785E+01 -2.02376E+01 -1.98406E+01 -1.95440E+01 -1.93862E+01 -1.93850E+01 -1.95372E+01 -1.98205E+01 -2.01970E+01 -2.06179E+01 -2.10291E+01 -2.13764E+01 -2.16101E+01 -2.16890E+01 -2.15828E+01 -2.12734E+01 -2.07556E+01 -2.00359E+01 -1.91312E+01 -1.80678E+01 -1.68787E+01 -1.56026E+01
 -1.37535E+01 -1.24692E+01 -1.12589E+01 -1.01634E+01 -9.21671E+00 -8.44432E+00 -7.86075E+00 -7.46828E+00 -7.25609E+00 -7.20057E+00 -7.26666E+00 -7.41058E+00 -7.58361E+00 -7.73684E+00 -7.82644E+00 -7.81884E+00 -7.69528E+00 -7.45507E+00 -7.11722E+00 -6.71973E+00 -6.31691E+00 -5.97445E+00 -5.76289E+00 -5.75008E+00 -5.99348E+00 -6.53301E+00 -7.38555E+00 -8.54161E+00 -9.96467E+00 -1.15934E+01 -1.33466E+01 -1.51303E+01 -1.68463E+01 -1.84015E+01 -1.97162E+01 -2.07319E+01 -2.14160E+01 -2.17643E+01 -2.18006E+01 -2.15734E+01 -2.11499E+01 -2.06090E+01 -2.00327E+01 -1.94985E+01 -1.90714E+01 -1.87991E+01 -1.87078E+01 -1.88016E+01 -1.90633E+01 -1.94574E+01 -1.99349E+01 -2.04384E+01 -2.09082E+01 -2.12870E+01 -2.15251E+01 -2.15832E+01 -2.14347E+01 -2.10669E+01 -2.04804E+01 -1.96885E+01 -1.87151E+01 -1.75931E+01 -1.63623E+01 -1.50669E+01 -1.37535E+01
 -1.18946E+01 -1.07916E+01 -9.82536E+00 -9.02357E+00 -8.40313E+00 -7.96861E+00 -7.71154E+00 -7.61072E+00 -7.63364E+00 -7.73902E+00 -7.88057E+00 -8.01147E+00 -8.08945E+00 -8.08172E+00 -7.96940E+00 -7.75077E+00 -7.44277E+00 -7.08066E+00 -6.71542E+00 -6.40926E+00 -6.22941E+00 -6.24094E+00 -6.49927E+00 -7.04328E+00 -7.88972E+00 -9.02984E+00 -1.04284E+01 -1.20258E+01 -1.37420E+01 -1.54843E+01 -1.71546E+01 -1.86592E+01 -1.99169E+01 -2.08671E+01 -2.14749E+01 -2.17337E+01 -2.16660E+01 -2.13197E+01 -2.07632E+01 -2.00784E+01 -1.93521E+01 -1.86679E+01 -1.80986E+01 -1.76997E+01 -1.75056E+01 -1.75274E+01 -1.77534E+01 -1.81517E+01 -1.86743E+01 -1.92624E+01 -1.98520E+01 -2.03801E+01 -2.07891E+01 -2.10312E+01 -2.10714E+01 -2.08885E+01 -2.04761E+01 -1.98416E+01 -1.90049E+01 -1.79965E+01 -1.68554E+01 -1.56262E+01 -1.43573E+01 -1.30976E+01 -1.18946E+01
 -1.03188E+01 -9.50249E+00 -8.85477E+00 -8.38310E+00 -8.08215E+00 -7.93407E+00 -7.90980E+00 -7.97158E+00 -8.07643E+00 -8.18049E+00 -8.24376E+00 -8.23487E+00 -8.13523E+00 -7.94221E+00 -7.67069E+00 -7.35275E+00 -7.03543E+00 -6.77653E+00 -6.63881E+00 -6.68327E+00 -6.96200E+00 -7.51153E+00 -8.34748E+00 -9.46106E+00 -1.08181E+01 -1.23604E+01 -1.40103E+01 -1.56769E+01 -1.72637E+01 -1.86779E+01 -1.98388E+01 -2.06850E+01 -2.11804E+01 -2.13176E+01 -2.11178E+01 -2.06286E+01 -1.99194E+01 -1.90741E+01 -1.81833E+01 -1.73361E+01 -1.66116E+01 -1.60727E+01 -1.57615E+01 -1.56961E+01 -1.58710E+01 -1.62586E+01 -1.68131E+01 -1.74756E+01 -1.81797E+01 -1.88575E+01 -1.94449E+01 -1.98863E+01 -2.01379E+01 -2.01702E+01 -1.99686E+01 -1.95334E+01 -1.88790E+01 -1.80316E+01 -1.70275E+01 -1.59102E+01 -1.47280E+01 -1.35307E+01 -1.23676E+01 -1.12839E+01 -1.03188E+01
 -9.20740E+00 -8.71088E+00 -8.37405E+00 -8.18284E+00 -8.11219E+00 -8.12848E+00 -8.19280E+00 -8.26509E+00 -8.30859E+00 -8.29426E+00 -8.20472E+00 -8.03716E+00 -7.80479E+00 -7.53662E+00 -7.27536E+00 -7.07357E+00 -6.98830E+00 -7.07489E+00 -7.38032E+00 -7.93705E+00 -8.75796E+00 -9.83311E+00 -1.11286E+01 -1.25882E+01 -1.41370E+01 -1.56873E+01 -1.71463E+01 -1.84245E+01 -1.94437E+01 -2.01441E+01 -2.04905E+01 -2.04752E+01 -2.01191E+01 -1.94692E+01 -1.85948E+01 -1.75804E+01 -1.65188E+01 -1.55023E+01 -1.46150E+01 -1.39258E+01 -1.34837E+01 -1.33139E+01 -1.34177E+01 -1.37733E+01 -1.43390E+01 -1.50577E+01 -1.58627E+01 -1.66832E+01 -1.74501E+01 -1.81007E+01 -1.85830E+01 -1.88584E+01 -1.89033E+01 -1.87095E+01 -1.82838E+01 -1.76463E+01 -1.68288E+01 -1.58718E+01 -1.48219E+01 -1.37291E+01 -1.26432E+01 -1.16111E+01 -1.06742E+01 -9.86542E+00 -9.20740E+00
 -8.58121E+00 -8.35790E+00 -8.24952E+00 -8.22671E+00 -8.25475E+00 -8.29744E+00 -8.32144E+00 -8.30038E+00 -8.21858E+00 -8.07369E+00 -7.87800E+00 -7.65808E+00 -7.45276E+00 -7.30949E+00 -7.27933E+00 -7.41118E+00 -7.74570E+00 -8.30975E+00 -9.11177E+00 -1.01390E+01 -1.13567E+01 -1.27094E+01 -1.41249E+01 -1.55198E+01 -1.68062E+01 -1.79000E+01 -1.87279E+01 -1.92350E+01 -1.93893E+01 -1.91852E+01 -1.86446E+01 -1.78146E+01 -1.67637E+01 -1.55761E+01 -1.43443E+01 -1.31614E+01 -1.21135E+01 -1.12733E+01 -1.06945E+01 -1.04085E+01 -1.04231E+01 -1.07230E+01 -1.12726E+01 -1.20194E+01 -1.28990E+01 -1.38411E+01 -1.47741E+01 -1.56307E+01 -1.63519E+01 -1.68904E+01 -1.72130E+01 -1.73015E+01 -1.71528E+01 -1.67786E+01 -1.62031E+01 -1.54613E+01 -1.45962E+01 -1.36556E+01 -1.26894E+01 -1.17455E+01 -1.08677E+01 -1.00920E+01 -9.44453E+00 -8.94015E+00 -8.58121E+00
 -8.31894E+00 -8.26776E+00 -8.26970E+00 -8.29233E+00 -8.30530E+00 -8.28441E+00 -8.21518E+00 -8.09538E+00 -7.93626E+00 -7.76212E+00 -7.60831E+00 -7.51765E+00 -7.53570E+00 -7.70524E+00 -8.06070E+00 -8.62302E+00 -9.39560E+00 -1.03620E+01 -1.14853E+01 -1.27103E+01 -1.39665E+01 -1.51742E+01 -1.62512E+01 -1.71193E+01 -1.77122E+01 -1.79814E+01 -1.79007E+01 -1.74693E+01 -1.67117E+01 -1.56769E+01 -1.44334E+01 -1.30646E+01 -1.16616E+01 -1.03164E+01 -9.11444E+00 -8.12903E+00 -7.41594E+00 -7.01028E+00 -6.92492E+00 -7.15076E+00 -7.65859E+00 -8.40228E+00 -9.32294E+00 -1.03537E+01 -1.14243E+01 -1.24662E+01 -1.34165E+01 -1.42212E+01 -1.48383E+01 -1.52394E+01 -1.54102E+01 -1.53512E+01 -1.50762E+01 -1.46113E+01 -1.39924E+01 -1.32624E+01 -1.24687E+01 -1.16590E+01 -1.08786E+01 -1.01669E+01 -9.55456E+00 -9.06163E+00 -8.69602E+00 -8.45357E+00 -8.31894E+00
 -8.23898E+00 -8.25156E+00 -8.26387E+00 -8.25352E+00 -8.20651E+00 -8.11987E+00 -8.00287E+00 -7.87681E+00 -7.77303E+00 -7.72955E+00 -7.78653E+00 -7.98106E+00 -8.34184E+00 -8.88445E+00 -9.60774E+00 -1.04918E+01 -1.14980E+01 -1.25707E+01 -1.36414E+01 -1.46341E+01 -1.54715E+01 -1.60823E+01 -1.64073E+01 -1.64053E+01 -1.60573E+01 -1.53681E+01 -1.43671E+01 -1.31057E+01 -1.16537E+01 -1.00939E+01 -8.51571E+00 -7.00876E+00 -5.65640E+00 -4.53024E+00 -3.68574E+00 -3.15930E+00 -2.96688E+00 -3.10420E+00 -3.54821E+00 -4.25977E+00 -5.18698E+00 -6.26912E+00 -7.44070E+00 -8.63539E+00 -9.78976E+00 -1.08465E+01 -1.17570E+01 -1.24838E+01 -1.30017E+01 -1.32986E+01 -1.33760E+01 -1.32478E+01 -1.29393E+01 -1.24852E+01 -1.19266E+01 -1.13086E+01 -1.06760E+01 -1.00704E+01 -9.52688E+00 -9.07137E+00 -8.71869E+00 -8.47190E+00 -8.32276E+00 -8.25337E+00 -8.23898E+00
 -8.20126E+00 -8.20857E+00 -8.19069E+00 -8.14344E+00 -8.07349E+00 -7.99825E+00 -7.94429E+00 -7.94420E+00 -8.03233E+00 -8.23990E+00 -8.59002E+00 -9.09331E+00 -9.74456E+00 -1.05211E+01 -1.13831E+01 -1.22754E+01 -1.31320E+01 -1.38808E+01 -1.44504E+01 -1.47763E+01 -1.48074E+01 -1.45102E+01 -1.38734E+01 -1.29083E+01 -1.16494E+01 -1.01512E+01 -8.48476E+00 -6.73211E+00 -4.98041E+00 -3.31593E+00 -1.81833E+00 -5.55857E-01  4.18275E-01  1.06825E+00  1.37660E+00  1.34391E+00  9.87460E-01  3.39047E-01 -5.57703E-01 -1.65036E+00 -2.88080E+00 -4.18822E+00 -5.51208E+00 -6.79474E+00 -7.98394E+00 -9.03497E+00 -9.91255E+00 -1.05923E+01 -1.10618E+01 -1.13209E+01 -1.13816E+01 -1.12667E+01 -1.10083E+01 -1.06449E+01 -1.02186E+01 -9.77107E+00 -9.34062E+00 -8.95857E+00 -8.64701E+00 -8.41719E+00 -8.26932E+00 -8.19350E+00 -8.17198E+00 -8.18233E+00 -8.20126E+00
 -8.17028E+00 -8.16318E+00 -8.13906E+00 -8.11121E+00 -8.10111E+00 -8.13567E+00 -8.24330E+00 -8.44941E+00 -8.77170E+00 -9.21607E+00 -9.77367E+00 -1.04195E+01 -1.11128E+01 -1.17996E+01 -1.24165E+01 -1.28961E+01 -1.31733E+01 -1.31912E+01 -1.29071E+01 -1.22964E+01 -1.13559E+01 -1.01044E+01 -8.58193E+00 -6.84662E+00 -4.97059E+00 -3.03469E+00 -1.12280E+00  6.83666E-01  2.31070E+00  3.69562E+00  4.78983E+00  5.56031E+00  5.98994E+00  6.07684E+00  5.83299E+00  5.28236E+00  4.45890E+00  3.40443E+00  2.16668E+00  7.97408E-01 -6.49421E-01 -2.11941E+00 -3.55962E+00 -4.92052E+00 -6.15808E+00 -7.23583E+00 -8.12678E+00 -8.81497E+00 -9.29641E+00 -9.57928E+00 -9.68311E+00 -9.63703E+00 -9.47718E+00 -9.24329E+00 -8.97508E+00 -8.70851E+00 -8.47268E+00 -8.28740E+00 -8.16207E+00 -8.09581E+00 -8.07896E+00 -8.09567E+00 -8.12737E+00 -8.15654E+00 -8.17028E+00
 -8.19584E+00 -8.20647E+00 -8.22752E+00 -8.28027E+00 -8.38763E+00 -8.56981E+00 -8.83996E+00 -9.20030E+00 -9.63929E+00 -1.01304E+01 -1.06328E+01 -1.10937E+01 -1.14527E+01 -1.16469E+01 -1.16174E+01 -1.13148E+01 -1.07047E+01 -9.77156E+00 -8.52097E+00 -6.97979E+00 -5.19439E+00 -3.22725E+00 -1.15222E+00  9.50915E-01  3.00198E+00  4.92550E+00  6.65488E+00  8.13544E+00  9.32601E+00  1.01994E+01  1.07417E+01  1.09509E+01  1.08352E+01  1.04113E+01  9.70272E+00  8.73866E+00  7.55337E+00  6.18557E+00  4.67814E+00  3.07763E+00  1.43337E+00 -2.03829E-01 -1.78366E+00 -3.25875E+00 -4.58741E+00 -5.73640E+00 -6.68330E+00 -7.41824E+00 -7.94454E+00 -8.27817E+00 -8.44600E+00 -8.48286E+00 -8.42795E+00 -8.32065E+00 -8.19671E+00 -8.08481E+00 -8.00436E+00 -7.96455E+00 -7.96484E+00 -7.99691E+00 -8.04751E+00 -8.10209E+00 -8.14835E+00 -8.17940E+00 -8.19584E+00
 -8.31305E+00 -8.36447E+00 -8.44735E+00 -8.57741E+00 -8.76440E+00 -9.00842E+00 -9.29700E+00 -9.60392E+00 -9.88971E+00 -1.01041E+01 -1.01902E+01 -1.00898E+01 -9.74949E+00 -9.12668E+00 -8.19441E+00 -6.94523E+00 -5.39283E+00 -3.57172E+00 -1.53486E+00  6.50514E-01  2.90809E+00  5.15840E+00  7.32442E+00  9.33656E+00  1.11363E+01  1.26784E+01  1.39312E+01  1.48764E+01  1.55064E+01  1.58225E+01  1.58321E+01  1.55466E+01  1.49802E+01  1.41491E+01  1.30723E+01  1.17722E+01  1.02762E+01  8.61799E+00  6.83780E+00  4.98258E+00  3.10455E+00  1.25883E+00 -4.99862E-01 -2.12101E+00 -3.56224E+00 -4.79273E+00 -5.79572E+00 -6.56961E+00 -7.12757E+00 -7.49553E+00 -7.70886E+00 -7.80816E+00 -7.83462E+00 -7.82570E+00 -7.81152E+00 -7.81262E+00 -7.83915E+00 -7.89176E+00 -7.96369E+00 -8.04404E+00 -8.12128E+00 -8.18668E+00 -8.23696E+00 -8.27566E+00 -8.31305E+00
 -8.41391E+00 -8.46456E+00 -8.53738E+00 -8.63156E+00 -8.73559E+00 -8.82569E+00 -8.86599E+00 -8.81073E+00 -8.60808E+00 -8.20538E+00 -7.55507E+00 -6.62053E+00 -5.38122E+00 -3.83616E+00 -2.00555E+00  6.99005E-02  2.33179E+00  4.70864E+00  7.12174E+00  9.49143E+00  1.17432E+01  1.38125E+01  1.56486E+01  1.72156E+01  1.84927E+01  1.94716E+01  2.01540E+01  2.05473E+01  2.06616E+01  2.05064E+01  2.00888E+01  1.94140E+01  1.84858E+01  1.73090E+01  1.58929E+01  1.42538E+01  1.24178E+01  1.04222E+01  8.31566E+00  6.15588E+00  4.00677E+00  1.93370E+00 -1.59364E-03 -1.74628E+00 -3.26083E+00 -4.52225E+00 -5.52538E+00 -6.28244E+00 -6.82049E+00 -7.17757E+00 -7.39766E+00 -7.52546E+00 -7.60152E+00 -7.65842E+00 -7.71844E+00 -7.79297E+00 -7.88359E+00 -7.98451E+00 -8.08595E+00 -8.17773E+00 -8.25242E+00 -8.30763E+00 -8.34677E+00 -8.37836E+00 -8.41391E+00
 -8.17040E+00 -8.08668E+00 -7.97676E+00 -7.82112E+00 -7.58973E+00 -7.24357E+00 -6.73793E+00 -6.02721E+00 -5.07048E+00 -3.83728E+00 -2.31263E+00 -5.00631E-01  1.57387E+00  3.86598E+00  6.31370E+00  8.84282E+00  1.13731E+01  1.38249E+01  1.61259E+01  1.82162E+01  2.00515E+01  2.16049E+01  2.28659E+01  2.38373E+01  2.45311E+01  2.49633E+01  2.51494E+01  2.51003E+01  2.48198E+01  2.43045E+01  2.35451E+01  2.25297E+01  2.12483E+01  1.96978E+01  1.78861E+01  1.58362E+01  1.35871E+01  1.11935E+01  8.72316E+00  6.25195E+00  3.85802E+00  1.61502E+00 -4.14247E-01 -2.18319E+00 -3.66492E+00 -4.85356E+00 -5.76322E+00 -6.42483E+00 -6.88130E+00 -7.18167E+00 -7.37517E+00 -7.50589E+00 -7.60872E+00 -7.70711E+00 -7.81265E+00 -7.92653E+00 -8.04227E+00 -8.14932E+00 -8.23665E+00 -8.29581E+00 -8.32284E+00 -8.31867E+00 -8.28807E+00 -8.23720E+00 -8.17040E+00
 -7.07477E+00 -6.65366E+00 -6.13241E+00 -5.48090E+00 -4.66374E+00 -3.64423E+00 -2.38943E+00 -8.75547E-01  9.07139E-01  2.95055E+00  5.22701E+00  7.68961E+00  1.02751E+01  1.29084E+01  1.55093E+01  1.79993E+01  2.03082E+01  2.23797E+01  2.41756E+01  2.56766E+01  2.68814E+01  2.78033E+01  2.84650E+01  2.88925E+01  2.91090E+01  2.91297E+01  2.89588E+01  2.85879E+01  2.79978E+01  2.71623E+01  2.60533E+01  2.46475E+01  2.29330E+01  2.09142E+01  1.86158E+01  1.60839E+01  1.33840E+01  1.05971E+01  7.81306E+00  5.12312E+00  2.61176E+00  3.49327E-01 -1.61374E+00 -3.25037E+00 -4.55771E+00 -5.55520E+00 -6.28039E+00 -6.78304E+00 -7.11831E+00 -7.34020E+00 -7.49573E+00 -7.62091E+00 -7.73864E+00 -7.85871E+00 -7.97968E+00 -8.09205E+00 -8.18213E+00 -8.23582E+00 -8.24154E+00 -8.19201E+00 -8.08442E+00 -7.91916E+00 -7.69741E+00 -7.41806E+00 -7.07477E+00
 -4.60800E+00 -3.64787E+00 -2.51942E+00 -1.19705E+00  3.42360E-01  2.11472E+00  4.12409E+00  6.35900E+00  8.79032E+00  1.13713E+01  1.40398E+01  1.67226E+01  1.93418E+01  2.18211E+01  2.40934E+01  2.61062E+01  2.78257E+01  2.92389E+01  3.03520E+01  3.11872E+01  3.17770E+01  3.21573E+01  3.23601E+01  3.24075E+01  3.23071E+01  3.20497E+01  3.16106E+01  3.09527E+01  3.00330E+01  2.88099E+01  2.72509E+01  2.53407E+01  2.30858E+01  2.05186E+01  1.76966E+01  1.46994E+01  1.16228E+01  8.57050E+00  5.64507E+00  2.93867E+00  5.25185E-01 -1.54553E+00 -3.25066E+00 -4.59426E+00 -5.60425E+00 -6.32693E+00 -6.81997E+00 -7.14474E+00 -7.35911E+00 -7.51149E+00 -7.63696E+00 -7.75550E+00 -7.87258E+00 -7.98165E+00 -8.06783E+00 -8.11220E+00 -8.09570E+00 -8.00230E+00 -7.82054E+00 -7.54378E+00 -7.16881E+00 -6.69358E+00 -6.11447E+00 -5.42375E+00 -4.60800E+00
 -4.78745E-01  1.12957E+00  2.93323E+00  4.93838E+00  7.14209E+00  9.52893E+00  1.20687E+01  1.47161E+01  1.74120E+01  2.00878E+01  2.26700E+01  2.50871E+01  2.72765E+01  2.91899E+01  3.07981E+01  3.20926E+01  3.30854E+01  3.38055E+01  3.42929E+01  3.45920E+01  3.47434E+01  3.47768E+01  3.47053E+01  3.45226E+01  3.42024E+01  3.37019E+01  3.29673E+01  3.19424E+01  3.05767E+01  2.88353E+01  2.67055E+01  2.42024E+01  2.13706E+01  1.82823E+01  1.50325E+01  1.17308E+01  8.49239E+00  5.42687E+00  2.62914E+00  1.71279E-01 -1.90262E+00 -3.57843E+00 -4.87053E+00 -5.81746E+00 -6.47512E+00 -6.90871E+00 -7.18442E+00 -7.36188E+00 -7.48839E+00 -7.59533E+00 -7.69712E+00 -7.79250E+00 -7.86774E+00 -7.90092E+00 -7.86661E+00 -7.74014E+00 -7.50075E+00 -7.13325E+00 -6.62823E+00 -5.98075E+00 -5.18826E+00 -4.24817E+00 -3.15574E+00 -1.90297E+00 -4.78745E-01
  5.17294E+00  7.37641E+00  9.73877E+00  1.22393E+01  1.48458E+01  1.75144E+01  2.01898E+01  2.28089E+01  2.53049E+01  2.76129E+01  2.96765E+01  3.14530E+01  3.29178E+01  3.40670E+01  3.49169E+01  3.55012E+01  3.58654E+01  3.60603E+01  3.61335E+01  3.61216E+01  3.60441E+01  3.58994E+01  3.56630E+01  3.52906E+01  3.47226E+01  3.38925E+01  3.27362E+01  3.12017E+01  2.92583E+01  2.69031E+01  2.41646E+01  2.11031E+01  1.78068E+01  1.43849E+01  1.09580E+01  7.64732E+00  4.56397E+00  1.79917E+00 -5.82878E-01 -2.54908E+00 -4.09791E+00 -5.25651E+00 -6.07477E+00 -6.61747E+00 -6.95541E+00 -7.15672E+00 -7.27955E+00 -7.36663E+00 -7.44254E+00 -7.51349E+00 -7.56954E+00 -7.58848E+00 -7.54080E+00 -7.39472E+00 -7.12062E+00 -6.69429E+00 -6.09854E+00 -5.32340E+00 -4.36491E+00 -3.22317E+00 -1.90014E+00 -3.97874E-01  1.28238E+00  3.13988E+00  5.17294E+00
  1.17116E+01  1.42822E+01  1.69144E+01  1.95645E+01  2.21809E+01  2.47060E+01  2.70799E+01  2.92453E+01  3.11529E+01  3.27662E+01  3.40660E+01  3.50524E+01  3.57453E+01  3.61818E+01  3.64113E+01  3.64887E+01  3.64669E+01  3.63885E+01  3.62791E+01  3.61426E+01  3.59586E+01  3.56842E+01  3.52584E+01  3.46090E+01  3.36625E+01  3.23541E+01  3.06375E+01  2.84928E+01  2.59321E+01  2.30012E+01  1.97772E+01  1.63630E+01  1.28789E+01  9.45104E+00  6.20083E+00  3.23382E+00  6.30973E-01 -1.55718E+00 -3.31295E+00 -4.65021E+00 -5.60981E+00 -6.25228E+00 -6.64909E+00 -6.87339E+00 -6.99143E+00 -7.05583E+00 -7.10106E+00 -7.14179E+00 -7.17380E+00 -7.17715E+00 -7.12091E+00 -6.96856E+00 -6.68336E+00 -6.23281E+00 -5.59171E+00 -4.74375E+00 -3.68145E+00 -2.40495E+00 -9.20115E-01  7.63559E-01  2.63458E+00  4.68029E+00  6.88671E+00  9.23738E+00  1.17116E+01
  1.81326E+01  2.07233E+01  2.32454E+01  2.56466E+01  2.78738E+01  2.98771E+01  3.16141E+01  3.30546E+01  3.41840E+01  3.50061E+01  3.55433E+01  3.58344E+01  3.59306E+01  3.58896E+01  3.57675E+01  3.56117E+01  3.54533E+01  3.53020E+01  3.51431E+01  3.49381E+01  3.46274E+01  3.41379E+01  3.33910E+01  3.23132E+01  3.08458E+01  2.89547E+01  2.66360E+01  2.39199E+01  2.08701E+01  1.75792E+01  1.41614E+01  1.07424E+01  7.44797E+00  4.39257E+00  1.66964E+00 -6.55818E-01 -2.55135E+00 -4.01740E+00 -5.08413E+00 -5.80526E+00 -6.24970E+00 -6.49223E+00 -6.60428E+00 -6.64607E+00 -6.66076E+00 -6.67132E+00 -6.68014E+00 -6.67123E+00 -6.61444E+00 -6.47086E+00 -6.19865E+00 -5.75848E+00 -5.11776E+00 -4.25352E+00 -3.15354E+00 -1.81605E+00 -2.48254E-01  1.53566E+00  3.51667E+00  5.67261E+00  7.97909E+00  1.04096E+01  1.29349E+01  1.55219E+01  1.81326E+01
  2.33462E+01  2.55955E+01  2.76558E+01  2.94843E+01  3.10453E+01  3.23145E+01  3.32816E+01  3.39527E+01  3.43511E+01  3.45156E+01  3.44972E+01  3.43533E+01  3.41414E+01  3.39115E+01  3.36992E+01  3.35199E+01  3.33653E+01  3.32031E+01  3.29790E+01  3.26223E+01  3.20542E+01  3.11967E+01  2.99835E+01  2.83687E+01  2.63345E+01  2.38960E+01  2.11016E+01  1.80309E+01  1.47880E+01  1.14927E+01  8.26942E+00  5.23640E+00  2.49477E+00  1.20357E-01 -1.84186E+00 -3.37966E+00 -4.51198E+00 -5.28390E+00 -5.75923E+00 -6.01144E+00 -6.11430E+00 -6.13324E+00 -6.11853E+00 -6.10078E+00 -6.08933E+00 -6.07331E+00 -6.02512E+00 -5.90551E+00 -5.66955E+00 -5.27268E+00 -4.67588E+00 -3.84966E+00 -2.77633E+00 -1.45068E+00  1.20859E-01  1.92196E+00  3.92876E+00  6.11210E+00  8.43945E+00  1.08761E+01  1.33855E+01  1.59292E+01  1.84665E+01  2.09541E+01  2.33462E+01
  2.65124E+01  2.81567E+01  2.95401E+01  3.06436E+01  3.14609E+01  3.20001E+01  3.22842E+01  3.23503E+01  3.22469E+01  3.20288E+01  3.17522E+01  3.14670E+01  3.12111E+01  3.10042E+01  3.08444E+01  3.07063E+01  3.05429E+01  3.02897E+01  2.98715E+01  2.92109E+01  2.82380E+01  2.68998E+01  2.51677E+01  2.30430E+01  2.05594E+01  1.77816E+01  1.48005E+01  1.17255E+01  8.67485E+00  5.76493E+00  3.09955E+00  7.61080E-01 -1.19605E+00 -2.74863E+00 -3.90452E+00 -4.69906E+00 -5.18876E+00 -5.44298E+00 -5.53484E+00 -5.53234E+00 -5.49075E+00 -5.44721E+00 -5.41788E+00 -5.39790E+00 -5.36383E+00 -5.27819E+00 -5.09520E+00 -4.76705E+00 -4.24971E+00 -3.50780E+00 -2.51788E+00 -1.27008E+00  2.31877E-01  1.97205E+00  3.92447E+00  6.05581E+00  8.32786E+00  1.06997E+01  1.31290E+01  1.55730E+01  1.79887E+01  2.03329E+01  2.25627E+01  2.46358E+01  2.65124E+01
  2.72940E+01  2.82408E+01  2.89228E+01  2.93495E+01  2.95435E+01  2.95392E+01  2.93814E+01  2.91207E+01  2.88094E+01  2.84951E+01  2.82155E+01  2.79927E+01  2.78294E+01  2.77072E+01  2.75868E+01  2.74118E+01  2.71136E+01  2.66192E+01  2.58599E+01  2.47795E+01  2.33425E+01  2.15400E+01  1.93923E+01  1.69494E+01  1.42877E+01  1.15034E+01  8.70453E+00  6.00069E+00  3.49341E+00  1.26695E+00 -6.18673E-01 -2.13197E+00 -3.27101E+00 -4.06128E+00 -4.55056E+00 -4.80177E+00 -4.88443E+00 -4.86605E+00 -4.80426E+00 -4.74079E+00 -4.69764E+00 -4.67604E+00 -4.65783E+00 -4.60918E+00 -4.48582E+00 -4.23912E+00 -3.82217E+00 -3.19517E+00 -2.32952E+00 -1.21034E+00  1.62733E-01  1.77627E+00  3.60494E+00  5.61416E+00  7.76295E+00  1.00067E+01  1.22993E+01  1.45949E+01  1.68488E+01  1.90181E+01  2.10623E+01  2.29435E+01  2.46275E+01  2.60851E+01  2.72940E+01
  2.59283E+01  2.62636E+01  2.63910E+01  2.63422E+01  2.61572E+01  2.58815E+01  2.55623E+01  2.52433E+01  2.49602E+01  2.47354E+01  2.45749E+01  2.44659E+01  2.43769E+01  2.42599E+01  2.40546E+01  2.36950E+01  2.31165E+01  2.22638E+01  2.10984E+01  1.96039E+01  1.77904E+01  1.56947E+01  1.33786E+01  1.09244E+01  8.42717E+00  5.98665E+00  3.69800E+00  1.64315E+00 -1.16229E-01 -1.54358E+00 -2.62940E+00 -3.39028E+00 -3.86506E+00 -4.10880E+00 -4.18521E+00 -4.15861E+00 -4.08623E+00 -4.01193E+00 -3.96184E+00 -3.94240E+00 -3.94090E+00 -3.92823E+00 -3.86344E+00 -3.69935E+00 -3.38851E+00 -2.88878E+00 -2.16788E+00 -1.20659E+00 -1.78053E-04  1.44163E+00  3.09608E+00  4.92986E+00  6.90197E+00  8.96681E+00  1.10769E+01  1.31851E+01  1.52462E+01  1.72181E+01  1.90625E+01  2.07451E+01  2.22367E+01  2.35136E+01  2.45589E+01  2.53636E+01  2.59283E+01
  2.30954E+01  2.30267E+01  2.28394E+01  2.25730E+01  2.22688E+01  2.19655E+01  2.16953E+01  2.14799E+01  2.13271E+01  2.12287E+01  2.11603E+01  2.10822E+01  2.09436E+01  2.06866E+01  2.02533E+01  1.95919E+01  1.86638E+01  1.74486E+01  1.59484E+01  1.41891E+01  1.22193E+01  1.01068E+01  7.93322E+00  5.78625E+00  3.75198E+00  1.90687E+00  3.10980E-01 -9.97017E-01 -2.00240E+00 -2.71435E+00 -3.16325E+00 -3.39583E+00 -3.46864E+00 -3.44084E+00 -3.36700E+00 -3.29087E+00 -3.24079E+00 -3.22716E+00 -3.24219E+00 -3.26184E+00 -3.24954E+00 -3.16122E+00 -2.95087E+00 -2.57603E+00 -2.00252E+00 -1.20795E+00 -1.83789E-01  1.06418E+00  2.51681E+00  4.14365E+00  5.90575E+00  7.75877E+00  9.65598E+00  1.15508E+01  1.33991E+01  1.51603E+01  1.67984E+01  1.82828E+01  1.95884E+01  2.06961E+01  2.15934E+01  2.22750E+01  2.27436E+01  2.30104E+01  2.30954E+01
  1.96502E+01  1.94141E+01  1.91446E+01  1.88746E+01  1.86320E+01  1.84361E+01  1.82955E+01  1.82054E+01  1.81474E+01  1.80904E+01  1.79924E+01  1.78051E+01  1.74787E+01  1.69671E+01  1.62343E+01  1.52586E+01  1.40369E+01  1.25862E+01  1.09435E+01  9.16322E+00  7.31302E+00  5.46769E+00  3.70238E+00  2.08574E+00  6.73621E-01 -4.95733E-01 -1.40455E+00 -2.05616E+00 -2.47328E+00 -2.69424E+00 -2.76763E+00 -2.74599E+00 -2.67937E+00 -2.60947E+00 -2.56505E+00 -2.55912E+00 -2.58807E+00 -2.63288E+00 -2.66204E+00 -2.63584E+00 -2.51136E+00 -2.24765E+00 -1.81031E+00 -1.17525E+00 -3.30999E-01  7.20345E-01  1.96359E+00  3.37214E+00  4.91048E+00  6.53718E+00  8.20795E+00  9.87843E+00  1.15065E+01  1.30540E+01  1.44879E+01  1.57807E+01  1.69112E+01  1.78641E+01  1.86306E+01  1.92082E+01  1.96013E+01  1.98209E+01  1.98852E+01  1.98183E+01  1.96502E+01
  1.63327E+01  1.61091E+01  1.59055E+01  1.57384E+01  1.56155E+01  1.55342E+01  1.54810E+01  1.54318E+01  1.53535E+01  1.52073E+01  1.49518E+01  1.45486E+01  1.39659E+01  1.31833E+01  1.21951E+01  1.10121E+01  9.66166E+00  8.18653E+00  6.64121E+00  5.08741E+00  3.58850E+00  2.20368E+00  9.82528E-01 -3.94055E-02 -8.43468E-01 -1.42893E+00 -1.81201E+00 -2.02312E+00 -2.10254E+00 -2.09520E+00 -2.04509E+00 -1.99005E+00 -1.95747E+00 -1.96137E+00 -2.00125E+00 -2.06264E+00 -2.11932E+00 -2.13681E+00 -2.07671E+00 -1.90126E+00 -1.57771E+00 -1.08185E+00 -4.00577E-01  4.66936E-01  1.50931E+00  2.70421E+00  4.02049E+00  5.42089E+00  6.86497E+00  8.31186E+00  9.72268E+00  1.10624E+01  1.23010E+01  1.34144E+01  1.43845E+01  1.51993E+01  1.58527E+01  1.63443E+01  1.66795E+01  1.68689E+01  1.69286E+01  1.68791E+01  1.67451E+01  1.65536E+01  1.63327E+01
  1.35744E+01  1.34409E+01  1.33394E+01  1.32683E+01  1.32177E+01  1.31694E+01  1.30979E+01  1.29727E+01  1.27613E+01  1.24324E+01  1.19599E+01  1.13263E+01  1.05252E+01  9.56350E+00  8.46158E+00  7.25239E+00  5.97904E+00  4.69123E+00  3.44080E+00  2.27704E+00  1.24211E+00  3.67237E-01 -3.29933E-01 -8.46481E-01 -1.19375E+00 -1.39534E+00 -1.48373E+00 -1.49606E+00 -1.46950E+00 -1.43674E+00 -1.42219E+00 -1.43930E+00 -1.48920E+00 -1.56096E+00 -1.63317E+00 -1.67672E+00 -1.65843E+00 -1.54502E+00 -1.30689E+00 -9.21462E-01 -3.75549E-01  3.33311E-01  1.19670E+00  2.19621E+00  3.30526E+00  4.49137E+00  5.71889E+00  6.95153E+00  8.15467E+00  9.29720E+00  1.03528E+01  1.13006E+01  1.21257E+01  1.28185E+01  1.33752E+01  1.37966E+01  1.40885E+01  1.42607E+01  1.43267E+01  1.43037E+01  1.42114E+01  1.40711E+01  1.39049E+01  1.37334E+01  1.35744E+01
  1.14588E+01  1.13972E+01  1.13472E+01  1.12953E+01  1.12225E+01  1.11058E+01  1.09204E+01  1.06419E+01  1.02500E+01  9.73020E+00  9.07694E+00  8.29465E+00  7.39847E+00  6.41360E+00  5.37363E+00  4.31780E+00  3.28759E+00  2.32294E+00  1.45859E+00  7.20872E-01  1.25405E-01 -3.24020E-01 -6.35279E-01 -8.26461E-01 -9.23289E-01 -9.55743E-01 -9.54278E-01 -9.46089E-01 -9.51863E-01 -9.83394E-01 -1.04233E+00 -1.12013E+00 -1.19930E+00 -1.25559E+00 -1.26096E+00 -1.18694E+00 -1.00787E+00 -7.03857E-01 -2.62897E-01  3.17846E-01  1.03177E+00  1.86353E+00  2.79050E+00  3.78482E+00  4.81570E+00  5.85178E+00  6.86321E+00  7.82336E+00  8.70999E+00  9.50591E+00  1.01992E+01  1.07830E+01  1.12550E+01  1.16173E+01  1.18753E+01  1.20376E+01  1.21156E+01  1.21227E+01  1.20740E+01  1.19856E+01  1.18738E+01  1.17539E+01  1.16392E+01  1.15392E+01  1.14588E+01
  9.82358E+00  9.76451E+00  9.68472E+00  9.56773E+00  9.39547E+00  9.15022E+00  8.81669E+00  8.38405E+00  7.84775E+00  7.21078E+00  6.48425E+00  5.68705E+00  4.84470E+00  3.98742E+00  3.14751E+00  2.35647E+00  1.64211E+00  1.02597E+00  5.21352E-01  1.32342E-01 -1.46271E-01 -3.27964E-01 -4.32554E-01 -4.83566E-01 -5.05233E-01 -5.19458E-01 -5.43125E-01 -5.86061E-01 -6.49883E-01 -7.27869E-01 -8.05819E-01 -8.63813E-01 -8.78616E-01 -8.26429E-01 -6.85676E-01 -4.39469E-01 -7.75207E-02  4.02715E-01  9.95740E-01  1.68854E+00  2.46182E+00  3.29174E+00  4.15198E+00  5.01579E+00  5.85788E+00  6.65592E+00  7.39167E+00  8.05149E+00  8.62645E+00  9.11212E+00  9.50801E+00  9.81693E+00  1.00444E+01  1.01979E+01  1.02867E+01  1.03209E+01  1.03117E+01  1.02703E+01  1.02080E+01  1.01352E+01  1.00608E+01  9.99116E+00  9.92962E+00  9.87545E+00  9.82358E+00
  8.42945E+00  8.30734E+00  8.14004E+00  7.91555E+00  7.62343E+00  7.25633E+00  6.81124E+00  6.29053E+00  5.70235E+00  5.06061E+00  4.38414E+00  3.69541E+00  3.01865E+00  2.37775E+00  1.79408E+00  1.28451E+00  8.59865E-01  5.24071E-01  2.73977E-01  1.00038E-01 -1.23031E-02 -8.06625E-02 -1.23423E-01 -1.57380E-01 -1.95599E-01 -2.45765E-01 -3.09186E-01 -3.80606E-01 -4.48807E-01 -4.97937E-01 -5.09398E-01 -4.64042E-01 -3.44431E-01 -1.36881E-01  1.66929E-01  5.68961E-01  1.06451E+00  1.64260E+00  2.28697E+00  2.97755E+00  3.69218E+00  4.40841E+00  5.10511E+00  5.76388E+00  6.36992E+00  6.91260E+00  7.38546E+00  7.78596E+00  8.11492E+00  8.37580E+00  8.57403E+00  8.71634E+00  8.81019E+00  8.86338E+00  8.88375E+00  8.87887E+00  8.85585E+00  8.82102E+00  8.77955E+00  8.73503E+00  8.68900E+00  8.64053E+00  8.58591E+00  8.51860E+00  8.42945E+00
  7.10694E+00  6.89711E+00  6.63577E+00  6.31859E+00  5.94419E+00  5.51486E+00  5.03687E+00  4.52048E+00  3.97939E+00  3.42992E+00  2.88965E+00  2.37599E+00  1.90462E+00  1.48805E+00  1.13450E+00  8.47202E-01  6.24297E-01  4.59239E-01  3.41787E-01  2.59411E-01  1.98969E-01  1.48441E-01  9.85314E-02  4.39213E-02 -1.59744E-02 -7.68356E-02 -1.29879E-01 -1.62852E-01 -1.61467E-01 -1.11083E-01  1.54421E-03  1.86671E-01  4.50304E-01  7.93406E-01  1.21165E+00  1.69572E+00  2.23211E+00  2.80433E+00  3.39424E+00  3.98361E+00  4.55538E+00  5.09486E+00  5.59044E+00  6.03406E+00  6.42119E+00  6.75056E+00  7.02365E+00  7.24401E+00  7.41660E+00  7.54713E+00  7.64155E+00  7.70565E+00  7.74482E+00  7.76389E+00  7.76703E+00  7.75764E+00  7.73826E+00  7.71037E+00  7.67423E+00  7.62863E+00  7.57076E+00  7.49615E+00  7.39883E+00  7.27167E+00  7.10694E+00
  5.81941E+00  5.54382E+00  5.22703E+00  4.87119E+00  4.48115E+00  4.06444E+00  3.63099E+00  3.19249E+00  2.76153E+00  2.35059E+00  1.97094E+00  1.63160E+00  1.33859E+00  1.09440E+00  8.97903E-01  7.44657E-01  6.27612E-01  5.38125E-01  4.67174E-01  4.06614E-01  3.50334E-01  2.95150E-01  2.41340E-01  1.92738E-01  1.56365E-01  1.41658E-01  1.59372E-01  2.20297E-01  3.33941E-01  5.07338E-01  7.44121E-01  1.04396E+00  1.40243E+00  1.81131E+00  2.25925E+00  2.73273E+00  3.21722E+00  3.69831E+00  4.16281E+00  4.59957E+00  5.00009E+00  5.35878E+00  5.67287E+00  5.94218E+00  6.16855E+00  6.35528E+00  6.50653E+00  6.62672E+00  6.72014E+00  6.79065E+00  6.84150E+00  6.87527E+00  6.89394E+00  6.89891E+00  6.89102E+00  6.87056E+00  6.83717E+00  6.78982E+00  6.72663E+00  6.64488E+00  6.54104E+00  6.41092E+00  6.25005E+00  6.05407E+00  5.81941E+00
  4.63494E+00  4.34152E+00  4.02461E+00  3.68935E+00  3.34252E+00  2.99218E+00  2.64715E+00  2.31627E+00  2.00768E+00  1.72809E+00  1.48216E+00  1.27213E+00  1.09772E+00  9.56271E-01  8.43264E-01  7.53007E-01  6.79509E-01  6.17392E-01  5.62726E-01  5.13692E-01  4.70957E-01  4.37737E-01  4.19505E-01  4.23389E-01  4.57335E-01  5.29121E-01  6.45355E-01  8.10585E-01  1.02661E+00  1.29211E+00  1.60257E+00  1.95060E+00  2.32653E+00  2.71918E+00  3.11687E+00  3.50829E+00  3.88337E+00  4.23395E+00  4.55417E+00  4.84057E+00  5.09204E+00  5.30937E+00  5.49483E+00  5.65157E+00  5.78305E+00  5.89258E+00  5.98297E+00  6.05631E+00  6.11395E+00  6.15657E+00  6.18430E+00  6.19693E+00  6.19407E+00  6.17525E+00  6.13994E+00  6.08752E+00  6.01722E+00  5.92796E+00  5.81835E+00  5.68665E+00  5.53089E+00  5.34911E+00  5.13963E+00  4.90152E+00  4.63494E+00
  3.64693E+00  3.38018E+00  3.10525E+00  2.82711E+00  2.55143E+00  2.28417E+00  2.03112E+00  1.79735E+00  1.58680E+00  1.40192E+00  1.24355E+00  1.11086E+00  1.00168E+00  9.12914E-01  8.41042E-01  7.82798E-01  7.35740E-01  6.98737E-01  6.72278E-01  6.58549E-01  6.61262E-01  6.85250E-01  7.35878E-01  8.18332E-01  9.36886E-01  1.09424E+00  1.29101E+00  1.52545E+00  1.79340E+00  2.08856E+00  2.40296E+00  2.72758E+00  3.05315E+00  3.37087E+00  3.67310E+00  3.95385E+00  4.20913E+00  4.43694E+00  4.63719E+00  4.81127E+00  4.96167E+00  5.09135E+00  5.20328E+00  5.29999E+00  5.38328E+00  5.45406E+00  5.51237E+00  5.55755E+00  5.58841E+00  5.60361E+00  5.60182E+00  5.58200E+00  5.54349E+00  5.48602E+00  5.40968E+00  5.31472E+00  5.20147E+00  5.07014E+00  4.92078E+00  4.75325E+00  4.56739E+00  4.36313E+00  4.14082E+00  3.90145E+00  3.64693E+00
  2.90150E+00  2.68297E+00  2.46437E+00  2.24938E+00  2.04186E+00  1.84562E+00  1.66405E+00  1.49985E+00  1.35482E+00  1.22979E+00  1.12462E+00  1.03842E+00  9.69843E-01  9.17397E-01  8.79853E-01  8.56565E-01  8.47712E-01  8.54392E-01  8.78571E-01  9.22869E-01  9.90204E-01  1.08335E+00  1.20448E+00  1.35467E+00  1.53363E+00  1.73942E+00  1.96850E+00  2.21584E+00  2.47529E+00  2.74003E+00  3.00315E+00  3.25816E+00  3.49955E+00  3.72309E+00  3.92611E+00  4.10751E+00  4.26762E+00  4.40788E+00  4.53047E+00  4.63787E+00  4.73235E+00  4.81572E+00  4.88899E+00  4.95233E+00  5.00504E+00  5.04580E+00  5.07287E+00  5.08439E+00  5.07873E+00  5.05468E+00  5.01165E+00  4.94970E+00  4.86950E+00  4.77221E+00  4.65925E+00  4.53209E+00  4.39208E+00  4.24031E+00  4.07755E+00  3.90433E+00  3.72102E+00  3.52808E+00  3.32626E+00  3.11677E+00  2.90150E+00
  2.37301E+00  2.20055E+00  2.03057E+00  1.86606E+00  1.71006E+00  1.56547E+00  1.43482E+00  1.32005E+00  1.22248E+00  1.14279E+00  1.08111E+00  1.03721E+00  1.01068E+00  1.00118E+00  1.00859E+00  1.03312E+00  1.07538E+00  1.13624E+00  1.21667E+00  1.31755E+00  1.43935E+00  1.58188E+00  1.74408E+00  1.92392E+00  2.11837E+00  2.32352E+00  2.53481E+00  2.74736E+00  2.95635E+00  3.15736E+00  3.34675E+00  3.52185E+00  3.68115E+00  3.82422E+00  3.95163E+00  4.06466E+00  4.16499E+00  4.25435E+00  4.33421E+00  4.40548E+00  4.46837E+00  4.52233E+00  4.56616E+00  4.59818E+00  4.61648E+00  4.61922E+00  4.60494E+00  4.57275E+00  4.52252E+00  4.45487E+00  4.37113E+00  4.27317E+00  4.16319E+00  4.04340E+00  3.91583E+00  3.78211E+00  3.64335E+00  3.50013E+00  3.35255E+00  3.20044E+00  3.04355E+00  2.88178E+00  2.71543E+00  2.54534E+00  2.37301E+00
  1.99228E+00  1.85410E+00  1.72029E+00  1.59415E+00  1.47887E+00  1.37729E+00  1.29170E+00  1.22373E+00  1.17429E+00  1.14371E+00  1.13176E+00  1.13794E+00  1.16155E+00  1.20192E+00  1.25847E+00  1.33076E+00  1.41845E+00  1.52118E+00  1.63845E+00  1.76944E+00  1.91288E+00  2.06695E+00  2.22926E+00  2.39692E+00  2.56669E+00  2.73516E+00  2.89907E+00  3.05549E+00  3.20210E+00  3.33733E+00  3.46042E+00  3.57141E+00  3.67101E+00  3.76034E+00  3.84070E+00  3.91328E+00  3.97889E+00  4.03775E+00  4.08945E+00  4.13289E+00  4.16646E+00  4.18822E+00  4.19618E+00  4.18859E+00  4.16427E+00  4.12274E+00  4.06440E+00  3.99054E+00  3.90317E+00  3.80491E+00  3.69859E+00  3.58705E+00  3.47274E+00  3.35754E+00  3.24256E+00  3.12810E+00  3.01374E+00  2.89848E+00  2.78104E+00  2.66014E+00  2.53479E+00  2.40457E+00  2.26984E+00  2.13175E+00  1.99228E+00
  1.69865E+00  1.58955E+00  1.48953E+00  1.40223E+00  1.33073E+00  1.27732E+00  1.24336E+00  1.22928E+00  1.23466E+00  1.25840E+00  1.29895E+00  1.35453E+00  1.42335E+00  1.50376E+00  1.59436E+00  1.69398E+00  1.80164E+00  1.91646E+00  2.03749E+00  2.16361E+00  2.29347E+00  2.42541E+00  2.55750E+00  2.68770E+00  2.81392E+00  2.93425E+00  3.04712E+00  3.15143E+00  3.24663E+00  3.33269E+00  3.41009E+00  3.47959E+00  3.54205E+00  3.59825E+00  3.64860E+00  3.69304E+00  3.73094E+00  3.76112E+00  3.78196E+00  3.79159E+00  3.78818E+00  3.77018E+00  3.73666E+00  3.68745E+00  3.62329E+00  3.54583E+00  3.45754E+00  3.36141E+00  3.26073E+00  3.15867E+00  3.05796E+00  2.96060E+00  2.86766E+00  2.77920E+00  2.69428E+00  2.61125E+00  2.52791E+00  2.44199E+00  2.35144E+00  2.25485E+00  2.15167E+00  2.04241E+00  1.92864E+00  1.81294E+00  1.69865E+00
  1.47645E+00  1.40410E+00  1.34750E+00  1.30933E+00  1.29117E+00  1.29341E+00  1.31531E+00  1.35518E+00  1.41060E+00  1.47878E+00  1.55684E+00  1.64209E+00  1.73223E+00  1.82546E+00  1.92056E+00  2.01674E+00  2.11358E+00  2.21087E+00  2.30838E+00  2.40581E+00  2.50263E+00  2.59810E+00  2.69127E+00  2.78109E+00  2.86650E+00  2.94658E+00  3.02062E+00  3.08820E+00  3.14917E+00  3.20363E+00  3.25178E+00  3.29380E+00  3.32972E+00  3.35928E+00  3.38190E+00  3.39661E+00  3.40219E+00  3.39729E+00  3.38063E+00  3.35122E+00  3.30862E+00  3.25309E+00  3.18566E+00  3.10820E+00  3.02325E+00  2.93384E+00  2.84320E+00  2.75440E+00  2.67002E+00  2.59187E+00  2.52077E+00  2.45644E+00  2.39760E+00  2.34207E+00  2.28715E+00  2.22995E+00  2.16782E+00  2.09874E+00  2.02163E+00  1.93662E+00  1.84506E+00  1.74949E+00  1.65341E+00  1.56094E+00  1.47645E+00
  1.35160E+00  1.32908E+00  1.32637E+00  1.34352E+00  1.37933E+00  1.43147E+00  1.49686E+00  1.57195E+00  1.65318E+00  1.73723E+00  1.82137E+00  1.90362E+00  1.98276E+00  2.05835E+00  2.13057E+00  2.20003E+00  2.26752E+00  2.33383E+00  2.39954E+00  2.46495E+00  2.52995E+00  2.59414E+00  2.65681E+00  2.71710E+00  2.77411E+00  2.82698E+00  2.87498E+00  2.91751E+00  2.95411E+00  2.98437E+00  3.00789E+00  3.02421E+00  3.03271E+00  3.03270E+00  3.02338E+00  3.00402E+00  2.97405E+00  2.93322E+00  2.88180E+00  2.82064E+00  2.75127E+00  2.67583E+00  2.59697E+00  2.51764E+00  2.44079E+00  2.36910E+00  2.30465E+00  2.24868E+00  2.20138E+00  2.16190E+00  2.12838E+00  2.09814E+00  2.06804E+00  2.03486E+00  1.99567E+00  1.94833E+00  1.89169E+00  1.82591E+00  1.75246E+00  1.67406E+00  1.59443E+00  1.51795E+00  1.44919E+00  1.39252E+00  1.35160E+00
  1.35346E+00  1.38418E+00  1.43159E+00  1.49255E+00  1.56322E+00  1.63945E+00  1.71720E+00  1.79297E+00  1.86409E+00  1.92888E+00  1.98672E+00  2.03793E+00  2.08360E+00  2.12532E+00  2.16487E+00  2.20392E+00  2.24382E+00  2.28542E+00  2.32897E+00  2.37419E+00  2.42027E+00  2.46610E+00  2.51036E+00  2.55171E+00  2.58891E+00  2.62089E+00  2.64676E+00  2.66586E+00  2.67762E+00  2.68159E+00  2.67733E+00  2.66444E+00  2.64256E+00  2.61146E+00  2.57113E+00  2.52192E+00  2.46462E+00  2.40059E+00  2.33175E+00  2.26050E+00  2.18962E+00  2.12200E+00  2.06040E+00  2.00715E+00  1.96381E+00  1.93102E+00  1.90830E+00  1.89406E+00  1.88574E+00  1.88005E+00  1.87331E+00  1.86193E+00  1.84279E+00  1.81368E+00  1.77364E+00  1.72309E+00  1.66390E+00  1.59922E+00  1.53320E+00  1.47058E+00  1.41616E+00  1.37434E+00  1.34865E+00  1.34141E+00  1.35346E+00
