 ##################################################
 #WARNING: these are left-handed Boozer coordinates
 #(similar, but not equal, to PEST)
 ##################################################
  0.172000000000000     
          65
          65
           5
 -1.29306E-01 -1.34594E-01 -1.39377E-01 -1.41865E-01 -1.42235E-01 -1.42464E-01 -1.45055E-01 -1.51490E-01 -1.61386E-01 -1.72875E-01 -1.83939E-01 -1.93806E-01 -2.03512E-01 -2.15252E-01 -2.30982E-01 -2.51234E-01 -2.74996E-01 -3.00809E-01 -3.28337E-01 -3.59261E-01 -3.96628E-01 -4.42712E-01 -4.96508E-01 -5.52441E-01 -6.01394E-01 -6.33993E-01 -6.44711E-01 -6.34715E-01 -6.11805E-01 -5.87218E-01 -5.70712E-01 -5.66326E-01 -5.70997E-01 -5.76761E-01 -5.75416E-01 -5.63232E-01 -5.43204E-01 -5.23665E-01 -5.13941E-01 -5.19335E-01 -5.38034E-01 -5.61556E-01 -5.78463E-01 -5.79447E-01 -5.61209E-01 -5.27315E-01 -4.85814E-01 -4.45069E-01 -4.10037E-01 -3.80815E-01 -3.53906E-01 -3.25188E-01 -2.92767E-01 -2.58151E-01 -2.25279E-01 -1.98189E-01 -1.78811E-01 -1.66166E-01 -1.57298E-01 -1.49235E-01 -1.40724E-01 -1.32698E-01 -1.27306E-01 -1.26215E-01 -1.29306E-01
 -1.22650E-01 -1.27785E-01 -1.29420E-01 -1.26058E-01 -1.19377E-01 -1.13394E-01 -1.12278E-01 -1.18082E-01 -1.29745E-01 -1.43929E-01 -1.57152E-01 -1.67900E-01 -1.77428E-01 -1.88813E-01 -2.04877E-01 -2.26378E-01 -2.51638E-01 -2.77916E-01 -3.03629E-01 -3.29911E-01 -3.60298E-01 -3.98440E-01 -4.45022E-01 -4.95787E-01 -5.42084E-01 -5.74074E-01 -5.85157E-01 -5.75351E-01 -5.51736E-01 -5.25521E-01 -5.07111E-01 -5.01640E-01 -5.07247E-01 -5.16931E-01 -5.22930E-01 -5.21207E-01 -5.13605E-01 -5.06526E-01 -5.06913E-01 -5.17785E-01 -5.35817E-01 -5.52325E-01 -5.57166E-01 -5.43500E-01 -5.10933E-01 -4.65480E-01 -4.16518E-01 -3.72445E-01 -3.37327E-01 -3.10133E-01 -2.86637E-01 -2.62644E-01 -2.36607E-01 -2.10253E-01 -1.87094E-01 -1.69953E-01 -1.59127E-01 -1.52273E-01 -1.46000E-01 -1.38067E-01 -1.28763E-01 -1.20591E-01 -1.16480E-01 -1.17675E-01 -1.22650E-01
 -1.06785E-01 -1.08687E-01 -1.04430E-01 -9.32580E-02 -7.82365E-02 -6.48813E-02 -5.84142E-02 -6.11902E-02 -7.17327E-02 -8.58826E-02 -9.93381E-02 -1.10076E-01 -1.19257E-01 -1.30160E-01 -1.45884E-01 -1.67307E-01 -1.92604E-01 -2.18622E-01 -2.43242E-01 -2.67139E-01 -2.93670E-01 -3.26731E-01 -3.67709E-01 -4.13367E-01 -4.56105E-01 -4.86799E-01 -4.98911E-01 -4.91769E-01 -4.71223E-01 -4.47220E-01 -4.29476E-01 -4.23447E-01 -4.28617E-01 -4.39852E-01 -4.50914E-01 -4.58084E-01 -4.61857E-01 -4.65870E-01 -4.73774E-01 -4.86003E-01 -4.98392E-01 -5.03551E-01 -4.94317E-01 -4.67419E-01 -4.25349E-01 -3.75432E-01 -3.26620E-01 -2.85721E-01 -2.55020E-01 -2.32385E-01 -2.13531E-01 -1.94978E-01 -1.75983E-01 -1.58463E-01 -1.45190E-01 -1.37543E-01 -1.34311E-01 -1.32264E-01 -1.28128E-01 -1.20641E-01 -1.11373E-01 -1.03716E-01 -1.00638E-01 -1.02573E-01 -1.06785E-01
 -8.71567E-02 -8.26624E-02 -6.99312E-02 -4.93480E-02 -2.51088E-02 -3.49594E-03  9.95350E-03  1.28792E-02  6.84653E-03 -3.92466E-03 -1.50699E-02 -2.43898E-02 -3.26999E-02 -4.28547E-02 -5.76564E-02 -7.79856E-02 -1.02305E-01 -1.27803E-01 -1.52412E-01 -1.76353E-01 -2.02138E-01 -2.32866E-01 -2.69745E-01 -3.10332E-01 -3.48657E-01 -3.77414E-01 -3.91190E-01 -3.89086E-01 -3.75337E-01 -3.57573E-01 -3.43608E-01 -3.38382E-01 -3.42564E-01 -3.53316E-01 -3.66586E-01 -3.79458E-01 -3.91227E-01 -4.02688E-01 -4.14266E-01 -4.24317E-01 -4.28817E-01 -4.22802E-01 -4.02848E-01 -3.69184E-01 -3.26177E-01 -2.80832E-01 -2.40018E-01 -2.07866E-01 -1.84657E-01 -1.67669E-01 -1.53364E-01 -1.39594E-01 -1.26591E-01 -1.16278E-01 -1.10495E-01 -1.09325E-01 -1.10634E-01 -1.11125E-01 -1.08251E-01 -1.01759E-01 -9.38531E-02 -8.77704E-02 -8.55883E-02 -8.65744E-02 -8.71567E-02
 -7.05724E-02 -5.72945E-02 -3.42005E-02 -3.10712E-03  3.09048E-02  6.13950E-02  8.31252E-02  9.40040E-02  9.54774E-02  9.12579E-02  8.51513E-02  7.91659E-02  7.28591E-02  6.41307E-02  5.08592E-02  3.23459E-02  9.72125E-03 -1.48614E-02 -3.96672E-02 -6.44987E-02 -9.07385E-02 -1.20225E-01 -1.53605E-01 -1.89153E-01 -2.22844E-01 -2.49757E-01 -2.66150E-01 -2.71154E-01 -2.67223E-01 -2.59136E-01 -2.52089E-01 -2.49853E-01 -2.53835E-01 -2.63322E-01 -2.76511E-01 -2.91568E-01 -3.07077E-01 -3.21732E-01 -3.33691E-01 -3.40267E-01 -3.38415E-01 -3.25919E-01 -3.02679E-01 -2.71299E-01 -2.36497E-01 -2.03493E-01 -1.76133E-01 -1.55681E-01 -1.40877E-01 -1.29170E-01 -1.18403E-01 -1.07999E-01 -9.90080E-02 -9.30926E-02 -9.11172E-02 -9.22702E-02 -9.42826E-02 -9.46326E-02 -9.19913E-02 -8.69837E-02 -8.17168E-02 -7.82731E-02 -7.70245E-02 -7.58077E-02 -7.05724E-02
 -6.25418E-02 -3.93213E-02 -4.95013E-03  3.71859E-02  8.12350E-02  1.20897E-01  1.51570E-01  1.71657E-01  1.82508E-01  1.87145E-01  1.88502E-01  1.88067E-01  1.85542E-01  1.79519E-01  1.68664E-01  1.52691E-01  1.32574E-01  1.09986E-01  8.63571E-02  6.21632E-02  3.68886E-02  9.66661E-03 -1.97892E-02 -5.05243E-02 -8.03530E-02 -1.06557E-01 -1.26918E-01 -1.40571E-01 -1.48278E-01 -1.52069E-01 -1.54486E-01 -1.57824E-01 -1.63664E-01 -1.72751E-01 -1.85070E-01 -1.99909E-01 -2.15830E-01 -2.30655E-01 -2.41698E-01 -2.46341E-01 -2.42887E-01 -2.31313E-01 -2.13520E-01 -1.92839E-01 -1.72902E-01 -1.56374E-01 -1.44115E-01 -1.35187E-01 -1.27689E-01 -1.19953E-01 -1.11472E-01 -1.03057E-01 -9.61996E-02 -9.20239E-02 -9.04979E-02 -9.03731E-02 -8.99091E-02 -8.79381E-02 -8.45932E-02 -8.11856E-02 -7.92063E-02 -7.89694E-02 -7.86945E-02 -7.46634E-02 -6.25418E-02
 -6.55150E-02 -3.23777E-02  1.32323E-02  6.63784E-02  1.20410E-01  1.69138E-01  2.08637E-01  2.37966E-01  2.58622E-01  2.73148E-01  2.83643E-01  2.90881E-01  2.94328E-01  2.92893E-01  2.85880E-01  2.73585E-01  2.57274E-01  2.38612E-01  2.18929E-01  1.98737E-01  1.77729E-01  1.55209E-01  1.30672E-01  1.04230E-01  7.67015E-02  4.93718E-02  2.36088E-02  5.17436E-04 -1.92609E-02 -3.56130E-02 -4.89484E-02 -6.01600E-02 -7.05103E-02 -8.13718E-02 -9.38026E-02 -1.08069E-01 -1.23339E-01 -1.37783E-01 -1.49145E-01 -1.55626E-01 -1.56695E-01 -1.53417E-01 -1.48081E-01 -1.43248E-01 -1.40648E-01 -1.40475E-01 -1.41436E-01 -1.41529E-01 -1.39150E-01 -1.33929E-01 -1.26875E-01 -1.19744E-01 -1.14023E-01 -1.10122E-01 -1.07243E-01 -1.04027E-01 -9.95783E-02 -9.42352E-02 -8.95486E-02 -8.73549E-02 -8.83720E-02 -9.10745E-02 -9.15467E-02 -8.45617E-02 -6.55150E-02
 -7.86636E-02 -3.64501E-02  1.96132E-02  8.32018E-02  1.46786E-01  2.04059E-01  2.51604E-01  2.89199E-01  3.18818E-01  3.42972E-01  3.63251E-01  3.79714E-01  3.91275E-01  3.96692E-01  3.95566E-01  3.88777E-01  3.78205E-01  3.65933E-01  3.53400E-01  3.40907E-01  3.27681E-01  3.12369E-01  2.93682E-01  2.70894E-01  2.44054E-01  2.13941E-01  1.81866E-01  1.49448E-01  1.18375E-01  9.01327E-02  6.56938E-02  4.52435E-02  2.80887E-02  1.28741E-02 -1.90489E-03 -1.72827E-02 -3.33946E-02 -4.94862E-02 -6.43971E-02 -7.72878E-02 -8.82102E-02 -9.81736E-02 -1.08615E-01 -1.20528E-01 -1.33724E-01 -1.46677E-01 -1.57106E-01 -1.63024E-01 -1.63727E-01 -1.60159E-01 -1.54432E-01 -1.48742E-01 -1.44263E-01 -1.40659E-01 -1.36520E-01 -1.30488E-01 -1.22439E-01 -1.13960E-01 -1.07737E-01 -1.06019E-01 -1.08920E-01 -1.13467E-01 -1.14022E-01 -1.04071E-01 -7.86636E-02
 -9.90617E-02 -4.90263E-02  1.61652E-02  8.90984E-02  1.61373E-01  2.26339E-01  2.80824E-01  3.25254E-01  3.62298E-01  3.94872E-01  4.24510E-01  4.50805E-01  4.72046E-01  4.86519E-01  4.93733E-01  4.94886E-01  4.92418E-01  4.88921E-01  4.86002E-01  4.83643E-01  4.80297E-01  4.73582E-01  4.61206E-01  4.41707E-01  4.14813E-01  3.81398E-01  3.43205E-01  3.02493E-01  2.61699E-01  2.23095E-01  1.88432E-01  1.58604E-01  1.33466E-01  1.11919E-01  9.23099E-02  7.30056E-02  5.28950E-02  3.15905E-02  9.24664E-03 -1.38547E-02 -3.76591E-02 -6.23673E-02 -8.80796E-02 -1.14266E-01 -1.39442E-01 -1.61351E-01 -1.77709E-01 -1.87177E-01 -1.90055E-01 -1.88260E-01 -1.84503E-01 -1.81038E-01 -1.78630E-01 -1.76341E-01 -1.72314E-01 -1.65163E-01 -1.55217E-01 -1.44818E-01 -1.37355E-01 -1.35386E-01 -1.38726E-01 -1.43559E-01 -1.43158E-01 -1.30098E-01 -9.90617E-02
 -1.23477E-01 -6.70887E-02  5.44178E-03  8.60419E-02  1.65664E-01  2.37257E-01  2.97655E-01  3.47682E-01  3.90640E-01  4.30056E-01  4.67814E-01  5.03482E-01  5.34998E-01  5.60160E-01  5.78070E-01  5.89755E-01  5.97718E-01  6.04710E-01  6.12394E-01  6.20532E-01  6.27041E-01  6.28788E-01  6.22721E-01  6.06818E-01  5.80578E-01  5.44997E-01  5.02208E-01  4.55008E-01  4.06414E-01  3.59268E-01  3.15857E-01  2.77551E-01  2.44550E-01  2.15875E-01  1.89685E-01  1.63834E-01  1.36498E-01  1.06586E-01  7.38303E-02  3.85732E-02  1.46245E-03 -3.67073E-02 -7.49154E-02 -1.11707E-01 -1.45113E-01 -1.72934E-01 -1.93389E-01 -2.05875E-01 -2.11402E-01 -2.12370E-01 -2.11643E-01 -2.11330E-01 -2.11873E-01 -2.11987E-01 -2.09577E-01 -2.03212E-01 -1.93361E-01 -1.82620E-01 -1.74632E-01 -1.72080E-01 -1.74694E-01 -1.78351E-01 -1.75880E-01 -1.59435E-01 -1.23477E-01
 -1.49808E-01 -8.87953E-02 -1.12324E-02  7.46997E-02  1.59790E-01  2.36793E-01  3.02391E-01  3.57411E-01  4.05390E-01  4.50314E-01  4.94627E-01  5.38374E-01  5.79691E-01  6.16195E-01  6.46449E-01  6.70753E-01  6.90910E-01  7.09193E-01  7.27076E-01  7.44369E-01  7.59107E-01  7.68170E-01  7.68303E-01  7.57090E-01  7.33561E-01  6.98362E-01  6.53541E-01  6.02144E-01  5.47718E-01  4.93770E-01  4.43206E-01  3.97815E-01  3.57925E-01  3.22403E-01  2.89046E-01  2.55278E-01  2.18925E-01  1.78762E-01  1.34680E-01  8.74747E-02  3.84572E-02 -1.08549E-02 -5.88411E-02 -1.03723E-01 -1.43556E-01 -1.76472E-01 -2.01197E-01 -2.17624E-01 -2.27099E-01 -2.32110E-01 -2.35403E-01 -2.38863E-01 -2.42727E-01 -2.45614E-01 -2.45448E-01 -2.40876E-01 -2.32417E-01 -2.22633E-01 -2.15043E-01 -2.12168E-01 -2.13617E-01 -2.15232E-01 -2.09904E-01 -1.89903E-01 -1.49808E-01
 -1.77538E-01 -1.14025E-01 -3.43057E-02  5.39474E-02  1.42053E-01  2.23009E-01  2.93330E-01  3.53395E-01  4.06335E-01  4.56106E-01  5.05650E-01  5.55870E-01  6.05716E-01  6.53123E-01  6.96213E-01  7.34162E-01  7.67379E-01  7.97010E-01  8.24087E-01  8.48748E-01  8.69855E-01  8.85120E-01  8.91653E-01  8.86734E-01  8.68562E-01  8.36809E-01  7.92866E-01  7.39711E-01  6.81400E-01  6.22270E-01  5.66005E-01  5.14831E-01  4.69099E-01  4.27395E-01  3.87161E-01  3.45606E-01  3.00558E-01  2.50989E-01  1.97073E-01  1.39884E-01  8.09839E-02  2.21247E-02 -3.48357E-02 -8.79015E-02 -1.34999E-01 -1.74287E-01 -2.04677E-01 -2.26335E-01 -2.40818E-01 -2.50653E-01 -2.58422E-01 -2.65737E-01 -2.72634E-01 -2.77739E-01 -2.79228E-01 -2.76110E-01 -2.69164E-01 -2.60927E-01 -2.54575E-01 -2.52121E-01 -2.52770E-01 -2.52306E-01 -2.43975E-01 -2.20665E-01 -1.77538E-01
 -2.07175E-01 -1.43697E-01 -6.51482E-02  2.18845E-02  1.09998E-01  1.93017E-01  2.67434E-01  3.32822E-01  3.91239E-01  4.45960E-01  5.00084E-01  5.55471E-01  6.12317E-01  6.69364E-01  7.24576E-01  7.75950E-01  8.22178E-01  8.62912E-01  8.98565E-01  9.29735E-01  9.56490E-01  9.77807E-01  9.91447E-01  9.94393E-01  9.83774E-01  9.57951E-01  9.17356E-01  8.64727E-01  8.04567E-01  7.41998E-01  6.81404E-01  6.25367E-01  5.74260E-01  5.26586E-01  4.79840E-01  4.31496E-01  3.79726E-01  3.23659E-01  2.63263E-01  1.99082E-01  1.32095E-01  6.37796E-02 -3.72767E-03 -6.76459E-02 -1.24921E-01 -1.72954E-01 -2.10420E-01 -2.37773E-01 -2.57120E-01 -2.71410E-01 -2.83275E-01 -2.94019E-01 -3.03285E-01 -3.09579E-01 -3.11403E-01 -3.08440E-01 -3.02127E-01 -2.95242E-01 -2.90606E-01 -2.89441E-01 -2.90175E-01 -2.88312E-01 -2.77546E-01 -2.51767E-01 -2.07175E-01
 -2.39209E-01 -1.78464E-01 -1.04492E-01 -2.23846E-02  6.23480E-02  1.44939E-01  2.22161E-01  2.92686E-01  3.57056E-01  4.17274E-01  4.76090E-01  5.36079E-01  5.98740E-01  6.63906E-01  7.29733E-01  7.93347E-01  8.51898E-01  9.03594E-01  9.48184E-01  9.86621E-01  1.02004E+00  1.04852E+00  1.07035E+00  1.08216E+00  1.08008E+00  1.06134E+00  1.02561E+00  9.75457E-01  9.15699E-01  8.51860E-01  7.88539E-01  7.28317E-01  6.71593E-01  6.17245E-01  5.63609E-01  5.09224E-01  4.53023E-01  3.94072E-01  3.31262E-01  2.63394E-01  1.89788E-01  1.11167E-01  3.02624E-02 -4.83617E-02 -1.19406E-01 -1.78485E-01 -2.23605E-01 -2.55757E-01 -2.78289E-01 -2.95338E-01 -3.10055E-01 -3.23474E-01 -3.34554E-01 -3.41304E-01 -3.42377E-01 -3.38251E-01 -3.31371E-01 -3.25128E-01 -3.22172E-01 -3.22859E-01 -3.24588E-01 -3.22348E-01 -3.10241E-01 -2.83346E-01 -2.39209E-01
 -2.73264E-01 -2.17664E-01 -1.51201E-01 -7.73470E-02  5.99157E-04  7.97124E-02  1.57455E-01  2.31842E-01  3.01864E-01  3.67942E-01  4.31993E-01  4.96803E-01  5.64839E-01  6.36972E-01  7.11825E-01  7.86144E-01  8.56097E-01  9.18853E-01  9.73581E-01  1.02131E+00  1.06366E+00  1.10122E+00  1.13232E+00  1.15320E+00  1.15934E+00  1.14746E+00  1.11711E+00  1.07101E+00  1.01412E+00  9.51729E-01  8.87826E-01  8.24329E-01  7.61504E-01  6.99065E-01  6.37106E-01  5.76223E-01  5.16731E-01  4.57570E-01  3.95809E-01  3.27352E-01  2.48786E-01  1.59528E-01  6.31187E-02 -3.32200E-02 -1.20763E-01 -1.92333E-01 -2.44812E-01 -2.79936E-01 -3.03019E-01 -3.20260E-01 -3.35995E-01 -3.51216E-01 -3.63980E-01 -3.71339E-01 -3.71644E-01 -3.65948E-01 -3.57774E-01 -3.51402E-01 -3.49626E-01 -3.52142E-01 -3.55360E-01 -3.53670E-01 -3.41475E-01 -3.15018E-01 -2.73264E-01
 -3.07929E-01 -2.59147E-01 -2.02136E-01 -1.38926E-01 -7.06683E-02  1.72081E-03  7.68027E-02  1.52446E-01  2.26501E-01  2.97917E-01  3.67509E-01  4.37735E-01  5.11437E-01  5.90161E-01  6.73025E-01  7.56825E-01  8.37378E-01  9.11352E-01  9.77521E-01  1.03670E+00  1.09035E+00  1.13877E+00  1.17986E+00  1.20939E+00  1.22266E+00  1.21667E+00  1.19162E+00  1.15084E+00  1.09929E+00  1.04142E+00  9.79698E-01  9.14548E-01  8.45686E-01  7.73819E-01  7.01473E-01  6.32223E-01  5.68580E-01  5.09772E-01  4.50903E-01  3.84379E-01  3.03245E-01  2.04933E-01  9.34959E-02 -2.09836E-02 -1.25775E-01 -2.10199E-01 -2.69481E-01 -3.05973E-01 -3.27269E-01 -3.42257E-01 -3.57140E-01 -3.73325E-01 -3.88032E-01 -3.97026E-01 -3.97793E-01 -3.91412E-01 -3.82169E-01 -3.75262E-01 -3.73948E-01 -3.77700E-01 -3.82292E-01 -3.81657E-01 -3.70414E-01 -3.45767E-01 -3.07929E-01
 -3.41269E-01 -3.00024E-01 -2.53169E-01 -2.01685E-01 -1.44987E-01 -8.21373E-02 -1.32330E-02  6.00437E-02  1.35113E-01  2.09970E-01  2.84441E-01  3.60329E-01  4.40269E-01  5.25926E-01  6.16649E-01  7.09394E-01  8.00019E-01  8.85122E-01  9.63304E-01  1.03505E+00  1.10125E+00  1.16143E+00  1.21267E+00  1.25025E+00  1.26964E+00  1.26869E+00  1.24883E+00  1.21438E+00  1.17035E+00  1.11997E+00  1.06353E+00  9.99216E-01  9.25574E-01  8.43995E-01  7.59558E-01  6.79360E-01  6.08952E-01  5.48744E-01  4.92562E-01  4.29557E-01  3.48944E-01  2.45444E-01  1.22727E-01 -7.01895E-03 -1.27392E-01 -2.24047E-01 -2.90017E-01 -3.27654E-01 -3.46448E-01 -3.58012E-01 -3.70835E-01 -3.87314E-01 -4.04253E-01 -4.16154E-01 -4.19237E-01 -4.13953E-01 -4.04755E-01 -3.97490E-01 -3.96044E-01 -4.00154E-01 -4.05509E-01 -4.05921E-01 -3.96224E-01 -3.74299E-01 -3.41269E-01
 -3.71615E-01 -3.37808E-01 -3.00718E-01 -2.60716E-01 -2.16088E-01 -1.64505E-01 -1.04781E-01 -3.77292E-02  3.43896E-02  1.09401E-01  1.86656E-01  2.67379E-01  3.53670E-01  4.46786E-01  5.45803E-01  6.47566E-01  7.47955E-01  8.43661E-01  9.33318E-01  1.01720E+00  1.09565E+00  1.16731E+00  1.22841E+00  1.27372E+00  1.29893E+00  1.30288E+00  1.28847E+00  1.26119E+00  1.22622E+00  1.18562E+00  1.13733E+00  1.07689E+00  1.00104E+00  9.11151E-01  8.14359E-01  7.21227E-01  6.40888E-01  5.76020E-01  5.20478E-01  4.61231E-01  3.84066E-01  2.80521E-01  1.52667E-01  1.32836E-02 -1.18810E-01 -2.26147E-01 -2.99272E-01 -3.39621E-01 -3.57514E-01 -3.66560E-01 -3.77403E-01 -3.93851E-01 -4.12940E-01 -4.28385E-01 -4.35173E-01 -4.32714E-01 -4.25008E-01 -4.18067E-01 -4.16303E-01 -4.20028E-01 -4.25363E-01 -4.26427E-01 -4.18383E-01 -3.99563E-01 -3.71615E-01
 -3.98124E-01 -3.71234E-01 -3.42896E-01 -3.13167E-01 -2.79797E-01 -2.39726E-01 -1.90897E-01 -1.33208E-01 -6.80830E-02  2.93483E-03  7.95030E-02  1.62765E-01  2.54362E-01  3.54824E-01  4.62436E-01  5.73403E-01  6.83270E-01  7.88716E-01  8.88525E-01  9.83027E-01  1.07233E+00  1.15450E+00  1.22501E+00  1.27813E+00  1.30961E+00  1.31910E+00  1.31074E+00  1.29118E+00  1.26601E+00  1.23642E+00  1.19832E+00  1.14466E+00  1.06997E+00  9.74855E-01  8.67531E-01  7.61338E-01  6.68938E-01  5.96039E-01  5.37938E-01  4.80995E-01  4.08681E-01  3.09504E-01  1.82999E-01  4.08309E-02 -9.76056E-02 -2.13001E-01 -2.93673E-01 -3.39379E-01 -3.59889E-01 -3.69419E-01 -3.79933E-01 -3.96594E-01 -4.17256E-01 -4.35659E-01 -4.46151E-01 -4.47208E-01 -4.42040E-01 -4.36296E-01 -4.34535E-01 -4.37598E-01 -4.42314E-01 -4.43493E-01 -4.36851E-01 -4.21106E-01 -3.98124E-01
 -4.20806E-01 -4.00304E-01 -3.79646E-01 -3.58599E-01 -3.34787E-01 -3.05086E-01 -2.67232E-01 -2.20577E-01 -1.65598E-01 -1.02655E-01 -3.09880E-02  5.12073E-02  1.45554E-01  2.51895E-01  3.67417E-01  4.87213E-01  6.06056E-01  7.20358E-01  8.29039E-01  9.32695E-01  1.03150E+00  1.12325E+00  1.20287E+00  1.26412E+00  1.30263E+00  1.31849E+00  1.31676E+00  1.30509E+00  1.28959E+00  1.27106E+00  1.24399E+00  1.19916E+00  1.12901E+00  1.03276E+00  9.18718E-01  8.01818E-01  6.97459E-01  6.14383E-01  5.50264E-01  4.92440E-01  4.23709E-01  3.30565E-01  2.09927E-01  7.11406E-02 -6.76995E-02 -1.87253E-01 -2.74654E-01 -3.27872E-01 -3.54986E-01 -3.69182E-01 -3.82303E-01 -4.00161E-01 -4.21619E-01 -4.41294E-01 -4.53896E-01 -4.57667E-01 -4.55151E-01 -4.51280E-01 -4.50206E-01 -4.52894E-01 -4.56805E-01 -4.57652E-01 -4.51994E-01 -4.39062E-01 -4.20806E-01
 -4.40077E-01 -4.25616E-01 -4.11871E-01 -3.98107E-01 -3.81933E-01 -3.60639E-01 -3.32447E-01 -2.96791E-01 -2.53518E-01 -2.01670E-01 -1.38870E-01 -6.19660E-02  3.12766E-02  1.40406E-01  2.61620E-01  3.88778E-01  5.15663E-01  6.38198E-01  7.55293E-01  8.67735E-01  9.75778E-01  1.07697E+00  1.16576E+00  1.23541E+00  1.28133E+00  1.30388E+00  1.30880E+00  1.30458E+00  1.29788E+00  1.28946E+00  1.27300E+00  1.23789E+00  1.17487E+00  1.08173E+00  9.66022E-01  8.42948E-01  7.29236E-01  6.35786E-01  5.62749E-01  4.99593E-01  4.30271E-01  3.41052E-01  2.27260E-01  9.57248E-02 -3.81041E-02 -1.56791E-01 -2.48003E-01 -3.08736E-01 -3.44999E-01 -3.67623E-01 -3.86685E-01 -4.07394E-01 -4.29236E-01 -4.48206E-01 -4.60433E-01 -4.64956E-01 -4.64236E-01 -4.62435E-01 -4.62793E-01 -4.65792E-01 -4.69144E-01 -4.69447E-01 -4.64352E-01 -4.53864E-01 -4.40077E-01
 -4.56200E-01 -4.47479E-01 -4.40188E-01 -4.32799E-01 -4.22745E-01 -4.07878E-01 -3.87356E-01 -3.61316E-01 -3.29542E-01 -2.90077E-01 -2.38898E-01 -1.71148E-01 -8.34211E-02  2.41585E-02  1.47345E-01  2.79155E-01  4.12555E-01  5.42938E-01  6.68959E-01  7.91222E-01  9.09641E-01  1.02119E+00  1.11963E+00  1.19772E+00  1.25073E+00  1.27939E+00  1.29012E+00  1.29216E+00  1.29272E+00  1.29272E+00  1.28556E+00  1.25997E+00  1.20569E+00  1.11936E+00  1.00728E+00  8.83704E-01  7.65045E-01  6.62873E-01  5.79125E-01  5.05888E-01  4.29844E-01  3.39165E-01  2.29444E-01  1.05879E-01 -1.91476E-02 -1.31619E-01 -2.21686E-01 -2.86941E-01 -3.31932E-01 -3.64635E-01 -3.92097E-01 -4.17542E-01 -4.40169E-01 -4.57263E-01 -4.66988E-01 -4.70125E-01 -4.69827E-01 -4.69774E-01 -4.72058E-01 -4.76133E-01 -4.79452E-01 -4.79266E-01 -4.74398E-01 -4.65894E-01 -4.56200E-01
 -4.69021E-01 -4.65429E-01 -4.64124E-01 -4.62605E-01 -4.57856E-01 -4.48081E-01 -4.33408E-01 -4.15012E-01 -3.93181E-01 -3.65584E-01 -3.27017E-01 -2.71042E-01 -1.92799E-01 -9.14493E-02  2.91392E-02  1.61931E-01  2.99626E-01  4.37265E-01  5.73033E-01  7.06831E-01  8.37581E-01  9.61096E-01  1.07009E+00  1.15667E+00  1.21610E+00  1.24962E+00  1.26449E+00  1.27081E+00  1.27643E+00  1.28264E+00  1.28301E+00  1.26620E+00  1.22164E+00  1.14507E+00  1.04137E+00  9.22879E-01  8.04232E-01  6.96115E-01  6.01176E-01  5.13986E-01  4.24932E-01  3.25907E-01  2.14838E-01  9.68795E-02 -1.80868E-02 -1.20081E-01 -2.03240E-01 -2.67548E-01 -3.17490E-01 -3.58750E-01 -3.94999E-01 -4.26506E-01 -4.51119E-01 -4.66687E-01 -4.73286E-01 -4.73832E-01 -4.72789E-01 -4.73861E-01 -4.78138E-01 -4.83832E-01 -4.87713E-01 -4.87301E-01 -4.82444E-01 -4.75333E-01 -4.69021E-01
 -4.78160E-01 -4.78481E-01 -4.82254E-01 -4.86124E-01 -4.86413E-01 -4.81255E-01 -4.71361E-01 -4.58858E-01 -4.44872E-01 -4.27372E-01 -4.00734E-01 -3.57478E-01 -2.91370E-01 -2.00187E-01 -8.66262E-02  4.31089E-02  1.82163E-01  3.25578E-01  4.71028E-01  6.17363E-01  7.62017E-01  8.99136E-01  1.01996E+00  1.11566E+00  1.18130E+00  1.21857E+00  1.23565E+00  1.24368E+00  1.25149E+00  1.26124E+00  1.26719E+00  1.25846E+00  1.22447E+00  1.16021E+00  1.06880E+00  9.60041E-01  8.45786E-01  7.34751E-01  6.29352E-01  5.26173E-01  4.19529E-01  3.06000E-01  1.87367E-01  7.04039E-02 -3.62202E-02 -1.26068E-01 -1.97751E-01 -2.54937E-01 -3.03713E-01 -3.48930E-01 -3.91664E-01 -4.29159E-01 -4.57132E-01 -4.72937E-01 -4.77672E-01 -4.76004E-01 -4.73872E-01 -4.75497E-01 -4.81463E-01 -4.88948E-01 -4.93875E-01 -4.93631E-01 -4.88693E-01 -4.82255E-01 -4.78160E-01
 -4.83513E-01 -4.85925E-01 -4.93205E-01 -5.01562E-01 -5.06668E-01 -5.06180E-01 -5.00800E-01 -4.93166E-01 -4.85224E-01 -4.75699E-01 -4.59288E-01 -4.28178E-01 -3.75143E-01 -2.96506E-01 -1.93350E-01 -7.04238E-02  6.64475E-02  2.12733E-01  3.65849E-01  5.23725E-01  6.82335E-01  8.34055E-01  9.68349E-01  1.07493E+00  1.14796E+00  1.18901E+00  1.20684E+00  1.21381E+00  1.22040E+00  1.23051E+00  1.23993E+00  1.23879E+00  1.21654E+00  1.16708E+00  1.09124E+00  9.95714E-01  8.89167E-01  7.77930E-01  6.63758E-01  5.44759E-01  4.18769E-01  2.86985E-01  1.55548E-01  3.39899E-02 -6.87063E-02 -1.48230E-01 -2.06914E-01 -2.52391E-01 -2.93622E-01 -3.36441E-01 -3.81020E-01 -4.22516E-01 -4.54427E-01 -4.72665E-01 -4.78057E-01 -4.75969E-01 -4.73411E-01 -4.75384E-01 -4.82589E-01 -4.91715E-01 -4.97981E-01 -4.98333E-01 -4.93358E-01 -4.86870E-01 -4.83513E-01
 -4.85674E-01 -4.88146E-01 -4.96845E-01 -5.08135E-01 -5.17322E-01 -5.21424E-01 -5.20642E-01 -5.17575E-01 -5.14674E-01 -5.11500E-01 -5.03491E-01 -4.83078E-01 -4.42551E-01 -3.77076E-01 -2.86187E-01 -1.73061E-01 -4.22356E-02  1.02584E-01  2.59123E-01  4.25098E-01  5.95723E-01  7.62044E-01  9.11671E-01  1.03215E+00  1.11561E+00  1.16223E+00  1.18055E+00  1.18414E+00  1.18586E+00  1.19265E+00  1.20307E+00  1.20891E+00  1.19965E+00  1.16746E+00  1.11012E+00  1.03064E+00  9.34331E-01  8.25301E-01  7.04733E-01  5.71980E-01  4.27685E-01  2.76807E-01  1.29359E-01 -2.04784E-03 -1.06870E-01 -1.81111E-01 -2.29144E-01 -2.61724E-01 -2.91077E-01 -3.25511E-01 -3.66259E-01 -4.08043E-01 -4.42859E-01 -4.64789E-01 -4.73248E-01 -4.73026E-01 -4.71371E-01 -4.73957E-01 -4.82068E-01 -4.92534E-01 -5.00234E-01 -5.01560E-01 -4.96736E-01 -4.89691E-01 -4.85674E-01
 -4.85959E-01 -4.86878E-01 -4.94904E-01 -5.07071E-01 -5.18788E-01 -5.26645E-01 -5.30210E-01 -5.31674E-01 -5.33574E-01 -5.36021E-01 -5.35169E-01 -5.23921E-01 -4.94518E-01 -4.41499E-01 -3.63369E-01 -2.62107E-01 -1.41065E-01 -2.81610E-03  1.51434E-01  3.20298E-01  4.99416E-01  6.79365E-01  8.46069E-01  9.84233E-01  1.08255E+00  1.13823E+00  1.15838E+00  1.15736E+00  1.15103E+00  1.15062E+00  1.15890E+00  1.17029E+00  1.17452E+00  1.16156E+00  1.12532E+00  1.06452E+00  9.80950E-01  8.76700E-01  7.52671E-01  6.09388E-01  4.49649E-01  2.81099E-01  1.16599E-01 -2.85412E-02 -1.41605E-01 -2.17376E-01 -2.60330E-01 -2.82762E-01 -2.99560E-01 -3.22095E-01 -3.54153E-01 -3.91757E-01 -4.26682E-01 -4.51589E-01 -4.64008E-01 -4.67193E-01 -4.67722E-01 -4.71475E-01 -4.80412E-01 -4.91931E-01 -5.00982E-01 -5.03516E-01 -4.99144E-01 -4.91460E-01 -4.85959E-01
 -4.85945E-01 -4.84662E-01 -4.90549E-01 -5.01532E-01 -5.13589E-01 -5.23390E-01 -5.30193E-01 -5.35786E-01 -5.42491E-01 -5.50516E-01 -5.56338E-01 -5.53205E-01 -5.33531E-01 -4.91778E-01 -4.26125E-01 -3.37987E-01 -2.29835E-01 -1.02923E-01  4.33351E-02  2.09571E-01  3.93086E-01  5.84961E-01  7.69805E-01  9.29070E-01  1.04692E+00  1.11611E+00  1.14094E+00  1.13577E+00  1.11949E+00  1.10842E+00  1.11073E+00  1.12472E+00  1.14111E+00  1.14780E+00  1.13449E+00  1.09508E+00  1.02734E+00  9.31196E-01  8.07238E-01  6.57094E-01  4.85348E-01  3.01591E-01  1.20625E-01 -4.02344E-02 -1.66165E-01 -2.49979E-01 -2.94827E-01 -3.12884E-01 -3.20384E-01 -3.31256E-01 -3.52281E-01 -3.81936E-01 -4.13153E-01 -4.38238E-01 -4.53266E-01 -4.59729E-01 -4.62918E-01 -4.68290E-01 -4.78144E-01 -4.90491E-01 -5.00643E-01 -5.04394E-01 -5.00795E-01 -4.92871E-01 -4.85945E-01
 -4.86781E-01 -4.83787E-01 -4.87134E-01 -4.95476E-01 -5.05631E-01 -5.14931E-01 -5.22948E-01 -5.31440E-01 -5.42496E-01 -5.56059E-01 -5.68451E-01 -5.72940E-01 -5.62124E-01 -5.30748E-01 -4.77229E-01 -4.02947E-01 -3.09781E-01 -1.97586E-01 -6.35407E-02  9.57199E-02  2.79980E-01  4.81575E-01  6.84305E-01  8.66472E-01  1.00732E+00  1.09429E+00  1.12772E+00  1.12082E+00  1.09472E+00  1.07070E+00  1.06298E+00  1.07489E+00  1.09949E+00  1.12375E+00  1.13363E+00  1.11796E+00  1.06985E+00  9.86181E-01  8.66572E-01  7.13394E-01  5.32881E-01  3.36435E-01  1.40476E-01 -3.62019E-02 -1.77187E-01 -2.73484E-01 -3.26456E-01 -3.47038E-01 -3.51334E-01 -3.54475E-01 -3.65513E-01 -3.85542E-01 -4.09590E-01 -4.30923E-01 -4.45315E-01 -4.53093E-01 -4.58181E-01 -4.65094E-01 -4.75865E-01 -4.88792E-01 -4.99619E-01 -5.04321E-01 -5.01702E-01 -4.94250E-01 -4.86781E-01
 -4.88686E-01 -4.85290E-01 -4.86778E-01 -4.92057E-01 -4.98741E-01 -5.05207E-01 -5.11959E-01 -5.21275E-01 -5.35272E-01 -5.53570E-01 -5.72083E-01 -5.83845E-01 -5.81547E-01 -5.60299E-01 -5.18943E-01 -4.58991E-01 -3.81808E-01 -2.85855E-01 -1.66039E-01 -1.62007E-02  1.66083E-01  3.74752E-01  5.93372E-01  7.97789E-01  9.62860E-01  1.07072E+00  1.11707E+00  1.11263E+00  1.07920E+00  1.04183E+00  1.02052E+00  1.02446E+00  1.05086E+00  1.08767E+00  1.11858E+00  1.12783E+00  1.10320E+00  1.03717E+00  9.27055E-01  7.75072E-01  5.88931E-01  3.82147E-01  1.73069E-01 -1.81047E-02 -1.73930E-01 -2.84365E-01 -3.49445E-01 -3.78593E-01 -3.86668E-01 -3.88391E-01 -3.93569E-01 -4.05098E-01 -4.20292E-01 -4.34413E-01 -4.44314E-01 -4.50287E-01 -4.55381E-01 -4.62974E-01 -4.74275E-01 -4.87360E-01 -4.98262E-01 -5.03388E-01 -5.01713E-01 -4.95428E-01 -4.88686E-01
 -4.90957E-01 -4.88631E-01 -4.89593E-01 -4.92445E-01 -4.95256E-01 -4.97458E-01 -5.00776E-01 -5.08443E-01 -5.23016E-01 -5.44075E-01 -5.67269E-01 -5.85445E-01 -5.91349E-01 -5.80349E-01 -5.51505E-01 -5.06220E-01 -4.45176E-01 -3.65475E-01 -2.60079E-01 -1.20541E-01  5.77645E-02  2.70357E-01  5.01165E-01  7.24720E-01  9.12778E-01  1.04301E+00  1.10631E+00  1.10965E+00  1.07346E+00  1.02453E+00  9.87458E-01  9.77612E-01  9.97929E-01  1.03980E+00  1.08693E+00  1.12014E+00  1.12176E+00  1.07860E+00  9.83867E-01  8.38241E-01  6.50315E-01  4.35934E-01  2.15965E-01  1.23752E-02 -1.56589E-01 -2.80613E-01 -3.59285E-01 -4.00928E-01 -4.18722E-01 -4.25727E-01 -4.30888E-01 -4.37564E-01 -4.44791E-01 -4.50190E-01 -4.52725E-01 -4.53824E-01 -4.56489E-01 -4.63205E-01 -4.74112E-01 -4.86648E-01 -4.96890E-01 -5.01751E-01 -5.00692E-01 -4.95914E-01 -4.90957E-01
 -4.92491E-01 -4.92201E-01 -4.93970E-01 -4.95683E-01 -4.95398E-01 -4.93222E-01 -4.91939E-01 -4.95829E-01 -5.08208E-01 -5.29085E-01 -5.54343E-01 -5.77034E-01 -5.90130E-01 -5.89139E-01 -5.72983E-01 -5.42504E-01 -4.97379E-01 -4.33383E-01 -3.41976E-01 -2.13157E-01 -4.07654E-02  1.72091E-01  4.10254E-01  6.48209E-01  8.56200E-01  1.00870E+00  1.09211E+00  1.10870E+00  1.07553E+00  1.01882E+00  9.65946E-01  9.37952E-01  9.44582E-01  9.82901E-01  1.03916E+00  1.09278E+00  1.12131E+00  1.10524E+00  1.03209E+00  8.99253E-01  7.14972E-01  4.97011E-01  2.69031E-01  5.52859E-02 -1.24909E-01 -2.61199E-01 -3.53346E-01 -4.09194E-01 -4.40434E-01 -4.57986E-01 -4.68883E-01 -4.75687E-01 -4.78173E-01 -4.75949E-01 -4.70375E-01 -4.64753E-01 -4.62856E-01 -4.66853E-01 -4.76016E-01 -4.87041E-01 -4.95840E-01 -4.99728E-01 -4.98735E-01 -4.95283E-01 -4.92491E-01
 -4.92525E-01 -4.94384E-01 -4.97720E-01 -4.99596E-01 -4.97673E-01 -4.92177E-01 -4.86422E-01 -4.85427E-01 -4.93307E-01 -5.10873E-01 -5.34827E-01 -5.59020E-01 -5.77062E-01 -5.84712E-01 -5.80583E-01 -5.64628E-01 -5.35251E-01 -4.86861E-01 -4.09699E-01 -2.92712E-01 -1.28695E-01  8.04656E-02  3.20935E-01  5.68165E-01  7.92253E-01  9.65728E-01  1.07109E+00  1.10551E+00  1.08125E+00  1.02183E+00  9.55438E-01  9.07565E-01  8.94877E-01  9.21562E-01  9.78747E-01  1.04685E+00  1.10027E+00  1.11357E+00  1.06773E+00  9.55136E-01  7.81817E-01  5.66132E-01  3.34043E-01  1.12361E-01 -7.78875E-02 -2.25762E-01 -3.31059E-01 -4.01443E-01 -4.47592E-01 -4.78580E-01 -4.99362E-01 -5.11051E-01 -5.13228E-01 -5.06625E-01 -4.94534E-01 -4.82193E-01 -4.74637E-01 -4.74387E-01 -4.80393E-01 -4.88862E-01 -4.95494E-01 -4.97813E-01 -4.96267E-01 -4.93533E-01 -4.92525E-01
 -4.91128E-01 -4.94522E-01 -4.99398E-01 -5.02184E-01 -5.00013E-01 -4.92789E-01 -4.83750E-01 -4.78100E-01 -4.80432E-01 -4.92382E-01 -5.11801E-01 -5.33860E-01 -5.53361E-01 -5.66777E-01 -5.72694E-01 -5.70271E-01 -5.56594E-01 -5.24604E-01 -4.63239E-01 -3.60383E-01 -2.07815E-01 -6.19353E-03  2.32168E-01  4.84179E-01  7.20583E-01  9.12897E-01  1.04049E+00  1.09564E+00  1.08520E+00  1.02860E+00  9.52949E-01  8.86491E-01  8.51912E-01  8.60887E-01  9.11056E-01  9.86213E-01  1.06000E+00  1.10252E+00  1.08827E+00  1.00338E+00  8.49569E-01  6.43676E-01  4.12581E-01  1.85361E-01 -1.45721E-02 -1.74568E-01 -2.93513E-01 -3.78551E-01 -4.39676E-01 -4.84808E-01 -5.17420E-01 -5.37277E-01 -5.43273E-01 -5.36378E-01 -5.20930E-01 -5.03582E-01 -4.90655E-01 -4.85481E-01 -4.87314E-01 -4.92350E-01 -4.96235E-01 -4.96559E-01 -4.93943E-01 -4.91192E-01 -4.91128E-01
 -4.89164E-01 -4.93225E-01 -4.99024E-01 -5.02678E-01 -5.00958E-01 -4.93352E-01 -4.82658E-01 -4.73720E-01 -4.71050E-01 -4.76674E-01 -4.89428E-01 -5.05982E-01 -5.22838E-01 -5.37912E-01 -5.50535E-01 -5.59683E-01 -5.61396E-01 -5.47036E-01 -5.03828E-01 -4.18081E-01 -2.80171E-01 -8.93735E-02  1.43469E-01  3.96688E-01  6.41886E-01  8.50156E-01  9.98597E-01  1.07536E+00  1.08210E+00  1.03352E+00  9.54134E-01  8.72983E-01  8.17112E-01  8.05037E-01  8.41660E-01  9.16172E-01  1.00403E+00  1.07309E+00  1.09241E+00  1.04129E+00  9.15337E-01  7.27486E-01  5.03551E-01  2.73933E-01  6.47161E-02 -1.08583E-01 -2.42577E-01 -3.42969E-01 -4.18933E-01 -4.77803E-01 -5.22416E-01 -5.51826E-01 -5.64316E-01 -5.60600E-01 -5.45240E-01 -5.25555E-01 -5.08762E-01 -4.99087E-01 -4.96486E-01 -4.97611E-01 -4.98349E-01 -4.96394E-01 -4.92385E-01 -4.89075E-01 -4.89164E-01
 -4.87727E-01 -4.91859E-01 -4.97834E-01 -5.01720E-01 -5.00274E-01 -4.92854E-01 -4.81875E-01 -4.71554E-01 -4.65727E-01 -4.66068E-01 -4.71741E-01 -4.80624E-01 -4.91151E-01 -5.03413E-01 -5.18503E-01 -5.36167E-01 -5.51970E-01 -5.55717E-01 -5.32457E-01 -4.66261E-01 -3.45576E-01 -1.68136E-01  5.64925E-02  3.07748E-01  5.58029E-01  7.78462E-01  9.44825E-01  1.04226E+00  1.06800E+00  1.03189E+00  9.54707E-01  8.64365E-01  7.90252E-01  7.56401E-01  7.74947E-01  8.41837E-01  9.36660E-01  1.02744E+00  1.07946E+00  1.06549E+00  9.73929E-01  8.11847E-01  6.01896E-01  3.74353E-01  1.57572E-01 -2.94658E-02 -1.79940E-01 -2.96978E-01 -3.88288E-01 -4.60642E-01 -5.16779E-01 -5.55732E-01 -5.75661E-01 -5.77076E-01 -5.64404E-01 -5.45039E-01 -5.26548E-01 -5.13744E-01 -5.07288E-01 -5.04528E-01 -5.01908E-01 -4.97456E-01 -4.91895E-01 -4.87840E-01 -4.87727E-01
 -4.87426E-01 -4.91566E-01 -4.97285E-01 -5.00655E-01 -4.98748E-01 -4.91277E-01 -4.80691E-01 -4.70675E-01 -4.64041E-01 -4.61359E-01 -4.61242E-01 -4.62087E-01 -4.64058E-01 -4.69804E-01 -4.83002E-01 -5.05131E-01 -5.32036E-01 -5.52289E-01 -5.48672E-01 -5.02691E-01 -4.00570E-01 -2.38446E-01 -2.47773E-02  2.20803E-01  4.71588E-01  6.99317E-01  8.79497E-01  9.95463E-01  1.04089E+00  1.02088E+00  9.51564E-01  8.58055E-01  7.70100E-01  7.15677E-01  7.13563E-01  7.67114E-01  8.61748E-01  9.67846E-01  1.04882E+00  1.07200E+00  1.01847E+00  8.88307E-01  6.99288E-01  4.79889E-01  2.59601E-01  6.05513E-02 -1.06565E-01 -2.41406E-01 -3.49291E-01 -4.35815E-01 -5.03498E-01 -5.51667E-01 -5.78884E-01 -5.85913E-01 -5.77221E-01 -5.60104E-01 -5.42047E-01 -5.27952E-01 -5.18844E-01 -5.12694E-01 -5.06700E-01 -4.99552E-01 -4.92335E-01 -4.87613E-01 -4.87426E-01
 -4.87969E-01 -4.92440E-01 -4.97966E-01 -5.00466E-01 -4.97433E-01 -4.89313E-01 -4.79087E-01 -4.70290E-01 -4.64749E-01 -4.61549E-01 -4.58026E-01 -4.52262E-01 -4.45503E-01 -4.42706E-01 -4.50357E-01 -4.72272E-01 -5.05367E-01 -5.37754E-01 -5.50548E-01 -5.23080E-01 -4.39560E-01 -2.94586E-01 -9.54175E-02  1.39529E-01  3.85008E-01  6.14233E-01  8.03494E-01  9.35341E-01  1.00057E+00  9.99570E-01  9.43160E-01  8.52263E-01  7.55303E-01  6.82653E-01  6.58824E-01  6.94601E-01  7.82241E-01  8.96208E-01  1.00001E+00  1.05712E+00  1.04216E+00  9.47992E-01  7.86444E-01  5.82551E-01  3.65298E-01  1.58775E-01 -2.28819E-02 -1.75531E-01 -3.01251E-01 -4.03486E-01 -4.83805E-01 -5.41570E-01 -5.75953E-01 -5.88461E-01 -5.84076E-01 -5.70212E-01 -5.54140E-01 -5.40460E-01 -5.30108E-01 -5.21388E-01 -5.12240E-01 -5.02266E-01 -4.93246E-01 -4.87929E-01 -4.87969E-01
 -4.88315E-01 -4.93396E-01 -4.99133E-01 -5.01050E-01 -4.96870E-01 -4.87769E-01 -4.77510E-01 -4.69913E-01 -4.66246E-01 -4.64301E-01 -4.59904E-01 -4.50163E-01 -4.36451E-01 -4.25102E-01 -4.24844E-01 -4.41861E-01 -4.74839E-01 -5.12623E-01 -5.36034E-01 -5.23407E-01 -4.57642E-01 -3.31891E-01 -1.51752E-01  6.64382E-02  2.99937E-01  5.24481E-01  7.18059E-01  8.63130E-01  9.47998E-01  9.68330E-01  9.29109E-01  8.46084E-01  7.44988E-01  6.57145E-01  6.11652E-01  6.26269E-01  7.00542E-01  8.14353E-01  9.33192E-01  1.01865E+00  1.04026E+00  9.84202E-01  8.55780E-01  6.75198E-01  4.69143E-01  2.62025E-01  7.03600E-02 -9.81807E-02 -2.41987E-01 -3.61464E-01 -4.56278E-01 -5.25133E-01 -5.67542E-01 -5.85881E-01 -5.86000E-01 -5.75794E-01 -5.62502E-01 -5.50356E-01 -5.39951E-01 -5.29620E-01 -5.17847E-01 -5.05129E-01 -4.94122E-01 -4.88025E-01 -4.88315E-01
 -4.87316E-01 -4.92827E-01 -4.99145E-01 -5.01275E-01 -4.96757E-01 -4.87046E-01 -4.76483E-01 -4.69407E-01 -4.67163E-01 -4.66965E-01 -4.63524E-01 -4.52692E-01 -4.34997E-01 -4.16767E-01 -4.07743E-01 -4.15960E-01 -4.42361E-01 -4.77927E-01 -5.05043E-01 -5.02730E-01 -4.53552E-01 -3.49254E-01 -1.93003E-01  2.14738E-03  2.17184E-01  4.31326E-01  6.24893E-01  7.80642E-01  8.84623E-01  9.27879E-01  9.09371E-01  8.39046E-01  7.38811E-01  6.39487E-01  5.73359E-01  5.64328E-01  6.19329E-01  7.24782E-01  8.50043E-01  9.56881E-01  1.01143E+00  9.93967E-01  9.03027E-01  7.52871E-01  5.66310E-01  3.66483E-01  1.71068E-01 -9.39429E-03 -1.69679E-01 -3.06761E-01 -4.17729E-01 -4.99870E-01 -5.52381E-01 -5.78086E-01 -5.83589E-01 -5.77436E-01 -5.67169E-01 -5.56974E-01 -5.47252E-01 -5.36260E-01 -5.22727E-01 -5.07735E-01 -4.94668E-01 -4.87307E-01 -4.87316E-01
 -4.84426E-01 -4.89608E-01 -4.96506E-01 -4.99722E-01 -4.96204E-01 -4.86953E-01 -4.76269E-01 -4.68914E-01 -4.66864E-01 -4.67715E-01 -4.65902E-01 -4.56207E-01 -4.37597E-01 -4.15016E-01 -3.97742E-01 -3.94796E-01 -4.09563E-01 -4.36394E-01 -4.61036E-01 -4.64865E-01 -4.31048E-01 -3.49907E-01 -2.21390E-01 -5.41744E-02  1.37406E-01  3.36639E-01  5.26468E-01  6.90186E-01  8.11963E-01  8.78676E-01  8.83548E-01  8.30448E-01  7.36461E-01  6.30296E-01  5.45726E-01  5.11613E-01  5.42143E-01  6.31301E-01  7.54177E-01  8.74830E-01  9.57670E-01  9.77884E-01  9.27105E-01  8.12805E-01  6.52740E-01  4.67604E-01  2.75257E-01  8.83748E-02 -8.47021E-02 -2.37759E-01 -3.65231E-01 -4.62544E-01 -5.27829E-01 -5.63506E-01 -5.76271E-01 -5.75073E-01 -5.67998E-01 -5.59730E-01 -5.50996E-01 -5.40180E-01 -5.26028E-01 -5.09689E-01 -4.94815E-01 -4.85659E-01 -4.84426E-01
 -4.80005E-01 -4.83824E-01 -4.90823E-01 -4.95592E-01 -4.94304E-01 -4.86844E-01 -4.76706E-01 -4.68672E-01 -4.65581E-01 -4.66202E-01 -4.65614E-01 -4.58058E-01 -4.40732E-01 -4.16269E-01 -3.92273E-01 -3.77825E-01 -3.78574E-01 -3.92881E-01 -4.11011E-01 -4.17849E-01 -3.97852E-01 -3.39983E-01 -2.40576E-01 -1.03431E-01  6.21093E-02  2.43475E-01  4.26277E-01  5.94653E-01  7.31619E-01  8.20868E-01  8.50668E-01  8.18907E-01  7.36946E-01  6.29654E-01  5.30286E-01  4.71152E-01  4.73257E-01  5.38990E-01  6.50951E-01  7.77545E-01  8.83113E-01  9.38582E-01  9.28662E-01  8.53440E-01  7.24819E-01  5.60326E-01  3.77387E-01  1.90219E-01  9.60900E-03 -1.55728E-01 -2.98072E-01 -4.11051E-01 -4.91230E-01 -5.39704E-01 -5.62266E-01 -5.67618E-01 -5.64312E-01 -5.57989E-01 -5.50365E-01 -5.40403E-01 -5.26841E-01 -5.10431E-01 -4.94483E-01 -4.83376E-01 -4.80005E-01
 -4.74976E-01 -4.76678E-01 -4.83035E-01 -4.89139E-01 -4.90586E-01 -4.85891E-01 -4.77192E-01 -4.68751E-01 -4.64072E-01 -4.63378E-01 -4.63018E-01 -4.57352E-01 -4.42144E-01 -4.17563E-01 -3.88955E-01 -3.64720E-01 -3.52185E-01 -3.53500E-01 -3.63598E-01 -3.71242E-01 -3.62600E-01 -3.25633E-01 -2.53392E-01 -1.45170E-01 -5.73904E-03  1.56134E-01  3.28715E-01  4.97529E-01  6.45554E-01  7.54718E-01  8.09536E-01  8.02339E-01  7.38098E-01  6.36179E-01  5.27192E-01  4.45062E-01  4.16744E-01  4.53401E-01  5.46572E-01  6.70922E-01  7.92463E-01  8.78936E-01  9.08423E-01  8.73319E-01  7.79126E-01  6.39666E-01  4.71498E-01  2.89943E-01  1.07654E-01 -6.48986E-02 -2.18594E-01 -3.45735E-01 -4.41293E-01 -5.04461E-01 -5.39226E-01 -5.53187E-01 -5.54906E-01 -5.51053E-01 -5.44791E-01 -5.36183E-01 -5.24207E-01 -5.09047E-01 -4.93202E-01 -4.80706E-01 -4.74976E-01
 -4.70007E-01 -4.69619E-01 -4.74712E-01 -4.81335E-01 -4.85039E-01 -4.83286E-01 -4.76767E-01 -4.68778E-01 -4.62940E-01 -4.60591E-01 -4.59472E-01 -4.54620E-01 -4.41135E-01 -4.17325E-01 -3.86407E-01 -3.55635E-01 -3.33085E-01 -3.23623E-01 -3.26008E-01 -3.32548E-01 -3.31400E-01 -3.10338E-01 -2.60255E-01 -1.77109E-01 -6.20521E-02  7.94588E-02  2.38467E-01  4.02663E-01  5.56314E-01  6.81158E-01  7.59343E-01  7.78374E-01  7.36577E-01  6.46551E-01  5.34315E-01  4.33377E-01  3.75187E-01  3.79287E-01  4.46919E-01  5.60631E-01  6.90006E-01  8.01192E-01  8.66511E-01  8.70772E-01  8.12623E-01  7.01523E-01  5.52575E-01  3.81765E-01  2.03253E-01  2.88179E-02 -1.31585E-01 -2.69542E-01 -3.78851E-01 -4.56830E-01 -5.05234E-01 -5.29819E-01 -5.38411E-01 -5.38253E-01 -5.33954E-01 -5.27034E-01 -5.17173E-01 -5.04255E-01 -4.89869E-01 -4.77298E-01 -4.70007E-01
 -4.64737E-01 -4.63179E-01 -4.66854E-01 -4.72981E-01 -4.77737E-01 -4.78283E-01 -4.74261E-01 -4.67806E-01 -4.61972E-01 -4.58457E-01 -4.56038E-01 -4.50761E-01 -4.37981E-01 -4.15210E-01 -3.84156E-01 -3.50694E-01 -3.22548E-01 -3.05708E-01 -3.01322E-01 -3.04537E-01 -3.05806E-01 -2.93913E-01 -2.59262E-01 -1.96070E-01 -1.02961E-01  1.75327E-02  1.59534E-01  3.13751E-01  4.66948E-01  6.02054E-01  7.00169E-01  7.44949E-01  7.28402E-01  6.55802E-01  5.47130E-01  4.33449E-01  3.48696E-01  3.19478E-01  3.56603E-01  4.51621E-01  5.79675E-01  7.07466E-01  8.03165E-01  8.44616E-01  8.23270E-01  7.43306E-01  6.17403E-01  4.61586E-01  2.91302E-01  1.19642E-01 -4.27258E-02 -1.87093E-01 -3.06743E-01 -3.97718E-01 -4.59733E-01 -4.96336E-01 -5.13807E-01 -5.19094E-01 -5.17721E-01 -5.12710E-01 -5.04955E-01 -4.94674E-01 -4.82883E-01 -4.71936E-01 -4.64737E-01
 -4.57568E-01 -4.56296E-01 -4.58964E-01 -4.63878E-01 -4.68378E-01 -4.70167E-01 -4.68497E-01 -4.64425E-01 -4.59899E-01 -4.56167E-01 -4.52474E-01 -4.45960E-01 -4.33001E-01 -4.11356E-01 -3.81950E-01 -3.49181E-01 -3.19397E-01 -2.98151E-01 -2.87533E-01 -2.84847E-01 -2.83219E-01 -2.73733E-01 -2.47983E-01 -1.99930E-01 -1.26554E-01 -2.76545E-02  9.43160E-02  2.33719E-01  3.80603E-01  5.20009E-01  6.33084E-01  7.00805E-01  7.09801E-01  6.58299E-01  5.59506E-01  4.40287E-01  3.34738E-01  2.74412E-01  2.78601E-01  3.48263E-01  4.65871E-01  6.01133E-01  7.20273E-01  7.95383E-01  8.10671E-01  7.64047E-01  6.64492E-01  5.27158E-01  3.68525E-01  2.03238E-01  4.29728E-02 -1.03344E-01 -2.29071E-01 -3.29839E-01 -4.03995E-01 -4.52954E-01 -4.80853E-01 -4.93361E-01 -4.96064E-01 -4.93177E-01 -4.87165E-01 -4.79309E-01 -4.70682E-01 -4.62816E-01 -4.57568E-01
 -4.46268E-01 -4.46596E-01 -4.49027E-01 -4.52652E-01 -4.56152E-01 -4.58316E-01 -4.58577E-01 -4.57176E-01 -4.54772E-01 -4.51668E-01 -4.47128E-01 -4.39301E-01 -4.25946E-01 -4.05685E-01 -3.79119E-01 -3.49123E-01 -3.20022E-01 -2.95910E-01 -2.78887E-01 -2.68012E-01 -2.59412E-01 -2.47387E-01 -2.25857E-01 -1.89473E-01 -1.34090E-01 -5.68976E-02  4.31717E-02  1.64281E-01  2.99964E-01  4.37804E-01  5.59848E-01  6.45689E-01  6.78016E-01  6.49014E-01  5.65123E-01  4.47748E-01  3.28869E-01  2.42452E-01  2.14417E-01  2.54686E-01  3.54198E-01  4.87906E-01  6.22536E-01  7.26165E-01  7.76289E-01  7.63937E-01  6.93190E-01  5.77227E-01  4.33041E-01  2.76928E-01  1.21962E-01 -2.25221E-02 -1.50244E-01 -2.57133E-01 -3.40951E-01 -4.01387E-01 -4.40237E-01 -4.61176E-01 -4.69003E-01 -4.68590E-01 -4.63988E-01 -4.58028E-01 -4.52453E-01 -4.48314E-01 -4.46268E-01
 -4.29103E-01 -4.31583E-01 -4.34514E-01 -4.37420E-01 -4.40087E-01 -4.42392E-01 -4.44162E-01 -4.45109E-01 -4.44808E-01 -4.42649E-01 -4.37805E-01 -4.29267E-01 -4.16073E-01 -3.97696E-01 -3.74454E-01 -3.47703E-01 -3.19647E-01 -2.92735E-01 -2.68883E-01 -2.48798E-01 -2.31650E-01 -2.15126E-01 -1.95708E-01 -1.68975E-01 -1.29916E-01 -7.34207E-02  4.67721E-03  1.05871E-01  2.26847E-01  3.57812E-01  4.82436E-01  5.80290E-01  6.31808E-01  6.24585E-01  5.58886E-01  4.50006E-01  3.25973E-01  2.20683E-01  1.64400E-01  1.74728E-01  2.51231E-01  3.75595E-01  5.17251E-01  6.42369E-01  7.23040E-01  7.43642E-01  7.02700E-01  6.10377E-01  4.83292E-01  3.38985E-01  1.91968E-01  5.22224E-02 -7.42521E-02 -1.83932E-01 -2.74498E-01 -3.44436E-01 -3.93437E-01 -4.23005E-01 -4.36642E-01 -4.39289E-01 -4.36201E-01 -4.31745E-01 -4.28637E-01 -4.27849E-01 -4.29103E-01
 -4.05876E-01 -4.10081E-01 -4.13861E-01 -4.16939E-01 -4.19692E-01 -4.22586E-01 -4.25634E-01 -4.28210E-01 -4.29273E-01 -4.27792E-01 -4.23069E-01 -4.14774E-01 -4.02753E-01 -3.86810E-01 -3.66691E-01 -3.42344E-01 -3.14301E-01 -2.83945E-01 -2.53405E-01 -2.25040E-01 -2.00640E-01 -1.80601E-01 -1.63322E-01 -1.45015E-01 -1.20008E-01 -8.16069E-02 -2.35643E-02  5.79351E-02  1.62076E-01  2.81658E-01  4.02672E-01  5.06009E-01  5.71523E-01  5.83774E-01  5.37789E-01  4.42694E-01  3.21395E-01  2.05686E-01  1.27834E-01  1.11195E-01  1.63059E-01  2.72271E-01  4.12563E-01  5.50392E-01  6.54501E-01  7.03896E-01  6.91751E-01  6.24504E-01  5.17238E-01  3.87684E-01  2.51248E-01  1.18558E-01 -4.33296E-03 -1.14165E-01 -2.08585E-01 -2.85282E-01 -3.42405E-01 -3.79681E-01 -3.99292E-01 -4.05791E-01 -4.04961E-01 -4.02152E-01 -4.00884E-01 -4.02343E-01 -4.05876E-01
 -3.78223E-01 -3.83058E-01 -3.87523E-01 -3.91502E-01 -3.95433E-01 -3.99674E-01 -4.03972E-01 -4.07418E-01 -4.08873E-01 -4.07522E-01 -4.03164E-01 -3.95996E-01 -3.86081E-01 -3.72865E-01 -3.55180E-01 -3.31821E-01 -3.02453E-01 -2.68332E-01 -2.32391E-01 -1.98514E-01 -1.70243E-01 -1.49412E-01 -1.35216E-01 -1.24005E-01 -1.09810E-01 -8.54509E-02 -4.40212E-02  1.93503E-02  1.05627E-01  2.10206E-01  3.22099E-01  4.24717E-01  4.98790E-01  5.27255E-01  5.00962E-01  4.23271E-01  3.11488E-01  1.93894E-01  1.02663E-01  6.46569E-02  9.31821E-02  1.83680E-01  3.15014E-01  4.55920E-01  5.74265E-01  6.45779E-01  6.59340E-01  6.17449E-01  5.32489E-01  4.20918E-01  2.97941E-01  1.74496E-01  5.70273E-02 -5.08735E-02 -1.46469E-01 -2.26846E-01 -2.89276E-01 -3.32460E-01 -3.57651E-01 -3.68786E-01 -3.71433E-01 -3.71043E-01 -3.71390E-01 -3.73929E-01 -3.78223E-01
 -3.48909E-01 -3.53281E-01 -3.57903E-01 -3.62957E-01 -3.68650E-01 -3.74728E-01 -3.80299E-01 -3.84150E-01 -3.85364E-01 -3.83782E-01 -3.79930E-01 -3.74386E-01 -3.66967E-01 -3.56305E-01 -3.40199E-01 -3.16695E-01 -2.85384E-01 -2.48203E-01 -2.09234E-01 -1.73496E-01 -1.45220E-01 -1.26348E-01 -1.15814E-01 -1.09778E-01 -1.02518E-01 -8.75630E-02 -5.87656E-02 -1.13626E-02  5.67833E-02  1.43702E-01  2.41994E-01  3.38518E-01  4.16002E-01  4.56936E-01  4.49055E-01  3.90655E-01  2.93491E-01  1.81508E-01  8.51079E-02  3.24811E-02  4.09196E-02  1.11288E-01  2.27746E-01  3.62815E-01  4.85822E-01  5.71562E-01  6.06155E-01  5.88463E-01  5.27349E-01  4.36606E-01  3.29975E-01  2.18092E-01  1.07905E-01  3.87563E-03 -9.04238E-02 -1.71487E-01 -2.36234E-01 -2.83098E-01 -3.12951E-01 -3.29128E-01 -3.36425E-01 -3.39567E-01 -3.41910E-01 -3.44984E-01 -3.48909E-01
 -3.20427E-01 -3.23898E-01 -3.28117E-01 -3.33752E-01 -3.40860E-01 -3.48561E-01 -3.55284E-01 -3.59503E-01 -3.60543E-01 -3.58888E-01 -3.55698E-01 -3.51769E-01 -3.46534E-01 -3.37817E-01 -3.22629E-01 -2.98717E-01 -2.66084E-01 -2.27613E-01 -1.88397E-01 -1.54001E-01 -1.28471E-01 -1.12992E-01 -1.05713E-01 -1.02614E-01 -9.87589E-02 -8.92718E-02 -6.97186E-02 -3.62160E-02  1.41017E-02  8.18070E-02  1.63322E-01  2.49468E-01  3.25740E-01  3.75153E-01  3.83371E-01  3.44487E-01  2.65068E-01  1.64327E-01  6.96884E-02  8.89401E-03  1.38560E-03  5.21552E-02  1.50366E-01  2.73149E-01  3.92947E-01  4.85517E-01  5.35732E-01  5.39513E-01  5.02007E-01  4.33546E-01  3.45471E-01  2.47441E-01  1.46686E-01  4.86667E-02 -4.19848E-02 -1.21121E-01 -1.85551E-01 -2.33879E-01 -2.67010E-01 -2.87848E-01 -3.00254E-01 -3.07800E-01 -3.12946E-01 -3.16957E-01 -3.20427E-01
 -2.93694E-01 -2.96730E-01 -3.00254E-01 -3.05532E-01 -3.12855E-01 -3.21212E-01 -3.28717E-01 -3.33600E-01 -3.35173E-01 -3.34109E-01 -3.31794E-01 -3.29079E-01 -3.25202E-01 -3.17646E-01 -3.03170E-01 -2.79582E-01 -2.47304E-01 -2.09824E-01 -1.72676E-01 -1.41401E-01 -1.19478E-01 -1.07232E-01 -1.02167E-01 -1.00345E-01 -9.78917E-02 -9.17595E-02 -7.94459E-02 -5.82206E-02 -2.48494E-02  2.33917E-02  8.64712E-02  1.59197E-01  2.30271E-01  2.84069E-01  3.05226E-01  2.84577E-01  2.24023E-01  1.37944E-01  5.00397E-02 -1.35921E-02 -3.26802E-02  8.14052E-04  8.04941E-02  1.88173E-01  3.00053E-01  3.93867E-01  4.54335E-01  4.75352E-01  4.58896E-01  4.11948E-01  3.43189E-01  2.60806E-01  1.71784E-01  8.21713E-02 -2.55506E-03 -7.76348E-02 -1.39706E-01 -1.87524E-01 -2.22129E-01 -2.46217E-01 -2.62966E-01 -2.74941E-01 -2.83618E-01 -2.89673E-01 -2.93694E-01
 -2.67616E-01 -2.71283E-01 -2.74198E-01 -2.78171E-01 -2.84203E-01 -2.91884E-01 -2.99609E-01 -3.05512E-01 -3.08524E-01 -3.08870E-01 -3.07619E-01 -3.05565E-01 -3.02140E-01 -2.95158E-01 -2.81711E-01 -2.59821E-01 -2.29961E-01 -1.95506E-01 -1.61745E-01 -1.33873E-01 -1.14985E-01 -1.05094E-01 -1.01626E-01 -1.00987E-01 -1.00189E-01 -9.75200E-02 -9.19390E-02 -8.17477E-02 -6.37249E-02 -3.37555E-02  1.08772E-02  6.85167E-02  1.31211E-01  1.85417E-01  2.15775E-01  2.10858E-01  1.68551E-01  9.85415E-02  2.04908E-02 -4.17875E-02 -6.79832E-02 -4.78279E-02  1.59700E-02  1.09312E-01  2.11853E-01  3.03410E-01  3.69146E-01  4.01927E-01  4.01718E-01  3.73110E-01  3.22571E-01  2.56641E-01  1.81384E-01  1.02599E-01  2.59888E-02 -4.32597E-02 -1.01391E-01 -1.46933E-01 -1.80860E-01 -2.05834E-01 -2.24871E-01 -2.40118E-01 -2.52383E-01 -2.61568E-01 -2.67616E-01
 -2.39900E-01 -2.45171E-01 -2.47815E-01 -2.49972E-01 -2.53635E-01 -2.59566E-01 -2.66951E-01 -2.73982E-01 -2.78956E-01 -2.81170E-01 -2.81003E-01 -2.79170E-01 -2.75659E-01 -2.69150E-01 -2.57424E-01 -2.38664E-01 -2.12910E-01 -1.82771E-01 -1.52845E-01 -1.28023E-01 -1.11554E-01 -1.03889E-01 -1.02917E-01 -1.05387E-01 -1.08574E-01 -1.11150E-01 -1.12707E-01 -1.12312E-01 -1.07217E-01 -9.29353E-02 -6.51464E-02 -2.27661E-02  2.94635E-02  8.06112E-02  1.16294E-01  1.23861E-01  9.79830E-02  4.40880E-02 -2.21618E-02 -7.94998E-02 -1.08091E-01 -9.61796E-02 -4.37219E-02  3.82615E-02  1.32030E-01  2.19104E-01  2.85393E-01  3.23742E-01  3.33531E-01  3.18349E-01  2.83333E-01  2.33479E-01  1.73328E-01  1.07492E-01  4.10847E-02 -2.06198E-02 -7.32955E-02 -1.14796E-01 -1.45692E-01 -1.68685E-01 -1.87131E-01 -2.03455E-01 -2.18307E-01 -2.30849E-01 -2.39900E-01
 -2.08759E-01 -2.15828E-01 -2.18532E-01 -2.19051E-01 -2.20261E-01 -2.24160E-01 -2.30855E-01 -2.38693E-01 -2.45352E-01 -2.49167E-01 -2.49829E-01 -2.48059E-01 -2.44551E-01 -2.38969E-01 -2.29772E-01 -2.15116E-01 -1.94331E-01 -1.69055E-01 -1.43218E-01 -1.21726E-01 -1.08479E-01 -1.04802E-01 -1.09149E-01 -1.18211E-01 -1.28708E-01 -1.38731E-01 -1.47774E-01 -1.55503E-01 -1.60154E-01 -1.57894E-01 -1.43990E-01 -1.15555E-01 -7.45026E-02 -2.88838E-02  8.68433E-03  2.53725E-02  1.36345E-02 -2.46512E-02 -7.75239E-02 -1.26420E-01 -1.52549E-01 -1.43567E-01 -9.77616E-02 -2.41377E-02  6.13776E-02  1.41718E-01  2.03891E-01  2.41651E-01  2.55071E-01  2.47986E-01  2.25052E-01  1.89970E-01  1.45419E-01  9.41310E-02  3.99278E-02 -1.22696E-02 -5.76349E-02 -9.31477E-02 -1.18735E-01 -1.37073E-01 -1.52065E-01 -1.66825E-01 -1.82262E-01 -1.97027E-01 -2.08759E-01
 -1.74611E-01 -1.82619E-01 -1.85506E-01 -1.85217E-01 -1.84997E-01 -1.87533E-01 -1.93516E-01 -2.01447E-01 -2.08701E-01 -2.13125E-01 -2.14123E-01 -2.12575E-01 -2.09739E-01 -2.05918E-01 -1.99905E-01 -1.89667E-01 -1.73940E-01 -1.53747E-01 -1.32810E-01 -1.16412E-01 -1.09223E-01 -1.13238E-01 -1.26983E-01 -1.46427E-01 -1.67044E-01 -1.85774E-01 -2.01725E-01 -2.15223E-01 -2.25938E-01 -2.31470E-01 -2.27622E-01 -2.10583E-01 -1.79997E-01 -1.41064E-01 -1.04096E-01 -8.11265E-02 -8.08008E-02 -1.03894E-01 -1.41768E-01 -1.78829E-01 -1.98156E-01 -1.87925E-01 -1.45821E-01 -7.95566E-02 -3.48280E-03  6.69884E-02  1.20545E-01  1.52592E-01  1.64632E-01  1.61371E-01  1.47435E-01  1.25472E-01  9.63189E-02  6.06287E-02  2.05503E-02 -1.98113E-02 -5.55435E-02 -8.29895E-02 -1.01434E-01 -1.13337E-01 -1.22907E-01 -1.33818E-01 -1.47348E-01 -1.61978E-01 -1.74611E-01
 -1.40770E-01 -1.48134E-01 -1.51103E-01 -1.51197E-01 -1.51274E-01 -1.53775E-01 -1.59316E-01 -1.66481E-01 -1.72855E-01 -1.76576E-01 -1.77377E-01 -1.76440E-01 -1.75216E-01 -1.74039E-01 -1.71567E-01 -1.65556E-01 -1.54620E-01 -1.39902E-01 -1.25521E-01 -1.17303E-01 -1.20304E-01 -1.36416E-01 -1.63378E-01 -1.95785E-01 -2.27559E-01 -2.54503E-01 -2.75516E-01 -2.91827E-01 -3.04821E-01 -3.13927E-01 -3.16052E-01 -3.07159E-01 -2.85234E-01 -2.52893E-01 -2.17852E-01 -1.90533E-01 -1.79622E-01 -1.87687E-01 -2.09140E-01 -2.31812E-01 -2.41651E-01 -2.28464E-01 -1.90081E-01 -1.33035E-01 -6.96048E-02 -1.27488E-02  2.86150E-02  5.19035E-02  6.00426E-02  5.84318E-02  5.15979E-02  4.13226E-02  2.69753E-02  7.44416E-03 -1.67989E-02 -4.28901E-02 -6.65254E-02 -8.40447E-02 -9.43317E-02 -9.93463E-02 -1.02957E-01 -1.08761E-01 -1.18173E-01 -1.29856E-01 -1.40770E-01
 -1.12575E-01 -1.17765E-01 -1.20674E-01 -1.22286E-01 -1.24374E-01 -1.28217E-01 -1.33713E-01 -1.39472E-01 -1.43784E-01 -1.45805E-01 -1.46119E-01 -1.46255E-01 -1.47449E-01 -1.49505E-01 -1.50624E-01 -1.48512E-01 -1.42247E-01 -1.33780E-01 -1.28018E-01 -1.31161E-01 -1.47962E-01 -1.79283E-01 -2.21317E-01 -2.66962E-01 -3.08733E-01 -3.41716E-01 -3.65014E-01 -3.80981E-01 -3.92772E-01 -4.01707E-01 -4.06055E-01 -4.02044E-01 -3.86558E-01 -3.59962E-01 -3.27261E-01 -2.96684E-01 -2.76179E-01 -2.69526E-01 -2.74138E-01 -2.81809E-01 -2.82211E-01 -2.67492E-01 -2.35770E-01 -1.91857E-01 -1.44967E-01 -1.04635E-01 -7.69040E-02 -6.25494E-02 -5.79386E-02 -5.77643E-02 -5.80062E-02 -5.75644E-02 -5.79085E-02 -6.12539E-02 -6.85454E-02 -7.84944E-02 -8.81744E-02 -9.46980E-02 -9.68812E-02 -9.58702E-02 -9.43886E-02 -9.51129E-02 -9.91826E-02 -1.05720E-01 -1.12575E-01
 -9.52083E-02 -9.75756E-02 -1.00470E-01 -1.04303E-01 -1.09382E-01 -1.15361E-01 -1.21138E-01 -1.25376E-01 -1.27348E-01 -1.27549E-01 -1.27565E-01 -1.29168E-01 -1.33122E-01 -1.38492E-01 -1.43039E-01 -1.44694E-01 -1.43378E-01 -1.42090E-01 -1.46438E-01 -1.62551E-01 -1.94247E-01 -2.40833E-01 -2.96753E-01 -3.53397E-01 -4.02325E-01 -4.38357E-01 -4.61049E-01 -4.73870E-01 -4.81595E-01 -4.87351E-01 -4.90909E-01 -4.89118E-01 -4.78183E-01 -4.56468E-01 -4.26219E-01 -3.93166E-01 -3.64155E-01 -3.44008E-01 -3.33282E-01 -3.28105E-01 -3.22184E-01 -3.09960E-01 -2.89283E-01 -2.62302E-01 -2.34203E-01 -2.10560E-01 -1.94710E-01 -1.86447E-01 -1.82575E-01 -1.78840E-01 -1.72116E-01 -1.61697E-01 -1.49165E-01 -1.37107E-01 -1.27538E-01 -1.20933E-01 -1.16305E-01 -1.12113E-01 -1.07333E-01 -1.02035E-01 -9.71810E-02 -9.38906E-02 -9.27147E-02 -9.33954E-02 -9.52083E-02
 -9.12130E-02 -9.13932E-02 -9.46151E-02 -1.00698E-01 -1.08589E-01 -1.16536E-01 -1.22691E-01 -1.25921E-01 -1.26424E-01 -1.25773E-01 -1.26215E-01 -1.29528E-01 -1.36011E-01 -1.44253E-01 -1.51954E-01 -1.57533E-01 -1.61711E-01 -1.68149E-01 -1.82560E-01 -2.10475E-01 -2.54566E-01 -3.12810E-01 -3.78469E-01 -4.42095E-01 -4.94774E-01 -5.31193E-01 -5.51156E-01 -5.58889E-01 -5.60506E-01 -5.60897E-01 -5.61541E-01 -5.60237E-01 -5.52787E-01 -5.35677E-01 -5.08370E-01 -4.74051E-01 -4.38500E-01 -4.07727E-01 -3.85563E-01 -3.72375E-01 -3.65431E-01 -3.60598E-01 -3.54414E-01 -3.45493E-01 -3.34657E-01 -3.23894E-01 -3.14820E-01 -3.07535E-01 -3.00423E-01 -2.90944E-01 -2.76911E-01 -2.57571E-01 -2.33975E-01 -2.08524E-01 -1.84014E-01 -1.62660E-01 -1.45529E-01 -1.32520E-01 -1.22758E-01 -1.15118E-01 -1.08662E-01 -1.02869E-01 -9.77057E-02 -9.35800E-02 -9.12130E-02
 -9.89285E-02 -9.85850E-02 -1.02614E-01 -1.10245E-01 -1.19609E-01 -1.28396E-01 -1.34731E-01 -1.37911E-01 -1.38697E-01 -1.38978E-01 -1.40936E-01 -1.46043E-01 -1.54385E-01 -1.64697E-01 -1.75206E-01 -1.84963E-01 -1.95035E-01 -2.08860E-01 -2.31390E-01 -2.67164E-01 -3.18042E-01 -3.81614E-01 -4.51130E-01 -5.17209E-01 -5.70773E-01 -6.06065E-01 -6.22473E-01 -6.24326E-01 -6.18738E-01 -6.12422E-01 -6.08875E-01 -6.07190E-01 -6.02979E-01 -5.90934E-01 -5.67804E-01 -5.34393E-01 -4.95678E-01 -4.59019E-01 -4.31322E-01 -4.16462E-01 -4.14055E-01 -4.20027E-01 -4.28576E-01 -4.34513E-01 -4.34941E-01 -4.29611E-01 -4.20029E-01 -4.07928E-01 -3.93991E-01 -3.77444E-01 -3.56647E-01 -3.30280E-01 -2.98453E-01 -2.63136E-01 -2.27706E-01 -1.95825E-01 -1.70186E-01 -1.51679E-01 -1.39315E-01 -1.30875E-01 -1.23961E-01 -1.16984E-01 -1.09699E-01 -1.03123E-01 -9.89285E-02
 -1.12722E-01 -1.13715E-01 -1.18780E-01 -1.26610E-01 -1.35316E-01 -1.43172E-01 -1.49178E-01 -1.53290E-01 -1.56293E-01 -1.59444E-01 -1.64015E-01 -1.70880E-01 -1.80258E-01 -1.91731E-01 -2.04603E-01 -2.18550E-01 -2.34334E-01 -2.54190E-01 -2.81524E-01 -3.19757E-01 -3.70623E-01 -4.32575E-01 -5.00146E-01 -5.64847E-01 -6.17534E-01 -6.51461E-01 -6.64745E-01 -6.61089E-01 -6.48252E-01 -6.34802E-01 -6.26526E-01 -6.24120E-01 -6.23261E-01 -6.17081E-01 -5.99909E-01 -5.70517E-01 -5.33300E-01 -4.96800E-01 -4.70228E-01 -4.59613E-01 -4.65328E-01 -4.82091E-01 -5.01337E-01 -5.14747E-01 -5.17280E-01 -5.08400E-01 -4.91141E-01 -4.69744E-01 -4.47200E-01 -4.23938E-01 -3.98193E-01 -3.67668E-01 -3.31454E-01 -2.91139E-01 -2.50524E-01 -2.14151E-01 -1.85462E-01 -1.65504E-01 -1.52812E-01 -1.44403E-01 -1.37310E-01 -1.29885E-01 -1.22268E-01 -1.15943E-01 -1.12722E-01
 -1.25025E-01 -1.28402E-01 -1.34037E-01 -1.40240E-01 -1.45887E-01 -1.50837E-01 -1.55701E-01 -1.61211E-01 -1.67699E-01 -1.75011E-01 -1.82875E-01 -1.91368E-01 -2.01102E-01 -2.12961E-01 -2.27614E-01 -2.45243E-01 -2.65789E-01 -2.89650E-01 -3.18291E-01 -3.54146E-01 -3.99477E-01 -4.54549E-01 -5.16062E-01 -5.76928E-01 -6.27952E-01 -6.61000E-01 -6.72350E-01 -6.64524E-01 -6.45530E-01 -6.25588E-01 -6.12741E-01 -6.09433E-01 -6.11760E-01 -6.11855E-01 -6.02277E-01 -5.80250E-01 -5.49592E-01 -5.19318E-01 -4.99561E-01 -4.96801E-01 -5.10730E-01 -5.34270E-01 -5.56664E-01 -5.68051E-01 -5.63320E-01 -5.43469E-01 -5.14074E-01 -4.81899E-01 -4.51524E-01 -4.23656E-01 -3.95790E-01 -3.64551E-01 -3.28283E-01 -2.88411E-01 -2.48954E-01 -2.14585E-01 -1.88435E-01 -1.70829E-01 -1.59557E-01 -1.51369E-01 -1.43760E-01 -1.36058E-01 -1.29317E-01 -1.25264E-01 -1.25025E-01
 -1.29306E-01 -1.34594E-01 -1.39377E-01 -1.41865E-01 -1.42235E-01 -1.42464E-01 -1.45055E-01 -1.51490E-01 -1.61386E-01 -1.72875E-01 -1.83939E-01 -1.93806E-01 -2.03512E-01 -2.15252E-01 -2.30982E-01 -2.51234E-01 -2.74996E-01 -3.00809E-01 -3.28337E-01 -3.59261E-01 -3.96628E-01 -4.42712E-01 -4.96508E-01 -5.52441E-01 -6.01394E-01 -6.33993E-01 -6.44711E-01 -6.34715E-01 -6.11805E-01 -5.87218E-01 -5.70712E-01 -5.66326E-01 -5.70997E-01 -5.76761E-01 -5.75416E-01 -5.63232E-01 -5.43204E-01 -5.23665E-01 -5.13941E-01 -5.19335E-01 -5.38034E-01 -5.61556E-01 -5.78463E-01 -5.79447E-01 -5.61209E-01 -5.27315E-01 -4.85814E-01 -4.45069E-01 -4.10037E-01 -3.80815E-01 -3.53906E-01 -3.25188E-01 -2.92767E-01 -2.58151E-01 -2.25279E-01 -1.98189E-01 -1.78811E-01 -1.66166E-01 -1.57298E-01 -1.49235E-01 -1.40724E-01 -1.32698E-01 -1.27306E-01 -1.26215E-01 -1.29306E-01
