x/a=sqrt(s)   E_r[V/m]    <Q_i\dot\nabla x>[W/m^2] <Q_e\dot\nabla x>[W/m^2] ... <Gamma_i\dot\nabla x>[1/m^2] <Gamma_e\dot\nabla x>[1/m^2] ... 
  1.79245E-02  7.03125E+02  7.50294E+02  3.12531E+03  8.79825E-02  8.56034E-02
  5.37736E-02  2.05078E+03  2.21669E+03  9.38578E+03  2.60365E-01  2.59364E-01
  8.96227E-02  3.29297E+03  3.51354E+03  1.47660E+04  4.14221E-01  4.14744E-01
  1.25472E-01  4.34766E+03  4.61263E+03  1.90142E+04  5.46418E-01  5.47697E-01
  1.61321E-01  5.23828E+03  5.80218E+03  2.37555E+04  6.87383E-01  6.87458E-01
  1.97170E-01  5.66016E+03  6.33443E+03  2.49206E+04  7.50809E-01  7.49963E-01
  2.33019E-01  5.81992E+03  6.03400E+03  2.30505E+04  7.30017E-01  7.29426E-01
  2.68868E-01  5.30777E+03  5.66997E+03  2.04877E+04  6.86377E-01  6.87135E-01
  3.04717E-01  4.42196E+03  5.08968E+03  1.75229E+04  6.14336E-01  6.14592E-01
  3.40566E-01 -9.72460E+02  6.08943E+03  1.43296E+04  5.54760E-01  5.53101E-01
  3.76415E-01 -1.40759E+03  4.33210E+03  9.50011E+03  4.04566E-01  4.05317E-01
  4.12264E-01 -1.90864E+03  2.99633E+03  5.97215E+03  2.83893E-01  2.83858E-01
  4.48113E-01 -2.67643E+03  2.01003E+03  3.57169E+03  1.89821E-01  1.90245E-01
  4.83962E-01 -3.97447E+03  1.50077E+03  2.18869E+03  1.32437E-01  1.31781E-01
  5.19812E-01 -5.29514E+03  1.16736E+03  1.33264E+03  9.15453E-02  9.13238E-02
  5.55660E-01 -6.86365E+03  9.47103E+02  8.02674E+02  6.22887E-02  6.28368E-02
  5.91509E-01 -8.35224E+03  7.80461E+02  4.87611E+02  4.42030E-02  4.40049E-02
  6.27359E-01 -6.26180E+03  5.23646E+02  5.28059E+02  5.30759E-02  5.33442E-02
  6.63207E-01 -1.18878E+04  5.00780E+02  1.62926E+02  1.99387E-02  1.99425E-02
  6.99057E-01 -1.22586E+04  3.57539E+02  1.14382E+02  1.63030E-02  1.63222E-02
  7.34905E-01 -1.47919E+04  2.46130E+02  5.41361E+01  9.21562E-03  9.33400E-03
  7.70755E-01 -1.56062E+04  1.46317E+02  2.93303E+01  6.12882E-03  6.14267E-03
  8.06604E-01 -1.58628E+04  7.68108E+01  1.51082E+01  3.90381E-03  3.91411E-03
  8.42453E-01 -1.53587E+04  3.25069E+01  6.80954E+00  2.23362E-03  2.24001E-03
  8.78302E-01 -1.38034E+04  1.09512E+01  2.73638E+00  1.17340E-03  1.17898E-03
  9.14151E-01 -1.10574E+04  2.45410E+00  8.66526E-01  5.15475E-04  5.12267E-04
  9.50000E-01 -7.86880E+03  4.06823E-01  2.22205E-01  1.87337E-04  1.88923E-04
