s E_r (\Gamma_b/n_b[m/s]  Q_b/n_b/T_b[m/s] L_1^b[m^2/s] L_2^b[m^2/s]  Z_b n_b[10^{19}m^{-3}] T_b[eV] dlnT_b/dr, b=1,NBB), size(e\varphi_1/T_i) 
  2.55000E-01 -2.00000E+04  5.71806E-01  2.53929E+00  4.09086E-02  1.56511E-01  8.00000E+00 -2.00000E+00  4.00000E+03 -3.00000E+00 -1.00000E+00  4.24574E-03  7.33013E-02  8.22293E-03  2.19726E-02  8.00000E+00 -2.00000E+00  4.00000E+03 -3.00000E+00  1.00000E+00  1.57226-316
  2.55000E-01 -1.95000E+04  5.79832E-01  2.58874E+00  4.17020E-02  1.60263E-01  8.00000E+00 -2.00000E+00  4.00000E+03 -3.00000E+00 -1.00000E+00  5.54513E-03  7.93346E-02  8.57308E-03  2.29239E-02  8.00000E+00 -2.00000E+00  4.00000E+03 -3.00000E+00  1.00000E+00  1.57226-316
  2.55000E-01 -1.90000E+04  5.88124E-01  2.64016E+00  4.25187E-02  1.64152E-01  8.00000E+00 -2.00000E+00  4.00000E+03 -3.00000E+00 -1.00000E+00  6.95869E-03  8.58616E-02  8.94743E-03  2.39425E-02  8.00000E+00 -2.00000E+00  4.00000E+03 -3.00000E+00  1.00000E+00  1.57226-316
  2.55000E-01 -1.85000E+04  5.96693E-01  2.69364E+00  4.33594E-02  1.68185E-01  8.00000E+00 -2.00000E+00  4.00000E+03 -3.00000E+00 -1.00000E+00  8.49870E-03  9.29349E-02  9.34834E-03  2.50352E-02  8.00000E+00 -2.00000E+00  4.00000E+03 -3.00000E+00  1.00000E+00  1.57226-316
  2.55000E-01 -1.80000E+04  6.05552E-01  2.74930E+00  4.42250E-02  1.72367E-01  8.00000E+00 -2.00000E+00  4.00000E+03 -3.00000E+00 -1.00000E+00  1.01791E-02  1.00614E-01  9.77844E-03  2.62094E-02  8.00000E+00 -2.00000E+00  4.00000E+03 -3.00000E+00  1.00000E+00  1.57226-316
  2.55000E-01 -1.75000E+04  6.14712E-01  2.80727E+00  4.51163E-02  1.76706E-01  8.00000E+00 -2.00000E+00  4.00000E+03 -3.00000E+00 -1.00000E+00  1.20156E-02  1.08968E-01  1.02407E-02  2.74735E-02  8.00000E+00 -2.00000E+00  4.00000E+03 -3.00000E+00  1.00000E+00  1.57226-316
  2.55000E-01 -1.70000E+04  6.24189E-01  2.86766E+00  4.60342E-02  1.81210E-01  8.00000E+00 -2.00000E+00  4.00000E+03 -3.00000E+00 -1.00000E+00  1.40264E-02  1.18073E-01  1.07386E-02  2.88373E-02  8.00000E+00 -2.00000E+00  4.00000E+03 -3.00000E+00  1.00000E+00  1.57226-316
  2.55000E-01 -1.65000E+04  6.33997E-01  2.93061E+00  4.69795E-02  1.85885E-01  8.00000E+00 -2.00000E+00  4.00000E+03 -3.00000E+00 -1.00000E+00  1.62320E-02  1.28018E-01  1.12758E-02  3.03115E-02  8.00000E+00 -2.00000E+00  4.00000E+03 -3.00000E+00  1.00000E+00  1.57226-316
  2.55000E-01 -1.60000E+04  6.44149E-01  2.99628E+00  4.79532E-02  1.90740E-01  8.00000E+00 -2.00000E+00  4.00000E+03 -3.00000E+00 -1.00000E+00  1.86562E-02  1.38906E-01  1.18569E-02  3.19087E-02  8.00000E+00 -2.00000E+00  4.00000E+03 -3.00000E+00  1.00000E+00  1.57226-316
  2.55000E-01 -1.55000E+04  6.54662E-01  3.06480E+00  4.89561E-02  1.95783E-01  8.00000E+00 -2.00000E+00  4.00000E+03 -3.00000E+00 -1.00000E+00  2.13262E-02  1.50854E-01  1.24868E-02  3.36433E-02  8.00000E+00 -2.00000E+00  4.00000E+03 -3.00000E+00  1.00000E+00  1.57226-316
  2.55000E-01 -1.50000E+04  6.65552E-01  3.13636E+00  4.99891E-02  2.01022E-01  8.00000E+00 -2.00000E+00  4.00000E+03 -3.00000E+00 -1.00000E+00  2.42738E-02  1.63998E-01  1.31714E-02  3.55317E-02  8.00000E+00 -2.00000E+00  4.00000E+03 -3.00000E+00  1.00000E+00  1.57226-316
  2.55000E-01 -1.45000E+04  6.76834E-01  3.21111E+00  5.10531E-02  2.06466E-01  8.00000E+00 -2.00000E+00  4.00000E+03 -3.00000E+00 -1.00000E+00  2.75357E-02  1.78497E-01  1.39173E-02  3.75931E-02  8.00000E+00 -2.00000E+00  4.00000E+03 -3.00000E+00  1.00000E+00  1.57226-316
  2.55000E-01 -1.40000E+04  6.88525E-01  3.28924E+00  5.21490E-02  2.12125E-01  8.00000E+00 -2.00000E+00  4.00000E+03 -3.00000E+00 -1.00000E+00  3.11549E-02  1.94536E-01  1.47325E-02  3.98499E-02  8.00000E+00 -2.00000E+00  4.00000E+03 -3.00000E+00  1.00000E+00  1.57226-316
  2.55000E-01 -1.35000E+04  7.00642E-01  3.37094E+00  5.32775E-02  2.18008E-01  8.00000E+00 -2.00000E+00  4.00000E+03 -3.00000E+00 -1.00000E+00  3.51817E-02  2.12332E-01  1.56259E-02  4.23279E-02  8.00000E+00 -2.00000E+00  4.00000E+03 -3.00000E+00  1.00000E+00  1.57226-316
  2.55000E-01 -1.30000E+04  7.13203E-01  3.45641E+00  5.44396E-02  2.24124E-01  8.00000E+00 -2.00000E+00  4.00000E+03 -3.00000E+00 -1.00000E+00  3.96759E-02  2.32143E-01  1.66083E-02  4.50579E-02  8.00000E+00 -2.00000E+00  4.00000E+03 -3.00000E+00  1.00000E+00  1.57226-316
  2.55000E-01 -1.25000E+04  7.26223E-01  3.54587E+00  5.56357E-02  2.30484E-01  8.00000E+00 -2.00000E+00  4.00000E+03 -3.00000E+00 -1.00000E+00  4.47081E-02  2.54274E-01  1.76924E-02  4.80759E-02  8.00000E+00 -2.00000E+00  4.00000E+03 -3.00000E+00  1.00000E+00  1.57226-316
  2.55000E-01 -1.20000E+04  7.39720E-01  3.63954E+00  5.68667E-02  2.37096E-01  8.00000E+00 -2.00000E+00  4.00000E+03 -3.00000E+00 -1.00000E+00  5.03629E-02  2.79089E-01  1.88932E-02  5.14251E-02  8.00000E+00 -2.00000E+00  4.00000E+03 -3.00000E+00  1.00000E+00  1.57226-316
  2.55000E-01 -1.15000E+04  7.53710E-01  3.73764E+00  5.81331E-02  2.43970E-01  8.00000E+00 -2.00000E+00  4.00000E+03 -3.00000E+00 -1.00000E+00  5.67418E-02  3.07026E-01  2.02287E-02  5.51571E-02  8.00000E+00 -2.00000E+00  4.00000E+03 -3.00000E+00  1.00000E+00  1.57226-316
  2.55000E-01 -1.10000E+04  7.68207E-01  3.84040E+00  5.94350E-02  2.51116E-01  8.00000E+00 -2.00000E+00  4.00000E+03 -3.00000E+00 -1.00000E+00  6.39681E-02  3.38617E-01  2.17208E-02  5.93341E-02  8.00000E+00 -2.00000E+00  4.00000E+03 -3.00000E+00  1.00000E+00  1.57226-316
  2.55000E-01 -1.05000E+04  7.83224E-01  3.94807E+00  6.07729E-02  2.58543E-01  8.00000E+00 -2.00000E+00  4.00000E+03 -3.00000E+00 -1.00000E+00  7.21924E-02  3.74511E-01  2.33959E-02  6.40321E-02  8.00000E+00 -2.00000E+00  4.00000E+03 -3.00000E+00  1.00000E+00  1.57226-316
  2.55000E-01 -1.00000E+04  7.98772E-01  4.06087E+00  6.21465E-02  2.66257E-01  8.00000E+00 -2.00000E+00  4.00000E+03 -3.00000E+00 -1.00000E+00  8.16003E-02  4.15508E-01  2.52864E-02  6.93441E-02  8.00000E+00 -2.00000E+00  4.00000E+03 -3.00000E+00  1.00000E+00  1.57226-316
  2.55000E-01 -9.50000E+03  8.14857E-01  4.17904E+00  6.35554E-02  2.74267E-01  8.00000E+00 -2.00000E+00  4.00000E+03 -3.00000E+00 -1.00000E+00  9.24228E-02  4.62604E-01  2.74327E-02  7.53857E-02  8.00000E+00 -2.00000E+00  4.00000E+03 -3.00000E+00  1.00000E+00  1.57226-316
  2.55000E-01 -9.00000E+03  8.31483E-01  4.30279E+00  6.49989E-02  2.82578E-01  8.00000E+00 -2.00000E+00  4.00000E+03 -3.00000E+00 -1.00000E+00  1.04951E-01  5.17048E-01  2.98851E-02  8.23017E-02  8.00000E+00 -2.00000E+00  4.00000E+03 -3.00000E+00  1.00000E+00  1.57226-316
  2.55000E-01 -8.50000E+03  8.48644E-01  4.43231E+00  6.64758E-02  2.91191E-01  8.00000E+00 -2.00000E+00  4.00000E+03 -3.00000E+00 -1.00000E+00  1.19555E-01  5.80434E-01  3.27076E-02  9.02758E-02  8.00000E+00 -2.00000E+00  4.00000E+03 -3.00000E+00  1.00000E+00  1.57226-316
  2.55000E-01 -8.00000E+03  8.66330E-01  4.56776E+00  6.79842E-02  3.00107E-01  8.00000E+00 -2.00000E+00  4.00000E+03 -3.00000E+00 -1.00000E+00  1.36712E-01  6.54813E-01  3.59823E-02  9.95442E-02  8.00000E+00 -2.00000E+00  4.00000E+03 -3.00000E+00  1.00000E+00  1.57226-316
  2.55000E-01 -7.50000E+03  8.84516E-01  4.70923E+00  6.95214E-02  3.09322E-01  8.00000E+00 -2.00000E+00  4.00000E+03 -3.00000E+00 -1.00000E+00  1.57050E-01  7.42869E-01  3.98162E-02  1.10415E-01  8.00000E+00 -2.00000E+00  4.00000E+03 -3.00000E+00  1.00000E+00  1.57226-316
  2.55000E-01 -7.00000E+03  9.03166E-01  4.85674E+00  7.10841E-02  3.18826E-01  8.00000E+00 -2.00000E+00  4.00000E+03 -3.00000E+00 -1.00000E+00  1.81401E-01  8.48173E-01  4.43512E-02  1.23298E-01  8.00000E+00 -2.00000E+00  4.00000E+03 -3.00000E+00  1.00000E+00  1.57226-316
  2.55000E-01 -6.50000E+03  9.22224E-01  5.01019E+00  7.26675E-02  3.28603E-01  8.00000E+00 -2.00000E+00  4.00000E+03 -3.00000E+00 -1.00000E+00  2.10898E-01  9.75568E-01  4.97787E-02  1.38745E-01  8.00000E+00 -2.00000E+00  4.00000E+03 -3.00000E+00  1.00000E+00  1.57226-316
  2.55000E-01 -6.00000E+03  9.41611E-01  5.16931E+00  7.42657E-02  3.38626E-01  8.00000E+00 -2.00000E+00  4.00000E+03 -3.00000E+00 -1.00000E+00  2.47115E-01  1.13176E+00  5.63627E-02  1.57522E-01  8.00000E+00 -2.00000E+00  4.00000E+03 -3.00000E+00  1.00000E+00  1.57226-316
  2.55000E-01 -5.50000E+03  9.61217E-01  5.33363E+00  7.58711E-02  3.48857E-01  8.00000E+00 -2.00000E+00  4.00000E+03 -3.00000E+00 -1.00000E+00  2.92291E-01  1.32629E+00  6.44765E-02  1.80712E-01  8.00000E+00 -2.00000E+00  4.00000E+03 -3.00000E+00  1.00000E+00  1.57226-316
  2.55000E-01 -5.00000E+03  9.80895E-01  5.50236E+00  7.74738E-02  3.59246E-01  8.00000E+00 -2.00000E+00  4.00000E+03 -3.00000E+00 -1.00000E+00  3.49711E-01  1.57313E+00  7.46633E-02  2.09900E-01  8.00000E+00 -2.00000E+00  4.00000E+03 -3.00000E+00  1.00000E+00  1.57226-316
  2.55000E-01 -4.50000E+03  1.00045E+00  5.67431E+00  7.90618E-02  3.69719E-01  8.00000E+00 -2.00000E+00  4.00000E+03 -3.00000E+00 -1.00000E+00  4.24373E-01  1.89346E+00  8.77400E-02  2.47477E-01  8.00000E+00 -2.00000E+00  4.00000E+03 -3.00000E+00  1.00000E+00  1.57226-316
  2.55000E-01 -4.00000E+03  1.01961E+00  5.84775E+00  8.06196E-02  3.80180E-01  8.00000E+00 -2.00000E+00  4.00000E+03 -3.00000E+00 -1.00000E+00  5.24203E-01  2.32086E+00  1.04987E-01  2.97219E-01  8.00000E+00 -2.00000E+00  4.00000E+03 -3.00000E+00  1.00000E+00  1.57226-316
  2.55000E-01 -3.50000E+03  1.03805E+00  6.02022E+00  8.21286E-02  3.90502E-01  8.00000E+00 -2.00000E+00  4.00000E+03 -3.00000E+00 -1.00000E+00  6.62455E-01  2.91135E+00  1.28513E-01  3.65395E-01  8.00000E+00 -2.00000E+00  4.00000E+03 -3.00000E+00  1.00000E+00  1.57226-316
  2.55000E-01 -3.00000E+03  1.05532E+00  6.18831E+00  8.35655E-02  4.00519E-01  8.00000E+00 -2.00000E+00  4.00000E+03 -3.00000E+00 -1.00000E+00  8.62804E-01  3.76494E+00  1.62007E-01  4.63109E-01  8.00000E+00 -2.00000E+00  4.00000E+03 -3.00000E+00  1.00000E+00  1.57226-316
  2.55000E-01 -2.50000E+03  1.07087E+00  6.34741E+00  8.49025E-02  4.10021E-01  8.00000E+00 -2.00000E+00  4.00000E+03 -3.00000E+00 -1.00000E+00  1.17134E+00  5.07635E+00  2.12466E-01  6.11764E-01  8.00000E+00 -2.00000E+00  4.00000E+03 -3.00000E+00  1.00000E+00  1.57226-316
  2.55000E-01 -2.00000E+03  1.08400E+00  6.49137E+00  8.61056E-02  4.18738E-01  8.00000E+00 -2.00000E+00  4.00000E+03 -3.00000E+00 -1.00000E+00  1.68881E+00  7.27240E+00  2.94619E-01  8.57555E-01  8.00000E+00 -2.00000E+00  4.00000E+03 -3.00000E+00  1.00000E+00  1.57226-316
  2.55000E-01 -1.50000E+03  1.09386E+00  6.61219E+00  8.71354E-02  4.26341E-01  8.00000E+00 -2.00000E+00  4.00000E+03 -3.00000E+00 -1.00000E+00  2.67547E+00  1.14648E+01  4.44421E-01  1.31773E+00  8.00000E+00 -2.00000E+00  4.00000E+03 -3.00000E+00  1.00000E+00  1.57226-316
  2.55000E-01 -1.00000E+03  1.09941E+00  6.69984E+00  8.79459E-02  4.32430E-01  8.00000E+00 -2.00000E+00  4.00000E+03 -3.00000E+00 -1.00000E+00  5.00332E+00  2.14689E+01  7.71670E-01  2.37514E+00  8.00000E+00 -2.00000E+00  4.00000E+03 -3.00000E+00  1.00000E+00  1.57226-316
  2.55000E-01 -5.00000E+02  1.09948E+00  6.74220E+00  8.84863E-02  4.36544E-01  8.00000E+00 -2.00000E+00  4.00000E+03 -3.00000E+00 -1.00000E+00  1.33488E+01  5.93875E+01  1.76828E+00  5.99684E+00  8.00000E+00 -2.00000E+00  4.00000E+03 -3.00000E+00  1.00000E+00  1.57226-316
  2.55000E-01 -1.72483E-11  1.09285E+00  6.72625E+00  8.87069E-02  4.38205E-01  8.00000E+00 -2.00000E+00  4.00000E+03 -3.00000E+00 -1.00000E+00  8.09942E+01  4.93112E+02  6.71595E+00  3.25947E+01  8.00000E+00 -2.00000E+00  4.00000E+03 -3.00000E+00  1.00000E+00  1.57226-316
  2.55000E-01  5.00000E+02  1.07716E+00  6.63159E+00  8.84746E-02  4.36468E-01  8.00000E+00 -2.00000E+00  4.00000E+03 -3.00000E+00 -1.00000E+00  1.38347E+01  6.11470E+01  1.77126E+00  6.01381E+00  8.00000E+00 -2.00000E+00  4.00000E+03 -3.00000E+00  1.00000E+00  1.57226-316
  2.55000E-01  1.00000E+03  1.05507E+00  6.48090E+00  8.79229E-02  4.32286E-01  8.00000E+00 -2.00000E+00  4.00000E+03 -3.00000E+00 -1.00000E+00  5.42119E+00  2.28149E+01  7.74731E-01  2.38811E+00  8.00000E+00 -2.00000E+00  4.00000E+03 -3.00000E+00  1.00000E+00  1.57226-316
  2.55000E-01  1.50000E+03  1.02801E+00  6.28883E+00  8.71028E-02  4.26142E-01  8.00000E+00 -2.00000E+00  4.00000E+03 -3.00000E+00 -1.00000E+00  3.03071E+00  1.25528E+01  4.46819E-01  1.32673E+00  8.00000E+00 -2.00000E+00  4.00000E+03 -3.00000E+00  1.00000E+00  1.57226-316
  2.55000E-01  2.00000E+03  9.97302E-01  6.06850E+00  8.60653E-02  4.18499E-01  8.00000E+00 -2.00000E+00  4.00000E+03 -3.00000E+00 -1.00000E+00  1.99906E+00  8.19647E+00  2.96477E-01  8.64005E-01  8.00000E+00 -2.00000E+00  4.00000E+03 -3.00000E+00  1.00000E+00  1.57226-316
  2.55000E-01  2.50000E+03  9.64089E-01  5.83051E+00  8.48562E-02  4.09755E-01  8.00000E+00 -2.00000E+00  4.00000E+03 -3.00000E+00 -1.00000E+00  1.44843E+00  5.88671E+00  2.13929E-01  6.16515E-01  8.00000E+00 -2.00000E+00  4.00000E+03 -3.00000E+00  1.00000E+00  1.57226-316
  2.55000E-01  3.00000E+03  9.29290E-01  5.58314E+00  8.35149E-02  4.00238E-01  8.00000E+00 -2.00000E+00  4.00000E+03 -3.00000E+00 -1.00000E+00  1.11445E+00  4.49102E+00  1.63175E-01  4.66670E-01  8.00000E+00 -2.00000E+00  4.00000E+03 -3.00000E+00  1.00000E+00  1.57226-316
  2.55000E-01  3.50000E+03  8.93637E-01  5.33259E+00  8.20750E-02  3.90213E-01  8.00000E+00 -2.00000E+00  4.00000E+03 -3.00000E+00 -1.00000E+00  8.93882E-01  3.57189E+00  1.29456E-01  3.68083E-01  8.00000E+00 -2.00000E+00  4.00000E+03 -3.00000E+00  1.00000E+00  1.57226-316
  2.55000E-01  4.00000E+03  8.57701E-01  5.08340E+00  8.05642E-02  3.79892E-01  8.00000E+00 -2.00000E+00  4.00000E+03 -3.00000E+00 -1.00000E+00  7.39097E-01  2.92862E+00  1.05755E-01  2.99243E-01  8.00000E+00 -2.00000E+00  4.00000E+03 -3.00000E+00  1.00000E+00  1.57226-316
  2.55000E-01  4.50000E+03  8.21916E-01  4.83879E+00  7.90056E-02  3.69437E-01  8.00000E+00 -2.00000E+00  4.00000E+03 -3.00000E+00 -1.00000E+00  6.25439E-01  2.45756E+00  8.83680E-02  2.48982E-01  8.00000E+00 -2.00000E+00  4.00000E+03 -3.00000E+00  1.00000E+00  1.57226-316
  2.55000E-01  5.00000E+03  7.86608E-01  4.60098E+00  7.74177E-02  3.58975E-01  8.00000E+00 -2.00000E+00  4.00000E+03 -3.00000E+00 -1.00000E+00  5.38996E-01  2.10033E+00  7.51773E-02  2.10989E-01  8.00000E+00 -2.00000E+00  4.00000E+03 -3.00000E+00  1.00000E+00  1.57226-316
  2.55000E-01  5.50000E+03  7.52015E-01  4.37141E+00  7.58157E-02  3.48600E-01  8.00000E+00 -2.00000E+00  4.00000E+03 -3.00000E+00 -1.00000E+00  4.71386E-01  1.82181E+00  6.48964E-02  1.81465E-01  8.00000E+00 -2.00000E+00  4.00000E+03 -3.00000E+00  1.00000E+00  1.57226-316
  2.55000E-01  6.00000E+03  7.18307E-01  4.15100E+00  7.42115E-02  3.38384E-01  8.00000E+00 -2.00000E+00  4.00000E+03 -3.00000E+00 -1.00000E+00  4.17285E-01  1.59969E+00  5.67036E-02  1.57996E-01  8.00000E+00 -2.00000E+00  4.00000E+03 -3.00000E+00  1.00000E+00  1.57226-316
  2.55000E-01  6.50000E+03  6.85600E-01  3.94021E+00  7.26150E-02  3.28379E-01  8.00000E+00 -2.00000E+00  4.00000E+03 -3.00000E+00 -1.00000E+00  3.73167E-01  1.41920E+00  5.00528E-02  1.38988E-01  8.00000E+00 -2.00000E+00  4.00000E+03 -3.00000E+00  1.00000E+00  1.57226-316
  2.55000E-01  7.00000E+03  6.53971E-01  3.73924E+00  7.10335E-02  3.18621E-01  8.00000E+00 -2.00000E+00  4.00000E+03 -3.00000E+00 -1.00000E+00  3.36610E-01  1.27022E+00  4.45681E-02  1.23345E-01  8.00000E+00 -2.00000E+00  4.00000E+03 -3.00000E+00  1.00000E+00  1.57226-316
  2.55000E-01  7.50000E+03  6.23464E-01  3.54805E+00  6.94732E-02  3.09137E-01  8.00000E+00 -2.00000E+00  4.00000E+03 -3.00000E+00 -1.00000E+00  3.05904E-01  1.14557E+00  3.99839E-02  1.10298E-01  8.00000E+00 -2.00000E+00  4.00000E+03 -3.00000E+00  1.00000E+00  1.57226-316
  2.55000E-01  8.00000E+03  5.94100E-01  3.36649E+00  6.79384E-02  2.99941E-01  8.00000E+00 -2.00000E+00  4.00000E+03 -3.00000E+00 -1.00000E+00  2.79806E-01  1.04007E+00  3.61071E-02  9.92866E-02  8.00000E+00 -2.00000E+00  4.00000E+03 -3.00000E+00  1.00000E+00  1.57226-316
  2.55000E-01  8.50000E+03  5.65882E-01  3.19426E+00  6.64326E-02  2.91044E-01  8.00000E+00 -2.00000E+00  4.00000E+03 -3.00000E+00 -1.00000E+00  2.57396E-01  9.49859E-01  3.27951E-02  8.98982E-02  8.00000E+00 -2.00000E+00  4.00000E+03 -3.00000E+00  1.00000E+00  1.57226-316
  2.55000E-01  9.00000E+03  5.38797E-01  3.03103E+00  6.49584E-02  2.82450E-01  8.00000E+00 -2.00000E+00  4.00000E+03 -3.00000E+00 -1.00000E+00  2.37978E-01  8.72030E-01  2.99398E-02  8.18210E-02  8.00000E+00 -2.00000E+00  4.00000E+03 -3.00000E+00  1.00000E+00  1.57226-316
  2.55000E-01  9.50000E+03  5.12827E-01  2.87642E+00  6.35176E-02  2.74159E-01  8.00000E+00 -2.00000E+00  4.00000E+03 -3.00000E+00 -1.00000E+00  2.21017E-01  8.04350E-01  2.74585E-02  7.48164E-02  8.00000E+00 -2.00000E+00  4.00000E+03 -3.00000E+00  1.00000E+00  1.57226-316
  2.55000E-01  1.00000E+04  4.87944E-01  2.73002E+00  6.21115E-02  2.66167E-01  8.00000E+00 -2.00000E+00  4.00000E+03 -3.00000E+00 -1.00000E+00  2.06095E-01  7.45075E-01  2.52866E-02  6.86984E-02  8.00000E+00 -2.00000E+00  4.00000E+03 -3.00000E+00  1.00000E+00  1.57226-316
  2.55000E-01  1.05000E+04  4.64114E-01  2.59141E+00  6.07407E-02  2.58470E-01  8.00000E+00 -2.00000E+00  4.00000E+03 -3.00000E+00 -1.00000E+00  1.92883E-01  6.92830E-01  2.33734E-02  6.33205E-02  8.00000E+00 -2.00000E+00  4.00000E+03 -3.00000E+00  1.00000E+00  1.57226-316
  2.55000E-01  1.10000E+04  4.41302E-01  2.46019E+00  5.94056E-02  2.51061E-01  8.00000E+00 -2.00000E+00  4.00000E+03 -3.00000E+00 -1.00000E+00  1.81116E-01  6.46512E-01  2.16782E-02  5.85656E-02  8.00000E+00 -2.00000E+00  4.00000E+03 -3.00000E+00  1.00000E+00  1.57226-316
  2.55000E-01  1.15000E+04  4.19471E-01  2.33596E+00  5.81064E-02  2.43931E-01  8.00000E+00 -2.00000E+00  4.00000E+03 -3.00000E+00 -1.00000E+00  1.70582E-01  6.05233E-01  2.01681E-02  5.43395E-02  8.00000E+00 -2.00000E+00  4.00000E+03 -3.00000E+00  1.00000E+00  1.57226-316
  2.55000E-01  1.20000E+04  3.98582E-01  2.21831E+00  5.68428E-02  2.37073E-01  8.00000E+00 -2.00000E+00  4.00000E+03 -3.00000E+00 -1.00000E+00  1.61104E-01  5.68268E-01  1.88165E-02  5.05653E-02  8.00000E+00 -2.00000E+00  4.00000E+03 -3.00000E+00  1.00000E+00  1.57226-316
  2.55000E-01  1.25000E+04  3.78595E-01  2.10687E+00  5.56145E-02  2.30476E-01  8.00000E+00 -2.00000E+00  4.00000E+03 -3.00000E+00 -1.00000E+00  1.52540E-01  5.35018E-01  1.76013E-02  4.71797E-02  8.00000E+00 -2.00000E+00  4.00000E+03 -3.00000E+00  1.00000E+00  1.57226-316
  2.55000E-01  1.30000E+04  3.59472E-01  2.00129E+00  5.44209E-02  2.24131E-01  8.00000E+00 -2.00000E+00  4.00000E+03 -3.00000E+00 -1.00000E+00  1.44770E-01  5.04988E-01  1.65043E-02  4.41304E-02  8.00000E+00 -2.00000E+00  4.00000E+03 -3.00000E+00  1.00000E+00  1.57226-316
  2.55000E-01  1.35000E+04  3.41174E-01  1.90121E+00  5.32614E-02  2.18028E-01  8.00000E+00 -2.00000E+00  4.00000E+03 -3.00000E+00 -1.00000E+00  1.37693E-01  4.77764E-01  1.55103E-02  4.13738E-02  8.00000E+00 -2.00000E+00  4.00000E+03 -3.00000E+00  1.00000E+00  1.57226-316
  2.55000E-01  1.40000E+04  3.23663E-01  1.80631E+00  5.21354E-02  2.12158E-01  8.00000E+00 -2.00000E+00  4.00000E+03 -3.00000E+00 -1.00000E+00  1.31226E-01  4.52998E-01  1.46065E-02  3.88732E-02  8.00000E+00 -2.00000E+00  4.00000E+03 -3.00000E+00  1.00000E+00  1.57226-316
  2.55000E-01  1.45000E+04  3.06904E-01  1.71629E+00  5.10419E-02  2.06512E-01  8.00000E+00 -2.00000E+00  4.00000E+03 -3.00000E+00 -1.00000E+00  1.25297E-01  4.30393E-01  1.37820E-02  3.65973E-02  8.00000E+00 -2.00000E+00  4.00000E+03 -3.00000E+00  1.00000E+00  1.57226-316
  2.55000E-01  1.50000E+04  2.90860E-01  1.63086E+00  4.99803E-02  2.01079E-01  8.00000E+00 -2.00000E+00  4.00000E+03 -3.00000E+00 -1.00000E+00  1.19844E-01  4.09698E-01  1.30277E-02  3.45199E-02  8.00000E+00 -2.00000E+00  4.00000E+03 -3.00000E+00  1.00000E+00  1.57226-316
  2.55000E-01  1.55000E+04  2.75500E-01  1.54974E+00  4.89495E-02  1.95851E-01  8.00000E+00 -2.00000E+00  4.00000E+03 -3.00000E+00 -1.00000E+00  1.14816E-01  3.90699E-01  1.23356E-02  3.26182E-02  8.00000E+00 -2.00000E+00  4.00000E+03 -3.00000E+00  1.00000E+00  1.57226-316
  2.55000E-01  1.60000E+04  2.60789E-01  1.47268E+00  4.79488E-02  1.90819E-01  8.00000E+00 -2.00000E+00  4.00000E+03 -3.00000E+00 -1.00000E+00  1.10167E-01  3.73209E-01  1.16989E-02  3.08729E-02  8.00000E+00 -2.00000E+00  4.00000E+03 -3.00000E+00  1.00000E+00  1.57226-316
  2.55000E-01  1.65000E+04  2.46697E-01  1.39945E+00  4.69772E-02  1.85974E-01  8.00000E+00 -2.00000E+00  4.00000E+03 -3.00000E+00 -1.00000E+00  1.05858E-01  3.57068E-01  1.11117E-02  2.92671E-02  8.00000E+00 -2.00000E+00  4.00000E+03 -3.00000E+00  1.00000E+00  1.57226-316
  2.55000E-01  1.70000E+04  2.33195E-01  1.32981E+00  4.60340E-02  1.81308E-01  8.00000E+00 -2.00000E+00  4.00000E+03 -3.00000E+00 -1.00000E+00  1.01854E-01  3.42137E-01  1.05690E-02  2.77862E-02  8.00000E+00 -2.00000E+00  4.00000E+03 -3.00000E+00  1.00000E+00  1.57226-316
  2.55000E-01  1.75000E+04  2.20253E-01  1.26357E+00  4.51180E-02  1.76813E-01  8.00000E+00 -2.00000E+00  4.00000E+03 -3.00000E+00 -1.00000E+00  9.81269E-02  3.28293E-01  1.00662E-02  2.64176E-02  8.00000E+00 -2.00000E+00  4.00000E+03 -3.00000E+00  1.00000E+00  1.57226-316
  2.55000E-01  1.80000E+04  2.07847E-01  1.20052E+00  4.42286E-02  1.72482E-01  8.00000E+00 -2.00000E+00  4.00000E+03 -3.00000E+00 -1.00000E+00  9.46492E-02  3.15432E-01  9.59958E-03  2.51500E-02  8.00000E+00 -2.00000E+00  4.00000E+03 -3.00000E+00  1.00000E+00  1.57226-316
  2.55000E-01  1.85000E+04  1.95949E-01  1.14048E+00  4.33649E-02  1.68308E-01  8.00000E+00 -2.00000E+00  4.00000E+03 -3.00000E+00 -1.00000E+00  9.13983E-02  3.03459E-01  9.16557E-03  2.39738E-02  8.00000E+00 -2.00000E+00  4.00000E+03 -3.00000E+00  1.00000E+00  1.57226-316
  2.55000E-01  1.90000E+04  1.84536E-01  1.08328E+00  4.25259E-02  1.64283E-01  8.00000E+00 -2.00000E+00  4.00000E+03 -3.00000E+00 -1.00000E+00  8.83537E-02  2.92292E-01  8.76118E-03  2.28804E-02  8.00000E+00 -2.00000E+00  4.00000E+03 -3.00000E+00  1.00000E+00  1.57226-316
  2.55000E-01  1.95000E+04  1.73585E-01  1.02876E+00  4.17109E-02  1.60401E-01  8.00000E+00 -2.00000E+00  4.00000E+03 -3.00000E+00 -1.00000E+00  8.54974E-02  2.81857E-01  8.38373E-03  2.18620E-02  8.00000E+00 -2.00000E+00  4.00000E+03 -3.00000E+00  1.00000E+00  1.57226-316
  2.55000E-01  2.00000E+04  1.63073E-01  9.76761E-01  4.09190E-02  1.56655E-01  8.00000E+00 -2.00000E+00  4.00000E+03 -3.00000E+00 -1.00000E+00  8.28132E-02  2.72091E-01  8.03086E-03  2.09120E-02  8.00000E+00 -2.00000E+00  4.00000E+03 -3.00000E+00  1.00000E+00  1.57226-316
