x/a=sqrt(s)   E_r[V/m]    <Q_i\dot\nabla x>[W/m^2] <Q_e\dot\nabla x>[W/m^2] ... <Gamma_i\dot\nabla x>[1/m^2] <Gamma_e\dot\nabla x>[1/m^2] ... 
  1.79245E-02  2.65625E+02  5.71512E+02  1.84213E+03  6.51473E-02  6.37371E-02
  5.37736E-02  7.36265E+02  1.65120E+03  5.33155E+03  1.88208E-01  1.86809E-01
  8.96227E-02 -2.92969E+02  3.45734E+03  8.56494E+03  3.06752E-01  3.10215E-01
  1.25472E-01 -4.57031E+02  4.05415E+03  9.69417E+03  3.65700E-01  3.66024E-01
  1.61321E-01 -6.91406E+02  4.23811E+03  9.83116E+03  3.89527E-01  3.91667E-01
  1.97170E-01 -9.72656E+02  3.98729E+03  8.65580E+03  3.72828E-01  3.68590E-01
  2.33019E-01 -1.37384E+03  3.20682E+03  6.69305E+03  3.09098E-01  3.08370E-01
  2.68868E-01 -2.13189E+03  2.56862E+03  4.95414E+03  2.48652E-01  2.49673E-01
  3.04717E-01 -3.18296E+03  2.13083E+03  3.44475E+03  1.91827E-01  1.91786E-01
  3.40566E-01 -4.19091E+03  1.71660E+03  2.27209E+03  1.40092E-01  1.40648E-01
  3.76415E-01 -5.12052E+03  1.40737E+03  1.46964E+03  1.01327E-01  1.01622E-01
  4.12264E-01 -5.87109E+03  1.10417E+03  9.01955E+02  6.95620E-02  7.00448E-02
  4.48113E-01 -6.64741E+03  8.72965E+02  5.30916E+02  4.64199E-02  4.64196E-02
  4.83962E-01 -7.34726E+03  7.11158E+02  3.20691E+02  3.11376E-02  3.16558E-02
  5.19812E-01 -7.86909E+03  5.71587E+02  1.95518E+02  2.19260E-02  2.18201E-02
  5.55660E-01 -8.75607E+03  5.12539E+02  1.19347E+02  1.47899E-02  1.50680E-02
  5.91509E-01 -9.26542E+03  4.09012E+02  7.49321E+01  1.05003E-02  1.07134E-02
  6.27359E-01 -8.35016E+03  3.90481E+02  8.33047E+01  1.33666E-02  1.31885E-02
  6.63207E-01 -1.03229E+04  2.23454E+02  2.81303E+01  4.94348E-03  5.16432E-03
  6.99057E-01 -1.03628E+04  1.80967E+02  2.14463E+01  4.35829E-03  4.42894E-03
  7.34905E-01 -1.10518E+04  1.10740E+02  1.18301E+01  2.73280E-03  2.80908E-03
  7.70755E-01 -1.12546E+04  7.25348E+01  7.75079E+00  2.16132E-03  2.11896E-03
  8.06604E-01 -1.13388E+04  4.51608E+01  5.02884E+00  1.53128E-03  1.59791E-03
  8.42453E-01 -1.12219E+04  2.53580E+01  3.01349E+00  1.08459E-03  1.13234E-03
  8.78302E-01 -1.07223E+04  1.29930E+01  1.70116E+00  7.43313E-04  7.72910E-04
  9.14151E-01 -9.72483E+03  5.35995E+00  8.26990E-01  4.80453E-04  4.71548E-04
  9.50000E-01 -8.53642E+03  2.02797E+00  3.48907E-01  2.60630E-04  2.60067E-04
