 0.10000E+01	 0.00000E+00	 0.00000E+00	 0.12892E+00	 0.60961E+00	 0.60961E+00	 0.82306E-03	 0.82306E-03	 0.16631E-02	 0.16631E-02	 0.45723E+01	 0.10005E+04	 0.21891E+06	 0.70198E-13	 0.44400E+00	-0.90550E+00	 0.00000E+00	-0.11250E+02	 0.11581E+01
 0.10000E+00	 0.00000E+00	 0.00000E+00	 0.12892E+00	 0.71815E-01	 0.71815E-01	 0.16285E-01	 0.16285E-01	 0.37267E+00	 0.37267E+00	 0.45723E+01	 0.10005E+04	 0.21891E+06	 0.29857E-13	 0.44400E+00	-0.90550E+00	 0.00000E+00	-0.11250E+02	 0.11581E+01
 0.10000E+02	 0.00000E+00	 0.00000E+00	 0.12892E+00	 0.60675E+01	 0.60675E+01	 0.88122E-05	 0.88122E-05	 0.18071E-05	 0.18071E-05	 0.45723E+01	 0.10005E+04	 0.21891E+06	 0.66027E-11	 0.44400E+00	-0.90550E+00	 0.00000E+00	-0.11250E+02	 0.11581E+01
 0.10000E-01	 0.00000E+00	 0.00000E+00	 0.12892E+00	 0.39173E-01	 0.39173E-01	-0.11791E+00	-0.11791E+00	 0.17065E+02	 0.17065E+02	 0.45723E+01	 0.10005E+04	 0.21891E+06	 0.32758E-12	 0.44400E+00	-0.90550E+00	 0.00000E+00	-0.11250E+02	 0.11581E+01
 0.10000E+03	 0.00000E+00	 0.00000E+00	 0.12892E+00	 0.60672E+02	 0.60672E+02	 0.88185E-07	 0.88185E-07	 0.18087E-08	 0.18087E-08	 0.45723E+01	 0.10005E+04	 0.21891E+06	 0.10136E-08	 0.44400E+00	-0.90550E+00	 0.00000E+00	-0.11250E+02	 0.11581E+01
 0.10000E-02	 0.00000E+00	 0.00000E+00	 0.12892E+00	 0.62002E-01	 0.61030E-01	-0.12222E+01	-0.12259E+01	 0.28261E+03	 0.28095E+03	 0.45723E+01	 0.10005E+04	 0.21891E+06	 0.15812E-10	 0.44400E+00	-0.90550E+00	 0.00000E+00	-0.11250E+02	 0.11581E+01
 0.10000E-03	 0.00000E+00	 0.00000E+00	 0.12892E+00	 0.32376E+00	 0.24015E+00	-0.21226E+01	-0.20941E+01	 0.34374E+04	 0.32358E+04	 0.45723E+01	 0.10005E+04	 0.21891E+06	 0.14594E-08	 0.44400E+00	-0.90550E+00	 0.00000E+00	-0.11250E+02	 0.11581E+01
 0.10000E-04	 0.00000E+00	 0.00000E+00	 0.12892E+00	 0.31690E+01	 0.12605E+01	-0.17519E+01	-0.16691E+01	 0.38408E+05	 0.33128E+05	 0.45723E+01	 0.10005E+04	 0.21891E+06	 0.15354E-06	 0.44400E+00	-0.90550E+00	 0.00000E+00	-0.11250E+02	 0.11581E+01
 0.10000E-05	 0.00000E+00	 0.00000E+00	 0.12892E+00	 0.31679E+02	 0.31154E+01	 0.39449E+01	 0.33361E+01	 0.42489E+06	 0.33197E+06	 0.45723E+01	 0.10005E+04	 0.21891E+06	 0.22787E-04	 0.44400E+00	-0.90550E+00	 0.00000E+00	-0.11250E+02	 0.11581E+01
 0.30000E+01	 0.00000E+00	 0.00000E+00	 0.12892E+00	 0.18212E+01	 0.18212E+01	 0.97204E-04	 0.97204E-04	 0.66329E-04	 0.66329E-04	 0.45723E+01	 0.10005E+04	 0.21891E+06	 0.78138E-12	 0.44400E+00	-0.90550E+00	 0.00000E+00	-0.11250E+02	 0.11581E+01
 0.30000E+00	 0.00000E+00	 0.00000E+00	 0.12892E+00	 0.18882E+00	 0.18882E+00	 0.57280E-02	 0.57280E-02	 0.37337E-01	 0.37337E-01	 0.45723E+01	 0.10005E+04	 0.21891E+06	 0.61673E-14	 0.44400E+00	-0.90550E+00	 0.00000E+00	-0.11250E+02	 0.11581E+01
 0.30000E+02	 0.00000E+00	 0.00000E+00	 0.12892E+00	 0.18202E+02	 0.18202E+02	 0.97977E-06	 0.97977E-06	 0.66983E-07	 0.66983E-07	 0.45723E+01	 0.10005E+04	 0.21891E+06	 0.10664E-09	 0.44400E+00	-0.90550E+00	 0.00000E+00	-0.11250E+02	 0.11581E+01
 0.30000E-01	 0.00000E+00	 0.00000E+00	 0.12892E+00	 0.39553E-01	 0.39553E-01	 0.86817E-02	 0.86817E-02	 0.33380E+01	 0.33380E+01	 0.45723E+01	 0.10005E+04	 0.21891E+06	 0.34987E-12	 0.44400E+00	-0.90550E+00	 0.00000E+00	-0.11250E+02	 0.11581E+01
 0.30000E+03	 0.00000E+00	 0.00000E+00	 0.12892E+00	 0.18201E+03	 0.18201E+03	 0.97984E-08	 0.97984E-08	 0.66990E-10	 0.66990E-10	 0.45723E+01	 0.10005E+04	 0.21891E+06	 0.59737E-08	 0.44400E+00	-0.90550E+00	 0.00000E+00	-0.11250E+02	 0.11581E+01
 0.30000E-02	 0.00000E+00	 0.00000E+00	 0.12892E+00	 0.46422E-01	 0.46412E-01	-0.54230E+00	-0.54237E+00	 0.78341E+02	 0.78328E+02	 0.45723E+01	 0.10005E+04	 0.21891E+06	 0.32635E-11	 0.44400E+00	-0.90550E+00	 0.00000E+00	-0.11250E+02	 0.11581E+01
 0.30000E-03	 0.00000E+00	 0.00000E+00	 0.12892E+00	 0.12245E+00	 0.10769E+00	-0.18586E+01	-0.18652E+01	 0.10642E+04	 0.10330E+04	 0.45723E+01	 0.10005E+04	 0.21891E+06	 0.22033E-09	 0.44400E+00	-0.90550E+00	 0.00000E+00	-0.11250E+02	 0.11581E+01
 0.30000E-04	 0.00000E+00	 0.00000E+00	 0.12892E+00	 0.10583E+01	 0.60438E+00	-0.21919E+01	-0.20924E+01	 0.12187E+05	 0.10991E+05	 0.45723E+01	 0.10005E+04	 0.21891E+06	 0.12184E-07	 0.44400E+00	-0.90550E+00	 0.00000E+00	-0.11250E+02	 0.11581E+01
 0.30000E-05	 0.00000E+00	 0.00000E+00	 0.12892E+00	 0.10560E+02	 0.26499E+01	-0.44045E-01	-0.12726E+00	 0.13493E+06	 0.11062E+06	 0.45723E+01	 0.10005E+04	 0.21891E+06	 0.20599E-04	 0.44400E+00	-0.90550E+00	 0.00000E+00	-0.11250E+02	 0.11581E+01
 0.10000E+01	 0.10000E+00	-0.11044E+00	 0.12892E+00	 0.81229E-02	 0.81229E-02	 0.13117E-02	 0.13117E-02	 0.17097E-02	 0.17097E-02	 0.45723E+01	 0.10005E+04	 0.21891E+06	 0.49331E-13	 0.44400E+00	-0.90550E+00	 0.00000E+00	-0.11250E+02	 0.11581E+01
 0.10000E+00	 0.10000E+00	-0.11044E+00	 0.12892E+00	 0.16136E-01	 0.16136E-01	 0.23308E-01	 0.23308E-01	 0.37068E+00	 0.37068E+00	 0.45723E+01	 0.10005E+04	 0.21891E+06	 0.16806E-13	 0.44400E+00	-0.90550E+00	 0.00000E+00	-0.11250E+02	 0.11581E+01
 0.10000E+02	 0.10000E+00	-0.11044E+00	 0.12892E+00	 0.21465E-01	 0.21465E-01	 0.31699E-04	 0.31699E-04	 0.18972E-05	 0.18972E-05	 0.45723E+01	 0.10005E+04	 0.21891E+06	 0.20612E-12	 0.44400E+00	-0.90550E+00	 0.00000E+00	-0.11250E+02	 0.11581E+01
 0.10000E-01	 0.10000E+00	-0.11044E+00	 0.12892E+00	 0.50779E-01	 0.50779E-01	 0.23155E-01	 0.23155E-01	 0.15258E+02	 0.15258E+02	 0.45723E+01	 0.10005E+04	 0.21891E+06	 0.57947E-12	 0.44400E+00	-0.90550E+00	 0.00000E+00	-0.11250E+02	 0.11581E+01
 0.10000E+03	 0.10000E+00	-0.11044E+00	 0.12892E+00	 0.36997E-02	 0.36997E-02	 0.44436E-06	 0.44436E-06	 0.19101E-08	 0.19101E-08	 0.45723E+01	 0.10005E+04	 0.21891E+06	 0.40333E-12	 0.44400E+00	-0.90550E+00	 0.00000E+00	-0.11250E+02	 0.11581E+01
 0.10000E-02	 0.10000E+00	-0.11044E+00	 0.12892E+00	 0.50736E-01	 0.50734E-01	-0.67207E+00	-0.67443E+00	 0.23191E+03	 0.22941E+03	 0.45723E+01	 0.10005E+04	 0.21891E+06	 0.23321E-10	 0.44400E+00	-0.90550E+00	 0.00000E+00	-0.11250E+02	 0.11581E+01
 0.10000E-03	 0.10000E+00	-0.11044E+00	 0.12892E+00	 0.10285E-01	 0.10270E-01	-0.13443E+01	-0.13765E+01	 0.29015E+04	 0.25276E+04	 0.45723E+01	 0.10005E+04	 0.21891E+06	 0.27522E-08	 0.44400E+00	-0.90550E+00	 0.00000E+00	-0.11250E+02	 0.11581E+01
 0.10000E-04	 0.10000E+00	-0.11044E+00	 0.12892E+00	 0.14409E-02	 0.12671E-02	-0.16200E+01	-0.15816E+01	 0.34420E+05	 0.25512E+05	 0.45723E+01	 0.10005E+04	 0.21891E+06	 0.91773E-06	 0.44400E+00	-0.90550E+00	 0.00000E+00	-0.11250E+02	 0.11581E+01
 0.10000E-05	 0.10000E+00	-0.11044E+00	 0.12892E+00	 0.76443E-03	 0.12852E-03	-0.18714E+01	-0.15939E+01	 0.40404E+06	 0.25521E+06	 0.45723E+01	 0.10005E+04	 0.21891E+06	 0.17353E-03	 0.44400E+00	-0.90550E+00	 0.00000E+00	-0.11250E+02	 0.11581E+01
 0.30000E+01	 0.10000E+00	-0.11044E+00	 0.12892E+00	 0.14881E-01	 0.14881E-01	 0.19233E-03	 0.19233E-03	 0.69070E-04	 0.69070E-04	 0.45723E+01	 0.10005E+04	 0.21891E+06	 0.73571E-13	 0.44400E+00	-0.90550E+00	 0.00000E+00	-0.11250E+02	 0.11581E+01
 0.30000E+00	 0.10000E+00	-0.11044E+00	 0.12892E+00	 0.93930E-02	 0.93930E-02	 0.79545E-02	 0.79545E-02	 0.37464E-01	 0.37464E-01	 0.45723E+01	 0.10005E+04	 0.21891E+06	 0.12589E-13	 0.44400E+00	-0.90550E+00	 0.00000E+00	-0.11250E+02	 0.11581E+01
 0.30000E+02	 0.10000E+00	-0.11044E+00	 0.12892E+00	 0.11404E-01	 0.11404E-01	 0.46942E-05	 0.46942E-05	 0.70669E-07	 0.70669E-07	 0.45723E+01	 0.10005E+04	 0.21891E+06	 0.67775E-12	 0.44400E+00	-0.90550E+00	 0.00000E+00	-0.11250E+02	 0.11581E+01
 0.30000E-01	 0.10000E+00	-0.11044E+00	 0.12892E+00	 0.30036E-01	 0.30036E-01	 0.55421E-01	 0.55421E-01	 0.31424E+01	 0.31424E+01	 0.45723E+01	 0.10005E+04	 0.21891E+06	 0.10534E-12	 0.44400E+00	-0.90550E+00	 0.00000E+00	-0.11250E+02	 0.11581E+01
 0.30000E+03	 0.10000E+00	-0.11044E+00	 0.12892E+00	 0.12426E-02	 0.12426E-02	 0.49612E-07	 0.49612E-07	 0.70753E-10	 0.70753E-10	 0.45723E+01	 0.10005E+04	 0.21891E+06	 0.39556E-10	 0.44400E+00	-0.90550E+00	 0.00000E+00	-0.11250E+02	 0.11581E+01
 0.30000E-02	 0.10000E+00	-0.11044E+00	 0.12892E+00	 0.67369E-01	 0.67368E-01	-0.23882E+00	-0.23885E+00	 0.66428E+02	 0.66412E+02	 0.45723E+01	 0.10005E+04	 0.21891E+06	 0.13095E-10	 0.44400E+00	-0.90550E+00	 0.00000E+00	-0.11250E+02	 0.11581E+01
 0.30000E-03	 0.10000E+00	-0.11044E+00	 0.12892E+00	 0.23899E-01	 0.23892E-01	-0.10945E+01	-0.11096E+01	 0.87877E+03	 0.82368E+03	 0.45723E+01	 0.10005E+04	 0.21891E+06	 0.39453E-09	 0.44400E+00	-0.90550E+00	 0.00000E+00	-0.11250E+02	 0.11581E+01
 0.30000E-04	 0.10000E+00	-0.11044E+00	 0.12892E+00	 0.37159E-02	 0.36077E-02	-0.15108E+01	-0.15332E+01	 0.10608E+05	 0.84893E+04	 0.45723E+01	 0.10005E+04	 0.21891E+06	 0.10659E-06	 0.44400E+00	-0.90550E+00	 0.00000E+00	-0.11250E+02	 0.11581E+01
 0.30000E-05	 0.10000E+00	-0.11044E+00	 0.12892E+00	 0.64850E-03	 0.38491E-03	-0.17223E+01	-0.15925E+01	 0.12473E+06	 0.85068E+05	 0.45723E+01	 0.10005E+04	 0.21891E+06	 0.31160E-04	 0.44400E+00	-0.90550E+00	 0.00000E+00	-0.11250E+02	 0.11581E+01
 0.10000E+01	 0.10000E-01	-0.11044E-01	 0.12892E+00	 0.13003E+00	 0.13003E+00	 0.11628E-02	 0.11628E-02	 0.16634E-02	 0.16634E-02	 0.45723E+01	 0.10005E+04	 0.21891E+06	 0.17495E-13	 0.44400E+00	-0.90550E+00	 0.00000E+00	-0.11250E+02	 0.11581E+01
 0.10000E+00	 0.10000E-01	-0.11044E-01	 0.12892E+00	 0.70869E-01	 0.70869E-01	 0.16128E-01	 0.16128E-01	 0.37275E+00	 0.37275E+00	 0.45723E+01	 0.10005E+04	 0.21891E+06	 0.28540E-13	 0.44400E+00	-0.90550E+00	 0.00000E+00	-0.11250E+02	 0.11581E+01
 0.10000E+02	 0.10000E-01	-0.11044E-01	 0.12892E+00	 0.65793E-01	 0.65793E-01	 0.14072E-04	 0.14072E-04	 0.18078E-05	 0.18078E-05	 0.45723E+01	 0.10005E+04	 0.21891E+06	 0.78530E-12	 0.44400E+00	-0.90550E+00	 0.00000E+00	-0.11250E+02	 0.11581E+01
 0.10000E-01	 0.10000E-01	-0.11044E-01	 0.12892E+00	 0.37089E-01	 0.37089E-01	-0.10169E+00	-0.10169E+00	 0.16937E+02	 0.16937E+02	 0.45723E+01	 0.10005E+04	 0.21891E+06	 0.40527E-12	 0.44400E+00	-0.90550E+00	 0.00000E+00	-0.11250E+02	 0.11581E+01
 0.10000E+03	 0.10000E-01	-0.11044E-01	 0.12892E+00	 0.21064E+00	 0.21064E+00	 0.31271E-06	 0.31271E-06	 0.18096E-08	 0.18096E-08	 0.45723E+01	 0.10005E+04	 0.21891E+06	 0.92359E-11	 0.44400E+00	-0.90550E+00	 0.00000E+00	-0.11250E+02	 0.11581E+01
 0.10000E-02	 0.10000E-01	-0.11044E-01	 0.12892E+00	 0.24501E-01	 0.24172E-01	-0.64895E+00	-0.65116E+00	 0.27433E+03	 0.27242E+03	 0.45723E+01	 0.10005E+04	 0.21891E+06	 0.31676E-10	 0.44400E+00	-0.90550E+00	 0.00000E+00	-0.11250E+02	 0.11581E+01
 0.10000E-03	 0.10000E-01	-0.11044E-01	 0.12892E+00	 0.68887E-02	 0.45137E-02	-0.88607E+00	-0.82659E+00	 0.34424E+04	 0.31934E+04	 0.45723E+01	 0.10005E+04	 0.21891E+06	 0.11373E-07	 0.44400E+00	-0.90550E+00	 0.00000E+00	-0.11250E+02	 0.11581E+01
 0.10000E-04	 0.10000E-01	-0.11044E-01	 0.12892E+00	 0.19656E-02	 0.49102E-03	-0.92573E+00	-0.82497E+00	 0.38754E+05	 0.32412E+05	 0.45723E+01	 0.10005E+04	 0.21891E+06	 0.26450E-05	 0.44400E+00	-0.90550E+00	 0.00000E+00	-0.11250E+02	 0.11581E+01
 0.10000E-05	 0.10000E-01	-0.11044E-01	 0.12892E+00	 0.85088E-03	 0.49162E-04	-0.96832E+00	-0.82492E+00	 0.42886E+06	 0.32418E+06	 0.45723E+01	 0.10005E+04	 0.21891E+06	 0.33543E-02	 0.44400E+00	-0.90550E+00	 0.00000E+00	-0.11250E+02	 0.11581E+01
 0.30000E+01	 0.10000E-01	-0.11044E-01	 0.12892E+00	 0.66076E-01	 0.66076E-01	 0.14940E-03	 0.14940E-03	 0.66353E-04	 0.66353E-04	 0.45723E+01	 0.10005E+04	 0.21891E+06	 0.44919E-13	 0.44400E+00	-0.90550E+00	 0.00000E+00	-0.11250E+02	 0.11581E+01
 0.30000E+00	 0.10000E-01	-0.11044E-01	 0.12892E+00	 0.14280E+00	 0.14280E+00	 0.62467E-02	 0.62467E-02	 0.37333E-01	 0.37333E-01	 0.45723E+01	 0.10005E+04	 0.21891E+06	 0.72667E-14	 0.44400E+00	-0.90550E+00	 0.00000E+00	-0.11250E+02	 0.11581E+01
 0.30000E+02	 0.10000E-01	-0.11044E-01	 0.12892E+00	 0.13974E+00	 0.13974E+00	 0.18912E-05	 0.18912E-05	 0.67012E-07	 0.67012E-07	 0.45723E+01	 0.10005E+04	 0.21891E+06	 0.36413E-11	 0.44400E+00	-0.90550E+00	 0.00000E+00	-0.11250E+02	 0.11581E+01
 0.30000E-01	 0.10000E-01	-0.11044E-01	 0.12892E+00	 0.39694E-01	 0.39694E-01	 0.93943E-02	 0.93943E-02	 0.33335E+01	 0.33335E+01	 0.45723E+01	 0.10005E+04	 0.21891E+06	 0.45900E-12	 0.44400E+00	-0.90550E+00	 0.00000E+00	-0.11250E+02	 0.11581E+01
 0.30000E+03	 0.10000E-01	-0.11044E-01	 0.12892E+00	 0.11362E+00	 0.11362E+00	 0.46822E-07	 0.46822E-07	 0.67026E-10	 0.67027E-10	 0.45723E+01	 0.10005E+04	 0.21891E+06	 0.28710E-10	 0.44400E+00	-0.90550E+00	 0.00000E+00	-0.11250E+02	 0.11581E+01
 0.30000E-02	 0.10000E-01	-0.11044E-01	 0.12892E+00	 0.34802E-01	 0.34795E-01	-0.39569E+00	-0.39575E+00	 0.76519E+02	 0.76506E+02	 0.45723E+01	 0.10005E+04	 0.21891E+06	 0.39363E-11	 0.44400E+00	-0.90550E+00	 0.00000E+00	-0.11250E+02	 0.11581E+01
 0.30000E-03	 0.10000E-01	-0.11044E-01	 0.12892E+00	 0.12427E-01	 0.10916E-01	-0.80409E+00	-0.79760E+00	 0.10533E+04	 0.10165E+04	 0.45723E+01	 0.10005E+04	 0.21891E+06	 0.38867E-09	 0.44400E+00	-0.90550E+00	 0.00000E+00	-0.11250E+02	 0.11581E+01
 0.30000E-04	 0.10000E-01	-0.11044E-01	 0.12892E+00	 0.38793E-02	 0.14591E-02	-0.92554E+00	-0.82537E+00	 0.12271E+05	 0.10787E+05	 0.45723E+01	 0.10005E+04	 0.21891E+06	 0.23398E-06	 0.44400E+00	-0.90550E+00	 0.00000E+00	-0.11250E+02	 0.11581E+01
 0.30000E-05	 0.10000E-01	-0.11044E-01	 0.12892E+00	 0.92806E-03	 0.14747E-03	-0.95005E+00	-0.82493E+00	 0.13622E+06	 0.10806E+06	 0.45723E+01	 0.10005E+04	 0.21891E+06	 0.81620E-04	 0.44400E+00	-0.90550E+00	 0.00000E+00	-0.11250E+02	 0.11581E+01
 0.10000E+01	 0.10000E-02	-0.11044E-02	 0.12892E+00	 0.58696E+00	 0.58696E+00	 0.83908E-03	 0.83908E-03	 0.16631E-02	 0.16631E-02	 0.45723E+01	 0.10005E+04	 0.21891E+06	 0.67917E-13	 0.44400E+00	-0.90550E+00	 0.00000E+00	-0.11250E+02	 0.11581E+01
 0.10000E+00	 0.10000E-02	-0.11044E-02	 0.12892E+00	 0.71806E-01	 0.71806E-01	 0.16284E-01	 0.16284E-01	 0.37267E+00	 0.37267E+00	 0.45723E+01	 0.10005E+04	 0.21891E+06	 0.29732E-13	 0.44400E+00	-0.90550E+00	 0.00000E+00	-0.11250E+02	 0.11581E+01
 0.10000E+02	 0.10000E-02	-0.11044E-02	 0.12892E+00	 0.12804E+01	 0.12804E+01	 0.12681E-04	 0.12681E-04	 0.18071E-05	 0.18071E-05	 0.45723E+01	 0.10005E+04	 0.21891E+06	 0.16847E-11	 0.44400E+00	-0.90550E+00	 0.00000E+00	-0.11250E+02	 0.11581E+01
 0.10000E-01	 0.10000E-02	-0.11044E-02	 0.12892E+00	 0.39150E-01	 0.39150E-01	-0.11773E+00	-0.11773E+00	 0.17064E+02	 0.17064E+02	 0.45723E+01	 0.10005E+04	 0.21891E+06	 0.21628E-12	 0.44400E+00	-0.90550E+00	 0.00000E+00	-0.11250E+02	 0.11581E+01
 0.10000E+03	 0.10000E-02	-0.11044E-02	 0.12892E+00	 0.65629E+00	 0.65629E+00	 0.14081E-06	 0.14081E-06	 0.18087E-08	 0.18087E-08	 0.45723E+01	 0.10005E+04	 0.21891E+06	 0.26643E-10	 0.44400E+00	-0.90550E+00	 0.00000E+00	-0.11250E+02	 0.11581E+01
 0.10000E-02	 0.10000E-02	-0.11044E-02	 0.12892E+00	 0.60757E-01	 0.59809E-01	-0.12020E+01	-0.12058E+01	 0.28227E+03	 0.28061E+03	 0.45723E+01	 0.10005E+04	 0.21891E+06	 0.25115E-10	 0.44400E+00	-0.90550E+00	 0.00000E+00	-0.11250E+02	 0.11581E+01
 0.10000E-03	 0.10000E-02	-0.11044E-02	 0.12892E+00	 0.14743E+00	 0.11203E+00	-0.14807E+01	-0.14426E+01	 0.34286E+04	 0.32211E+04	 0.45723E+01	 0.10005E+04	 0.21891E+06	 0.20707E-08	 0.44400E+00	-0.90550E+00	 0.00000E+00	-0.11250E+02	 0.11581E+01
 0.10000E-04	 0.10000E-02	-0.11044E-02	 0.12892E+00	 0.84925E-01	 0.23354E-01	-0.11877E+01	-0.98857E+00	 0.38387E+05	 0.32864E+05	 0.45723E+01	 0.10005E+04	 0.21891E+06	 0.15533E-04	 0.44400E+00	-0.90550E+00	 0.00000E+00	-0.11250E+02	 0.11581E+01
 0.10000E-05	 0.10000E-02	-0.11044E-02	 0.12892E+00	 0.23710E-01	 0.24495E-02	-0.91795E+00	-0.95655E+00	 0.42480E+06	 0.32876E+06	 0.45723E+01	 0.10005E+04	 0.21891E+06	 0.17166E-01	 0.44400E+00	-0.90550E+00	 0.00000E+00	-0.11250E+02	 0.11581E+01
 0.30000E+01	 0.10000E-02	-0.11044E-02	 0.12892E+00	 0.13511E+01	 0.13511E+01	 0.11106E-03	 0.11106E-03	 0.66329E-04	 0.66329E-04	 0.45723E+01	 0.10005E+04	 0.21891E+06	 0.51773E-12	 0.44400E+00	-0.90550E+00	 0.00000E+00	-0.11250E+02	 0.11581E+01
 0.30000E+00	 0.10000E-02	-0.11044E-02	 0.12892E+00	 0.18821E+00	 0.18821E+00	 0.57349E-02	 0.57349E-02	 0.37337E-01	 0.37337E-01	 0.45723E+01	 0.10005E+04	 0.21891E+06	 0.12017E-13	 0.44400E+00	-0.90550E+00	 0.00000E+00	-0.11250E+02	 0.11581E+01
 0.30000E+02	 0.10000E-02	-0.11044E-02	 0.12892E+00	 0.65558E+00	 0.65558E+00	 0.15093E-05	 0.15093E-05	 0.66983E-07	 0.66983E-07	 0.45723E+01	 0.10005E+04	 0.21891E+06	 0.53182E-11	 0.44400E+00	-0.90550E+00	 0.00000E+00	-0.11250E+02	 0.11581E+01
 0.30000E-01	 0.10000E-02	-0.11044E-02	 0.12892E+00	 0.39554E-01	 0.39554E-01	 0.86891E-02	 0.86891E-02	 0.33380E+01	 0.33380E+01	 0.45723E+01	 0.10005E+04	 0.21891E+06	 0.58171E-12	 0.44400E+00	-0.90550E+00	 0.00000E+00	-0.11250E+02	 0.11581E+01
 0.30000E+03	 0.10000E-02	-0.11044E-02	 0.12892E+00	 0.13965E+01	 0.13965E+01	 0.18909E-07	 0.18909E-07	 0.66990E-10	 0.66990E-10	 0.45723E+01	 0.10005E+04	 0.21891E+06	 0.19681E-09	 0.44400E+00	-0.90550E+00	 0.00000E+00	-0.11250E+02	 0.11581E+01
 0.30000E-02	 0.10000E-02	-0.11044E-02	 0.12892E+00	 0.46244E-01	 0.46234E-01	-0.54004E+00	-0.54012E+00	 0.78312E+02	 0.78300E+02	 0.45723E+01	 0.10005E+04	 0.21891E+06	 0.28411E-11	 0.44400E+00	-0.90550E+00	 0.00000E+00	-0.11250E+02	 0.11581E+01
 0.30000E-03	 0.10000E-02	-0.11044E-02	 0.12892E+00	 0.10544E+00	 0.93055E-01	-0.16811E+01	-0.16876E+01	 0.10612E+04	 0.10294E+04	 0.45723E+01	 0.10005E+04	 0.21891E+06	 0.23498E-09	 0.44400E+00	-0.90550E+00	 0.00000E+00	-0.11250E+02	 0.11581E+01
 0.30000E-04	 0.10000E-02	-0.11044E-02	 0.12892E+00	 0.11116E+00	 0.58508E-01	-0.12856E+01	-0.11103E+01	 0.12173E+05	 0.10926E+05	 0.45723E+01	 0.10005E+04	 0.21891E+06	 0.17161E-06	 0.44400E+00	-0.90550E+00	 0.00000E+00	-0.11250E+02	 0.11581E+01
 0.30000E-05	 0.10000E-02	-0.11044E-02	 0.12892E+00	 0.49597E-01	 0.73162E-02	-0.10156E+01	-0.95952E+00	 0.13489E+06	 0.10958E+06	 0.45723E+01	 0.10005E+04	 0.21891E+06	 0.12271E-02	 0.44400E+00	-0.90550E+00	 0.00000E+00	-0.11250E+02	 0.11581E+01
 0.10000E+01	 0.10000E-03	-0.11044E-03	 0.12892E+00	 0.60938E+00	 0.60938E+00	 0.82323E-03	 0.82323E-03	 0.16631E-02	 0.16631E-02	 0.45723E+01	 0.10005E+04	 0.21891E+06	 0.52810E-13	 0.44400E+00	-0.90550E+00	 0.00000E+00	-0.11250E+02	 0.11581E+01
 0.10000E+00	 0.10000E-03	-0.11044E-03	 0.12892E+00	 0.71815E-01	 0.71815E-01	 0.16285E-01	 0.16285E-01	 0.37267E+00	 0.37267E+00	 0.45723E+01	 0.10005E+04	 0.21891E+06	 0.14272E-13	 0.44400E+00	-0.90550E+00	 0.00000E+00	-0.11250E+02	 0.11581E+01
 0.10000E+02	 0.10000E-03	-0.11044E-03	 0.12892E+00	 0.58408E+01	 0.58408E+01	 0.89953E-05	 0.89953E-05	 0.18071E-05	 0.18071E-05	 0.45723E+01	 0.10005E+04	 0.21891E+06	 0.24261E-11	 0.44400E+00	-0.90550E+00	 0.00000E+00	-0.11250E+02	 0.11581E+01
 0.10000E-01	 0.10000E-03	-0.11044E-03	 0.12892E+00	 0.39173E-01	 0.39173E-01	-0.11791E+00	-0.11791E+00	 0.17065E+02	 0.17065E+02	 0.45723E+01	 0.10005E+04	 0.21891E+06	 0.39600E-12	 0.44400E+00	-0.90550E+00	 0.00000E+00	-0.11250E+02	 0.11581E+01
 0.10000E+03	 0.10000E-03	-0.11044E-03	 0.12892E+00	 0.12802E+02	 0.12802E+02	 0.12693E-06	 0.12693E-06	 0.18087E-08	 0.18087E-08	 0.45723E+01	 0.10005E+04	 0.21891E+06	 0.27365E-09	 0.44400E+00	-0.90550E+00	 0.00000E+00	-0.11250E+02	 0.11581E+01
 0.10000E-02	 0.10000E-03	-0.11044E-03	 0.12892E+00	 0.61989E-01	 0.61018E-01	-0.12219E+01	-0.12257E+01	 0.28260E+03	 0.28095E+03	 0.45723E+01	 0.10005E+04	 0.21891E+06	 0.25221E-10	 0.44400E+00	-0.90550E+00	 0.00000E+00	-0.11250E+02	 0.11581E+01
 0.10000E-03	 0.10000E-03	-0.11044E-03	 0.12892E+00	 0.31950E+00	 0.23714E+00	-0.21012E+01	-0.20722E+01	 0.34369E+04	 0.32350E+04	 0.45723E+01	 0.10005E+04	 0.21891E+06	 0.24467E-08	 0.44400E+00	-0.90550E+00	 0.00000E+00	-0.11250E+02	 0.11581E+01
 0.10000E-04	 0.10000E-03	-0.11044E-03	 0.12892E+00	 0.16211E+01	 0.69822E+00	-0.14861E+01	-0.13184E+01	 0.38399E+05	 0.33066E+05	 0.45723E+01	 0.10005E+04	 0.21891E+06	 0.10917E-05	 0.44400E+00	-0.90550E+00	 0.00000E+00	-0.11250E+02	 0.11581E+01
 0.10000E-05	 0.10000E-03	-0.11044E-03	 0.12892E+00	 0.12567E+01	 0.13300E+00	-0.68335E-01	-0.61686E+00	 0.42484E+06	 0.33092E+06	 0.45723E+01	 0.10005E+04	 0.21891E+06	 0.18993E+01	 0.44400E+00	-0.90550E+00	 0.00000E+00	-0.11250E+02	 0.11581E+01
 0.30000E+01	 0.10000E-03	-0.11044E-03	 0.12892E+00	 0.18148E+01	 0.18148E+01	 0.97390E-04	 0.97390E-04	 0.66329E-04	 0.66329E-04	 0.45723E+01	 0.10005E+04	 0.21891E+06	 0.67775E-12	 0.44400E+00	-0.90550E+00	 0.00000E+00	-0.11250E+02	 0.11581E+01
 0.30000E+00	 0.10000E-03	-0.11044E-03	 0.12892E+00	 0.18882E+00	 0.18882E+00	 0.57280E-02	 0.57280E-02	 0.37337E-01	 0.37337E-01	 0.45723E+01	 0.10005E+04	 0.21891E+06	 0.91987E-14	 0.44400E+00	-0.90550E+00	 0.00000E+00	-0.11250E+02	 0.11581E+01
 0.30000E+02	 0.10000E-03	-0.11044E-03	 0.12892E+00	 0.13501E+02	 0.13501E+02	 0.11205E-05	 0.11205E-05	 0.66983E-07	 0.66983E-07	 0.45723E+01	 0.10005E+04	 0.21891E+06	 0.66214E-10	 0.44400E+00	-0.90550E+00	 0.00000E+00	-0.11250E+02	 0.11581E+01
 0.30000E-01	 0.10000E-03	-0.11044E-03	 0.12892E+00	 0.39553E-01	 0.39553E-01	 0.86817E-02	 0.86817E-02	 0.33380E+01	 0.33380E+01	 0.45723E+01	 0.10005E+04	 0.21891E+06	 0.46260E-12	 0.44400E+00	-0.90550E+00	 0.00000E+00	-0.11250E+02	 0.11581E+01
 0.30000E+03	 0.10000E-03	-0.11044E-03	 0.12892E+00	 0.65553E+01	 0.65553E+01	 0.15094E-07	 0.15094E-07	 0.66990E-10	 0.66990E-10	 0.45723E+01	 0.10005E+04	 0.21891E+06	 0.59266E-09	 0.44400E+00	-0.90550E+00	 0.00000E+00	-0.11250E+02	 0.11581E+01
 0.30000E-02	 0.10000E-03	-0.11044E-03	 0.12892E+00	 0.46420E-01	 0.46410E-01	-0.54228E+00	-0.54235E+00	 0.78340E+02	 0.78328E+02	 0.45723E+01	 0.10005E+04	 0.21891E+06	 0.65559E-11	 0.44400E+00	-0.90550E+00	 0.00000E+00	-0.11250E+02	 0.11581E+01
 0.30000E-03	 0.10000E-03	-0.11044E-03	 0.12892E+00	 0.12225E+00	 0.10751E+00	-0.18563E+01	-0.18629E+01	 0.10642E+04	 0.10329E+04	 0.45723E+01	 0.10005E+04	 0.21891E+06	 0.45199E-09	 0.44400E+00	-0.90550E+00	 0.00000E+00	-0.11250E+02	 0.11581E+01
 0.30000E-04	 0.10000E-03	-0.11044E-03	 0.12892E+00	 0.93633E+00	 0.54050E+00	-0.20344E+01	-0.19214E+01	 0.12183E+05	 0.10980E+05	 0.45723E+01	 0.10005E+04	 0.21891E+06	 0.34558E-07	 0.44400E+00	-0.90550E+00	 0.00000E+00	-0.11250E+02	 0.11581E+01
 0.30000E-05	 0.10000E-03	-0.11044E-03	 0.12892E+00	 0.15259E+01	 0.36652E+00	-0.83715E+00	-0.73489E+00	 0.13491E+06	 0.11030E+06	 0.45723E+01	 0.10005E+04	 0.21891E+06	 0.12274E-02	 0.44400E+00	-0.90550E+00	 0.00000E+00	-0.11250E+02	 0.11581E+01
 0.10000E+01	 0.10000E-04	-0.11044E-04	 0.12892E+00	 0.60961E+00	 0.60961E+00	 0.82306E-03	 0.82306E-03	 0.16631E-02	 0.16631E-02	 0.45723E+01	 0.10005E+04	 0.21891E+06	 0.76419E-13	 0.44400E+00	-0.90550E+00	 0.00000E+00	-0.11250E+02	 0.11581E+01
 0.10000E+00	 0.10000E-04	-0.11044E-04	 0.12892E+00	 0.71815E-01	 0.71815E-01	 0.16285E-01	 0.16285E-01	 0.37267E+00	 0.37267E+00	 0.45723E+01	 0.10005E+04	 0.21891E+06	 0.29666E-13	 0.44400E+00	-0.90550E+00	 0.00000E+00	-0.11250E+02	 0.11581E+01
 0.10000E+02	 0.10000E-04	-0.11044E-04	 0.12892E+00	 0.60651E+01	 0.60651E+01	 0.88141E-05	 0.88141E-05	 0.18071E-05	 0.18071E-05	 0.45723E+01	 0.10005E+04	 0.21891E+06	 0.97259E-11	 0.44400E+00	-0.90550E+00	 0.00000E+00	-0.11250E+02	 0.11581E+01
 0.10000E-01	 0.10000E-04	-0.11044E-04	 0.12892E+00	 0.39173E-01	 0.39173E-01	-0.11791E+00	-0.11791E+00	 0.17065E+02	 0.17065E+02	 0.45723E+01	 0.10005E+04	 0.21891E+06	 0.36395E-12	 0.44400E+00	-0.90550E+00	 0.00000E+00	-0.11250E+02	 0.11581E+01
 0.10000E+03	 0.10000E-04	-0.11044E-04	 0.12892E+00	 0.58405E+02	 0.58405E+02	 0.90019E-07	 0.90019E-07	 0.18087E-08	 0.18087E-08	 0.45723E+01	 0.10005E+04	 0.21891E+06	 0.67121E-09	 0.44400E+00	-0.90550E+00	 0.00000E+00	-0.11250E+02	 0.11581E+01
 0.10000E-02	 0.10000E-04	-0.11044E-04	 0.12892E+00	 0.62002E-01	 0.61030E-01	-0.12222E+01	-0.12259E+01	 0.28261E+03	 0.28095E+03	 0.45723E+01	 0.10005E+04	 0.21891E+06	 0.12976E-10	 0.44400E+00	-0.90550E+00	 0.00000E+00	-0.11250E+02	 0.11581E+01
 0.10000E-03	 0.10000E-04	-0.11044E-04	 0.12892E+00	 0.32372E+00	 0.24012E+00	-0.21223E+01	-0.20939E+01	 0.34374E+04	 0.32358E+04	 0.45723E+01	 0.10005E+04	 0.21891E+06	 0.25164E-08	 0.44400E+00	-0.90550E+00	 0.00000E+00	-0.11250E+02	 0.11581E+01
 0.10000E-04	 0.10000E-04	-0.11044E-04	 0.12892E+00	 0.31361E+01	 0.12494E+01	-0.17424E+01	-0.16495E+01	 0.38407E+05	 0.33123E+05	 0.45723E+01	 0.10005E+04	 0.21891E+06	 0.18073E-06	 0.44400E+00	-0.90550E+00	 0.00000E+00	-0.11250E+02	 0.11581E+01
 0.10000E-05	 0.10000E-04	-0.11044E-04	 0.12892E+00	 0.19723E+02	 0.24403E+01	 0.23782E+01	 0.39531E+01	 0.42488E+06	 0.33179E+06	 0.45723E+01	 0.10005E+04	 0.21891E+06	 0.18882E-02	 0.44400E+00	-0.90550E+00	 0.00000E+00	-0.11250E+02	 0.11581E+01
 0.30000E+01	 0.10000E-04	-0.11044E-04	 0.12892E+00	 0.18211E+01	 0.18211E+01	 0.97205E-04	 0.97205E-04	 0.66329E-04	 0.66329E-04	 0.45723E+01	 0.10005E+04	 0.21891E+06	 0.71536E-12	 0.44400E+00	-0.90550E+00	 0.00000E+00	-0.11250E+02	 0.11581E+01
 0.30000E+00	 0.10000E-04	-0.11044E-04	 0.12892E+00	 0.18882E+00	 0.18882E+00	 0.57280E-02	 0.57280E-02	 0.37337E-01	 0.37337E-01	 0.45723E+01	 0.10005E+04	 0.21891E+06	 0.10056E-13	 0.44400E+00	-0.90550E+00	 0.00000E+00	-0.11250E+02	 0.11581E+01
 0.30000E+02	 0.10000E-04	-0.11044E-04	 0.12892E+00	 0.18138E+02	 0.18138E+02	 0.98166E-06	 0.98166E-06	 0.66983E-07	 0.66983E-07	 0.45723E+01	 0.10005E+04	 0.21891E+06	 0.89658E-10	 0.44400E+00	-0.90550E+00	 0.00000E+00	-0.11250E+02	 0.11581E+01
 0.30000E-01	 0.10000E-04	-0.11044E-04	 0.12892E+00	 0.39553E-01	 0.39553E-01	 0.86817E-02	 0.86817E-02	 0.33380E+01	 0.33380E+01	 0.45723E+01	 0.10005E+04	 0.21891E+06	 0.38874E-12	 0.44400E+00	-0.90550E+00	 0.00000E+00	-0.11250E+02	 0.11581E+01
 0.30000E+03	 0.10000E-04	-0.11044E-04	 0.12892E+00	 0.13501E+03	 0.13501E+03	 0.11206E-07	 0.11206E-07	 0.66990E-10	 0.66990E-10	 0.45723E+01	 0.10005E+04	 0.21891E+06	 0.32833E-08	 0.44400E+00	-0.90550E+00	 0.00000E+00	-0.11250E+02	 0.11581E+01
 0.30000E-02	 0.10000E-04	-0.11044E-04	 0.12892E+00	 0.46422E-01	 0.46412E-01	-0.54230E+00	-0.54237E+00	 0.78341E+02	 0.78328E+02	 0.45723E+01	 0.10005E+04	 0.21891E+06	 0.54432E-11	 0.44400E+00	-0.90550E+00	 0.00000E+00	-0.11250E+02	 0.11581E+01
 0.30000E-03	 0.10000E-04	-0.11044E-04	 0.12892E+00	 0.12245E+00	 0.10769E+00	-0.18586E+01	-0.18652E+01	 0.10642E+04	 0.10330E+04	 0.45723E+01	 0.10005E+04	 0.21891E+06	 0.30873E-09	 0.44400E+00	-0.90550E+00	 0.00000E+00	-0.11250E+02	 0.11581E+01
 0.30000E-04	 0.10000E-04	-0.11044E-04	 0.12892E+00	 0.10569E+01	 0.60364E+00	-0.21897E+01	-0.20899E+01	 0.12187E+05	 0.10991E+05	 0.45723E+01	 0.10005E+04	 0.21891E+06	 0.22228E-07	 0.44400E+00	-0.90550E+00	 0.00000E+00	-0.11250E+02	 0.11581E+01
 0.30000E-05	 0.10000E-04	-0.11044E-04	 0.12892E+00	 0.96353E+01	 0.24673E+01	-0.91573E-01	 0.23036E+00	 0.13493E+06	 0.11057E+06	 0.45723E+01	 0.10005E+04	 0.21891E+06	 0.18119E-02	 0.44400E+00	-0.90550E+00	 0.00000E+00	-0.11250E+02	 0.11581E+01
 0.10000E+01	 0.30000E-01	-0.33131E-01	 0.12892E+00	 0.23321E-01	 0.23321E-01	 0.12434E-02	 0.12434E-02	 0.16671E-02	 0.16671E-02	 0.45723E+01	 0.10005E+04	 0.21891E+06	 0.30366E-13	 0.44400E+00	-0.90550E+00	 0.00000E+00	-0.11250E+02	 0.11581E+01
 0.10000E+00	 0.30000E-01	-0.33131E-01	 0.12892E+00	 0.62751E-01	 0.62751E-01	 0.15446E-01	 0.15446E-01	 0.37328E+00	 0.37328E+00	 0.45723E+01	 0.10005E+04	 0.21891E+06	 0.26132E-13	 0.44400E+00	-0.90550E+00	 0.00000E+00	-0.11250E+02	 0.11581E+01
 0.10000E+02	 0.30000E-01	-0.33131E-01	 0.12892E+00	 0.46820E-01	 0.46820E-01	 0.17046E-04	 0.17046E-04	 0.18140E-05	 0.18140E-05	 0.45723E+01	 0.10005E+04	 0.21891E+06	 0.47593E-12	 0.44400E+00	-0.90550E+00	 0.00000E+00	-0.11250E+02	 0.11581E+01
 0.10000E-01	 0.30000E-01	-0.33131E-01	 0.12892E+00	 0.30166E-01	 0.30166E-01	-0.41037E-01	-0.41037E-01	 0.16414E+02	 0.16414E+02	 0.45723E+01	 0.10005E+04	 0.21891E+06	 0.37852E-12	 0.44400E+00	-0.90550E+00	 0.00000E+00	-0.11250E+02	 0.11581E+01
 0.10000E+03	 0.30000E-01	-0.33131E-01	 0.12892E+00	 0.37885E-01	 0.37885E-01	 0.42149E-06	 0.42149E-06	 0.18177E-08	 0.18177E-08	 0.45723E+01	 0.10005E+04	 0.21891E+06	 0.80054E-11	 0.44400E+00	-0.90550E+00	 0.00000E+00	-0.11250E+02	 0.11581E+01
 0.10000E-02	 0.30000E-01	-0.33131E-01	 0.12892E+00	 0.11733E-01	 0.11616E-01	-0.57381E+00	-0.57451E+00	 0.28367E+03	 0.28151E+03	 0.45723E+01	 0.10005E+04	 0.21891E+06	 0.32074E-10	 0.44400E+00	-0.90550E+00	 0.00000E+00	-0.11250E+02	 0.11581E+01
 0.10000E-03	 0.30000E-01	-0.33131E-01	 0.12892E+00	 0.26162E-02	 0.19493E-02	-0.11367E+01	-0.10921E+01	 0.37594E+04	 0.34680E+04	 0.45723E+01	 0.10005E+04	 0.21891E+06	 0.12371E-07	 0.44400E+00	-0.90550E+00	 0.00000E+00	-0.11250E+02	 0.11581E+01
 0.10000E-04	 0.30000E-01	-0.33131E-01	 0.12892E+00	 0.46952E-03	 0.20373E-03	-0.12683E+01	-0.11474E+01	 0.42245E+05	 0.35245E+05	 0.45723E+01	 0.10005E+04	 0.21891E+06	 0.18360E-05	 0.44400E+00	-0.90550E+00	 0.00000E+00	-0.11250E+02	 0.11581E+01
 0.10000E-05	 0.30000E-01	-0.33131E-01	 0.12892E+00	 0.56744E-03	 0.20385E-04	-0.13254E+01	-0.11482E+01	 0.46086E+06	 0.35252E+06	 0.45723E+01	 0.10005E+04	 0.21891E+06	 0.71565E-03	 0.44400E+00	-0.90550E+00	 0.00000E+00	-0.11250E+02	 0.11581E+01
 0.30000E+01	 0.30000E-01	-0.33131E-01	 0.12892E+00	 0.21357E-01	 0.21357E-01	 0.15433E-03	 0.15433E-03	 0.66564E-04	 0.66564E-04	 0.45723E+01	 0.10005E+04	 0.21891E+06	 0.19023E-12	 0.44400E+00	-0.90550E+00	 0.00000E+00	-0.11250E+02	 0.11581E+01
 0.30000E+00	 0.30000E-01	-0.33131E-01	 0.12892E+00	 0.50457E-01	 0.50457E-01	 0.73057E-02	 0.73057E-02	 0.37340E-01	 0.37340E-01	 0.45723E+01	 0.10005E+04	 0.21891E+06	 0.94930E-14	 0.44400E+00	-0.90550E+00	 0.00000E+00	-0.11250E+02	 0.11581E+01
 0.30000E+02	 0.30000E-01	-0.33131E-01	 0.12892E+00	 0.71181E-01	 0.71181E-01	 0.33017E-05	 0.33017E-05	 0.67278E-07	 0.67278E-07	 0.45723E+01	 0.10005E+04	 0.21891E+06	 0.21564E-11	 0.44400E+00	-0.90550E+00	 0.00000E+00	-0.11250E+02	 0.11581E+01
 0.30000E-01	 0.30000E-01	-0.33131E-01	 0.12892E+00	 0.41538E-01	 0.41538E-01	 0.13183E-01	 0.13183E-01	 0.33040E+01	 0.33040E+01	 0.45723E+01	 0.10005E+04	 0.21891E+06	 0.17594E-12	 0.44400E+00	-0.90550E+00	 0.00000E+00	-0.11250E+02	 0.11581E+01
 0.30000E+03	 0.30000E-01	-0.33131E-01	 0.12892E+00	 0.13664E-01	 0.13664E-01	 0.49297E-07	 0.49297E-07	 0.67328E-10	 0.67328E-10	 0.45723E+01	 0.10005E+04	 0.21891E+06	 0.34705E-11	 0.44400E+00	-0.90550E+00	 0.00000E+00	-0.11250E+02	 0.11581E+01
 0.30000E-02	 0.30000E-01	-0.33131E-01	 0.12892E+00	 0.19717E-01	 0.19714E-01	-0.22878E+00	-0.22883E+00	 0.74911E+02	 0.74897E+02	 0.45723E+01	 0.10005E+04	 0.21891E+06	 0.26436E-11	 0.44400E+00	-0.90550E+00	 0.00000E+00	-0.11250E+02	 0.11581E+01
 0.30000E-03	 0.30000E-01	-0.33131E-01	 0.12892E+00	 0.55442E-02	 0.50574E-02	-0.93732E+00	-0.92781E+00	 0.11353E+04	 0.10920E+04	 0.45723E+01	 0.10005E+04	 0.21891E+06	 0.57222E-09	 0.44400E+00	-0.90550E+00	 0.00000E+00	-0.11250E+02	 0.11581E+01
 0.30000E-04	 0.30000E-01	-0.33131E-01	 0.12892E+00	 0.10741E-02	 0.60830E-03	-0.12198E+01	-0.11413E+01	 0.13426E+05	 0.11728E+05	 0.45723E+01	 0.10005E+04	 0.21891E+06	 0.23325E-06	 0.44400E+00	-0.90550E+00	 0.00000E+00	-0.11250E+02	 0.11581E+01
 0.30000E-05	 0.30000E-01	-0.33131E-01	 0.12892E+00	 0.31664E-03	 0.61153E-04	-0.13085E+01	-0.11482E+01	 0.14745E+06	 0.11751E+06	 0.45723E+01	 0.10005E+04	 0.21891E+06	 0.13471E-04	 0.44400E+00	-0.90550E+00	 0.00000E+00	-0.11250E+02	 0.11581E+01
 0.10000E+01	 0.30000E-02	-0.33131E-02	 0.12892E+00	 0.45292E+00	 0.45292E+00	 0.93387E-03	 0.93387E-03	 0.16631E-02	 0.16631E-02	 0.45723E+01	 0.10005E+04	 0.21891E+06	 0.11354E-12	 0.44400E+00	-0.90550E+00	 0.00000E+00	-0.11250E+02	 0.11581E+01
 0.10000E+00	 0.30000E-02	-0.33131E-02	 0.12892E+00	 0.71731E-01	 0.71731E-01	 0.16270E-01	 0.16270E-01	 0.37268E+00	 0.37268E+00	 0.45723E+01	 0.10005E+04	 0.21891E+06	 0.17279E-13	 0.44400E+00	-0.90550E+00	 0.00000E+00	-0.11250E+02	 0.11581E+01
 0.10000E+02	 0.30000E-02	-0.33131E-02	 0.12892E+00	 0.21867E+00	 0.21867E+00	 0.13572E-04	 0.13572E-04	 0.18072E-05	 0.18072E-05	 0.45723E+01	 0.10005E+04	 0.21891E+06	 0.52628E-12	 0.44400E+00	-0.90550E+00	 0.00000E+00	-0.11250E+02	 0.11581E+01
 0.10000E-01	 0.30000E-02	-0.33131E-02	 0.12892E+00	 0.38963E-01	 0.38963E-01	-0.11630E+00	-0.11630E+00	 0.17052E+02	 0.17052E+02	 0.45723E+01	 0.10005E+04	 0.21891E+06	 0.22005E-12	 0.44400E+00	-0.90550E+00	 0.00000E+00	-0.11250E+02	 0.11581E+01
 0.10000E+03	 0.30000E-02	-0.33131E-02	 0.12892E+00	 0.46551E+00	 0.46551E+00	 0.17018E-06	 0.17018E-06	 0.18088E-08	 0.18088E-08	 0.45723E+01	 0.10005E+04	 0.21891E+06	 0.25862E-10	 0.44400E+00	-0.90550E+00	 0.00000E+00	-0.11250E+02	 0.11581E+01
 0.10000E-02	 0.30000E-02	-0.33131E-02	 0.12892E+00	 0.52710E-01	 0.51914E-01	-0.10747E+01	-0.10783E+01	 0.28022E+03	 0.27851E+03	 0.45723E+01	 0.10005E+04	 0.21891E+06	 0.20065E-10	 0.44400E+00	-0.90550E+00	 0.00000E+00	-0.11250E+02	 0.11581E+01
 0.10000E-03	 0.30000E-02	-0.33131E-02	 0.12892E+00	 0.35818E-01	 0.25747E-01	-0.10853E+01	-0.10299E+01	 0.34225E+04	 0.32033E+04	 0.45723E+01	 0.10005E+04	 0.21891E+06	 0.46786E-08	 0.44400E+00	-0.90550E+00	 0.00000E+00	-0.11250E+02	 0.11581E+01
 0.10000E-04	 0.30000E-02	-0.33131E-02	 0.12892E+00	 0.15491E-01	 0.34246E-02	-0.10389E+01	-0.91013E+00	 0.38400E+05	 0.32608E+05	 0.45723E+01	 0.10005E+04	 0.21891E+06	 0.85099E-05	 0.44400E+00	-0.90550E+00	 0.00000E+00	-0.11250E+02	 0.11581E+01
 0.10000E-05	 0.30000E-02	-0.33131E-02	 0.12892E+00	 0.34833E-02	 0.34482E-03	-0.97243E+00	-0.90722E+00	 0.42506E+06	 0.32617E+06	 0.45723E+01	 0.10005E+04	 0.21891E+06	 0.75935E-02	 0.44400E+00	-0.90550E+00	 0.00000E+00	-0.11250E+02	 0.11581E+01
 0.30000E+01	 0.30000E-02	-0.33131E-02	 0.12892E+00	 0.45028E+00	 0.45028E+00	 0.13765E-03	 0.13765E-03	 0.66330E-04	 0.66330E-04	 0.45723E+01	 0.10005E+04	 0.21891E+06	 0.33363E-12	 0.44400E+00	-0.90550E+00	 0.00000E+00	-0.11250E+02	 0.11581E+01
 0.30000E+00	 0.30000E-02	-0.33131E-02	 0.12892E+00	 0.18347E+00	 0.18347E+00	 0.57883E-02	 0.57883E-02	 0.37336E-01	 0.37336E-01	 0.45723E+01	 0.10005E+04	 0.21891E+06	 0.10724E-13	 0.44400E+00	-0.90550E+00	 0.00000E+00	-0.11250E+02	 0.11581E+01
 0.30000E+02	 0.30000E-02	-0.33131E-02	 0.12892E+00	 0.20824E+00	 0.20824E+00	 0.15556E-05	 0.15556E-05	 0.66986E-07	 0.66986E-07	 0.45723E+01	 0.10005E+04	 0.21891E+06	 0.21133E-11	 0.44400E+00	-0.90550E+00	 0.00000E+00	-0.11250E+02	 0.11581E+01
 0.30000E-01	 0.30000E-02	-0.33131E-02	 0.12892E+00	 0.39565E-01	 0.39565E-01	 0.87486E-02	 0.87486E-02	 0.33376E+01	 0.33376E+01	 0.45723E+01	 0.10005E+04	 0.21891E+06	 0.45105E-12	 0.44400E+00	-0.90550E+00	 0.00000E+00	-0.11250E+02	 0.11581E+01
 0.30000E+03	 0.30000E-02	-0.33131E-02	 0.12892E+00	 0.71043E+00	 0.71043E+00	 0.32972E-07	 0.32972E-07	 0.66993E-10	 0.66993E-10	 0.45723E+01	 0.10005E+04	 0.21891E+06	 0.59649E-10	 0.44400E+00	-0.90550E+00	 0.00000E+00	-0.11250E+02	 0.11581E+01
 0.30000E-02	 0.30000E-02	-0.33131E-02	 0.12892E+00	 0.44894E-01	 0.44884E-01	-0.52289E+00	-0.52297E+00	 0.78096E+02	 0.78084E+02	 0.45723E+01	 0.10005E+04	 0.21891E+06	 0.23655E-11	 0.44400E+00	-0.90550E+00	 0.00000E+00	-0.11250E+02	 0.11581E+01
 0.30000E-03	 0.30000E-02	-0.33131E-02	 0.12892E+00	 0.53150E-01	 0.47320E-01	-0.12023E+01	-0.12056E+01	 0.10549E+04	 0.10216E+04	 0.45723E+01	 0.10005E+04	 0.21891E+06	 0.23324E-09	 0.44400E+00	-0.90550E+00	 0.00000E+00	-0.11250E+02	 0.11581E+01
 0.30000E-04	 0.30000E-02	-0.33131E-02	 0.12892E+00	 0.23774E-01	 0.97946E-02	-0.10833E+01	-0.93053E+00	 0.12170E+05	 0.10846E+05	 0.45723E+01	 0.10005E+04	 0.21891E+06	 0.21707E-06	 0.44400E+00	-0.90550E+00	 0.00000E+00	-0.11250E+02	 0.11581E+01
 0.30000E-05	 0.30000E-02	-0.33131E-02	 0.12892E+00	 0.70244E-02	 0.10339E-02	-0.98919E+00	-0.90746E+00	 0.13497E+06	 0.10872E+06	 0.45723E+01	 0.10005E+04	 0.21891E+06	 0.27739E-03	 0.44400E+00	-0.90550E+00	 0.00000E+00	-0.11250E+02	 0.11581E+01
 0.10000E+01	 0.30000E-03	-0.33131E-03	 0.12892E+00	 0.60750E+00	 0.60750E+00	 0.82456E-03	 0.82456E-03	 0.16631E-02	 0.16631E-02	 0.45723E+01	 0.10005E+04	 0.21891E+06	 0.77533E-13	 0.44400E+00	-0.90550E+00	 0.00000E+00	-0.11250E+02	 0.11581E+01
 0.10000E+00	 0.30000E-03	-0.33131E-03	 0.12892E+00	 0.71815E-01	 0.71815E-01	 0.16285E-01	 0.16285E-01	 0.37267E+00	 0.37267E+00	 0.45723E+01	 0.10005E+04	 0.21891E+06	 0.18556E-13	 0.44400E+00	-0.90550E+00	 0.00000E+00	-0.11250E+02	 0.11581E+01
 0.10000E+02	 0.30000E-03	-0.33131E-03	 0.12892E+00	 0.45007E+01	 0.45007E+01	 0.10077E-04	 0.10077E-04	 0.18071E-05	 0.18071E-05	 0.45723E+01	 0.10005E+04	 0.21891E+06	 0.30052E-11	 0.44400E+00	-0.90550E+00	 0.00000E+00	-0.11250E+02	 0.11581E+01
 0.10000E-01	 0.30000E-03	-0.33131E-03	 0.12892E+00	 0.39171E-01	 0.39171E-01	-0.11790E+00	-0.11790E+00	 0.17065E+02	 0.17065E+02	 0.45723E+01	 0.10005E+04	 0.21891E+06	 0.33075E-12	 0.44400E+00	-0.90550E+00	 0.00000E+00	-0.11250E+02	 0.11581E+01
 0.10000E+03	 0.30000E-03	-0.33131E-03	 0.12892E+00	 0.21851E+01	 0.21851E+01	 0.13585E-06	 0.13585E-06	 0.18087E-08	 0.18087E-08	 0.45723E+01	 0.10005E+04	 0.21891E+06	 0.11329E-09	 0.44400E+00	-0.90550E+00	 0.00000E+00	-0.11250E+02	 0.11581E+01
 0.10000E-02	 0.30000E-03	-0.33131E-03	 0.12892E+00	 0.61887E-01	 0.60917E-01	-0.12203E+01	-0.12240E+01	 0.28258E+03	 0.28092E+03	 0.45723E+01	 0.10005E+04	 0.21891E+06	 0.38378E-10	 0.44400E+00	-0.90550E+00	 0.00000E+00	-0.11250E+02	 0.11581E+01
 0.10000E-03	 0.30000E-03	-0.33131E-03	 0.12892E+00	 0.28976E+00	 0.21611E+00	-0.19693E+01	-0.19383E+01	 0.34344E+04	 0.32312E+04	 0.45723E+01	 0.10005E+04	 0.21891E+06	 0.22700E-08	 0.44400E+00	-0.90550E+00	 0.00000E+00	-0.11250E+02	 0.11581E+01
 0.10000E-04	 0.30000E-03	-0.33131E-03	 0.12892E+00	 0.43650E+00	 0.16861E+00	-0.13174E+01	-0.11331E+01	 0.38394E+05	 0.32997E+05	 0.45723E+01	 0.10005E+04	 0.21891E+06	 0.12710E-04	 0.44400E+00	-0.90550E+00	 0.00000E+00	-0.11250E+02	 0.11581E+01
 0.10000E-05	 0.30000E-03	-0.33131E-03	 0.12892E+00	 0.20532E+00	 0.18580E-01	-0.51486E+00	-0.10317E+01	 0.42482E+06	 0.33013E+06	 0.45723E+01	 0.10005E+04	 0.21891E+06	 0.25465E+00	 0.44400E+00	-0.90550E+00	 0.00000E+00	-0.11250E+02	 0.11581E+01
 0.30000E+01	 0.30000E-03	-0.33131E-03	 0.12892E+00	 0.17657E+01	 0.17657E+01	 0.98839E-04	 0.98839E-04	 0.66329E-04	 0.66329E-04	 0.45723E+01	 0.10005E+04	 0.21891E+06	 0.51406E-12	 0.44400E+00	-0.90550E+00	 0.00000E+00	-0.11250E+02	 0.11581E+01
 0.30000E+00	 0.30000E-03	-0.33131E-03	 0.12892E+00	 0.18877E+00	 0.18877E+00	 0.57286E-02	 0.57286E-02	 0.37337E-01	 0.37337E-01	 0.45723E+01	 0.10005E+04	 0.21891E+06	 0.11819E-13	 0.44400E+00	-0.90550E+00	 0.00000E+00	-0.11250E+02	 0.11581E+01
 0.30000E+02	 0.30000E-03	-0.33131E-03	 0.12892E+00	 0.44956E+01	 0.44956E+01	 0.13905E-05	 0.13905E-05	 0.66983E-07	 0.66983E-07	 0.45723E+01	 0.10005E+04	 0.21891E+06	 0.14637E-10	 0.44400E+00	-0.90550E+00	 0.00000E+00	-0.11250E+02	 0.11581E+01
 0.30000E-01	 0.30000E-03	-0.33131E-03	 0.12892E+00	 0.39553E-01	 0.39553E-01	 0.86823E-02	 0.86823E-02	 0.33380E+01	 0.33380E+01	 0.45723E+01	 0.10005E+04	 0.21891E+06	 0.58204E-12	 0.44400E+00	-0.90550E+00	 0.00000E+00	-0.11250E+02	 0.11581E+01
 0.30000E+03	 0.30000E-03	-0.33131E-03	 0.12892E+00	 0.20819E+01	 0.20819E+01	 0.15557E-07	 0.15557E-07	 0.66990E-10	 0.66990E-10	 0.45723E+01	 0.10005E+04	 0.21891E+06	 0.26824E-09	 0.44400E+00	-0.90550E+00	 0.00000E+00	-0.11250E+02	 0.11581E+01
 0.30000E-02	 0.30000E-03	-0.33131E-03	 0.12892E+00	 0.46406E-01	 0.46396E-01	-0.54209E+00	-0.54217E+00	 0.78338E+02	 0.78326E+02	 0.45723E+01	 0.10005E+04	 0.21891E+06	 0.25703E-11	 0.44400E+00	-0.90550E+00	 0.00000E+00	-0.11250E+02	 0.11581E+01
 0.30000E-03	 0.30000E-03	-0.33131E-03	 0.12892E+00	 0.12064E+00	 0.10613E+00	-0.18383E+01	-0.18448E+01	 0.10638E+04	 0.10325E+04	 0.45723E+01	 0.10005E+04	 0.21891E+06	 0.31832E-09	 0.44400E+00	-0.90550E+00	 0.00000E+00	-0.11250E+02	 0.11581E+01
 0.30000E-04	 0.30000E-03	-0.33131E-03	 0.12892E+00	 0.50788E+00	 0.30297E+00	-0.16391E+01	-0.15003E+01	 0.12179E+05	 0.10964E+05	 0.45723E+01	 0.10005E+04	 0.21891E+06	 0.47231E-07	 0.44400E+00	-0.90550E+00	 0.00000E+00	-0.11250E+02	 0.11581E+01
 0.30000E-05	 0.30000E-03	-0.33131E-03	 0.12892E+00	 0.34689E+00	 0.55265E-01	-0.92511E+00	-0.10414E+01	 0.13490E+06	 0.11004E+06	 0.45723E+01	 0.10005E+04	 0.21891E+06	 0.21261E-02	 0.44400E+00	-0.90550E+00	 0.00000E+00	-0.11250E+02	 0.11581E+01
 0.10000E+01	 0.30000E-04	-0.33131E-04	 0.12892E+00	 0.60959E+00	 0.60959E+00	 0.82308E-03	 0.82308E-03	 0.16631E-02	 0.16631E-02	 0.45723E+01	 0.10005E+04	 0.21891E+06	 0.47088E-13	 0.44400E+00	-0.90550E+00	 0.00000E+00	-0.11250E+02	 0.11581E+01
 0.10000E+00	 0.30000E-04	-0.33131E-04	 0.12892E+00	 0.71815E-01	 0.71815E-01	 0.16285E-01	 0.16285E-01	 0.37267E+00	 0.37267E+00	 0.45723E+01	 0.10005E+04	 0.21891E+06	 0.21483E-13	 0.44400E+00	-0.90550E+00	 0.00000E+00	-0.11250E+02	 0.11581E+01
 0.10000E+02	 0.30000E-04	-0.33131E-04	 0.12892E+00	 0.60463E+01	 0.60463E+01	 0.88293E-05	 0.88293E-05	 0.18071E-05	 0.18071E-05	 0.45723E+01	 0.10005E+04	 0.21891E+06	 0.57300E-11	 0.44400E+00	-0.90550E+00	 0.00000E+00	-0.11250E+02	 0.11581E+01
 0.10000E-01	 0.30000E-04	-0.33131E-04	 0.12892E+00	 0.39173E-01	 0.39173E-01	-0.11791E+00	-0.11791E+00	 0.17065E+02	 0.17065E+02	 0.45723E+01	 0.10005E+04	 0.21891E+06	 0.41655E-12	 0.44400E+00	-0.90550E+00	 0.00000E+00	-0.11250E+02	 0.11581E+01
 0.10000E+03	 0.30000E-04	-0.33131E-04	 0.12892E+00	 0.45004E+02	 0.45004E+02	 0.10086E-06	 0.10086E-06	 0.18087E-08	 0.18087E-08	 0.45723E+01	 0.10005E+04	 0.21891E+06	 0.83141E-09	 0.44400E+00	-0.90550E+00	 0.00000E+00	-0.11250E+02	 0.11581E+01
 0.10000E-02	 0.30000E-04	-0.33131E-04	 0.12892E+00	 0.62001E-01	 0.61029E-01	-0.12221E+01	-0.12259E+01	 0.28261E+03	 0.28095E+03	 0.45723E+01	 0.10005E+04	 0.21891E+06	 0.18656E-10	 0.44400E+00	-0.90550E+00	 0.00000E+00	-0.11250E+02	 0.11581E+01
 0.10000E-03	 0.30000E-04	-0.33131E-04	 0.12892E+00	 0.32337E+00	 0.23988E+00	-0.21206E+01	-0.20921E+01	 0.34373E+04	 0.32357E+04	 0.45723E+01	 0.10005E+04	 0.21891E+06	 0.20043E-08	 0.44400E+00	-0.90550E+00	 0.00000E+00	-0.11250E+02	 0.11581E+01
 0.10000E-04	 0.30000E-04	-0.33131E-04	 0.12892E+00	 0.28991E+01	 0.11692E+01	-0.16858E+01	-0.15537E+01	 0.38404E+05	 0.33101E+05	 0.45723E+01	 0.10005E+04	 0.21891E+06	 0.10163E-05	 0.44400E+00	-0.90550E+00	 0.00000E+00	-0.11250E+02	 0.11581E+01
 0.10000E-05	 0.30000E-04	-0.33131E-04	 0.12892E+00	 0.62275E+01	 0.97421E+00	 0.92373E+00	 0.25339E+01	 0.42487E+06	 0.33139E+06	 0.45723E+01	 0.10005E+04	 0.21891E+06	 0.42809E-01	 0.44400E+00	-0.90550E+00	 0.00000E+00	-0.11250E+02	 0.11581E+01
 0.30000E+01	 0.30000E-04	-0.33131E-04	 0.12892E+00	 0.18206E+01	 0.18206E+01	 0.97220E-04	 0.97220E-04	 0.66329E-04	 0.66329E-04	 0.45723E+01	 0.10005E+04	 0.21891E+06	 0.53563E-12	 0.44400E+00	-0.90550E+00	 0.00000E+00	-0.11250E+02	 0.11581E+01
 0.30000E+00	 0.30000E-04	-0.33131E-04	 0.12892E+00	 0.18882E+00	 0.18882E+00	 0.57280E-02	 0.57280E-02	 0.37337E-01	 0.37337E-01	 0.45723E+01	 0.10005E+04	 0.21891E+06	 0.90135E-14	 0.44400E+00	-0.90550E+00	 0.00000E+00	-0.11250E+02	 0.11581E+01
 0.30000E+02	 0.30000E-04	-0.33131E-04	 0.12892E+00	 0.17647E+02	 0.17647E+02	 0.99638E-06	 0.99638E-06	 0.66983E-07	 0.66983E-07	 0.45723E+01	 0.10005E+04	 0.21891E+06	 0.93250E-10	 0.44400E+00	-0.90550E+00	 0.00000E+00	-0.11250E+02	 0.11581E+01
 0.30000E-01	 0.30000E-04	-0.33131E-04	 0.12892E+00	 0.39553E-01	 0.39553E-01	 0.86817E-02	 0.86817E-02	 0.33380E+01	 0.33380E+01	 0.45723E+01	 0.10005E+04	 0.21891E+06	 0.28104E-12	 0.44400E+00	-0.90550E+00	 0.00000E+00	-0.11250E+02	 0.11581E+01
 0.30000E+03	 0.30000E-04	-0.33131E-04	 0.12892E+00	 0.44955E+02	 0.44955E+02	 0.13907E-07	 0.13907E-07	 0.66990E-10	 0.66990E-10	 0.45723E+01	 0.10005E+04	 0.21891E+06	 0.73460E-09	 0.44400E+00	-0.90550E+00	 0.00000E+00	-0.11250E+02	 0.11581E+01
 0.30000E-02	 0.30000E-04	-0.33131E-04	 0.12892E+00	 0.46422E-01	 0.46412E-01	-0.54230E+00	-0.54237E+00	 0.78341E+02	 0.78328E+02	 0.45723E+01	 0.10005E+04	 0.21891E+06	 0.60284E-11	 0.44400E+00	-0.90550E+00	 0.00000E+00	-0.11250E+02	 0.11581E+01
 0.30000E-03	 0.30000E-04	-0.33131E-04	 0.12892E+00	 0.12243E+00	 0.10767E+00	-0.18584E+01	-0.18650E+01	 0.10642E+04	 0.10330E+04	 0.45723E+01	 0.10005E+04	 0.21891E+06	 0.33551E-09	 0.44400E+00	-0.90550E+00	 0.00000E+00	-0.11250E+02	 0.11581E+01
 0.30000E-04	 0.30000E-04	-0.33131E-04	 0.12892E+00	 0.10458E+01	 0.59783E+00	-0.21733E+01	-0.20714E+01	 0.12186E+05	 0.10989E+05	 0.45723E+01	 0.10005E+04	 0.21891E+06	 0.13927E-07	 0.44400E+00	-0.90550E+00	 0.00000E+00	-0.11250E+02	 0.11581E+01
 0.30000E-05	 0.30000E-04	-0.33131E-04	 0.12892E+00	 0.58688E+01	 0.16449E+01	-0.41443E+00	 0.52633E+00	 0.13492E+06	 0.11044E+06	 0.45723E+01	 0.10005E+04	 0.21891E+06	 0.43540E-03	 0.44400E+00	-0.90550E+00	 0.00000E+00	-0.11250E+02	 0.11581E+01
