 ##################################################
 #WARNING: these are left-handed Boozer coordinates
 #(similar, but not equal, to PEST)
 ##################################################
  4.700000000000000E-002
          65
          65
           5
 -2.24293E-01 -2.26037E-01 -2.26466E-01 -2.25777E-01 -2.26033E-01 -2.29818E-01 -2.38676E-01 -2.52364E-01 -2.69381E-01 -2.88383E-01 -3.09463E-01 -3.34375E-01 -3.65494E-01 -4.04178E-01 -4.49685E-01 -4.99543E-01 -5.51300E-01 -6.04665E-01 -6.62555E-01 -7.30092E-01 -8.11712E-01 -9.07821E-01 -1.01286E+00 -1.11616E+00 -1.20544E+00 -1.27148E+00 -1.31164E+00 -1.33036E+00 -1.33654E+00 -1.33905E+00 -1.34275E+00 -1.34721E+00 -1.34843E+00 -1.34260E+00 -1.32940E+00 -1.31289E+00 -1.29917E+00 -1.29229E+00 -1.29053E+00 -1.28554E+00 -1.26515E+00 -1.21865E+00 -1.14201E+00 -1.04036E+00 -9.26455E-01 -8.15712E-01 -7.20351E-01 -6.45330E-01 -5.87878E-01 -5.40509E-01 -4.95688E-01 -4.49648E-01 -4.03575E-01 -3.61898E-01 -3.29028E-01 -3.06522E-01 -2.92239E-01 -2.81729E-01 -2.70830E-01 -2.57830E-01 -2.43990E-01 -2.32260E-01 -2.25145E-01 -2.23086E-01 -2.24293E-01
 -2.26415E-01 -2.26782E-01 -2.24531E-01 -2.20525E-01 -2.17422E-01 -2.18116E-01 -2.24174E-01 -2.35271E-01 -2.49926E-01 -2.66981E-01 -2.86786E-01 -3.11226E-01 -3.42529E-01 -3.81628E-01 -4.27261E-01 -4.76579E-01 -5.27083E-01 -5.78774E-01 -6.35057E-01 -7.01513E-01 -7.82850E-01 -8.79499E-01 -9.85743E-01 -1.09062E+00 -1.18150E+00 -1.24869E+00 -1.28896E+00 -1.30625E+00 -1.30924E+00 -1.30725E+00 -1.30640E+00 -1.30805E+00 -1.30998E+00 -1.30930E+00 -1.30506E+00 -1.29898E+00 -1.29380E+00 -1.29031E+00 -1.28497E+00 -1.26992E+00 -1.23578E+00 -1.17598E+00 -1.09043E+00 -9.86595E-01 -8.77145E-01 -7.75284E-01 -6.89945E-01 -6.23141E-01 -5.70584E-01 -5.25022E-01 -4.80398E-01 -4.34692E-01 -3.90173E-01 -3.51257E-01 -3.21459E-01 -3.01216E-01 -2.87749E-01 -2.76802E-01 -2.65092E-01 -2.51944E-01 -2.39221E-01 -2.29723E-01 -2.25149E-01 -2.24898E-01 -2.26415E-01
 -2.25847E-01 -2.24331E-01 -2.18600E-01 -2.10138E-01 -2.02210E-01 -1.98122E-01 -1.99650E-01 -2.06584E-01 -2.17567E-01 -2.31607E-01 -2.49173E-01 -2.72111E-01 -3.02400E-01 -3.40591E-01 -3.85071E-01 -4.32842E-01 -4.81536E-01 -5.31501E-01 -5.86548E-01 -6.52545E-01 -7.34280E-01 -8.32063E-01 -9.39920E-01 -1.04657E+00 -1.13896E+00 -1.20693E+00 -1.24670E+00 -1.26179E+00 -1.26081E+00 -1.25363E+00 -1.24754E+00 -1.24550E+00 -1.24666E+00 -1.24863E+00 -1.24969E+00 -1.24959E+00 -1.24853E+00 -1.24518E+00 -1.23533E+00 -1.21227E+00 -1.16931E+00 -1.10308E+00 -1.01601E+00 -9.16364E-01 -8.15687E-01 -7.24654E-01 -6.49371E-01 -5.89851E-01 -5.41296E-01 -4.97366E-01 -4.53661E-01 -4.09635E-01 -3.68157E-01 -3.33216E-01 -3.07258E-01 -2.89705E-01 -2.77380E-01 -2.66448E-01 -2.54587E-01 -2.42078E-01 -2.31217E-01 -2.24497E-01 -2.22732E-01 -2.24280E-01 -2.25847E-01
 -2.22956E-01 -2.19046E-01 -2.09082E-01 -1.95067E-01 -1.80892E-01 -1.70427E-01 -1.65885E-01 -1.67352E-01 -1.73644E-01 -1.83815E-01 -1.98251E-01 -2.18594E-01 -2.46562E-01 -2.82482E-01 -3.24654E-01 -3.70169E-01 -4.16890E-01 -4.65426E-01 -5.19760E-01 -5.85781E-01 -6.68144E-01 -7.66943E-01 -8.75964E-01 -9.83674E-01 -1.07675E+00 -1.14469E+00 -1.18334E+00 -1.19595E+00 -1.19120E+00 -1.17941E+00 -1.16878E+00 -1.16325E+00 -1.16275E+00 -1.16496E+00 -1.16746E+00 -1.16867E+00 -1.16745E+00 -1.16175E+00 -1.14768E+00 -1.11997E+00 -1.07397E+00 -1.00818E+00 -9.25929E-01 -8.35022E-01 -7.45328E-01 -6.65300E-01 -5.99132E-01 -5.45914E-01 -5.01124E-01 -4.59587E-01 -4.18282E-01 -3.77593E-01 -3.40491E-01 -3.10317E-01 -2.88559E-01 -2.73911E-01 -2.63082E-01 -2.52759E-01 -2.41481E-01 -2.30270E-01 -2.21672E-01 -2.17811E-01 -2.18683E-01 -2.21724E-01 -2.22956E-01
 -2.18748E-01 -2.11962E-01 -1.97125E-01 -1.76647E-01 -1.55046E-01 -1.36908E-01 -1.25084E-01 -1.20101E-01 -1.20943E-01 -1.26559E-01 -1.37044E-01 -1.53712E-01 -1.78065E-01 -2.10419E-01 -2.49271E-01 -2.92011E-01 -3.36753E-01 -3.84187E-01 -4.38155E-01 -5.04244E-01 -5.86774E-01 -6.85582E-01 -7.94338E-01 -9.01497E-01 -9.93745E-01 -1.06052E+00 -1.09758E+00 -1.10809E+00 -1.10076E+00 -1.08614E+00 -1.07276E+00 -1.06488E+00 -1.06250E+00 -1.06309E+00 -1.06373E+00 -1.06241E+00 -1.05786E+00 -1.04851E+00 -1.03150E+00 -1.00290E+00 -9.59199E-01 -8.99363E-01 -8.26272E-01 -7.46465E-01 -6.68128E-01 -5.98198E-01 -5.40007E-01 -4.92644E-01 -4.52298E-01 -4.14790E-01 -3.77906E-01 -3.42307E-01 -3.10663E-01 -2.85655E-01 -2.68115E-01 -2.56414E-01 -2.47405E-01 -2.38301E-01 -2.28285E-01 -2.18842E-01 -2.12591E-01 -2.11304E-01 -2.14317E-01 -2.18324E-01 -2.18748E-01
 -2.14593E-01 -2.04525E-01 -1.84376E-01 -1.56847E-01 -1.27068E-01 -1.00417E-01 -8.05157E-02 -6.84112E-02 -6.32277E-02 -6.36868E-02 -6.94509E-02 -8.14403E-02 -1.01010E-01 -1.28663E-01 -1.63312E-01 -2.02790E-01 -2.45433E-01 -2.91800E-01 -3.45280E-01 -4.10856E-01 -4.92330E-01 -5.89300E-01 -6.95522E-01 -7.99791E-01 -8.89222E-01 -9.53607E-01 -9.88908E-01 -9.98305E-01 -9.90403E-01 -9.75526E-01 -9.61902E-01 -9.53401E-01 -9.49580E-01 -9.47546E-01 -9.44298E-01 -9.38178E-01 -9.28796E-01 -9.15817E-01 -8.97704E-01 -8.71482E-01 -8.33886E-01 -7.83306E-01 -7.21365E-01 -6.53082E-01 -5.85343E-01 -5.24384E-01 -4.73546E-01 -4.32472E-01 -3.98093E-01 -3.66790E-01 -3.36488E-01 -3.07557E-01 -2.82126E-01 -2.62360E-01 -2.48826E-01 -2.39967E-01 -2.32991E-01 -2.25582E-01 -2.17319E-01 -2.09885E-01 -2.05831E-01 -2.06623E-01 -2.11121E-01 -2.15470E-01 -2.14593E-01
 -2.11870E-01 -1.98256E-01 -1.72632E-01 -1.37901E-01 -9.97381E-02 -6.42937E-02 -3.59660E-02 -1.63344E-02 -4.64763E-03  6.40001E-04  3.35167E-04 -6.09154E-03 -1.99143E-02 -4.19291E-02 -7.15820E-02 -1.07194E-01 -1.47270E-01 -1.92075E-01 -2.44305E-01 -3.08115E-01 -3.86665E-01 -4.79351E-01 -5.80263E-01 -6.78945E-01 -7.63430E-01 -8.24314E-01 -8.58025E-01 -8.67766E-01 -8.61720E-01 -8.49453E-01 -8.38250E-01 -8.31046E-01 -8.26700E-01 -8.22061E-01 -8.14465E-01 -8.03203E-01 -7.89271E-01 -7.73822E-01 -7.56485E-01 -7.34762E-01 -7.05031E-01 -6.64612E-01 -6.13728E-01 -5.56136E-01 -4.97986E-01 -4.45441E-01 -4.02299E-01 -3.68846E-01 -3.42469E-01 -3.19581E-01 -2.97706E-01 -2.76577E-01 -2.57741E-01 -2.43070E-01 -2.33211E-01 -2.26983E-01 -2.22077E-01 -2.16576E-01 -2.10272E-01 -2.04849E-01 -2.02704E-01 -2.05038E-01 -2.10378E-01 -2.14482E-01 -2.11870E-01
 -2.11637E-01 -1.94415E-01 -1.63488E-01 -1.21896E-01 -7.57362E-02 -3.17927E-02  4.87293E-03  3.22059E-02  5.08192E-02  6.24610E-02  6.83245E-02  6.82041E-02  6.08739E-02  4.52437E-02  2.13581E-02 -9.55929E-03 -4.61330E-02 -8.82541E-02 -1.37825E-01 -1.98056E-01 -2.71404E-01 -3.57126E-01 -4.49874E-01 -5.40334E-01 -6.17928E-01 -6.74464E-01 -7.07027E-01 -7.18727E-01 -7.16932E-01 -7.09894E-01 -7.03443E-01 -6.99299E-01 -6.95639E-01 -6.89338E-01 -6.78444E-01 -6.63455E-01 -6.46758E-01 -6.30714E-01 -6.15662E-01 -5.99171E-01 -5.77071E-01 -5.45764E-01 -5.04516E-01 -4.56404E-01 -4.07352E-01 -3.63709E-01 -3.29662E-01 -3.05798E-01 -2.89490E-01 -2.76751E-01 -2.64444E-01 -2.51619E-01 -2.39373E-01 -2.29509E-01 -2.22974E-01 -2.19101E-01 -2.16098E-01 -2.12409E-01 -2.07952E-01 -2.04336E-01 -2.03760E-01 -2.07181E-01 -2.12860E-01 -2.16271E-01 -2.11637E-01
 -2.14402E-01 -1.93765E-01 -1.58065E-01 -1.10430E-01 -5.72101E-02 -5.58596E-03  3.89320E-02  7.39162E-02  9.97988E-02  1.18378E-01  1.31059E-01  1.37850E-01  1.37577E-01  1.28956E-01  1.11648E-01  8.65155E-02  5.48386E-02  1.70727E-02 -2.79209E-02 -8.24230E-02 -1.48191E-01 -2.24406E-01 -3.06459E-01 -3.86488E-01 -4.55676E-01 -5.07336E-01 -5.39301E-01 -5.54395E-01 -5.58764E-01 -5.58892E-01 -5.58849E-01 -5.59113E-01 -5.57437E-01 -5.51082E-01 -5.39046E-01 -5.22959E-01 -5.06172E-01 -4.91616E-01 -4.79779E-01 -4.68057E-01 -4.51974E-01 -4.27663E-01 -3.94249E-01 -3.54808E-01 -3.15321E-01 -2.82157E-01 -2.59377E-01 -2.47250E-01 -2.42642E-01 -2.40955E-01 -2.38453E-01 -2.33737E-01 -2.27713E-01 -2.22284E-01 -2.18747E-01 -2.16920E-01 -2.15494E-01 -2.13258E-01 -2.10279E-01 -2.08115E-01 -2.08776E-01 -2.12963E-01 -2.18673E-01 -2.21144E-01 -2.14402E-01
 -2.20067E-01 -1.96476E-01 -1.56869E-01 -1.04410E-01 -4.55010E-02  1.25718E-02  6.41123E-02  1.06445E-01  1.39764E-01  1.65730E-01  1.85747E-01  1.99923E-01  2.07168E-01  2.06146E-01  1.96319E-01  1.78288E-01  1.53228E-01  1.21830E-01  8.35796E-02  3.70187E-02 -1.89758E-02 -8.35648E-02 -1.52989E-01 -2.21021E-01 -2.80817E-01 -3.27343E-01 -3.59154E-01 -3.78586E-01 -3.90234E-01 -3.98537E-01 -4.05732E-01 -4.11247E-01 -4.12769E-01 -4.08272E-01 -3.97761E-01 -3.83665E-01 -3.69632E-01 -3.58422E-01 -3.50167E-01 -3.42088E-01 -3.29940E-01 -3.10474E-01 -2.83568E-01 -2.52839E-01 -2.24332E-01 -2.03935E-01 -1.94828E-01 -1.96265E-01 -2.04239E-01 -2.13566E-01 -2.20239E-01 -2.22830E-01 -2.22356E-01 -2.20917E-01 -2.20076E-01 -2.19992E-01 -2.19738E-01 -2.18461E-01 -2.16460E-01 -2.15333E-01 -2.16935E-01 -2.21686E-01 -2.27292E-01 -2.28776E-01 -2.20067E-01
 -2.28025E-01 -2.02192E-01 -1.59814E-01 -1.04027E-01 -4.10714E-02  2.19467E-02  7.93955E-02  1.28471E-01  1.69085E-01  2.02600E-01  2.30248E-01  2.52147E-01  2.67329E-01  2.74553E-01  2.73219E-01  2.63740E-01  2.47133E-01  2.24175E-01  1.94789E-01  1.58183E-01  1.13771E-01  6.23588E-02  6.81350E-03 -4.83229E-02 -9.82211E-02 -1.39486E-01 -1.71294E-01 -1.95310E-01 -2.14415E-01 -2.30947E-01 -2.45444E-01 -2.56583E-01 -2.62327E-01 -2.61549E-01 -2.55138E-01 -2.45854E-01 -2.36972E-01 -2.30462E-01 -2.25812E-01 -2.20260E-01 -2.10419E-01 -1.94477E-01 -1.73747E-01 -1.52656E-01 -1.37075E-01 -1.31784E-01 -1.38344E-01 -1.54451E-01 -1.75044E-01 -1.94571E-01 -2.09195E-01 -2.17906E-01 -2.22105E-01 -2.24126E-01 -2.25662E-01 -2.27029E-01 -2.27571E-01 -2.26793E-01 -2.25309E-01 -2.24841E-01 -2.27127E-01 -2.32300E-01 -2.37760E-01 -2.38357E-01 -2.28025E-01
 -2.37387E-01 -2.10211E-01 -1.66380E-01 -1.08889E-01 -4.36277E-02  2.27066E-02  8.47310E-02  1.39603E-01  1.86942E-01  2.27738E-01  2.62977E-01  2.92766E-01  3.16299E-01  3.32496E-01  3.40753E-01  3.41286E-01  3.34865E-01  3.22208E-01  3.03509E-01  2.78492E-01  2.47005E-01  2.09769E-01  1.68761E-01  1.26891E-01  8.70808E-02  5.12341E-02  1.97067E-02 -8.39683E-03 -3.42540E-02 -5.82631E-02 -7.95451E-02 -9.63424E-02 -1.07103E-01 -1.11592E-01 -1.11310E-01 -1.08892E-01 -1.06747E-01 -1.05735E-01 -1.04681E-01 -1.01139E-01 -9.30860E-02 -8.06422E-02 -6.68339E-02 -5.68457E-02 -5.60125E-02 -6.74888E-02 -9.07501E-02 -1.21683E-01 -1.54224E-01 -1.82723E-01 -2.03891E-01 -2.17459E-01 -2.25386E-01 -2.30247E-01 -2.33769E-01 -2.36299E-01 -2.37371E-01 -2.36819E-01 -2.35577E-01 -2.35516E-01 -2.38270E-01 -2.43708E-01 -2.48979E-01 -2.48853E-01 -2.37387E-01
 -2.47250E-01 -2.19729E-01 -1.75824E-01 -1.18250E-01 -5.23765E-02  1.56447E-02  8.07657E-02  1.40149E-01  1.93153E-01  2.40439E-01  2.82813E-01  3.20430E-01  3.52679E-01  3.78621E-01  3.97578E-01  4.09459E-01  4.14678E-01  4.13783E-01  4.07140E-01  3.94897E-01  3.77249E-01  3.54778E-01  3.28588E-01  3.00069E-01  2.70435E-01  2.40328E-01  2.09804E-01  1.78756E-01  1.47535E-01  1.17356E-01  9.01516E-02  6.78604E-02  5.15106E-02  4.06465E-02  3.35055E-02  2.79394E-02  2.26075E-02  1.77427E-02  1.49589E-02  1.60767E-02  2.15283E-02  2.92209E-02  3.45944E-02  3.20320E-02  1.70742E-02 -1.15844E-02 -5.12919E-02 -9.62564E-02 -1.39629E-01 -1.75888E-01 -2.02450E-01 -2.19862E-01 -2.30665E-01 -2.37686E-01 -2.42695E-01 -2.46087E-01 -2.47563E-01 -2.47223E-01 -2.46228E-01 -2.46504E-01 -2.49553E-01 -2.55038E-01 -2.59998E-01 -2.59299E-01 -2.47250E-01
 -2.56922E-01 -2.30048E-01 -1.87406E-01 -1.31259E-01 -6.63229E-02  1.84351E-03  6.85145E-02  1.30850E-01  1.88011E-01  2.40481E-01  2.89076E-01  3.34150E-01  3.75324E-01  4.11703E-01  4.42350E-01  4.66682E-01  4.84616E-01  4.96478E-01  5.02789E-01  5.04099E-01  5.00895E-01  4.93569E-01  4.82351E-01  4.67228E-01  4.47935E-01  4.24111E-01  3.95676E-01  3.63261E-01  3.28470E-01  2.93718E-01  2.61612E-01  2.34098E-01  2.11790E-01  1.93867E-01  1.78680E-01  1.64782E-01  1.51846E-01  1.40898E-01  1.33619E-01  1.30985E-01  1.31919E-01  1.32752E-01  1.27949E-01  1.11945E-01  8.13596E-02  3.65895E-02 -1.79972E-02 -7.54071E-02 -1.28346E-01 -1.71512E-01 -2.02897E-01 -2.23649E-01 -2.36746E-01 -2.45271E-01 -2.51185E-01 -2.55096E-01 -2.56954E-01 -2.57050E-01 -2.56577E-01 -2.57316E-01 -2.60546E-01 -2.65802E-01 -2.70228E-01 -2.69026E-01 -2.56922E-01
 -2.66045E-01 -2.40707E-01 -2.00531E-01 -1.47150E-01 -8.45194E-02 -1.76159E-02  4.90729E-02  1.12652E-01  1.72155E-01  2.28096E-01  2.81573E-01  3.33357E-01  3.83355E-01  4.30598E-01  4.73653E-01  5.11206E-01  5.42542E-01  5.67738E-01  5.87522E-01  6.02881E-01  6.14579E-01  6.22752E-01  6.26732E-01  6.25186E-01  6.16568E-01  5.99759E-01  5.74683E-01  5.42648E-01  5.06213E-01  4.68574E-01  4.32659E-01  4.00301E-01  3.71867E-01  3.46535E-01  3.23098E-01  3.00917E-01  2.80467E-01  2.63148E-01  2.50318E-01  2.42009E-01  2.35965E-01  2.27617E-01  2.11214E-01  1.81753E-01  1.36967E-01  7.84893E-02  1.16460E-02 -5.60895E-02 -1.17376E-01 -1.67092E-01 -2.03427E-01 -2.27657E-01 -2.42880E-01 -2.52419E-01 -2.58649E-01 -2.62697E-01 -2.64939E-01 -2.65812E-01 -2.66308E-01 -2.67789E-01 -2.71164E-01 -2.75904E-01 -2.79500E-01 -2.77773E-01 -2.66045E-01
 -2.74594E-01 -2.51500E-01 -2.14797E-01 -1.65329E-01 -1.06198E-01 -4.18235E-02  2.34414E-02  8.65692E-02  1.46507E-01  2.03996E-01  2.60694E-01  3.18028E-01  3.76292E-01  4.34360E-01  4.90098E-01  5.41243E-01  5.86316E-01  6.25133E-01  6.58690E-01  6.88474E-01  7.15516E-01  7.39633E-01  7.59203E-01  7.71602E-01  7.74145E-01  7.65148E-01  7.44681E-01  7.14689E-01  6.78455E-01  6.39600E-01  6.01056E-01  5.64422E-01  5.29944E-01  4.97072E-01  4.65308E-01  4.34872E-01  4.06841E-01  3.82619E-01  3.62954E-01  3.46948E-01  3.31590E-01  3.12142E-01  2.83387E-01  2.41322E-01  1.84694E-01  1.15753E-01  3.98820E-02 -3.57858E-02 -1.04286E-01 -1.60580E-01 -2.02557E-01 -2.31002E-01 -2.48688E-01 -2.59073E-01 -2.65163E-01 -2.68955E-01 -2.71514E-01 -2.73451E-01 -2.75369E-01 -2.77937E-01 -2.81513E-01 -2.85522E-01 -2.87998E-01 -2.85653E-01 -2.74594E-01
 -2.82761E-01 -2.62395E-01 -2.29942E-01 -1.85344E-01 -1.30765E-01 -7.00587E-02 -7.50990E-03  5.36422E-02  1.12252E-01  1.69392E-01  2.27483E-01  2.88826E-01  3.54243E-01  4.22470E-01  4.90581E-01  5.55233E-01  6.14080E-01  6.66647E-01  7.14221E-01  7.58814E-01  8.01706E-01  8.42327E-01  8.78023E-01  9.04859E-01  9.19087E-01  9.18609E-01  9.03777E-01  8.77219E-01  8.42818E-01  8.04376E-01  7.64556E-01  7.24539E-01  6.84425E-01  6.44063E-01  6.03820E-01  5.64860E-01  5.28798E-01  4.96883E-01  4.69131E-01  4.43793E-01  4.17458E-01  3.85783E-01  3.44647E-01  2.91361E-01  2.25567E-01  1.49568E-01  6.79913E-02 -1.31410E-02 -8.76798E-02 -1.50643E-01 -1.99181E-01 -2.32973E-01 -2.53947E-01 -2.65463E-01 -2.71248E-01 -2.74454E-01 -2.77130E-01 -2.80205E-01 -2.83828E-01 -2.87786E-01 -2.91706E-01 -2.94910E-01 -2.96078E-01 -2.93004E-01 -2.82761E-01
 -2.90784E-01 -2.73395E-01 -2.45724E-01 -2.06776E-01 -1.57689E-01 -1.01681E-01 -4.29583E-02  1.49792E-02  7.08272E-02  1.25968E-01  1.83643E-01  2.47169E-01  3.18071E-01  3.95093E-01  4.74602E-01  5.52176E-01  6.24557E-01  6.90920E-01  7.52790E-01  8.12651E-01  8.71972E-01  9.29712E-01  9.82104E-01  1.02386E+00  1.05018E+00  1.05869E+00  1.05016E+00  1.02804E+00  9.96835E-01  9.60407E-01  9.20911E-01  8.78836E-01  8.33927E-01  7.86351E-01  7.37401E-01  6.89326E-01  6.44424E-01  6.03896E-01  5.67090E-01  5.31488E-01  4.93440E-01  4.49251E-01  3.96185E-01  3.33060E-01  2.60391E-01  1.80229E-01  9.59063E-02  1.17334E-02 -6.74196E-02 -1.36781E-01 -1.92572E-01 -2.32909E-01 -2.58355E-01 -2.71785E-01 -2.77512E-01 -2.79965E-01 -2.82437E-01 -2.86421E-01 -2.91733E-01 -2.97242E-01 -3.01705E-01 -3.04213E-01 -3.04056E-01 -3.00185E-01 -2.90784E-01
 -2.98781E-01 -2.84411E-01 -2.61810E-01 -2.29104E-01 -1.86337E-01 -1.35956E-01 -8.19838E-02 -2.81766E-02  2.38964E-02  7.57727E-02  1.31413E-01  1.95173E-01  2.69452E-01  3.53265E-01  4.42526E-01  5.31907E-01  6.17275E-01  6.97378E-01  7.73842E-01  8.49477E-01  9.25815E-01  1.00125E+00  1.07081E+00  1.12780E+00  1.16642E+00  1.18404E+00  1.18208E+00  1.16498E+00  1.13805E+00  1.10518E+00  1.06785E+00  1.02551E+00  9.77154E-01  9.23014E-01  8.65256E-01  8.07398E-01  7.52748E-01  7.02790E-01  6.56411E-01  6.10369E-01  5.60701E-01  5.04286E-01  4.39789E-01  3.67665E-01  2.89455E-01  2.07020E-01  1.22244E-01  3.73504E-02 -4.45546E-02 -1.19320E-01 -1.82392E-01 -2.30155E-01 -2.61369E-01 -2.77909E-01 -2.84285E-01 -2.86082E-01 -2.87991E-01 -2.92381E-01 -2.99035E-01 -3.06047E-01 -3.11254E-01 -3.13343E-01 -3.12040E-01 -3.07394E-01 -2.98781E-01
 -3.06658E-01 -2.95175E-01 -2.77699E-01 -2.51613E-01 -2.15842E-01 -1.71898E-01 -1.23434E-01 -7.43927E-02 -2.67134E-02  2.10559E-02  7.33503E-02  1.35462E-01  2.10784E-01  2.98918E-01  3.95714E-01  4.95255E-01  5.92673E-01  6.86236E-01  7.77485E-01  8.69332E-01  9.63184E-01  1.05674E+00  1.14376E+00  1.21610E+00  1.26693E+00  1.29348E+00  1.29797E+00  1.28610E+00  1.26418E+00  1.23630E+00  1.20308E+00  1.16261E+00  1.11269E+00  1.05320E+00  9.87014E-01  9.19069E-01  8.54075E-01  7.94230E-01  7.38236E-01  6.82126E-01  6.21382E-01  5.53149E-01  4.77334E-01  3.96140E-01  3.12494E-01  2.28472E-01  1.44734E-01  6.12829E-02 -2.10230E-02 -9.92973E-02 -1.68730E-01 -2.24134E-01 -2.62203E-01 -2.83243E-01 -2.91364E-01 -2.92933E-01 -2.94024E-01 -2.98185E-01 -3.05579E-01 -3.13831E-01 -3.19923E-01 -3.21969E-01 -3.19864E-01 -3.14571E-01 -3.06658E-01
 -3.14107E-01 -3.05257E-01 -2.92732E-01 -2.73385E-01 -2.45062E-01 -2.08199E-01 -1.65863E-01 -1.22044E-01 -7.91103E-02 -3.59442E-02  1.20451E-02  7.08727E-02  1.44948E-01  2.34736E-01  3.36459E-01  4.44019E-01  5.52063E-01  6.58397E-01  7.64307E-01  8.72564E-01  9.84222E-01  1.09613E+00  1.20071E+00  1.28832E+00  1.35110E+00  1.38620E+00  1.39676E+00  1.38997E+00  1.37344E+00  1.35161E+00  1.32432E+00  1.28800E+00  1.23884E+00  1.17591E+00  1.10252E+00  1.02504E+00  9.49845E-01  8.80226E-01  8.14957E-01  7.49330E-01  6.78005E-01  5.98028E-01  5.10344E-01  4.19040E-01  3.28911E-01  2.42890E-01  1.60902E-01  8.08037E-02  7.84716E-04 -7.82998E-02 -1.52172E-01 -2.14543E-01 -2.60003E-01 -2.86802E-01 -2.97957E-01 -3.00048E-01 -3.00329E-01 -3.03708E-01 -3.11155E-01 -3.20230E-01 -3.27238E-01 -3.29611E-01 -3.27131E-01 -3.21405E-01 -3.14107E-01
 -3.20704E-01 -3.14152E-01 -3.06191E-01 -2.93391E-01 -2.72653E-01 -2.43283E-01 -2.07570E-01 -1.69370E-01 -1.31446E-01 -9.31848E-02 -5.01432E-02  4.13431E-03  7.49723E-02  1.63857E-01  2.67743E-01  3.80786E-01  4.97480E-01  6.15302E-01  7.35217E-01  8.59656E-01  9.89104E-01  1.11940E+00  1.24152E+00  1.34429E+00  1.41876E+00  1.46199E+00  1.47810E+00  1.47595E+00  1.46471E+00  1.44946E+00  1.42941E+00  1.39932E+00  1.35349E+00  1.28977E+00  1.21151E+00  1.12626E+00  1.04207E+00  9.63478E-01  8.89492E-01  8.14709E-01  7.32824E-01  6.40562E-01  5.39782E-01  4.36610E-01  3.38192E-01  2.48992E-01  1.68797E-01  9.35496E-02  1.84902E-02 -5.82711E-02 -1.33865E-01 -2.01586E-01 -2.54154E-01 -2.87477E-01 -3.02863E-01 -3.06454E-01 -3.06290E-01 -3.08638E-01 -3.15578E-01 -3.25013E-01 -3.32837E-01 -3.35801E-01 -3.33349E-01 -3.27447E-01 -3.20704E-01
 -3.26046E-01 -3.21417E-01 -3.17437E-01 -3.10656E-01 -2.97253E-01 -2.75479E-01 -2.46748E-01 -2.14586E-01 -1.82011E-01 -1.48933E-01 -1.11260E-01 -6.23855E-02  3.71003E-03  8.95053E-02  1.92891E-01  3.08636E-01  4.31464E-01  5.58790E-01  6.91350E-01  8.31164E-01  9.78006E-01  1.12655E+00  1.26621E+00  1.38415E+00  1.47027E+00  1.52140E+00  1.54259E+00  1.54442E+00  1.53781E+00  1.52889E+00  1.51658E+00  1.49425E+00  1.45429E+00  1.39301E+00  1.31331E+00  1.22339E+00  1.13257E+00  1.04648E+00  9.64414E-01  8.80417E-01  7.87336E-01  6.81628E-01  5.66102E-01  4.49066E-01  3.40351E-01  2.46458E-01  1.67566E-01  9.80383E-02  3.01204E-02 -4.12981E-02 -1.15515E-01 -1.86176E-01 -2.44610E-01 -2.84422E-01 -3.04825E-01 -3.10935E-01 -3.11055E-01 -3.12567E-01 -3.18757E-01 -3.28174E-01 -3.36603E-01 -3.40246E-01 -3.38110E-01 -3.32271E-01 -3.26046E-01
 -3.29901E-01 -3.26803E-01 -3.26071E-01 -3.24450E-01 -3.17708E-01 -3.03265E-01 -2.81687E-01 -2.56015E-01 -2.29284E-01 -2.01778E-01 -1.69797E-01 -1.26811E-01 -6.64135E-02  1.46463E-02  1.15184E-01  2.30805E-01  3.56829E-01  4.90995E-01  6.34077E-01  7.87808E-01  9.51222E-01  1.11773E+00  1.27504E+00  1.40851E+00  1.50665E+00  1.56583E+00  1.59178E+00  1.59674E+00  1.59356E+00  1.58978E+00  1.58468E+00  1.57078E+00  1.53884E+00  1.48351E+00  1.40664E+00  1.31627E+00  1.22221E+00  1.13069E+00  1.04123E+00  9.47557E-01  8.42111E-01  7.21447E-01  5.89536E-01  4.56944E-01  3.36253E-01  2.36199E-01  1.57698E-01  9.39275E-02  3.43736E-02 -2.93845E-02 -9.92734E-02 -1.69989E-01 -2.32148E-01 -2.77447E-01 -3.02974E-01 -3.12417E-01 -3.13782E-01 -3.15114E-01 -3.20728E-01 -3.29939E-01 -3.38710E-01 -3.42935E-01 -3.41233E-01 -3.35630E-01 -3.29901E-01
 -3.32291E-01 -3.30342E-01 -3.32026E-01 -3.34446E-01 -3.33297E-01 -3.25518E-01 -3.11002E-01 -2.92222E-01 -2.71953E-01 -2.50558E-01 -2.24595E-01 -1.87732E-01 -1.33502E-01 -5.82457E-02  3.75597E-02  1.50395E-01  2.76473E-01  4.14292E-01  5.65101E-01  7.30646E-01  9.09367E-01  1.09340E+00  1.26863E+00  1.41836E+00  1.52940E+00  1.59725E+00  1.62796E+00  1.63515E+00  1.63368E+00  1.63299E+00  1.63348E+00  1.62763E+00  1.60515E+00  1.55907E+00  1.48962E+00  1.40368E+00  1.31047E+00  1.21607E+00  1.12001E+00  1.01609E+00  8.96975E-01  7.59951E-01  6.10481E-01  4.61358E-01  3.27694E-01  2.20293E-01  1.40924E-01  8.19894E-02  3.07397E-02 -2.42100E-02 -8.74786E-02 -1.55323E-01 -2.18421E-01 -2.67273E-01 -2.97198E-01 -3.10340E-01 -3.13916E-01 -3.16038E-01 -3.21635E-01 -3.30702E-01 -3.39581E-01 -3.44154E-01 -3.42833E-01 -3.37548E-01 -3.32291E-01
 -3.33494E-01 -3.32344E-01 -3.35596E-01 -3.40786E-01 -3.43861E-01 -3.41693E-01 -3.33801E-01 -3.22112E-01 -3.08898E-01 -2.94235E-01 -2.74669E-01 -2.44060E-01 -1.96143E-01 -1.27271E-01 -3.75772E-02  7.01637E-02  1.93226E-01  3.31280E-01  4.86554E-01  6.61273E-01  8.53594E-01  1.05450E+00  1.24795E+00  1.41500E+00  1.54028E+00  1.61793E+00  1.65374E+00  1.66235E+00  1.66062E+00  1.66032E+00  1.66382E+00  1.66459E+00  1.65204E+00  1.61782E+00  1.56005E+00  1.48344E+00  1.39545E+00  1.30107E+00  1.19955E+00  1.08513E+00  9.51436E-01  7.97231E-01  6.29821E-01  4.64091E-01  3.17209E-01  2.01605E-01  1.19813E-01  6.38585E-02  1.94985E-02 -2.68912E-02 -8.22866E-02 -1.44754E-01 -2.05775E-01 -2.55563E-01 -2.88351E-01 -3.04923E-01 -3.11390E-01 -3.15322E-01 -3.21694E-01 -3.30906E-01 -3.39754E-01 -3.44393E-01 -3.43287E-01 -3.38313E-01 -3.33494E-01
 -3.33959E-01 -3.33310E-01 -3.37354E-01 -3.44040E-01 -3.49814E-01 -3.51891E-01 -3.49779E-01 -3.45001E-01 -3.39186E-01 -3.31791E-01 -3.19032E-01 -2.94823E-01 -2.53251E-01 -1.91039E-01 -1.08382E-01 -7.56525E-03  1.09763E-01  2.44736E-01  4.01052E-01  5.81942E-01  7.85722E-01  1.00249E+00  1.21434E+00  1.39981E+00  1.54097E+00  1.62993E+00  1.67159E+00  1.68112E+00  1.67721E+00  1.67435E+00  1.67768E+00  1.68270E+00  1.67945E+00  1.65856E+00  1.61580E+00  1.55283E+00  1.47424E+00  1.38304E+00  1.27782E+00  1.15344E+00  1.00518E+00  8.33909E-01  6.49072E-01  4.67440E-01  3.07670E-01  1.83235E-01  9.72279E-02  4.16623E-02  1.63392E-03 -3.77720E-02 -8.52531E-02 -1.40655E-01 -1.96850E-01 -2.44694E-01 -2.78198E-01 -2.97237E-01 -3.06730E-01 -3.13222E-01 -3.21147E-01 -3.30920E-01 -3.39728E-01 -3.44202E-01 -3.43109E-01 -3.38384E-01 -3.33959E-01
 -3.34166E-01 -3.33799E-01 -3.38008E-01 -3.45063E-01 -3.52034E-01 -3.56795E-01 -3.59208E-01 -3.60639E-01 -3.62092E-01 -3.62211E-01 -3.56595E-01 -3.39008E-01 -3.03881E-01 -2.48511E-01 -1.73487E-01 -8.09066E-02  2.85290E-02  1.57535E-01  3.11624E-01  4.95528E-01  7.08233E-01  9.39352E-01  1.16931E+00  1.37405E+00  1.53269E+00  1.63470E+00  1.68339E+00  1.69383E+00  1.68631E+00  1.67818E+00  1.67802E+00  1.68429E+00  1.68857E+00  1.68108E+00  1.65523E+00  1.60913E+00  1.54364E+00  1.45898E+00  1.35261E+00  1.22001E+00  1.05844E+00  8.71262E-01  6.70263E-01  4.73892E-01  3.01790E-01  1.67950E-01  7.58084E-02  1.76592E-02 -2.12936E-02 -5.62887E-02 -9.69693E-02 -1.44692E-01 -1.94049E-01 -2.37306E-01 -2.69114E-01 -2.89053E-01 -3.01012E-01 -3.10262E-01 -3.20239E-01 -3.30962E-01 -3.39834E-01 -3.44024E-01 -3.42790E-01 -3.38240E-01 -3.34166E-01
 -3.34482E-01 -3.34273E-01 -3.38235E-01 -3.44801E-01 -3.51655E-01 -3.57498E-01 -3.62847E-01 -3.69217E-01 -3.77178E-01 -3.84570E-01 -3.86217E-01 -3.75519E-01 -3.47098E-01 -2.98829E-01 -2.31860E-01 -1.48359E-01 -4.83135E-02  7.24883E-02  2.21507E-01  4.05326E-01  6.24095E-01  8.67442E-01  1.11448E+00  1.33870E+00  1.51602E+00  1.63282E+00  1.69009E+00  1.70217E+00  1.69044E+00  1.67506E+00  1.66843E+00  1.67267E+00  1.68178E+00  1.68627E+00  1.67761E+00  1.65024E+00  1.60085E+00  1.52624E+00  1.42215E+00  1.28437E+00  1.11201E+00  9.11036E-01  6.95598E-01  4.85707E-01  3.01707E-01  1.57803E-01  5.76342E-02 -6.02243E-03 -4.72913E-02 -8.09505E-02 -1.16849E-01 -1.57421E-01 -1.99011E-01 -2.35748E-01 -2.63604E-01 -2.82505E-01 -2.95692E-01 -3.07196E-01 -3.19228E-01 -3.31095E-01 -3.40172E-01 -3.44091E-01 -3.42654E-01 -3.38233E-01 -3.34482E-01
 -3.35065E-01 -3.34993E-01 -3.38530E-01 -3.44090E-01 -3.49829E-01 -3.55279E-01 -3.61790E-01 -3.71343E-01 -3.84402E-01 -3.98225E-01 -4.06889E-01 -4.03278E-01 -3.81962E-01 -3.41204E-01 -2.82668E-01 -2.08738E-01 -1.18953E-01 -7.85944E-03  1.33842E-01  3.14723E-01  5.36469E-01  7.89264E-01  1.05145E+00  1.29438E+00  1.49090E+00  1.62395E+00  1.69167E+00  1.70691E+00  1.69149E+00  1.66802E+00  1.65267E+00  1.65170E+00  1.66227E+00  1.67603E+00  1.68324E+00  1.67509E+00  1.64402E+00  1.58299E+00  1.48536E+00  1.34654E+00  1.16701E+00  9.55014E-01  7.26995E-01  5.04548E-01  3.08749E-01  1.53999E-01  4.41311E-02 -2.75039E-02 -7.40859E-02 -1.09467E-01 -1.43136E-01 -1.78111E-01 -2.12227E-01 -2.41551E-01 -2.63758E-01 -2.79656E-01 -2.92342E-01 -3.04921E-01 -3.18427E-01 -3.31301E-01 -3.40652E-01 -3.44388E-01 -3.42781E-01 -3.38488E-01 -3.35065E-01
 -3.35843E-01 -3.35978E-01 -3.39129E-01 -3.43509E-01 -3.47522E-01 -3.51380E-01 -3.57307E-01 -3.68007E-01 -3.84238E-01 -4.03057E-01 -4.18017E-01 -4.21452E-01 -4.07641E-01 -3.74910E-01 -3.25212E-01 -2.61136E-01 -1.81990E-01 -8.14393E-02  5.13430E-02  2.26804E-01  4.48370E-01  7.07258E-01  9.81677E-01  1.24148E+00  1.45676E+00  1.60705E+00  1.68721E+00  1.70789E+00  1.69054E+00  1.65945E+00  1.63420E+00  1.62530E+00  1.63365E+00  1.65303E+00  1.67349E+00  1.68377E+00  1.67244E+00  1.62834E+00  1.54176E+00  1.40677E+00  1.22434E+00  1.00446E+00  7.65649E-01  5.31271E-01  3.23442E-01  1.57036E-01  3.61998E-02 -4.51562E-02 -9.92898E-02 -1.39018E-01 -1.73154E-01 -2.04827E-01 -2.32892E-01 -2.55076E-01 -2.70787E-01 -2.82057E-01 -2.92360E-01 -3.04367E-01 -3.18240E-01 -3.31593E-01 -3.41108E-01 -3.44729E-01 -3.43030E-01 -3.38903E-01 -3.35843E-01
 -3.36581E-01 -3.37052E-01 -3.40012E-01 -3.43326E-01 -3.45388E-01 -3.46843E-01 -3.50695E-01 -3.60519E-01 -3.77738E-01 -3.99669E-01 -4.19700E-01 -4.29742E-01 -4.23620E-01 -3.99387E-01 -3.58940E-01 -3.04910E-01 -2.36491E-01 -1.46816E-01 -2.39768E-02  1.44033E-01  3.62361E-01  6.23621E-01  9.06559E-01  1.18030E+00  1.41289E+00  1.58073E+00  1.67525E+00  1.70424E+00  1.68778E+00  1.65084E+00  1.61571E+00  1.59688E+00  1.59944E+00  1.62029E+00  1.65047E+00  1.67739E+00  1.68633E+00  1.66204E+00  1.59101E+00  1.46493E+00  1.28414E+00  1.05961E+00  8.11751E-01  5.65901E-01  3.45721E-01  1.67017E-01  3.44654E-02 -5.75431E-02 -1.20586E-01 -1.66627E-01 -2.03733E-01 -2.34768E-01 -2.59044E-01 -2.75415E-01 -2.84757E-01 -2.90429E-01 -2.96702E-01 -3.06364E-01 -3.19168E-01 -3.32120E-01 -3.41432E-01 -3.44885E-01 -3.43139E-01 -3.39220E-01 -3.36581E-01
 -3.36992E-01 -3.37947E-01 -3.40986E-01 -3.43531E-01 -3.43743E-01 -3.42422E-01 -3.43159E-01 -3.50407E-01 -3.66508E-01 -3.89457E-01 -4.12908E-01 -4.28606E-01 -4.29928E-01 -4.14405E-01 -3.83529E-01 -3.39705E-01 -2.81986E-01 -2.03238E-01 -9.09271E-02  6.80613E-02  2.80380E-01  5.40214E-01  8.27444E-01  1.11136E+00  1.35882E+00  1.54372E+00  1.65415E+00  1.69452E+00  1.68253E+00  1.64264E+00  1.59878E+00  1.56898E+00  1.56271E+00  1.58083E+00  1.61671E+00  1.65765E+00  1.68652E+00  1.68407E+00  1.63248E+00  1.52001E+00  1.34530E+00  1.11945E+00  8.64440E-01  6.07797E-01  3.75228E-01  1.83980E-01  3.95125E-02 -6.33846E-02 -1.35933E-01 -1.89574E-01 -2.31733E-01 -2.64771E-01 -2.87926E-01 -3.00567E-01 -3.04575E-01 -3.04519E-01 -3.05700E-01 -3.11500E-01 -3.21758E-01 -3.33211E-01 -3.41695E-01 -3.44724E-01 -3.42869E-01 -3.39160E-01 -3.36992E-01
 -3.36874E-01 -3.38429E-01 -3.41799E-01 -3.43939E-01 -3.42629E-01 -3.38584E-01 -3.35733E-01 -3.39280E-01 -3.52554E-01 -3.74510E-01 -3.99463E-01 -4.19356E-01 -4.27295E-01 -4.20229E-01 -3.98992E-01 -3.65474E-01 -3.18431E-01 -2.50568E-01 -1.49092E-01 -2.62037E-04  2.03712E-01  4.58564E-01  7.45741E-01  1.03553E+00  1.29461E+00  1.49523E+00  1.62246E+00  1.67704E+00  1.67341E+00  1.63421E+00  1.58385E+00  1.54309E+00  1.52578E+00  1.53741E+00  1.57480E+00  1.62648E+00  1.67387E+00  1.69410E+00  1.66476E+00  1.56987E+00  1.40538E+00  1.18171E+00  9.21967E-01  6.55891E-01  4.11570E-01  2.08101E-01  5.19900E-02 -6.15926E-02 -1.43761E-01 -2.05749E-01 -2.54524E-01 -2.91849E-01 -3.16509E-01 -3.27839E-01 -3.28228E-01 -3.23162E-01 -3.18999E-01 -3.19996E-01 -3.26492E-01 -3.35328E-01 -3.42177E-01 -3.44317E-01 -3.42137E-01 -3.38562E-01 -3.36874E-01
 -3.36198E-01 -3.38390E-01 -3.42259E-01 -3.44320E-01 -3.41929E-01 -3.35558E-01 -3.29228E-01 -3.28648E-01 -3.38013E-01 -3.57318E-01 -3.81821E-01 -4.04046E-01 -4.17166E-01 -4.17703E-01 -4.05764E-01 -3.82485E-01 -3.46101E-01 -2.89096E-01 -1.98620E-01 -6.07175E-02  1.33106E-01  3.79925E-01  6.62968E-01  9.54184E-01  1.22107E+00  1.43518E+00  1.57918E+00  1.65013E+00  1.65851E+00  1.62401E+00  1.57021E+00  1.51967E+00  1.49019E+00  1.49225E+00  1.52711E+00  1.58568E+00  1.64902E+00  1.69131E+00  1.68562E+00  1.61132E+00  1.46088E+00  1.24323E+00  9.82017E-01  7.08907E-01  4.54405E-01  2.39683E-01  7.25270E-02 -5.13925E-02 -1.43131E-01 -2.13884E-01 -2.70322E-01 -3.13639E-01 -3.42001E-01 -3.54363E-01 -3.53191E-01 -3.44528E-01 -3.35607E-01 -3.31618E-01 -3.33639E-01 -3.38938E-01 -3.43309E-01 -3.43947E-01 -3.41081E-01 -3.37465E-01 -3.36198E-01
 -3.35124E-01 -3.37887E-01 -3.42296E-01 -3.44499E-01 -3.41481E-01 -3.33409E-01 -3.24190E-01 -3.19735E-01 -3.24822E-01 -3.40363E-01 -3.62670E-01 -3.85177E-01 -4.01548E-01 -4.08221E-01 -4.04705E-01 -3.91293E-01 -3.65467E-01 -3.19310E-01 -2.39932E-01 -1.13432E-01  6.89777E-02  3.05376E-01  5.80750E-01  8.69142E-01  1.13968E+00  1.36423E+00  1.52386E+00  1.61228E+00  1.63565E+00  1.60983E+00  1.55631E+00  1.49825E+00  1.45672E+00  1.44711E+00  1.47567E+00  1.53677E+00  1.61230E+00  1.67448E+00  1.69236E+00  1.64064E+00  1.50779E+00  1.30048E+00  1.04204E+00  7.65462E-01  5.03336E-01  2.78916E-01  1.01488E-01 -3.24941E-02 -1.33825E-01 -2.13609E-01 -2.78301E-01 -3.28654E-01 -3.62259E-01 -3.77586E-01 -3.76906E-01 -3.66465E-01 -3.54061E-01 -3.45652E-01 -3.43106E-01 -3.44331E-01 -3.45523E-01 -3.44029E-01 -3.40032E-01 -3.36113E-01 -3.35124E-01
 -3.33942E-01 -3.37108E-01 -3.41969E-01 -3.44411E-01 -3.41159E-01 -3.32096E-01 -3.20876E-01 -3.13311E-01 -3.14397E-01 -3.25675E-01 -3.44452E-01 -3.65280E-01 -3.82715E-01 -3.93560E-01 -3.97043E-01 -3.92685E-01 -3.77077E-01 -3.41678E-01 -2.73434E-01 -1.58592E-01  1.16126E-02  2.35882E-01  5.00738E-01  7.82462E-01  1.05240E+00  1.28363E+00  1.45659E+00  1.56229E+00  1.60269E+00  1.58915E+00  1.54002E+00  1.47774E+00  1.42554E+00  1.40318E+00  1.42212E+00  1.48104E+00  1.56395E+00  1.64240E+00  1.68241E+00  1.65432E+00  1.54235E+00  1.35008E+00  1.09953E+00  8.24011E-01  5.57621E-01  3.25503E-01  1.38659E-01 -5.24667E-03 -1.16321E-01 -2.05327E-01 -2.78495E-01 -3.36307E-01 -3.75993E-01 -3.95632E-01 -3.97202E-01 -3.86875E-01 -3.72650E-01 -3.60965E-01 -3.54357E-01 -3.51455E-01 -3.49073E-01 -3.44955E-01 -3.39404E-01 -3.34874E-01 -3.33942E-01
 -3.32953E-01 -3.36274E-01 -3.41408E-01 -3.44083E-01 -3.40890E-01 -3.31502E-01 -3.19247E-01 -3.09597E-01 -3.07405E-01 -3.14490E-01 -3.28946E-01 -3.46484E-01 -3.62849E-01 -3.75642E-01 -3.84229E-01 -3.87606E-01 -3.81482E-01 -3.56531E-01 -2.99339E-01 -1.96251E-01 -3.86935E-02  1.72307E-01  4.24462E-01  6.96181E-01  9.61348E-01  1.19499E+00  1.37794E+00  1.49944E+00  1.55771E+00  1.55948E+00  1.51900E+00  1.45662E+00  1.39631E+00  1.36125E+00  1.36786E+00  1.41983E+00  1.50459E+00  1.59458E+00  1.65410E+00  1.64984E+00  1.56165E+00  1.38922E+00  1.15206E+00  8.82683E-01  6.15841E-01  3.78301E-01  1.82990E-01  2.92901E-02 -9.16750E-02 -1.89970E-01 -2.71531E-01 -3.36742E-01 -3.82748E-01 -4.07454E-01 -4.12573E-01 -4.04015E-01 -3.89672E-01 -3.76141E-01 -3.66422E-01 -3.59824E-01 -3.53889E-01 -3.46933E-01 -3.39532E-01 -3.34099E-01 -3.32953E-01
 -3.32339E-01 -3.35535E-01 -3.40723E-01 -3.43567E-01 -3.40626E-01 -3.31435E-01 -3.18983E-01 -3.08257E-01 -3.03702E-01 -3.07082E-01 -3.16995E-01 -3.30190E-01 -3.43705E-01 -3.56261E-01 -3.67778E-01 -3.77096E-01 -3.79239E-01 -3.64065E-01 -3.17647E-01 -2.26279E-01 -8.16077E-02  1.15364E-01  3.53158E-01  6.12036E-01  8.68471E-01  1.10000E+00  1.28881E+00  1.42347E+00  1.49933E+00  1.51865E+00  1.49092E+00  1.43310E+00  1.36825E+00  1.32162E+00  1.31406E+00  1.35466E+00  1.43553E+00  1.53171E+00  1.60730E+00  1.62625E+00  1.56406E+00  1.41582E+00  1.19734E+00  9.39088E-01  6.75661E-01  4.35122E-01  2.32509E-01  6.94026E-02 -6.13291E-02 -1.68711E-01 -2.58305E-01 -3.30540E-01 -3.82722E-01 -4.12787E-01 -4.22253E-01 -4.16685E-01 -4.03659E-01 -3.89688E-01 -3.78027E-01 -3.68550E-01 -3.59511E-01 -3.49855E-01 -3.40523E-01 -3.33976E-01 -3.32339E-01
 -3.32072E-01 -3.34878E-01 -3.39919E-01 -3.42863E-01 -3.40285E-01 -3.31621E-01 -3.19541E-01 -3.08518E-01 -3.02458E-01 -3.02845E-01 -3.08491E-01 -3.16934E-01 -3.26407E-01 -3.36868E-01 -3.49116E-01 -3.62256E-01 -3.70972E-01 -3.64474E-01 -3.28274E-01 -2.48470E-01 -1.16841E-01  6.55190E-02  2.87635E-01  5.31266E-01  7.75348E-01  1.00025E+00  1.19036E+00  1.33472E+00  1.42686E+00  1.46505E+00  1.45372E+00  1.40522E+00  1.34008E+00  1.28409E+00  1.26164E+00  1.28732E+00  1.35901E+00  1.45595E+00  1.54361E+00  1.58426E+00  1.54925E+00  1.42847E+00  1.23301E+00  9.90240E-01  7.33815E-01  4.92800E-01  2.84456E-01  1.12902E-01 -2.68998E-02 -1.42721E-01 -2.39709E-01 -3.18431E-01 -3.76484E-01 -4.11931E-01 -4.26132E-01 -4.24278E-01 -4.13552E-01 -4.00271E-01 -3.87816E-01 -3.76491E-01 -3.65143E-01 -3.53270E-01 -3.42177E-01 -3.34430E-01 -3.32072E-01
 -3.31892E-01 -3.34105E-01 -3.38856E-01 -3.41859E-01 -3.39701E-01 -3.31708E-01 -3.20259E-01 -3.09368E-01 -3.02431E-01 -3.00564E-01 -3.02571E-01 -3.06465E-01 -3.11393E-01 -3.18457E-01 -3.29491E-01 -3.44235E-01 -3.57484E-01 -3.58144E-01 -3.31290E-01 -2.62750E-01 -1.44300E-01  2.29019E-02  2.28202E-01  4.54542E-01  6.83095E-01  8.97191E-01  1.08402E+00  1.23415E+00  1.34038E+00  1.39777E+00  1.40563E+00  1.37088E+00  1.31004E+00  1.24784E+00  1.21112E+00  1.21974E+00  1.27801E+00  1.37071E+00  1.46616E+00  1.52599E+00  1.51786E+00  1.42619E+00  1.25663E+00  1.03266E+00  7.86366E-01  5.47528E-01  3.35609E-01  1.57376E-01  9.98692E-03 -1.13049E-01 -2.16498E-01 -3.01093E-01 -3.64708E-01 -4.05478E-01 -4.24546E-01 -4.26708E-01 -4.18782E-01 -4.06921E-01 -3.94613E-01 -3.82488E-01 -3.69810E-01 -3.56459E-01 -3.43998E-01 -3.35117E-01 -3.31892E-01
 -3.31375E-01 -3.32877E-01 -3.37263E-01 -3.40325E-01 -3.38617E-01 -3.31300E-01 -3.20479E-01 -3.09815E-01 -3.02329E-01 -2.98830E-01 -2.97995E-01 -2.98006E-01 -2.98550E-01 -3.01581E-01 -3.09932E-01 -3.24233E-01 -3.39847E-01 -3.45841E-01 -3.27155E-01 -2.69402E-01 -1.64236E-01 -1.27542E-02  1.74691E-01  3.82026E-01  5.92419E-01  7.92108E-01  9.71439E-01  1.12329E+00  1.24077E+00  1.31656E+00  1.34525E+00  1.32786E+00  1.27582E+00  1.21133E+00  1.16242E+00  1.15358E+00  1.19573E+00  1.28002E+00  1.37885E+00  1.45432E+00  1.47108E+00  1.40824E+00  1.26574E+00  1.06270E+00  8.29198E-01  5.95382E-01  3.82707E-01  2.00434E-01  4.77671E-02 -8.06561E-02 -1.89316E-01 -2.79096E-01 -3.48009E-01 -3.94068E-01 -4.18034E-01 -4.24258E-01 -4.19264E-01 -4.09168E-01 -3.97648E-01 -3.85615E-01 -3.72585E-01 -3.58598E-01 -3.45311E-01 -3.35502E-01 -3.31375E-01
 -3.30059E-01 -3.30817E-01 -3.34815E-01 -3.37962E-01 -3.36724E-01 -3.30025E-01 -3.19683E-01 -3.09113E-01 -3.01150E-01 -2.96450E-01 -2.93558E-01 -2.90611E-01 -2.87440E-01 -2.86457E-01 -2.91275E-01 -3.03501E-01 -3.19432E-01 -3.28808E-01 -3.16867E-01 -2.69214E-01 -1.77339E-01 -4.21051E-02  1.26562E-01  3.13531E-01  5.03763E-01  6.86222E-01  8.54478E-01  1.00417E+00  1.12953E+00  1.22182E+00  1.27154E+00  1.27393E+00  1.23466E+00  1.17227E+00  1.11462E+00  1.08977E+00  1.11482E+00  1.18762E+00  1.28548E+00  1.37211E+00  1.41012E+00  1.37396E+00  1.25807E+00  1.07705E+00  8.58621E-01  6.32871E-01  4.22831E-01  2.39870E-01  8.48994E-02 -4.65712E-02 -1.58866E-01 -2.52988E-01 -3.26905E-01 -3.78241E-01 -4.07145E-01 -4.17412E-01 -4.15314E-01 -4.07072E-01 -3.96682E-01 -3.85371E-01 -3.72796E-01 -3.58964E-01 -3.45442E-01 -3.35014E-01 -3.30059E-01
 -3.27589E-01 -3.27632E-01 -3.31235E-01 -3.34482E-01 -3.33732E-01 -3.27604E-01 -3.17593E-01 -3.06923E-01 -2.98405E-01 -2.92736E-01 -2.88434E-01 -2.83487E-01 -2.77566E-01 -2.73120E-01 -2.74198E-01 -2.83287E-01 -2.97838E-01 -3.08715E-01 -3.01954E-01 -2.63494E-01 -1.84730E-01 -6.61255E-02  8.30442E-02  2.48685E-01  4.17433E-01  5.80704E-01  7.35086E-01  8.79095E-01  1.00863E+00  1.11443E+00  1.18386E+00  1.20695E+00  1.18355E+00  1.12772E+00  1.06581E+00  1.02804E+00  1.03670E+00  1.09607E+00  1.18889E+00  1.28157E+00  1.33594E+00  1.32287E+00  1.23191E+00  1.07324E+00  8.71892E-01  6.57354E-01  4.53635E-01  2.73693E-01  1.19741E-01 -1.21042E-02 -1.26142E-01 -2.23481E-01 -3.01908E-01 -3.58430E-01 -3.92341E-01 -4.06710E-01 -4.07507E-01 -4.01125E-01 -3.91997E-01 -3.81746E-01 -3.70161E-01 -3.57102E-01 -3.43893E-01 -3.33210E-01 -3.27589E-01
 -3.23828E-01 -3.23209E-01 -3.26386E-01 -3.29705E-01 -3.29458E-01 -3.23923E-01 -3.14210E-01 -3.03335E-01 -2.94166E-01 -2.87615E-01 -2.82337E-01 -2.76211E-01 -2.68573E-01 -2.61555E-01 -2.59244E-01 -2.64752E-01 -2.76719E-01 -2.87461E-01 -2.84304E-01 -2.53941E-01 -1.87853E-01 -8.60018E-02  4.32539E-02  1.87056E-01  3.33659E-01  4.76610E-01  6.15105E-01  7.50337E-01  8.80155E-01  9.95582E-01  1.08199E+00  1.12517E+00  1.11960E+00  1.07440E+00  1.01318E+00  9.66728E-01  9.61086E-01  1.00619E+00  1.09045E+00  1.18395E+00  1.24922E+00  1.25489E+00  1.18650E+00  1.05003E+00  8.67508E-01  6.67180E-01  4.73355E-01  3.00037E-01  1.50403E-01  2.09791E-02 -9.26120E-02 -1.91639E-01 -2.73691E-01 -3.35062E-01 -3.74009E-01 -3.92662E-01 -3.96516E-01 -3.92069E-01 -3.84241E-01 -3.75155E-01 -3.64810E-01 -3.52918E-01 -3.40468E-01 -3.29902E-01 -3.23828E-01
 -3.18887E-01 -3.17648E-01 -3.20315E-01 -3.23617E-01 -3.23877E-01 -3.19047E-01 -3.09771E-01 -2.98762E-01 -2.88932E-01 -2.81509E-01 -2.75480E-01 -2.68762E-01 -2.60335E-01 -2.51772E-01 -2.46811E-01 -2.48838E-01 -2.57549E-01 -2.66889E-01 -2.65879E-01 -2.42412E-01 -1.88317E-01 -1.03026E-01  6.25897E-03  1.28150E-01  2.52520E-01  3.74715E-01  4.96002E-01  6.19834E-01  7.46057E-01  8.66661E-01  9.66184E-01  1.02747E+00  1.04038E+00  1.00904E+00  9.53311E-01  9.02900E-01  8.85938E-01  9.16996E-01  9.90032E-01  1.07969E+00  1.15061E+00  1.17063E+00  1.12223E+00  1.00752E+00  8.45163E-01  6.61542E-01  4.80623E-01  3.17020E-01  1.74663E-01  5.04092E-02 -6.02820E-02 -1.58981E-01 -2.43241E-01 -3.08719E-01 -3.52561E-01 -3.75728E-01 -3.82965E-01 -3.80668E-01 -3.74188E-01 -3.66238E-01 -3.57176E-01 -3.46652E-01 -3.35295E-01 -3.25192E-01 -3.18887E-01
 -3.13068E-01 -3.11219E-01 -3.13236E-01 -3.16373E-01 -3.17131E-01 -3.13185E-01 -3.04635E-01 -2.93744E-01 -2.83361E-01 -2.75071E-01 -2.68362E-01 -2.61401E-01 -2.52912E-01 -2.43790E-01 -2.37104E-01 -2.36136E-01 -2.41397E-01 -2.48490E-01 -2.48420E-01 -2.30677E-01 -1.87731E-01 -1.18531E-01 -2.89476E-02  7.13213E-02  1.73787E-01  2.75283E-01  3.78585E-01  4.88884E-01  6.07893E-01  7.29075E-01  8.37230E-01  9.13567E-01  9.44347E-01  9.28912E-01  8.82674E-01  8.32823E-01  8.07972E-01  8.26135E-01  8.86492E-01  9.68834E-01  1.04108E+00  1.07158E+00  1.04068E+00  9.46922E-01  8.05393E-01  6.40105E-01  4.74199E-01  3.22631E-01  1.90016E-01  7.35430E-02 -3.15812E-02 -1.27466E-01 -2.11947E-01 -2.80287E-01 -3.28555E-01 -3.56352E-01 -3.67339E-01 -3.67505E-01 -3.62487E-01 -3.55633E-01 -3.47814E-01 -3.38757E-01 -3.28745E-01 -3.19407E-01 -3.13068E-01
 -3.06735E-01 -3.04250E-01 -3.05449E-01 -3.08246E-01 -3.09475E-01 -3.06606E-01 -2.99131E-01 -2.88707E-01 -2.77977E-01 -2.68862E-01 -2.61479E-01 -2.54459E-01 -2.46425E-01 -2.37572E-01 -2.30084E-01 -2.26805E-01 -2.28787E-01 -2.33212E-01 -2.33234E-01 -2.20240E-01 -1.87607E-01 -1.33893E-01 -6.35382E-02  1.56090E-02  9.67220E-02  1.77865E-01  2.62822E-01  3.57986E-01  4.66700E-01  5.84203E-01  6.96428E-01  7.84134E-01  8.31037E-01  8.32183E-01  7.98201E-01  7.52724E-01  7.23489E-01  7.30785E-01  7.78450E-01  8.51599E-01  9.22210E-01  9.60076E-01  9.44253E-01  8.70060E-01  7.49035E-01  6.02571E-01  4.52752E-01  3.14756E-01  1.93888E-01  8.76657E-02 -9.08850E-03 -9.93311E-02 -1.81577E-01 -2.51031E-01 -3.02809E-01 -3.35026E-01 -3.49959E-01 -3.52869E-01 -3.49483E-01 -3.43765E-01 -3.37201E-01 -3.29714E-01 -3.21271E-01 -3.12950E-01 -3.06735E-01
 -3.00155E-01 -2.97000E-01 -2.97230E-01 -2.99527E-01 -3.01183E-01 -2.99530E-01 -2.93417E-01 -2.83782E-01 -2.72942E-01 -2.63102E-01 -2.55082E-01 -2.48130E-01 -2.40911E-01 -2.32963E-01 -2.25462E-01 -2.20588E-01 -2.19700E-01 -2.21440E-01 -2.21154E-01 -2.12300E-01 -1.89351E-01 -1.50578E-01 -9.89568E-02 -4.03955E-02  1.99608E-02  8.12316E-02  1.47821E-01  2.26859E-01  3.23008E-01  4.33361E-01  5.45532E-01  6.40750E-01  7.01165E-01  7.18212E-01  6.97839E-01  6.59595E-01  6.29360E-01  6.28625E-01  6.65079E-01  7.28859E-01  7.96217E-01  8.38991E-01  8.35598E-01  7.78731E-01  6.76694E-01  5.48387E-01  4.14831E-01  2.91390E-01  1.84001E-01  9.04048E-02  4.83628E-03 -7.68221E-02 -1.54133E-01 -2.22562E-01 -2.76441E-01 -3.12366E-01 -3.31048E-01 -3.36780E-01 -3.35186E-01 -3.30757E-01 -3.25604E-01 -3.19877E-01 -3.13228E-01 -3.06136E-01 -3.00155E-01
 -2.93382E-01 -2.89550E-01 -2.88738E-01 -2.90441E-01 -2.92463E-01 -2.92044E-01 -2.87409E-01 -2.78742E-01 -2.67983E-01 -2.57583E-01 -2.49071E-01 -2.42364E-01 -2.36253E-01 -2.29666E-01 -2.22756E-01 -2.16943E-01 -2.13752E-01 -2.13168E-01 -2.12678E-01 -2.07850E-01 -1.94342E-01 -1.70205E-01 -1.36971E-01 -9.85683E-02 -5.84392E-02 -1.64942E-02  3.20446E-02  9.46708E-02  1.77005E-01  2.77824E-01  3.86625E-01  4.85691E-01  5.56462E-01  5.87603E-01  5.80910E-01  5.51842E-01  5.23837E-01  5.18600E-01  5.46614E-01  6.02234E-01  6.65692E-01  7.11123E-01  7.16976E-01  6.74147E-01  5.88438E-01  4.76720E-01  3.59103E-01  2.51027E-01  1.58817E-01  8.01538E-02  8.41776E-03 -6.19044E-02 -1.31640E-01 -1.96711E-01 -2.50824E-01 -2.89154E-01 -3.10842E-01 -3.19128E-01 -3.19388E-01 -3.16492E-01 -3.13053E-01 -3.09373E-01 -3.04753E-01 -2.99052E-01 -2.93382E-01
 -2.86221E-01 -2.81775E-01 -2.79975E-01 -2.81083E-01 -2.83394E-01 -2.84079E-01 -2.80803E-01 -2.73081E-01 -2.62515E-01 -2.51789E-01 -2.43078E-01 -2.36918E-01 -2.32213E-01 -2.27325E-01 -2.21450E-01 -2.15287E-01 -2.10498E-01 -2.08314E-01 -2.08244E-01 -2.07878E-01 -2.04031E-01 -1.94569E-01 -1.79608E-01 -1.61095E-01 -1.40737E-01 -1.17471E-01 -8.62679E-02 -3.95638E-02  2.87960E-02  1.18889E-01  2.21957E-01  3.21631E-01  3.99371E-01  4.42054E-01  4.48205E-01  4.29599E-01  4.06946E-01  4.01217E-01  4.24374E-01  4.73791E-01  5.33010E-01  5.78557E-01  5.89690E-01  5.56655E-01  4.83844E-01  3.86784E-01  2.84813E-01  1.93137E-01  1.17947E-01  5.63929E-02  7.30521E-04 -5.60126E-02 -1.15898E-01 -1.75317E-01 -2.27482E-01 -2.66362E-01 -2.89745E-01 -2.99908E-01 -3.01912E-01 -3.00802E-01 -2.99451E-01 -2.98136E-01 -2.95736E-01 -2.91519E-01 -2.86221E-01
 -2.78301E-01 -2.73404E-01 -2.70819E-01 -2.71442E-01 -2.73952E-01 -2.75461E-01 -2.73213E-01 -2.66234E-01 -2.55918E-01 -2.45178E-01 -2.36722E-01 -2.31549E-01 -2.28590E-01 -2.25684E-01 -2.21210E-01 -2.15290E-01 -2.09782E-01 -2.07079E-01 -2.08531E-01 -2.13552E-01 -2.20005E-01 -2.25552E-01 -2.28933E-01 -2.30126E-01 -2.29051E-01 -2.23607E-01 -2.08549E-01 -1.76506E-01 -1.21276E-01 -4.20468E-02  5.37970E-02  1.51330E-01  2.32695E-01  2.84063E-01  3.01791E-01  2.94613E-01  2.80355E-01  2.78260E-01  3.00285E-01  3.45399E-01  3.99664E-01  4.42133E-01  4.53868E-01  4.25884E-01  3.62446E-01  2.78434E-01  1.92365E-01  1.18601E-01  6.24080E-02  1.98211E-02 -1.82011E-02 -5.99072E-02 -1.08282E-01 -1.60014E-01 -2.07927E-01 -2.45130E-01 -2.68455E-01 -2.79469E-01 -2.82901E-01 -2.83727E-01 -2.84765E-01 -2.86026E-01 -2.85909E-01 -2.83172E-01 -2.78301E-01
 -2.69243E-01 -2.64165E-01 -2.61138E-01 -2.61475E-01 -2.64086E-01 -2.66048E-01 -2.64376E-01 -2.57866E-01 -2.47874E-01 -2.37535E-01 -2.29919E-01 -2.26272E-01 -2.25439E-01 -2.24796E-01 -2.22108E-01 -2.17135E-01 -2.12019E-01 -2.10209E-01 -2.14649E-01 -2.26309E-01 -2.43926E-01 -2.64921E-01 -2.86706E-01 -3.07311E-01 -3.24809E-01 -3.35970E-01 -3.35354E-01 -3.16050E-01 -2.72358E-01 -2.03399E-01 -1.15657E-01 -2.25888E-02  5.92928E-02  1.16578E-01  1.44614E-01  1.49758E-01  1.46752E-01  1.52053E-01  1.76072E-01  2.17990E-01  2.65742E-01  3.01284E-01  3.08695E-01  2.81299E-01  2.24457E-01  1.52859E-01  8.38203E-02  2.99487E-02 -5.36340E-03 -2.77386E-02 -4.74824E-02 -7.36533E-02 -1.09609E-01 -1.52039E-01 -1.93502E-01 -2.26700E-01 -2.48031E-01 -2.58679E-01 -2.63040E-01 -2.65756E-01 -2.69242E-01 -2.73027E-01 -2.75023E-01 -2.73632E-01 -2.69243E-01
 -2.58869E-01 -2.53963E-01 -2.50934E-01 -2.51235E-01 -2.53853E-01 -2.55888E-01 -2.54364E-01 -2.48130E-01 -2.38660E-01 -2.29261E-01 -2.23148E-01 -2.21591E-01 -2.23260E-01 -2.25187E-01 -2.24772E-01 -2.21648E-01 -2.18293E-01 -2.19050E-01 -2.28132E-01 -2.47748E-01 -2.77318E-01 -3.14003E-01 -3.53955E-01 -3.93302E-01 -4.28232E-01 -4.54314E-01 -4.65963E-01 -4.57037E-01 -4.22919E-01 -3.63327E-01 -2.84286E-01 -1.97709E-01 -1.18075E-01 -5.72875E-02 -1.99727E-02 -1.65350E-03  8.98831E-03  2.45291E-02  5.24347E-02  9.10162E-02  1.29813E-01  1.54358E-01  1.53091E-01  1.23047E-01  7.15556E-02  1.31321E-02 -3.68670E-02 -6.87011E-02 -8.17572E-02 -8.36333E-02 -8.55650E-02 -9.66990E-02 -1.20079E-01 -1.52096E-01 -1.85235E-01 -2.12315E-01 -2.29853E-01 -2.38953E-01 -2.43636E-01 -2.47930E-01 -2.53549E-01 -2.59418E-01 -2.63057E-01 -2.62726E-01 -2.58869E-01
 -2.47376E-01 -2.43030E-01 -2.40464E-01 -2.40989E-01 -2.43544E-01 -2.45359E-01 -2.43729E-01 -2.37805E-01 -2.29267E-01 -2.21470E-01 -2.17538E-01 -2.18574E-01 -2.23065E-01 -2.27892E-01 -2.30377E-01 -2.30221E-01 -2.30216E-01 -2.35329E-01 -2.50659E-01 -2.79310E-01 -3.21219E-01 -3.73310E-01 -4.30593E-01 -4.87391E-01 -5.38018E-01 -5.76844E-01 -5.98251E-01 -5.97209E-01 -5.70731E-01 -5.19696E-01 -4.49968E-01 -3.71719E-01 -2.96710E-01 -2.34396E-01 -1.88604E-01 -1.56519E-01 -1.30728E-01 -1.03529E-01 -7.14406E-02 -3.75980E-02 -1.06555E-02 -5.74612E-04 -1.33238E-02 -4.71697E-02 -9.25282E-02 -1.35587E-01 -1.64017E-01 -1.72043E-01 -1.62467E-01 -1.44794E-01 -1.30523E-01 -1.28002E-01 -1.39291E-01 -1.60295E-01 -1.83731E-01 -2.03084E-01 -2.15468E-01 -2.22092E-01 -2.26478E-01 -2.31768E-01 -2.38784E-01 -2.45869E-01 -2.50371E-01 -2.50667E-01 -2.47376E-01
 -2.35412E-01 -2.31991E-01 -2.30304E-01 -2.31274E-01 -2.33738E-01 -2.35210E-01 -2.33504E-01 -2.28238E-01 -2.21280E-01 -2.15841E-01 -2.14714E-01 -2.18717E-01 -2.26250E-01 -2.34313E-01 -2.40438E-01 -2.44520E-01 -2.49528E-01 -2.60697E-01 -2.83570E-01 -3.21813E-01 -3.75765E-01 -4.42198E-01 -5.15168E-01 -5.87362E-01 -6.51328E-01 -7.00321E-01 -7.28877E-01 -7.33415E-01 -7.13013E-01 -6.70086E-01 -6.10429E-01 -5.42183E-01 -4.73781E-01 -4.11553E-01 -3.58108E-01 -3.12346E-01 -2.71270E-01 -2.32748E-01 -1.97776E-01 -1.70901E-01 -1.58352E-01 -1.64622E-01 -1.89235E-01 -2.25449E-01 -2.61850E-01 -2.86344E-01 -2.90805E-01 -2.74259E-01 -2.43084E-01 -2.08155E-01 -1.80294E-01 -1.66147E-01 -1.66279E-01 -1.76142E-01 -1.89102E-01 -1.99823E-01 -2.06338E-01 -2.09966E-01 -2.13512E-01 -2.19001E-01 -2.26312E-01 -2.33393E-01 -2.37745E-01 -2.38133E-01 -2.35412E-01
 -2.24015E-01 -2.21794E-01 -2.21286E-01 -2.22853E-01 -2.25260E-01 -2.26482E-01 -2.25041E-01 -2.21082E-01 -2.16534E-01 -2.14219E-01 -2.16400E-01 -2.23582E-01 -2.34267E-01 -2.45879E-01 -2.56413E-01 -2.65995E-01 -2.77538E-01 -2.96117E-01 -3.27276E-01 -3.74951E-01 -4.39824E-01 -5.18667E-01 -6.04840E-01 -6.89649E-01 -7.64088E-01 -8.20489E-01 -8.53756E-01 -8.62025E-01 -8.46696E-01 -8.11843E-01 -7.63103E-01 -7.06277E-01 -6.46058E-01 -5.85344E-01 -5.25465E-01 -4.67259E-01 -4.12482E-01 -3.64772E-01 -3.29425E-01 -3.11804E-01 -3.14872E-01 -3.36951E-01 -3.70922E-01 -4.05535E-01 -4.28640E-01 -4.31152E-01 -4.10158E-01 -3.69821E-01 -3.19666E-01 -2.70977E-01 -2.32829E-01 -2.09403E-01 -1.99559E-01 -1.98562E-01 -2.00924E-01 -2.02893E-01 -2.03529E-01 -2.04090E-01 -2.06388E-01 -2.11171E-01 -2.17469E-01 -2.23158E-01 -2.26270E-01 -2.26195E-01 -2.24015E-01
 -2.14410E-01 -2.13531E-01 -2.14337E-01 -2.16566E-01 -2.19010E-01 -2.20275E-01 -2.19690E-01 -2.17871E-01 -2.16599E-01 -2.18070E-01 -2.23884E-01 -2.34293E-01 -2.48143E-01 -2.63566E-01 -2.79193E-01 -2.95320E-01 -3.14515E-01 -3.41271E-01 -3.80742E-01 -4.36910E-01 -5.10798E-01 -5.99376E-01 -6.95612E-01 -7.89766E-01 -8.71581E-01 -9.32730E-01 -9.68695E-01 -9.79454E-01 -9.68743E-01 -9.42183E-01 -9.05049E-01 -8.60600E-01 -8.09708E-01 -7.51937E-01 -6.87581E-01 -6.19622E-01 -5.54535E-01 -5.01274E-01 -4.68599E-01 -4.61692E-01 -4.79492E-01 -5.13997E-01 -5.52072E-01 -5.79254E-01 -5.84194E-01 -5.62083E-01 -5.15765E-01 -4.54226E-01 -3.89151E-01 -3.31001E-01 -2.86106E-01 -2.55736E-01 -2.37165E-01 -2.25948E-01 -2.18223E-01 -2.12051E-01 -2.07419E-01 -2.05224E-01 -2.06009E-01 -2.09200E-01 -2.13201E-01 -2.16199E-01 -2.17109E-01 -2.16103E-01 -2.14410E-01
 -2.07712E-01 -2.08160E-01 -2.10230E-01 -2.13095E-01 -2.15714E-01 -2.17438E-01 -2.18401E-01 -2.19535E-01 -2.22249E-01 -2.27930E-01 -2.37476E-01 -2.51025E-01 -2.67987E-01 -2.87405E-01 -3.08594E-01 -3.31889E-01 -3.59220E-01 -3.94162E-01 -4.41205E-01 -5.04244E-01 -5.84690E-01 -6.79907E-01 -7.82787E-01 -8.82913E-01 -9.69148E-01 -1.03279E+00 -1.07003E+00 -1.08263E+00 -1.07644E+00 -1.05833E+00 -1.03299E+00 -1.00117E+00 -9.60258E-01 -9.06969E-01 -8.40974E-01 -7.67423E-01 -6.96934E-01 -6.42655E-01 -6.15436E-01 -6.19161E-01 -6.48353E-01 -6.89281E-01 -7.24264E-01 -7.37498E-01 -7.20099E-01 -6.72420E-01 -6.02945E-01 -5.24497E-01 -4.49526E-01 -3.86420E-01 -3.38065E-01 -3.02781E-01 -2.76697E-01 -2.56222E-01 -2.39486E-01 -2.26366E-01 -2.17500E-01 -2.13080E-01 -2.12204E-01 -2.13064E-01 -2.13749E-01 -2.13113E-01 -2.11194E-01 -2.08978E-01 -2.07712E-01
 -2.04620E-01 -2.06231E-01 -2.09339E-01 -2.12713E-01 -2.15632E-01 -2.18234E-01 -2.21340E-01 -2.25994E-01 -2.33046E-01 -2.43002E-01 -2.56133E-01 -2.72626E-01 -2.92613E-01 -3.16099E-01 -3.43005E-01 -3.73517E-01 -4.08706E-01 -4.51043E-01 -5.04241E-01 -5.72089E-01 -6.56446E-01 -7.55239E-01 -8.61550E-01 -9.64640E-01 -1.05285E+00 -1.11736E+00 -1.15509E+00 -1.16934E+00 -1.16762E+00 -1.15766E+00 -1.14348E+00 -1.12366E+00 -1.09281E+00 -1.04561E+00 -9.81554E-01 -9.07649E-01 -8.37530E-01 -7.86851E-01 -7.66898E-01 -7.79295E-01 -8.14346E-01 -8.53965E-01 -8.78039E-01 -8.71553E-01 -8.29484E-01 -7.57602E-01 -6.69167E-01 -5.79315E-01 -4.99730E-01 -4.35724E-01 -3.86507E-01 -3.47850E-01 -3.15403E-01 -2.86944E-01 -2.62728E-01 -2.44220E-01 -2.32324E-01 -2.26251E-01 -2.23636E-01 -2.21677E-01 -2.18483E-01 -2.13833E-01 -2.08944E-01 -2.05508E-01 -2.04620E-01
 -2.05201E-01 -2.07682E-01 -2.11447E-01 -2.15093E-01 -2.18352E-01 -2.22094E-01 -2.27642E-01 -2.35942E-01 -2.47183E-01 -2.61053E-01 -2.77367E-01 -2.96522E-01 -3.19412E-01 -3.46899E-01 -3.79302E-01 -4.16458E-01 -4.58476E-01 -5.06725E-01 -5.64213E-01 -6.34696E-01 -7.20551E-01 -8.20353E-01 -9.27556E-01 -1.03137E+00 -1.11992E+00 -1.18441E+00 -1.22239E+00 -1.23828E+00 -1.24071E+00 -1.23788E+00 -1.23321E+00 -1.22380E+00 -1.20248E+00 -1.16288E+00 -1.10462E+00 -1.03593E+00 -9.71890E-01 -9.28672E-01 -9.16369E-01 -9.33786E-01 -9.67840E-01 -9.98073E-01 -1.00437E+00 -9.74457E-01 -9.08016E-01 -8.15717E-01 -7.14090E-01 -6.18791E-01 -5.39356E-01 -4.77497E-01 -4.29057E-01 -3.88038E-01 -3.50347E-01 -3.15464E-01 -2.85620E-01 -2.63430E-01 -2.49652E-01 -2.42381E-01 -2.37983E-01 -2.33024E-01 -2.25952E-01 -2.17559E-01 -2.10100E-01 -2.05722E-01 -2.05201E-01
 -2.08809E-01 -2.11782E-01 -2.15697E-01 -2.19245E-01 -2.22700E-01 -2.27548E-01 -2.35388E-01 -2.46904E-01 -2.61636E-01 -2.78637E-01 -2.97498E-01 -3.18944E-01 -3.44556E-01 -3.75794E-01 -4.13092E-01 -4.55770E-01 -5.03003E-01 -5.55243E-01 -6.15020E-01 -6.86205E-01 -7.71735E-01 -8.70837E-01 -9.77387E-01 -1.08070E+00 -1.16886E+00 -1.23314E+00 -1.27149E+00 -1.28893E+00 -1.29469E+00 -1.29714E+00 -1.29940E+00 -1.29793E+00 -1.28502E+00 -1.25413E+00 -1.20515E+00 -1.14663E+00 -1.09332E+00 -1.05998E+00 -1.05421E+00 -1.07196E+00 -1.09813E+00 -1.11213E+00 -1.09613E+00 -1.04207E+00 -9.54382E-01 -8.47436E-01 -7.39149E-01 -6.43947E-01 -5.68268E-01 -5.10278E-01 -4.63260E-01 -4.20446E-01 -3.78662E-01 -3.39159E-01 -3.05707E-01 -2.81492E-01 -2.66769E-01 -2.58570E-01 -2.52369E-01 -2.44554E-01 -2.34150E-01 -2.22886E-01 -2.13732E-01 -2.08942E-01 -2.08809E-01
 -2.14215E-01 -2.17245E-01 -2.20705E-01 -2.23622E-01 -2.26859E-01 -2.32374E-01 -2.41837E-01 -2.55586E-01 -2.72626E-01 -2.91635E-01 -3.12214E-01 -3.35477E-01 -3.63503E-01 -3.98024E-01 -4.39282E-01 -4.85981E-01 -5.36509E-01 -5.90723E-01 -6.50985E-01 -7.21463E-01 -8.05658E-01 -9.03356E-01 -1.00879E+00 -1.11141E+00 -1.19926E+00 -1.26364E+00 -1.30257E+00 -1.32122E+00 -1.32892E+00 -1.33413E+00 -1.34010E+00 -1.34358E+00 -1.33741E+00 -1.31565E+00 -1.27838E+00 -1.23343E+00 -1.19364E+00 -1.17078E+00 -1.16922E+00 -1.18258E+00 -1.19529E+00 -1.18881E+00 -1.14932E+00 -1.07359E+00 -9.70167E-01 -8.55447E-01 -7.46822E-01 -6.56108E-01 -5.86277E-01 -5.32561E-01 -4.86814E-01 -4.42526E-01 -3.97899E-01 -3.55731E-01 -3.20697E-01 -2.95929E-01 -2.80940E-01 -2.71915E-01 -2.63947E-01 -2.53705E-01 -2.40945E-01 -2.28105E-01 -2.18436E-01 -2.13912E-01 -2.14215E-01
 -2.19871E-01 -2.22497E-01 -2.24816E-01 -2.26384E-01 -2.28664E-01 -2.33960E-01 -2.43888E-01 -2.58446E-01 -2.76287E-01 -2.95975E-01 -3.17314E-01 -3.41783E-01 -3.71727E-01 -4.08812E-01 -4.52853E-01 -5.01919E-01 -5.53850E-01 -6.08266E-01 -6.67690E-01 -7.36730E-01 -8.19406E-01 -9.15910E-01 -1.02068E+00 -1.12317E+00 -1.21135E+00 -1.27634E+00 -1.31596E+00 -1.33512E+00 -1.34299E+00 -1.34814E+00 -1.35445E+00 -1.35978E+00 -1.35835E+00 -1.34525E+00 -1.32051E+00 -1.29036E+00 -1.26452E+00 -1.25094E+00 -1.25069E+00 -1.25587E+00 -1.25206E+00 -1.22426E+00 -1.16357E+00 -1.07141E+00 -9.59182E-01 -8.43552E-01 -7.39804E-01 -6.56370E-01 -5.92987E-01 -5.42959E-01 -4.97924E-01 -4.52484E-01 -4.06390E-01 -3.63540E-01 -3.28796E-01 -3.04692E-01 -2.89891E-01 -2.80077E-01 -2.70488E-01 -2.58471E-01 -2.44560E-01 -2.31603E-01 -2.22670E-01 -2.19103E-01 -2.19871E-01
 -2.24293E-01 -2.26037E-01 -2.26466E-01 -2.25777E-01 -2.26033E-01 -2.29818E-01 -2.38676E-01 -2.52364E-01 -2.69381E-01 -2.88383E-01 -3.09463E-01 -3.34375E-01 -3.65494E-01 -4.04178E-01 -4.49685E-01 -4.99543E-01 -5.51300E-01 -6.04665E-01 -6.62555E-01 -7.30092E-01 -8.11712E-01 -9.07821E-01 -1.01286E+00 -1.11616E+00 -1.20544E+00 -1.27148E+00 -1.31164E+00 -1.33036E+00 -1.33654E+00 -1.33905E+00 -1.34275E+00 -1.34721E+00 -1.34843E+00 -1.34260E+00 -1.32940E+00 -1.31289E+00 -1.29917E+00 -1.29229E+00 -1.29053E+00 -1.28554E+00 -1.26515E+00 -1.21865E+00 -1.14201E+00 -1.04036E+00 -9.26455E-01 -8.15712E-01 -7.20351E-01 -6.45330E-01 -5.87878E-01 -5.40509E-01 -4.95688E-01 -4.49648E-01 -4.03575E-01 -3.61898E-01 -3.29028E-01 -3.06522E-01 -2.92239E-01 -2.81729E-01 -2.70830E-01 -2.57830E-01 -2.43990E-01 -2.32260E-01 -2.25145E-01 -2.23086E-01 -2.24293E-01
