 0.10000E+01	 0.00000E+00	 0.00000E+00	 0.15463E+00	 0.46727E-01	 0.46727E-01	-0.11263E-03	-0.11263E-03	 0.71137E-03	 0.71137E-03	 0.45723E+01	 0.10005E+04	 0.21891E+06	 0.75489E-13	-0.73050E+00	-0.81110E+00	 0.00000E+00	-0.14400E+02	 0.18967E+01
 0.10000E+00	 0.00000E+00	 0.00000E+00	 0.15463E+00	 0.62457E-02	 0.62457E-02	-0.65743E-02	-0.65743E-02	 0.35674E+00	 0.35674E+00	 0.45723E+01	 0.10005E+04	 0.21891E+06	 0.21252E-13	-0.73050E+00	-0.81110E+00	 0.00000E+00	-0.14400E+02	 0.18967E+01
 0.10000E+02	 0.00000E+00	 0.00000E+00	 0.15463E+00	 0.46461E+00	 0.46461E+00	-0.11072E-05	-0.11072E-05	 0.73864E-06	 0.73864E-06	 0.45723E+01	 0.10005E+04	 0.21891E+06	 0.78869E-11	-0.73050E+00	-0.81110E+00	 0.00000E+00	-0.14400E+02	 0.18967E+01
 0.10000E-01	 0.00000E+00	 0.00000E+00	 0.15463E+00	 0.22272E-02	 0.22272E-02	-0.20885E-01	-0.20885E-01	 0.19648E+02	 0.19648E+02	 0.45723E+01	 0.10005E+04	 0.21891E+06	 0.38731E-12	-0.73050E+00	-0.81110E+00	 0.00000E+00	-0.14400E+02	 0.18967E+01
 0.10000E+03	 0.00000E+00	 0.00000E+00	 0.15463E+00	 0.46459E+01	 0.46459E+01	-0.11067E-07	-0.11067E-07	 0.73912E-09	 0.73912E-09	 0.45723E+01	 0.10005E+04	 0.21891E+06	 0.12988E-08	-0.73050E+00	-0.81110E+00	 0.00000E+00	-0.14400E+02	 0.18967E+01
 0.10000E-02	 0.00000E+00	 0.00000E+00	 0.15463E+00	 0.46793E-02	 0.46793E-02	-0.28080E-01	-0.28080E-01	 0.31088E+03	 0.31088E+03	 0.45723E+01	 0.10005E+04	 0.21891E+06	 0.49178E-10	-0.73050E+00	-0.81110E+00	 0.00000E+00	-0.14400E+02	 0.18967E+01
 0.10000E-03	 0.00000E+00	 0.00000E+00	 0.15463E+00	 0.40276E-01	 0.40241E-01	 0.44411E-01	 0.44689E-01	 0.35666E+04	 0.35656E+04	 0.45723E+01	 0.10005E+04	 0.21891E+06	 0.28436E-07	-0.73050E+00	-0.81110E+00	 0.00000E+00	-0.14400E+02	 0.18967E+01
 0.10000E-04	 0.00000E+00	 0.00000E+00	 0.15463E+00	 0.39431E+00	 0.38867E+00	 0.10378E+00	 0.12156E+00	 0.37574E+05	 0.37055E+05	 0.45723E+01	 0.10005E+04	 0.21891E+06	 0.31507E-04	-0.73050E+00	-0.81110E+00	 0.00000E+00	-0.14400E+02	 0.18967E+01
 0.10000E-05	 0.00000E+00	 0.00000E+00	 0.15463E+00	 0.39394E+01	 0.37094E+01	-0.78278E-03	 0.25527E-01	 0.38847E+06	 0.37268E+06	 0.45723E+01	 0.10005E+04	 0.21891E+06	 0.10285E+00	-0.73050E+00	-0.81110E+00	 0.00000E+00	-0.14400E+02	 0.18967E+01
 0.30000E+01	 0.00000E+00	 0.00000E+00	 0.15463E+00	 0.13947E+00	 0.13947E+00	-0.12348E-04	-0.12348E-04	 0.27192E-04	 0.27192E-04	 0.45723E+01	 0.10005E+04	 0.21891E+06	 0.11706E-11	-0.73050E+00	-0.81110E+00	 0.00000E+00	-0.14400E+02	 0.18967E+01
 0.30000E+00	 0.00000E+00	 0.00000E+00	 0.15463E+00	 0.14749E-01	 0.14749E-01	-0.11765E-02	-0.11765E-02	 0.23010E-01	 0.23010E-01	 0.45723E+01	 0.10005E+04	 0.21891E+06	 0.11155E-13	-0.73050E+00	-0.81110E+00	 0.00000E+00	-0.14400E+02	 0.18967E+01
 0.30000E+02	 0.00000E+00	 0.00000E+00	 0.15463E+00	 0.13938E+01	 0.13938E+01	-0.12297E-06	-0.12297E-06	 0.27373E-07	 0.27373E-07	 0.45723E+01	 0.10005E+04	 0.21891E+06	 0.88728E-10	-0.73050E+00	-0.81110E+00	 0.00000E+00	-0.14400E+02	 0.18967E+01
 0.30000E-01	 0.00000E+00	 0.00000E+00	 0.15463E+00	 0.33076E-02	 0.33076E-02	-0.17119E-01	-0.17119E-01	 0.36596E+01	 0.36596E+01	 0.45723E+01	 0.10005E+04	 0.21891E+06	 0.88629E-13	-0.73050E+00	-0.81110E+00	 0.00000E+00	-0.14400E+02	 0.18967E+01
 0.30000E+03	 0.00000E+00	 0.00000E+00	 0.15463E+00	 0.13938E+02	 0.13938E+02	-0.12297E-08	-0.12297E-08	 0.27375E-10	 0.27375E-10	 0.45723E+01	 0.10005E+04	 0.21891E+06	 0.12828E-07	-0.73050E+00	-0.81110E+00	 0.00000E+00	-0.14400E+02	 0.18967E+01
 0.30000E-02	 0.00000E+00	 0.00000E+00	 0.15463E+00	 0.23251E-02	 0.23251E-02	-0.23851E-01	-0.23851E-01	 0.89139E+02	 0.89139E+02	 0.45723E+01	 0.10005E+04	 0.21891E+06	 0.56381E-11	-0.73050E+00	-0.81110E+00	 0.00000E+00	-0.14400E+02	 0.18967E+01
 0.30000E-03	 0.00000E+00	 0.00000E+00	 0.15463E+00	 0.13908E-01	 0.13908E-01	-0.10801E-01	-0.10782E-01	 0.11349E+04	 0.11349E+04	 0.45723E+01	 0.10005E+04	 0.21891E+06	 0.38562E-08	-0.73050E+00	-0.81110E+00	 0.00000E+00	-0.14400E+02	 0.18967E+01
 0.30000E-04	 0.00000E+00	 0.00000E+00	 0.15463E+00	 0.13206E+00	 0.13141E+00	 0.96266E-01	 0.98375E-01	 0.12268E+05	 0.12215E+05	 0.45723E+01	 0.10005E+04	 0.21891E+06	 0.13043E-05	-0.73050E+00	-0.81110E+00	 0.00000E+00	-0.14400E+02	 0.18967E+01
 0.30000E-05	 0.00000E+00	 0.00000E+00	 0.15463E+00	 0.13132E+01	 0.12697E+01	 0.65004E-01	 0.11452E+00	 0.12750E+06	 0.12406E+06	 0.45723E+01	 0.10005E+04	 0.21891E+06	 0.56011E-03	-0.73050E+00	-0.81110E+00	 0.00000E+00	-0.14400E+02	 0.18967E+01
 0.10000E+01	 0.10000E+00	-0.12329E+00	 0.15463E+00	 0.94464E-02	 0.94464E-02	-0.33623E-03	-0.33623E-03	 0.73111E-03	 0.73111E-03	 0.45723E+01	 0.10005E+04	 0.21891E+06	 0.36587E-13	-0.73050E+00	-0.81110E+00	 0.00000E+00	-0.14400E+02	 0.18967E+01
 0.10000E+00	 0.10000E+00	-0.12329E+00	 0.15463E+00	 0.49329E-02	 0.49329E-02	-0.10248E-01	-0.10248E-01	 0.34836E+00	 0.34836E+00	 0.45723E+01	 0.10005E+04	 0.21891E+06	 0.26621E-13	-0.73050E+00	-0.81110E+00	 0.00000E+00	-0.14400E+02	 0.18967E+01
 0.10000E+02	 0.10000E+00	-0.12329E+00	 0.15463E+00	 0.28283E-02	 0.28283E-02	-0.56000E-05	-0.56000E-05	 0.76404E-06	 0.76404E-06	 0.45723E+01	 0.10005E+04	 0.21891E+06	 0.46070E-12	-0.73050E+00	-0.81110E+00	 0.00000E+00	-0.14400E+02	 0.18967E+01
 0.10000E-01	 0.10000E+00	-0.12329E+00	 0.15463E+00	 0.96544E-02	 0.96544E-02	-0.52401E-01	-0.52401E-01	 0.18985E+02	 0.18985E+02	 0.45723E+01	 0.10005E+04	 0.21891E+06	 0.54846E-12	-0.73050E+00	-0.81110E+00	 0.00000E+00	-0.14400E+02	 0.18967E+01
 0.10000E+03	 0.10000E+00	-0.12329E+00	 0.15463E+00	 0.36007E-03	 0.36007E-03	-0.56025E-07	-0.56025E-07	 0.76470E-09	 0.76470E-09	 0.45723E+01	 0.10005E+04	 0.21891E+06	 0.19169E-10	-0.73050E+00	-0.81110E+00	 0.00000E+00	-0.14400E+02	 0.18967E+01
 0.10000E-02	 0.10000E+00	-0.12329E+00	 0.15463E+00	 0.55416E-02	 0.55416E-02	 0.18185E-01	 0.18185E-01	 0.30648E+03	 0.30648E+03	 0.45723E+01	 0.10005E+04	 0.21891E+06	 0.75788E-10	-0.73050E+00	-0.81110E+00	 0.00000E+00	-0.14400E+02	 0.18967E+01
 0.10000E-03	 0.10000E+00	-0.12329E+00	 0.15463E+00	 0.17989E-02	 0.17981E-02	 0.30972E+00	 0.30922E+00	 0.37611E+04	 0.37565E+04	 0.45723E+01	 0.10005E+04	 0.21891E+06	 0.12055E-07	-0.73050E+00	-0.81110E+00	 0.00000E+00	-0.14400E+02	 0.18967E+01
 0.10000E-04	 0.10000E+00	-0.12329E+00	 0.15463E+00	 0.28283E-03	 0.27633E-03	 0.44542E+00	 0.44294E+00	 0.42933E+05	 0.41576E+05	 0.45723E+01	 0.10005E+04	 0.21891E+06	 0.19458E-05	-0.73050E+00	-0.81110E+00	 0.00000E+00	-0.14400E+02	 0.18967E+01
 0.10000E-05	 0.10000E+00	-0.12329E+00	 0.15463E+00	 0.92245E-04	 0.44672E-04	 0.48172E+00	 0.43945E+00	 0.46638E+06	 0.42315E+06	 0.45723E+01	 0.10005E+04	 0.21891E+06	 0.31341E-03	-0.73050E+00	-0.81110E+00	 0.00000E+00	-0.14400E+02	 0.18967E+01
 0.30000E+01	 0.10000E+00	-0.12329E+00	 0.15463E+00	 0.70719E-02	 0.70719E-02	-0.56751E-04	-0.56751E-04	 0.28091E-04	 0.28091E-04	 0.45723E+01	 0.10005E+04	 0.21891E+06	 0.24843E-12	-0.73050E+00	-0.81110E+00	 0.00000E+00	-0.14400E+02	 0.18967E+01
 0.30000E+00	 0.10000E+00	-0.12329E+00	 0.15463E+00	 0.56814E-02	 0.56814E-02	-0.21080E-02	-0.21080E-02	 0.23263E-01	 0.23263E-01	 0.45723E+01	 0.10005E+04	 0.21891E+06	 0.11662E-13	-0.73050E+00	-0.81110E+00	 0.00000E+00	-0.14400E+02	 0.18967E+01
 0.30000E+02	 0.10000E+00	-0.12329E+00	 0.15463E+00	 0.10698E-02	 0.10698E-02	-0.62638E-06	-0.62638E-06	 0.28319E-07	 0.28319E-07	 0.45723E+01	 0.10005E+04	 0.21891E+06	 0.72509E-12	-0.73050E+00	-0.81110E+00	 0.00000E+00	-0.14400E+02	 0.18967E+01
 0.30000E-01	 0.10000E+00	-0.12329E+00	 0.15463E+00	 0.70413E-02	 0.70413E-02	-0.34059E-01	-0.34059E-01	 0.35181E+01	 0.35181E+01	 0.45723E+01	 0.10005E+04	 0.21891E+06	 0.86560E-13	-0.73050E+00	-0.81110E+00	 0.00000E+00	-0.14400E+02	 0.18967E+01
 0.30000E+03	 0.10000E+00	-0.12329E+00	 0.15463E+00	 0.13310E-03	 0.13310E-03	-0.61854E-08	-0.61854E-08	 0.28323E-10	 0.28323E-10	 0.45723E+01	 0.10005E+04	 0.21891E+06	 0.54971E-10	-0.73050E+00	-0.81110E+00	 0.00000E+00	-0.14400E+02	 0.18967E+01
 0.30000E-02	 0.10000E+00	-0.12329E+00	 0.15463E+00	 0.77412E-02	 0.77412E-02	-0.39195E-01	-0.39195E-01	 0.86990E+02	 0.86990E+02	 0.45723E+01	 0.10005E+04	 0.21891E+06	 0.57949E-11	-0.73050E+00	-0.81110E+00	 0.00000E+00	-0.14400E+02	 0.18967E+01
 0.30000E-03	 0.10000E+00	-0.12329E+00	 0.15463E+00	 0.35982E-02	 0.35981E-02	 0.17521E+00	 0.17520E+00	 0.11505E+04	 0.11504E+04	 0.45723E+01	 0.10005E+04	 0.21891E+06	 0.78458E-09	-0.73050E+00	-0.81110E+00	 0.00000E+00	-0.14400E+02	 0.18967E+01
 0.30000E-04	 0.10000E+00	-0.12329E+00	 0.15463E+00	 0.69535E-03	 0.69272E-03	 0.39548E+00	 0.39160E+00	 0.13507E+05	 0.13388E+05	 0.45723E+01	 0.10005E+04	 0.21891E+06	 0.14628E-06	-0.73050E+00	-0.81110E+00	 0.00000E+00	-0.14400E+02	 0.18967E+01
 0.30000E-05	 0.10000E+00	-0.12329E+00	 0.15463E+00	 0.12183E-03	 0.10451E-03	 0.46659E+00	 0.46260E+00	 0.15061E+06	 0.14057E+06	 0.45723E+01	 0.10005E+04	 0.21891E+06	 0.27482E-04	-0.73050E+00	-0.81110E+00	 0.00000E+00	-0.14400E+02	 0.18967E+01
 0.10000E+01	 0.10000E-01	-0.12329E-01	 0.15463E+00	 0.23528E-01	 0.23528E-01	-0.15505E-03	-0.15505E-03	 0.71147E-03	 0.71147E-03	 0.45723E+01	 0.10005E+04	 0.21891E+06	 0.62906E-13	-0.73050E+00	-0.81110E+00	 0.00000E+00	-0.14400E+02	 0.18967E+01
 0.10000E+00	 0.10000E-01	-0.12329E-01	 0.15463E+00	 0.62667E-02	 0.62667E-02	-0.65958E-02	-0.65958E-02	 0.35661E+00	 0.35661E+00	 0.45723E+01	 0.10005E+04	 0.21891E+06	 0.14311E-13	-0.73050E+00	-0.81110E+00	 0.00000E+00	-0.14400E+02	 0.18967E+01
 0.10000E+02	 0.10000E-01	-0.12329E-01	 0.15463E+00	 0.84548E-01	 0.84548E-01	-0.30987E-05	-0.30987E-05	 0.73885E-06	 0.73885E-06	 0.45723E+01	 0.10005E+04	 0.21891E+06	 0.20010E-11	-0.73050E+00	-0.81110E+00	 0.00000E+00	-0.14400E+02	 0.18967E+01
 0.10000E-01	 0.10000E-01	-0.12329E-01	 0.15463E+00	 0.22485E-02	 0.22485E-02	-0.19553E-01	-0.19553E-01	 0.19519E+02	 0.19519E+02	 0.45723E+01	 0.10005E+04	 0.21891E+06	 0.32905E-12	-0.73050E+00	-0.81110E+00	 0.00000E+00	-0.14400E+02	 0.18967E+01
 0.10000E+03	 0.10000E-01	-0.12329E-01	 0.15463E+00	 0.28135E-01	 0.28135E-01	-0.55886E-07	-0.55886E-07	 0.73938E-09	 0.73938E-09	 0.45723E+01	 0.10005E+04	 0.21891E+06	 0.21116E-10	-0.73050E+00	-0.81110E+00	 0.00000E+00	-0.14400E+02	 0.18967E+01
 0.10000E-02	 0.10000E-01	-0.12329E-01	 0.15463E+00	 0.20179E-02	 0.20179E-02	 0.66085E-01	 0.66085E-01	 0.30486E+03	 0.30486E+03	 0.45723E+01	 0.10005E+04	 0.21891E+06	 0.35561E-10	-0.73050E+00	-0.81110E+00	 0.00000E+00	-0.14400E+02	 0.18967E+01
 0.10000E-03	 0.10000E-01	-0.12329E-01	 0.15463E+00	 0.70188E-03	 0.69212E-03	 0.12714E+00	 0.12723E+00	 0.35418E+04	 0.35411E+04	 0.45723E+01	 0.10005E+04	 0.21891E+06	 0.39791E-08	-0.73050E+00	-0.81110E+00	 0.00000E+00	-0.14400E+02	 0.18967E+01
 0.10000E-04	 0.10000E-01	-0.12329E-01	 0.15463E+00	 0.32658E-03	 0.13384E-03	 0.10339E+00	 0.11396E+00	 0.37663E+05	 0.37069E+05	 0.45723E+01	 0.10005E+04	 0.21891E+06	 0.39211E-04	-0.73050E+00	-0.81110E+00	 0.00000E+00	-0.14400E+02	 0.18967E+01
 0.10000E-05	 0.10000E-01	-0.12329E-01	 0.15463E+00	 0.18155E-03	 0.14960E-04	 0.77560E-01	 0.11358E+00	 0.39105E+06	 0.37236E+06	 0.45723E+01	 0.10005E+04	 0.21891E+06	 0.54482E-01	-0.73050E+00	-0.81110E+00	 0.00000E+00	-0.14400E+02	 0.18967E+01
 0.30000E+01	 0.10000E-01	-0.12329E-01	 0.15463E+00	 0.41537E-01	 0.41537E-01	-0.20575E-04	-0.20575E-04	 0.27199E-04	 0.27199E-04	 0.45723E+01	 0.10005E+04	 0.21891E+06	 0.81549E-12	-0.73050E+00	-0.81110E+00	 0.00000E+00	-0.14400E+02	 0.18967E+01
 0.30000E+00	 0.10000E-01	-0.12329E-01	 0.15463E+00	 0.13230E-01	 0.13230E-01	-0.12738E-02	-0.12738E-02	 0.23007E-01	 0.23007E-01	 0.45723E+01	 0.10005E+04	 0.21891E+06	 0.13746E-13	-0.73050E+00	-0.81110E+00	 0.00000E+00	-0.14400E+02	 0.18967E+01
 0.30000E+02	 0.10000E-01	-0.12329E-01	 0.15463E+00	 0.68849E-01	 0.68849E-01	-0.55567E-06	-0.55567E-06	 0.27382E-07	 0.27382E-07	 0.45723E+01	 0.10005E+04	 0.21891E+06	 0.13396E-10	-0.73050E+00	-0.81110E+00	 0.00000E+00	-0.14400E+02	 0.18967E+01
 0.30000E-01	 0.10000E-01	-0.12329E-01	 0.15463E+00	 0.33454E-02	 0.33454E-02	-0.17041E-01	-0.17041E-01	 0.36532E+01	 0.36532E+01	 0.45723E+01	 0.10005E+04	 0.21891E+06	 0.57746E-13	-0.73050E+00	-0.81110E+00	 0.00000E+00	-0.14400E+02	 0.18967E+01
 0.30000E+03	 0.10000E-01	-0.12329E-01	 0.15463E+00	 0.10675E-01	 0.10675E-01	-0.62627E-08	-0.62627E-08	 0.27385E-10	 0.27385E-10	 0.45723E+01	 0.10005E+04	 0.21891E+06	 0.50683E-10	-0.73050E+00	-0.81110E+00	 0.00000E+00	-0.14400E+02	 0.18967E+01
 0.30000E-02	 0.10000E-01	-0.12329E-01	 0.15463E+00	 0.20126E-02	 0.20126E-02	-0.41252E-02	-0.41252E-02	 0.87669E+02	 0.87669E+02	 0.45723E+01	 0.10005E+04	 0.21891E+06	 0.11292E-10	-0.73050E+00	-0.81110E+00	 0.00000E+00	-0.14400E+02	 0.18967E+01
 0.30000E-03	 0.10000E-01	-0.12329E-01	 0.15463E+00	 0.13362E-02	 0.13356E-02	 0.13242E+00	 0.13241E+00	 0.11202E+04	 0.11202E+04	 0.45723E+01	 0.10005E+04	 0.21891E+06	 0.30393E-09	-0.73050E+00	-0.81110E+00	 0.00000E+00	-0.14400E+02	 0.18967E+01
 0.30000E-04	 0.10000E-01	-0.12329E-01	 0.15463E+00	 0.38333E-03	 0.31560E-03	 0.11262E+00	 0.11537E+00	 0.12247E+05	 0.12195E+05	 0.45723E+01	 0.10005E+04	 0.21891E+06	 0.45593E-06	-0.73050E+00	-0.81110E+00	 0.00000E+00	-0.14400E+02	 0.18967E+01
 0.30000E-05	 0.10000E-01	-0.12329E-01	 0.15463E+00	 0.29239E-03	 0.43726E-04	 0.81069E-01	 0.11405E+00	 0.12821E+06	 0.12405E+06	 0.45723E+01	 0.10005E+04	 0.21891E+06	 0.21450E-02	-0.73050E+00	-0.81110E+00	 0.00000E+00	-0.14400E+02	 0.18967E+01
 0.10000E+01	 0.10000E-02	-0.12329E-02	 0.15463E+00	 0.45972E-01	 0.45972E-01	-0.11395E-03	-0.11395E-03	 0.71137E-03	 0.71137E-03	 0.45723E+01	 0.10005E+04	 0.21891E+06	 0.13021E-12	-0.73050E+00	-0.81110E+00	 0.00000E+00	-0.14400E+02	 0.18967E+01
 0.10000E+00	 0.10000E-02	-0.12329E-02	 0.15463E+00	 0.62459E-02	 0.62459E-02	-0.65745E-02	-0.65745E-02	 0.35674E+00	 0.35674E+00	 0.45723E+01	 0.10005E+04	 0.21891E+06	 0.22849E-13	-0.73050E+00	-0.81110E+00	 0.00000E+00	-0.14400E+02	 0.18967E+01
 0.10000E+02	 0.10000E-02	-0.12329E-02	 0.15463E+00	 0.23127E+00	 0.23127E+00	-0.15316E-05	-0.15316E-05	 0.73864E-06	 0.73864E-06	 0.45723E+01	 0.10005E+04	 0.21891E+06	 0.84928E-11	-0.73050E+00	-0.81110E+00	 0.00000E+00	-0.14400E+02	 0.18967E+01
 0.10000E-01	 0.10000E-02	-0.12329E-02	 0.15463E+00	 0.22273E-02	 0.22273E-02	-0.20870E-01	-0.20870E-01	 0.19647E+02	 0.19647E+02	 0.45723E+01	 0.10005E+04	 0.21891E+06	 0.32439E-12	-0.73050E+00	-0.81110E+00	 0.00000E+00	-0.14400E+02	 0.18967E+01
 0.10000E+03	 0.10000E-02	-0.12329E-02	 0.15463E+00	 0.84453E+00	 0.84453E+00	-0.30956E-07	-0.30956E-07	 0.73912E-09	 0.73912E-09	 0.45723E+01	 0.10005E+04	 0.21891E+06	 0.20230E-09	-0.73050E+00	-0.81110E+00	 0.00000E+00	-0.14400E+02	 0.18967E+01
 0.10000E-02	 0.10000E-02	-0.12329E-02	 0.15463E+00	 0.45023E-02	 0.45023E-02	-0.23624E-01	-0.23624E-01	 0.31059E+03	 0.31059E+03	 0.45723E+01	 0.10005E+04	 0.21891E+06	 0.71333E-10	-0.73050E+00	-0.81110E+00	 0.00000E+00	-0.14400E+02	 0.18967E+01
 0.10000E-03	 0.10000E-02	-0.12329E-02	 0.15463E+00	 0.12685E-01	 0.12670E-01	 0.17478E+00	 0.17473E+00	 0.35589E+04	 0.35580E+04	 0.45723E+01	 0.10005E+04	 0.21891E+06	 0.31098E-08	-0.73050E+00	-0.81110E+00	 0.00000E+00	-0.14400E+02	 0.18967E+01
 0.10000E-04	 0.10000E-02	-0.12329E-02	 0.15463E+00	 0.46301E-02	 0.38904E-02	 0.11544E+00	 0.13175E+00	 0.37545E+05	 0.37014E+05	 0.45723E+01	 0.10005E+04	 0.21891E+06	 0.12457E-04	-0.73050E+00	-0.81110E+00	 0.00000E+00	-0.14400E+02	 0.18967E+01
 0.10000E-05	 0.10000E-02	-0.12329E-02	 0.15463E+00	 0.36739E-02	 0.48416E-03	 0.25291E-01	 0.10430E+00	 0.38836E+06	 0.37202E+06	 0.45723E+01	 0.10005E+04	 0.21891E+06	 0.41640E+00	-0.73050E+00	-0.81110E+00	 0.00000E+00	-0.14400E+02	 0.18967E+01
 0.30000E+01	 0.10000E-02	-0.12329E-02	 0.15463E+00	 0.12220E+00	 0.12220E+00	-0.13483E-04	-0.13483E-04	 0.27192E-04	 0.27192E-04	 0.45723E+01	 0.10005E+04	 0.21891E+06	 0.92692E-12	-0.73050E+00	-0.81110E+00	 0.00000E+00	-0.14400E+02	 0.18967E+01
 0.30000E+00	 0.10000E-02	-0.12329E-02	 0.15463E+00	 0.14730E-01	 0.14730E-01	-0.11776E-02	-0.11776E-02	 0.23010E-01	 0.23010E-01	 0.45723E+01	 0.10005E+04	 0.21891E+06	 0.16276E-13	-0.73050E+00	-0.81110E+00	 0.00000E+00	-0.14400E+02	 0.18967E+01
 0.30000E+02	 0.10000E-02	-0.12329E-02	 0.15463E+00	 0.41380E+00	 0.41380E+00	-0.20496E-06	-0.20496E-06	 0.27373E-07	 0.27373E-07	 0.45723E+01	 0.10005E+04	 0.21891E+06	 0.44552E-10	-0.73050E+00	-0.81110E+00	 0.00000E+00	-0.14400E+02	 0.18967E+01
 0.30000E-01	 0.10000E-02	-0.12329E-02	 0.15463E+00	 0.33080E-02	 0.33080E-02	-0.17118E-01	-0.17118E-01	 0.36595E+01	 0.36595E+01	 0.45723E+01	 0.10005E+04	 0.21891E+06	 0.72953E-13	-0.73050E+00	-0.81110E+00	 0.00000E+00	-0.14400E+02	 0.18967E+01
 0.30000E+03	 0.10000E-02	-0.12329E-02	 0.15463E+00	 0.68830E+00	 0.68830E+00	-0.55555E-08	-0.55555E-08	 0.27375E-10	 0.27375E-10	 0.45723E+01	 0.10005E+04	 0.21891E+06	 0.88691E-09	-0.73050E+00	-0.81110E+00	 0.00000E+00	-0.14400E+02	 0.18967E+01
 0.30000E-02	 0.10000E-02	-0.12329E-02	 0.15463E+00	 0.23169E-02	 0.23169E-02	-0.23535E-01	-0.23535E-01	 0.89115E+02	 0.89115E+02	 0.45723E+01	 0.10005E+04	 0.21891E+06	 0.63801E-11	-0.73050E+00	-0.81110E+00	 0.00000E+00	-0.14400E+02	 0.18967E+01
 0.30000E-03	 0.10000E-02	-0.12329E-02	 0.15463E+00	 0.10435E-01	 0.10435E-01	 0.38653E-01	 0.38662E-01	 0.11322E+04	 0.11322E+04	 0.45723E+01	 0.10005E+04	 0.21891E+06	 0.70858E-09	-0.73050E+00	-0.81110E+00	 0.00000E+00	-0.14400E+02	 0.18967E+01
 0.30000E-04	 0.10000E-02	-0.12329E-02	 0.15463E+00	 0.81645E-02	 0.79616E-02	 0.17206E+00	 0.17736E+00	 0.12251E+05	 0.12198E+05	 0.45723E+01	 0.10005E+04	 0.21891E+06	 0.50597E-07	-0.73050E+00	-0.81110E+00	 0.00000E+00	-0.14400E+02	 0.18967E+01
 0.30000E-05	 0.10000E-02	-0.12329E-02	 0.15463E+00	 0.31693E-02	 0.13976E-02	 0.72463E-01	 0.10889E+00	 0.12745E+06	 0.12391E+06	 0.45723E+01	 0.10005E+04	 0.21891E+06	 0.30943E-02	-0.73050E+00	-0.81110E+00	 0.00000E+00	-0.14400E+02	 0.18967E+01
 0.10000E+01	 0.10000E-03	-0.12329E-03	 0.15463E+00	 0.46718E-01	 0.46718E-01	-0.11264E-03	-0.11264E-03	 0.71137E-03	 0.71137E-03	 0.45723E+01	 0.10005E+04	 0.21891E+06	 0.18096E-12	-0.73050E+00	-0.81110E+00	 0.00000E+00	-0.14400E+02	 0.18967E+01
 0.10000E+00	 0.10000E-03	-0.12329E-03	 0.15463E+00	 0.62457E-02	 0.62457E-02	-0.65743E-02	-0.65743E-02	 0.35674E+00	 0.35674E+00	 0.45723E+01	 0.10005E+04	 0.21891E+06	 0.17781E-13	-0.73050E+00	-0.81110E+00	 0.00000E+00	-0.14400E+02	 0.18967E+01
 0.10000E+02	 0.10000E-03	-0.12329E-03	 0.15463E+00	 0.45698E+00	 0.45698E+00	-0.11205E-05	-0.11205E-05	 0.73864E-06	 0.73864E-06	 0.45723E+01	 0.10005E+04	 0.21891E+06	 0.70302E-11	-0.73050E+00	-0.81110E+00	 0.00000E+00	-0.14400E+02	 0.18967E+01
 0.10000E-01	 0.10000E-03	-0.12329E-03	 0.15463E+00	 0.22272E-02	 0.22272E-02	-0.20885E-01	-0.20885E-01	 0.19648E+02	 0.19648E+02	 0.45723E+01	 0.10005E+04	 0.21891E+06	 0.30233E-12	-0.73050E+00	-0.81110E+00	 0.00000E+00	-0.14400E+02	 0.18967E+01
 0.10000E+03	 0.10000E-03	-0.12329E-03	 0.15463E+00	 0.23123E+01	 0.23123E+01	-0.15311E-07	-0.15311E-07	 0.73912E-09	 0.73912E-09	 0.45723E+01	 0.10005E+04	 0.21891E+06	 0.99671E-09	-0.73050E+00	-0.81110E+00	 0.00000E+00	-0.14400E+02	 0.18967E+01
 0.10000E-02	 0.10000E-03	-0.12329E-03	 0.15463E+00	 0.46772E-02	 0.46772E-02	-0.28035E-01	-0.28035E-01	 0.31088E+03	 0.31088E+03	 0.45723E+01	 0.10005E+04	 0.21891E+06	 0.36751E-10	-0.73050E+00	-0.81110E+00	 0.00000E+00	-0.14400E+02	 0.18967E+01
 0.10000E-03	 0.10000E-03	-0.12329E-03	 0.15463E+00	 0.38814E-01	 0.38780E-01	 0.41341E-01	 0.41617E-01	 0.35659E+04	 0.35650E+04	 0.45723E+01	 0.10005E+04	 0.21891E+06	 0.43790E-07	-0.73050E+00	-0.81110E+00	 0.00000E+00	-0.14400E+02	 0.18967E+01
 0.10000E-04	 0.10000E-03	-0.12329E-03	 0.15463E+00	 0.12588E+00	 0.12364E+00	 0.15555E+00	 0.17658E+00	 0.37566E+05	 0.37045E+05	 0.45723E+01	 0.10005E+04	 0.21891E+06	 0.21675E-05	-0.73050E+00	-0.81110E+00	 0.00000E+00	-0.14400E+02	 0.18967E+01
 0.10000E-05	 0.10000E-03	-0.12329E-03	 0.15463E+00	 0.48799E-01	 0.31275E-01	 0.10227E+00	 0.15096E+00	 0.38842E+06	 0.37250E+06	 0.45723E+01	 0.10005E+04	 0.21891E+06	 0.96215E-01	-0.73050E+00	-0.81110E+00	 0.00000E+00	-0.14400E+02	 0.18967E+01
 0.30000E+01	 0.10000E-03	-0.12329E-03	 0.15463E+00	 0.13925E+00	 0.13925E+00	-0.12362E-04	-0.12362E-04	 0.27192E-04	 0.27192E-04	 0.45723E+01	 0.10005E+04	 0.21891E+06	 0.10512E-11	-0.73050E+00	-0.81110E+00	 0.00000E+00	-0.14400E+02	 0.18967E+01
 0.30000E+00	 0.10000E-03	-0.12329E-03	 0.15463E+00	 0.14749E-01	 0.14749E-01	-0.11765E-02	-0.11765E-02	 0.23010E-01	 0.23010E-01	 0.45723E+01	 0.10005E+04	 0.21891E+06	 0.10621E-13	-0.73050E+00	-0.81110E+00	 0.00000E+00	-0.14400E+02	 0.18967E+01
 0.30000E+02	 0.10000E-03	-0.12329E-03	 0.15463E+00	 0.12209E+01	 0.12209E+01	-0.13432E-06	-0.13432E-06	 0.27373E-07	 0.27373E-07	 0.45723E+01	 0.10005E+04	 0.21891E+06	 0.15380E-09	-0.73050E+00	-0.81110E+00	 0.00000E+00	-0.14400E+02	 0.18967E+01
 0.30000E-01	 0.10000E-03	-0.12329E-03	 0.15463E+00	 0.33076E-02	 0.33076E-02	-0.17119E-01	-0.17119E-01	 0.36596E+01	 0.36596E+01	 0.45723E+01	 0.10005E+04	 0.21891E+06	 0.69735E-13	-0.73050E+00	-0.81110E+00	 0.00000E+00	-0.14400E+02	 0.18967E+01
 0.30000E+03	 0.10000E-03	-0.12329E-03	 0.15463E+00	 0.41379E+01	 0.41379E+01	-0.20496E-08	-0.20496E-08	 0.27375E-10	 0.27375E-10	 0.45723E+01	 0.10005E+04	 0.21891E+06	 0.69595E-08	-0.73050E+00	-0.81110E+00	 0.00000E+00	-0.14400E+02	 0.18967E+01
 0.30000E-02	 0.10000E-03	-0.12329E-03	 0.15463E+00	 0.23250E-02	 0.23250E-02	-0.23848E-01	-0.23848E-01	 0.89139E+02	 0.89139E+02	 0.45723E+01	 0.10005E+04	 0.21891E+06	 0.42624E-11	-0.73050E+00	-0.81110E+00	 0.00000E+00	-0.14400E+02	 0.18967E+01
 0.30000E-03	 0.10000E-03	-0.12329E-03	 0.15463E+00	 0.13842E-01	 0.13842E-01	-0.10382E-01	-0.10363E-01	 0.11348E+04	 0.11348E+04	 0.45723E+01	 0.10005E+04	 0.21891E+06	 0.47820E-08	-0.73050E+00	-0.81110E+00	 0.00000E+00	-0.14400E+02	 0.18967E+01
 0.30000E-04	 0.10000E-03	-0.12329E-03	 0.15463E+00	 0.10034E+00	 0.99855E-01	 0.85373E-01	 0.88002E-01	 0.12265E+05	 0.12212E+05	 0.45723E+01	 0.10005E+04	 0.21891E+06	 0.35909E-06	-0.73050E+00	-0.81110E+00	 0.00000E+00	-0.14400E+02	 0.18967E+01
 0.30000E-05	 0.10000E-03	-0.12329E-03	 0.15463E+00	 0.80800E-01	 0.71283E-01	 0.12186E+00	 0.14857E+00	 0.12748E+06	 0.12403E+06	 0.45723E+01	 0.10005E+04	 0.21891E+06	 0.35479E-03	-0.73050E+00	-0.81110E+00	 0.00000E+00	-0.14400E+02	 0.18967E+01
 0.10000E+01	 0.10000E-04	-0.12329E-04	 0.15463E+00	 0.46727E-01	 0.46727E-01	-0.11263E-03	-0.11263E-03	 0.71137E-03	 0.71137E-03	 0.45723E+01	 0.10005E+04	 0.21891E+06	 0.48621E-13	-0.73050E+00	-0.81110E+00	 0.00000E+00	-0.14400E+02	 0.18967E+01
 0.10000E+00	 0.10000E-04	-0.12329E-04	 0.15463E+00	 0.62457E-02	 0.62457E-02	-0.65743E-02	-0.65743E-02	 0.35674E+00	 0.35674E+00	 0.45723E+01	 0.10005E+04	 0.21891E+06	 0.21094E-13	-0.73050E+00	-0.81110E+00	 0.00000E+00	-0.14400E+02	 0.18967E+01
 0.10000E+02	 0.10000E-04	-0.12329E-04	 0.15463E+00	 0.46453E+00	 0.46453E+00	-0.11073E-05	-0.11073E-05	 0.73864E-06	 0.73864E-06	 0.45723E+01	 0.10005E+04	 0.21891E+06	 0.85199E-11	-0.73050E+00	-0.81110E+00	 0.00000E+00	-0.14400E+02	 0.18967E+01
 0.10000E-01	 0.10000E-04	-0.12329E-04	 0.15463E+00	 0.22272E-02	 0.22272E-02	-0.20885E-01	-0.20885E-01	 0.19648E+02	 0.19648E+02	 0.45723E+01	 0.10005E+04	 0.21891E+06	 0.44509E-12	-0.73050E+00	-0.81110E+00	 0.00000E+00	-0.14400E+02	 0.18967E+01
 0.10000E+03	 0.10000E-04	-0.12329E-04	 0.15463E+00	 0.45695E+01	 0.45695E+01	-0.11201E-07	-0.11201E-07	 0.73912E-09	 0.73912E-09	 0.45723E+01	 0.10005E+04	 0.21891E+06	 0.11837E-08	-0.73050E+00	-0.81110E+00	 0.00000E+00	-0.14400E+02	 0.18967E+01
 0.10000E-02	 0.10000E-04	-0.12329E-04	 0.15463E+00	 0.46793E-02	 0.46793E-02	-0.28079E-01	-0.28079E-01	 0.31088E+03	 0.31088E+03	 0.45723E+01	 0.10005E+04	 0.21891E+06	 0.60695E-10	-0.73050E+00	-0.81110E+00	 0.00000E+00	-0.14400E+02	 0.18967E+01
 0.10000E-03	 0.10000E-04	-0.12329E-04	 0.15463E+00	 0.40260E-01	 0.40225E-01	 0.44348E-01	 0.44625E-01	 0.35666E+04	 0.35656E+04	 0.45723E+01	 0.10005E+04	 0.21891E+06	 0.96160E-07	-0.73050E+00	-0.81110E+00	 0.00000E+00	-0.14400E+02	 0.18967E+01
 0.10000E-04	 0.10000E-04	-0.12329E-04	 0.15463E+00	 0.37750E+00	 0.37553E+00	 0.11042E+00	 0.10753E+00	 0.37573E+05	 0.37053E+05	 0.45723E+01	 0.10005E+04	 0.21891E+06	 0.92693E+01	-0.73050E+00	-0.81110E+00	 0.00000E+00	-0.14400E+02	 0.18967E+01
 0.10000E-05	 0.10000E-04	-0.12329E-04	 0.15463E+00	 0.12946E+01	 0.12126E+01	 0.18957E+00	 0.18490E+00	 0.38845E+06	 0.37264E+06	 0.45723E+01	 0.10005E+04	 0.21891E+06	 0.52289E-01	-0.73050E+00	-0.81110E+00	 0.00000E+00	-0.14400E+02	 0.18967E+01
 0.30000E+01	 0.10000E-04	-0.12329E-04	 0.15463E+00	 0.13946E+00	 0.13946E+00	-0.12348E-04	-0.12348E-04	 0.27192E-04	 0.27192E-04	 0.45723E+01	 0.10005E+04	 0.21891E+06	 0.11905E-11	-0.73050E+00	-0.81110E+00	 0.00000E+00	-0.14400E+02	 0.18967E+01
 0.30000E+00	 0.10000E-04	-0.12329E-04	 0.15463E+00	 0.14749E-01	 0.14749E-01	-0.11765E-02	-0.11765E-02	 0.23010E-01	 0.23010E-01	 0.45723E+01	 0.10005E+04	 0.21891E+06	 0.98263E-14	-0.73050E+00	-0.81110E+00	 0.00000E+00	-0.14400E+02	 0.18967E+01
 0.30000E+02	 0.10000E-04	-0.12329E-04	 0.15463E+00	 0.13915E+01	 0.13915E+01	-0.12311E-06	-0.12311E-06	 0.27373E-07	 0.27373E-07	 0.45723E+01	 0.10005E+04	 0.21891E+06	 0.13279E-09	-0.73050E+00	-0.81110E+00	 0.00000E+00	-0.14400E+02	 0.18967E+01
 0.30000E-01	 0.10000E-04	-0.12329E-04	 0.15463E+00	 0.33076E-02	 0.33076E-02	-0.17119E-01	-0.17119E-01	 0.36596E+01	 0.36596E+01	 0.45723E+01	 0.10005E+04	 0.21891E+06	 0.86379E-13	-0.73050E+00	-0.81110E+00	 0.00000E+00	-0.14400E+02	 0.18967E+01
 0.30000E+03	 0.10000E-04	-0.12329E-04	 0.15463E+00	 0.12209E+02	 0.12209E+02	-0.13431E-08	-0.13431E-08	 0.27375E-10	 0.27375E-10	 0.45723E+01	 0.10005E+04	 0.21891E+06	 0.16892E-07	-0.73050E+00	-0.81110E+00	 0.00000E+00	-0.14400E+02	 0.18967E+01
 0.30000E-02	 0.10000E-04	-0.12329E-04	 0.15463E+00	 0.23251E-02	 0.23251E-02	-0.23851E-01	-0.23851E-01	 0.89139E+02	 0.89139E+02	 0.45723E+01	 0.10005E+04	 0.21891E+06	 0.64813E-11	-0.73050E+00	-0.81110E+00	 0.00000E+00	-0.14400E+02	 0.18967E+01
 0.30000E-03	 0.10000E-04	-0.12329E-04	 0.15463E+00	 0.13908E-01	 0.13907E-01	-0.10797E-01	-0.10778E-01	 0.11349E+04	 0.11349E+04	 0.45723E+01	 0.10005E+04	 0.21891E+06	 0.62126E-08	-0.73050E+00	-0.81110E+00	 0.00000E+00	-0.14400E+02	 0.18967E+01
 0.30000E-04	 0.10000E-04	-0.12329E-04	 0.15463E+00	 0.13149E+00	 0.48935E+00	 0.93982E-01	-0.30247E-01	 0.12268E+05	 0.12218E+05	 0.45723E+01	 0.10005E+04	 0.21891E+06	 0.58537E+02	-0.73050E+00	-0.81110E+00	 0.00000E+00	-0.14400E+02	 0.18967E+01
 0.30000E-05	 0.10000E-04	-0.12329E-04	 0.15463E+00	 0.10086E+01	 0.97626E+00	 0.87801E-01	 0.15428E+00	 0.12749E+06	 0.12406E+06	 0.45723E+01	 0.10005E+04	 0.21891E+06	 0.17246E-03	-0.73050E+00	-0.81110E+00	 0.00000E+00	-0.14400E+02	 0.18967E+01
 0.10000E+01	 0.30000E-01	-0.36987E-01	 0.15463E+00	 0.14269E-01	 0.14269E-01	-0.18816E-03	-0.18816E-03	 0.71283E-03	 0.71283E-03	 0.45723E+01	 0.10005E+04	 0.21891E+06	 0.82966E-13	-0.73050E+00	-0.81110E+00	 0.00000E+00	-0.14400E+02	 0.18967E+01
 0.10000E+00	 0.30000E-01	-0.36987E-01	 0.15463E+00	 0.63799E-02	 0.63799E-02	-0.68518E-02	-0.68518E-02	 0.35550E+00	 0.35550E+00	 0.45723E+01	 0.10005E+04	 0.21891E+06	 0.24051E-13	-0.73050E+00	-0.81110E+00	 0.00000E+00	-0.14400E+02	 0.18967E+01
 0.10000E+02	 0.30000E-01	-0.36987E-01	 0.15463E+00	 0.23001E-01	 0.23001E-01	-0.50103E-05	-0.50103E-05	 0.74082E-06	 0.74082E-06	 0.45723E+01	 0.10005E+04	 0.21891E+06	 0.12829E-11	-0.73050E+00	-0.81110E+00	 0.00000E+00	-0.14400E+02	 0.18967E+01
 0.10000E-01	 0.30000E-01	-0.36987E-01	 0.15463E+00	 0.25817E-02	 0.25817E-02	-0.15011E-01	-0.15011E-01	 0.19003E+02	 0.19003E+02	 0.45723E+01	 0.10005E+04	 0.21891E+06	 0.37763E-12	-0.73050E+00	-0.81110E+00	 0.00000E+00	-0.14400E+02	 0.18967E+01
 0.10000E+03	 0.30000E-01	-0.36987E-01	 0.15463E+00	 0.35589E-02	 0.35589E-02	-0.56365E-07	-0.56365E-07	 0.74142E-09	 0.74142E-09	 0.45723E+01	 0.10005E+04	 0.21891E+06	 0.10489E-10	-0.73050E+00	-0.81110E+00	 0.00000E+00	-0.14400E+02	 0.18967E+01
 0.10000E-02	 0.30000E-01	-0.36987E-01	 0.15463E+00	 0.16269E-02	 0.16269E-02	 0.84440E-01	 0.84440E-01	 0.30180E+03	 0.30180E+03	 0.45723E+01	 0.10005E+04	 0.21891E+06	 0.44018E-10	-0.73050E+00	-0.81110E+00	 0.00000E+00	-0.14400E+02	 0.18967E+01
 0.10000E-03	 0.30000E-01	-0.36987E-01	 0.15463E+00	 0.58969E-03	 0.57974E-03	 0.22467E+00	 0.22443E+00	 0.36163E+04	 0.36154E+04	 0.45723E+01	 0.10005E+04	 0.21891E+06	 0.10467E-07	-0.73050E+00	-0.81110E+00	 0.00000E+00	-0.14400E+02	 0.18967E+01
 0.10000E-04	 0.30000E-01	-0.36987E-01	 0.15463E+00	 0.17944E-03	 0.11864E-03	 0.24599E+00	 0.27200E+00	 0.39334E+05	 0.38612E+05	 0.45723E+01	 0.10005E+04	 0.21891E+06	 0.78870E-05	-0.73050E+00	-0.81110E+00	 0.00000E+00	-0.14400E+02	 0.18967E+01
 0.10000E-05	 0.30000E-01	-0.36987E-01	 0.15463E+00	 0.32733E-04	 0.13575E-04	 0.18673E+00	 0.26227E+00	 0.41447E+06	 0.39026E+06	 0.45723E+01	 0.10005E+04	 0.21891E+06	 0.11067E-02	-0.73050E+00	-0.81110E+00	 0.00000E+00	-0.14400E+02	 0.18967E+01
 0.30000E+01	 0.30000E-01	-0.36987E-01	 0.15463E+00	 0.27505E-01	 0.27505E-01	-0.32635E-04	-0.32635E-04	 0.27260E-04	 0.27260E-04	 0.45723E+01	 0.10005E+04	 0.21891E+06	 0.27755E-12	-0.73050E+00	-0.81110E+00	 0.00000E+00	-0.14400E+02	 0.18967E+01
 0.30000E+00	 0.30000E-01	-0.36987E-01	 0.15463E+00	 0.86868E-02	 0.86868E-02	-0.15827E-02	-0.15827E-02	 0.23013E-01	 0.23013E-01	 0.45723E+01	 0.10005E+04	 0.21891E+06	 0.11615E-13	-0.73050E+00	-0.81110E+00	 0.00000E+00	-0.14400E+02	 0.18967E+01
 0.30000E+02	 0.30000E-01	-0.36987E-01	 0.15463E+00	 0.10246E-01	 0.10246E-01	-0.61942E-06	-0.61942E-06	 0.27458E-07	 0.27458E-07	 0.45723E+01	 0.10005E+04	 0.21891E+06	 0.22584E-11	-0.73050E+00	-0.81110E+00	 0.00000E+00	-0.14400E+02	 0.18967E+01
 0.30000E-01	 0.30000E-01	-0.36987E-01	 0.15463E+00	 0.36847E-02	 0.36847E-02	-0.16673E-01	-0.16673E-01	 0.36120E+01	 0.36120E+01	 0.45723E+01	 0.10005E+04	 0.21891E+06	 0.63550E-13	-0.73050E+00	-0.81110E+00	 0.00000E+00	-0.14400E+02	 0.18967E+01
 0.30000E+03	 0.30000E-01	-0.36987E-01	 0.15463E+00	 0.13177E-02	 0.13177E-02	-0.62292E-08	-0.62292E-08	 0.27460E-10	 0.27460E-10	 0.45723E+01	 0.10005E+04	 0.21891E+06	 0.31522E-10	-0.73050E+00	-0.81110E+00	 0.00000E+00	-0.14400E+02	 0.18967E+01
 0.30000E-02	 0.30000E-01	-0.36987E-01	 0.15463E+00	 0.20765E-02	 0.20765E-02	 0.21542E-01	 0.21542E-01	 0.85759E+02	 0.85759E+02	 0.45723E+01	 0.10005E+04	 0.21891E+06	 0.45504E-11	-0.73050E+00	-0.81110E+00	 0.00000E+00	-0.14400E+02	 0.18967E+01
 0.30000E-03	 0.30000E-01	-0.36987E-01	 0.15463E+00	 0.10167E-02	 0.10158E-02	 0.16172E+00	 0.16169E+00	 0.11272E+04	 0.11272E+04	 0.45723E+01	 0.10005E+04	 0.21891E+06	 0.61656E-09	-0.73050E+00	-0.81110E+00	 0.00000E+00	-0.14400E+02	 0.18967E+01
 0.30000E-04	 0.30000E-01	-0.36987E-01	 0.15463E+00	 0.31171E-03	 0.27476E-03	 0.25871E+00	 0.26248E+00	 0.12635E+05	 0.12594E+05	 0.45723E+01	 0.10005E+04	 0.21891E+06	 0.70190E-06	-0.73050E+00	-0.81110E+00	 0.00000E+00	-0.14400E+02	 0.18967E+01
 0.30000E-05	 0.30000E-01	-0.36987E-01	 0.15463E+00	 0.79575E-04	 0.39170E-04	 0.21173E+00	 0.27373E+00	 0.13550E+06	 0.12979E+06	 0.45723E+01	 0.10005E+04	 0.21891E+06	 0.22918E-03	-0.73050E+00	-0.81110E+00	 0.00000E+00	-0.14400E+02	 0.18967E+01
 0.10000E+01	 0.30000E-02	-0.36987E-02	 0.15463E+00	 0.41027E-01	 0.41027E-01	-0.12275E-03	-0.12275E-03	 0.71137E-03	 0.71137E-03	 0.45723E+01	 0.10005E+04	 0.21891E+06	 0.10322E-12	-0.73050E+00	-0.81110E+00	 0.00000E+00	-0.14400E+02	 0.18967E+01
 0.10000E+00	 0.30000E-02	-0.36987E-02	 0.15463E+00	 0.62474E-02	 0.62474E-02	-0.65760E-02	-0.65760E-02	 0.35673E+00	 0.35673E+00	 0.45723E+01	 0.10005E+04	 0.21891E+06	 0.26027E-13	-0.73050E+00	-0.81110E+00	 0.00000E+00	-0.14400E+02	 0.18967E+01
 0.10000E+02	 0.30000E-02	-0.36987E-02	 0.15463E+00	 0.13798E+00	 0.13798E+00	-0.18453E-05	-0.18453E-05	 0.73866E-06	 0.73866E-06	 0.45723E+01	 0.10005E+04	 0.21891E+06	 0.58363E-11	-0.73050E+00	-0.81110E+00	 0.00000E+00	-0.14400E+02	 0.18967E+01
 0.10000E-01	 0.30000E-02	-0.36987E-02	 0.15463E+00	 0.22284E-02	 0.22284E-02	-0.20753E-01	-0.20753E-01	 0.19636E+02	 0.19636E+02	 0.45723E+01	 0.10005E+04	 0.21891E+06	 0.31012E-12	-0.73050E+00	-0.81110E+00	 0.00000E+00	-0.14400E+02	 0.18967E+01
 0.10000E+03	 0.30000E-02	-0.36987E-02	 0.15463E+00	 0.22944E+00	 0.22944E+00	-0.50000E-07	-0.50000E-07	 0.73914E-09	 0.73914E-09	 0.45723E+01	 0.10005E+04	 0.21891E+06	 0.14915E-09	-0.73050E+00	-0.81110E+00	 0.00000E+00	-0.14400E+02	 0.18967E+01
 0.10000E-02	 0.30000E-02	-0.36987E-02	 0.15463E+00	 0.37249E-02	 0.37249E-02	 0.35393E-02	 0.35393E-02	 0.30904E+03	 0.30904E+03	 0.45723E+01	 0.10005E+04	 0.21891E+06	 0.34576E-09	-0.73050E+00	-0.81110E+00	 0.00000E+00	-0.14400E+02	 0.18967E+01
 0.10000E-03	 0.30000E-02	-0.36987E-02	 0.15463E+00	 0.31346E-02	 0.31192E-02	 0.17564E+00	 0.17560E+00	 0.35509E+04	 0.35500E+04	 0.45723E+01	 0.10005E+04	 0.21891E+06	 0.35273E-08	-0.73050E+00	-0.81110E+00	 0.00000E+00	-0.14400E+02	 0.18967E+01
 0.10000E-04	 0.30000E-02	-0.36987E-02	 0.15463E+00	 0.10389E-02	 0.64356E-03	 0.96575E-01	 0.10833E+00	 0.37524E+05	 0.36982E+05	 0.45723E+01	 0.10005E+04	 0.21891E+06	 0.27728E-04	-0.73050E+00	-0.81110E+00	 0.00000E+00	-0.14400E+02	 0.18967E+01
 0.10000E-05	 0.30000E-02	-0.36987E-02	 0.15463E+00	 0.10383E-02	 0.70383E-04	 0.34397E-01	 0.10028E+00	 0.38835E+06	 0.37148E+06	 0.45723E+01	 0.10005E+04	 0.21891E+06	 0.95299E-02	-0.73050E+00	-0.81110E+00	 0.00000E+00	-0.14400E+02	 0.18967E+01
 0.30000E+01	 0.30000E-02	-0.36987E-02	 0.15463E+00	 0.74190E-01	 0.74190E-01	-0.16728E-04	-0.16728E-04	 0.27193E-04	 0.27193E-04	 0.45723E+01	 0.10005E+04	 0.21891E+06	 0.75352E-12	-0.73050E+00	-0.81110E+00	 0.00000E+00	-0.14400E+02	 0.18967E+01
 0.30000E+00	 0.30000E-02	-0.36987E-02	 0.15463E+00	 0.14588E-01	 0.14588E-01	-0.11866E-02	-0.11866E-02	 0.23010E-01	 0.23010E-01	 0.45723E+01	 0.10005E+04	 0.21891E+06	 0.11997E-13	-0.73050E+00	-0.81110E+00	 0.00000E+00	-0.14400E+02	 0.18967E+01
 0.30000E+02	 0.30000E-02	-0.36987E-02	 0.15463E+00	 0.27197E+00	 0.27197E+00	-0.32326E-06	-0.32326E-06	 0.27374E-07	 0.27374E-07	 0.45723E+01	 0.10005E+04	 0.21891E+06	 0.29690E-10	-0.73050E+00	-0.81110E+00	 0.00000E+00	-0.14400E+02	 0.18967E+01
 0.30000E-01	 0.30000E-02	-0.36987E-02	 0.15463E+00	 0.33110E-02	 0.33110E-02	-0.17111E-01	-0.17111E-01	 0.36590E+01	 0.36590E+01	 0.45723E+01	 0.10005E+04	 0.21891E+06	 0.59672E-13	-0.73050E+00	-0.81110E+00	 0.00000E+00	-0.14400E+02	 0.18967E+01
 0.30000E+03	 0.30000E-02	-0.36987E-02	 0.15463E+00	 0.10241E+00	 0.10241E+00	-0.61927E-08	-0.61927E-08	 0.27376E-10	 0.27376E-10	 0.45723E+01	 0.10005E+04	 0.21891E+06	 0.15146E-09	-0.73050E+00	-0.81110E+00	 0.00000E+00	-0.14400E+02	 0.18967E+01
 0.30000E-02	 0.30000E-02	-0.36987E-02	 0.15463E+00	 0.22639E-02	 0.22639E-02	-0.21125E-01	-0.21125E-01	 0.88931E+02	 0.88931E+02	 0.45723E+01	 0.10005E+04	 0.21891E+06	 0.41718E-11	-0.73050E+00	-0.81110E+00	 0.00000E+00	-0.14400E+02	 0.18967E+01
 0.30000E-03	 0.30000E-02	-0.36987E-02	 0.15463E+00	 0.45828E-02	 0.45823E-02	 0.13372E+00	 0.13371E+00	 0.11277E+04	 0.11277E+04	 0.45723E+01	 0.10005E+04	 0.21891E+06	 0.31987E-09	-0.73050E+00	-0.81110E+00	 0.00000E+00	-0.14400E+02	 0.18967E+01
 0.30000E-04	 0.30000E-02	-0.36987E-02	 0.15463E+00	 0.16375E-02	 0.15186E-02	 0.12811E+00	 0.13206E+00	 0.12237E+05	 0.12184E+05	 0.45723E+01	 0.10005E+04	 0.21891E+06	 0.54965E-06	-0.73050E+00	-0.81110E+00	 0.00000E+00	-0.14400E+02	 0.18967E+01
 0.30000E-05	 0.30000E-02	-0.36987E-02	 0.15463E+00	 0.10836E-02	 0.20884E-03	 0.71220E-01	 0.10122E+00	 0.12743E+06	 0.12376E+06	 0.45723E+01	 0.10005E+04	 0.21891E+06	 0.31829E-02	-0.73050E+00	-0.81110E+00	 0.00000E+00	-0.14400E+02	 0.18967E+01
 0.10000E+01	 0.30000E-03	-0.36987E-03	 0.15463E+00	 0.46654E-01	 0.46654E-01	-0.11275E-03	-0.11275E-03	 0.71137E-03	 0.71137E-03	 0.45723E+01	 0.10005E+04	 0.21891E+06	 0.72041E-13	-0.73050E+00	-0.81110E+00	 0.00000E+00	-0.14400E+02	 0.18967E+01
 0.10000E+00	 0.30000E-03	-0.36987E-03	 0.15463E+00	 0.62457E-02	 0.62457E-02	-0.65743E-02	-0.65743E-02	 0.35674E+00	 0.35674E+00	 0.45723E+01	 0.10005E+04	 0.21891E+06	 0.22851E-13	-0.73050E+00	-0.81110E+00	 0.00000E+00	-0.14400E+02	 0.18967E+01
 0.10000E+02	 0.30000E-03	-0.36987E-03	 0.15463E+00	 0.40701E+00	 0.40701E+00	-0.12093E-05	-0.12093E-05	 0.73864E-06	 0.73864E-06	 0.45723E+01	 0.10005E+04	 0.21891E+06	 0.83078E-11	-0.73050E+00	-0.81110E+00	 0.00000E+00	-0.14400E+02	 0.18967E+01
 0.10000E-01	 0.30000E-03	-0.36987E-03	 0.15463E+00	 0.22272E-02	 0.22272E-02	-0.20884E-01	-0.20884E-01	 0.19648E+02	 0.19648E+02	 0.45723E+01	 0.10005E+04	 0.21891E+06	 0.33438E-12	-0.73050E+00	-0.81110E+00	 0.00000E+00	-0.14400E+02	 0.18967E+01
 0.10000E+03	 0.30000E-03	-0.36987E-03	 0.15463E+00	 0.13793E+01	 0.13793E+01	-0.18446E-07	-0.18446E-07	 0.73912E-09	 0.73912E-09	 0.45723E+01	 0.10005E+04	 0.21891E+06	 0.59502E-09	-0.73050E+00	-0.81110E+00	 0.00000E+00	-0.14400E+02	 0.18967E+01
 0.10000E-02	 0.30000E-03	-0.36987E-03	 0.15463E+00	 0.46609E-02	 0.46609E-02	-0.27676E-01	-0.27676E-01	 0.31085E+03	 0.31085E+03	 0.45723E+01	 0.10005E+04	 0.21891E+06	 0.76219E-10	-0.73050E+00	-0.81110E+00	 0.00000E+00	-0.14400E+02	 0.18967E+01
 0.10000E-03	 0.30000E-03	-0.36987E-03	 0.15463E+00	 0.31670E-01	 0.31643E-01	 0.65784E-01	 0.65992E-01	 0.35636E+04	 0.35627E+04	 0.45723E+01	 0.10005E+04	 0.21891E+06	 0.12045E-07	-0.73050E+00	-0.81110E+00	 0.00000E+00	-0.14400E+02	 0.18967E+01
 0.10000E-04	 0.30000E-03	-0.36987E-03	 0.15463E+00	 0.28049E-01	 0.26470E-01	 0.15104E+00	 0.17193E+00	 0.37559E+05	 0.37036E+05	 0.45723E+01	 0.10005E+04	 0.21891E+06	 0.35011E-05	-0.73050E+00	-0.81110E+00	 0.00000E+00	-0.14400E+02	 0.18967E+01
 0.10000E-05	 0.30000E-03	-0.36987E-03	 0.15463E+00	 0.11740E-01	 0.43754E-02	 0.65771E-01	 0.14651E+00	 0.38839E+06	 0.37235E+06	 0.45723E+01	 0.10005E+04	 0.21891E+06	 0.17446E+00	-0.73050E+00	-0.81110E+00	 0.00000E+00	-0.14400E+02	 0.18967E+01
 0.30000E+01	 0.30000E-03	-0.36987E-03	 0.15463E+00	 0.13760E+00	 0.13760E+00	-0.12469E-04	-0.12469E-04	 0.27192E-04	 0.27192E-04	 0.45723E+01	 0.10005E+04	 0.21891E+06	 0.78389E-12	-0.73050E+00	-0.81110E+00	 0.00000E+00	-0.14400E+02	 0.18967E+01
 0.30000E+00	 0.30000E-03	-0.36987E-03	 0.15463E+00	 0.14747E-01	 0.14747E-01	-0.11765E-02	-0.11765E-02	 0.23010E-01	 0.23010E-01	 0.45723E+01	 0.10005E+04	 0.21891E+06	 0.23274E-13	-0.73050E+00	-0.81110E+00	 0.00000E+00	-0.14400E+02	 0.18967E+01
 0.30000E+02	 0.30000E-03	-0.36987E-03	 0.15463E+00	 0.74055E+00	 0.74055E+00	-0.16674E-06	-0.16674E-06	 0.27373E-07	 0.27373E-07	 0.45723E+01	 0.10005E+04	 0.21891E+06	 0.90417E-10	-0.73050E+00	-0.81110E+00	 0.00000E+00	-0.14400E+02	 0.18967E+01
 0.30000E-01	 0.30000E-03	-0.36987E-03	 0.15463E+00	 0.33076E-02	 0.33076E-02	-0.17118E-01	-0.17118E-01	 0.36596E+01	 0.36596E+01	 0.45723E+01	 0.10005E+04	 0.21891E+06	 0.60815E-13	-0.73050E+00	-0.81110E+00	 0.00000E+00	-0.14400E+02	 0.18967E+01
 0.30000E+03	 0.30000E-03	-0.36987E-03	 0.15463E+00	 0.27194E+01	 0.27194E+01	-0.32323E-08	-0.32323E-08	 0.27375E-10	 0.27375E-10	 0.45723E+01	 0.10005E+04	 0.21891E+06	 0.52599E-08	-0.73050E+00	-0.81110E+00	 0.00000E+00	-0.14400E+02	 0.18967E+01
 0.30000E-02	 0.30000E-03	-0.36987E-03	 0.15463E+00	 0.23243E-02	 0.23243E-02	-0.23822E-01	-0.23822E-01	 0.89137E+02	 0.89137E+02	 0.45723E+01	 0.10005E+04	 0.21891E+06	 0.34574E-11	-0.73050E+00	-0.81110E+00	 0.00000E+00	-0.14400E+02	 0.18967E+01
 0.30000E-03	 0.30000E-03	-0.36987E-03	 0.15463E+00	 0.13378E-01	 0.13378E-01	-0.64096E-02	-0.63915E-02	 0.11345E+04	 0.11345E+04	 0.45723E+01	 0.10005E+04	 0.21891E+06	 0.19353E-07	-0.73050E+00	-0.81110E+00	 0.00000E+00	-0.14400E+02	 0.18967E+01
 0.30000E-04	 0.30000E-03	-0.36987E-03	 0.15463E+00	 0.41745E-01	 0.41485E-01	 0.17298E+00	 0.17804E+00	 0.12260E+05	 0.12207E+05	 0.45723E+01	 0.10005E+04	 0.21891E+06	 0.84808E-07	-0.73050E+00	-0.81110E+00	 0.00000E+00	-0.14400E+02	 0.18967E+01
 0.30000E-05	 0.30000E-03	-0.36987E-03	 0.15463E+00	 0.15634E-01	 0.11572E-01	 0.97526E-01	 0.13773E+00	 0.12746E+06	 0.12399E+06	 0.45723E+01	 0.10005E+04	 0.21891E+06	 0.65239E-03	-0.73050E+00	-0.81110E+00	 0.00000E+00	-0.14400E+02	 0.18967E+01
 0.10000E+01	 0.30000E-04	-0.36987E-04	 0.15463E+00	 0.46726E-01	 0.46726E-01	-0.11263E-03	-0.11263E-03	 0.71137E-03	 0.71137E-03	 0.45723E+01	 0.10005E+04	 0.21891E+06	 0.65896E-13	-0.73050E+00	-0.81110E+00	 0.00000E+00	-0.14400E+02	 0.18967E+01
 0.10000E+00	 0.30000E-04	-0.36987E-04	 0.15463E+00	 0.62457E-02	 0.62457E-02	-0.65743E-02	-0.65743E-02	 0.35674E+00	 0.35674E+00	 0.45723E+01	 0.10005E+04	 0.21891E+06	 0.22499E-13	-0.73050E+00	-0.81110E+00	 0.00000E+00	-0.14400E+02	 0.18967E+01
 0.10000E+02	 0.30000E-04	-0.36987E-04	 0.15463E+00	 0.46387E+00	 0.46387E+00	-0.11084E-05	-0.11084E-05	 0.73864E-06	 0.73864E-06	 0.45723E+01	 0.10005E+04	 0.21891E+06	 0.58529E-11	-0.73050E+00	-0.81110E+00	 0.00000E+00	-0.14400E+02	 0.18967E+01
 0.10000E-01	 0.30000E-04	-0.36987E-04	 0.15463E+00	 0.22272E-02	 0.22272E-02	-0.20885E-01	-0.20885E-01	 0.19648E+02	 0.19648E+02	 0.45723E+01	 0.10005E+04	 0.21891E+06	 0.41268E-12	-0.73050E+00	-0.81110E+00	 0.00000E+00	-0.14400E+02	 0.18967E+01
 0.10000E+03	 0.30000E-04	-0.36987E-04	 0.15463E+00	 0.40697E+01	 0.40697E+01	-0.12088E-07	-0.12088E-07	 0.73912E-09	 0.73912E-09	 0.45723E+01	 0.10005E+04	 0.21891E+06	 0.10125E-08	-0.73050E+00	-0.81110E+00	 0.00000E+00	-0.14400E+02	 0.18967E+01
 0.10000E-02	 0.30000E-04	-0.36987E-04	 0.15463E+00	 0.46791E-02	 0.46791E-02	-0.28076E-01	-0.28076E-01	 0.31088E+03	 0.31088E+03	 0.45723E+01	 0.10005E+04	 0.21891E+06	 0.81650E-10	-0.73050E+00	-0.81110E+00	 0.00000E+00	-0.14400E+02	 0.18967E+01
 0.10000E-03	 0.30000E-04	-0.36987E-04	 0.15463E+00	 0.40130E-01	 0.40095E-01	 0.43871E-01	 0.44147E-01	 0.35665E+04	 0.35656E+04	 0.45723E+01	 0.10005E+04	 0.21891E+06	 0.56961E-07	-0.73050E+00	-0.81110E+00	 0.00000E+00	-0.14400E+02	 0.18967E+01
 0.10000E-04	 0.30000E-04	-0.36987E-04	 0.15463E+00	 0.31375E+00	 0.30931E+00	 0.84786E-01	 0.99934E-01	 0.37570E+05	 0.37050E+05	 0.45723E+01	 0.10005E+04	 0.21891E+06	 0.49342E-05	-0.73050E+00	-0.81110E+00	 0.00000E+00	-0.14400E+02	 0.18967E+01
 0.10000E-05	 0.30000E-04	-0.36987E-04	 0.15463E+00	 0.28712E+00	 0.24054E+00	 0.13550E+00	 0.10244E+00	 0.38843E+06	 0.37259E+06	 0.45723E+01	 0.10005E+04	 0.21891E+06	 0.36840E-01	-0.73050E+00	-0.81110E+00	 0.00000E+00	-0.14400E+02	 0.18967E+01
 0.30000E+01	 0.30000E-04	-0.36987E-04	 0.15463E+00	 0.13945E+00	 0.13945E+00	-0.12350E-04	-0.12350E-04	 0.27192E-04	 0.27192E-04	 0.45723E+01	 0.10005E+04	 0.21891E+06	 0.18158E-11	-0.73050E+00	-0.81110E+00	 0.00000E+00	-0.14400E+02	 0.18967E+01
 0.30000E+00	 0.30000E-04	-0.36987E-04	 0.15463E+00	 0.14749E-01	 0.14749E-01	-0.11765E-02	-0.11765E-02	 0.23010E-01	 0.23010E-01	 0.45723E+01	 0.10005E+04	 0.21891E+06	 0.92335E-14	-0.73050E+00	-0.81110E+00	 0.00000E+00	-0.14400E+02	 0.18967E+01
 0.30000E+02	 0.30000E-04	-0.36987E-04	 0.15463E+00	 0.13751E+01	 0.13751E+01	-0.12418E-06	-0.12418E-06	 0.27373E-07	 0.27373E-07	 0.45723E+01	 0.10005E+04	 0.21891E+06	 0.11186E-09	-0.73050E+00	-0.81110E+00	 0.00000E+00	-0.14400E+02	 0.18967E+01
 0.30000E-01	 0.30000E-04	-0.36987E-04	 0.15463E+00	 0.33076E-02	 0.33076E-02	-0.17119E-01	-0.17119E-01	 0.36596E+01	 0.36596E+01	 0.45723E+01	 0.10005E+04	 0.21891E+06	 0.83177E-13	-0.73050E+00	-0.81110E+00	 0.00000E+00	-0.14400E+02	 0.18967E+01
 0.30000E+03	 0.30000E-04	-0.36987E-04	 0.15463E+00	 0.74054E+01	 0.74054E+01	-0.16673E-08	-0.16673E-08	 0.27375E-10	 0.27375E-10	 0.45723E+01	 0.10005E+04	 0.21891E+06	 0.10999E-07	-0.73050E+00	-0.81110E+00	 0.00000E+00	-0.14400E+02	 0.18967E+01
 0.30000E-02	 0.30000E-04	-0.36987E-04	 0.15463E+00	 0.23250E-02	 0.23250E-02	-0.23850E-01	-0.23850E-01	 0.89139E+02	 0.89139E+02	 0.45723E+01	 0.10005E+04	 0.21891E+06	 0.87909E-11	-0.73050E+00	-0.81110E+00	 0.00000E+00	-0.14400E+02	 0.18967E+01
 0.30000E-03	 0.30000E-04	-0.36987E-04	 0.15463E+00	 0.13902E-01	 0.13902E-01	-0.10764E-01	-0.10746E-01	 0.11349E+04	 0.11349E+04	 0.45723E+01	 0.10005E+04	 0.21891E+06	 0.34399E-08	-0.73050E+00	-0.81110E+00	 0.00000E+00	-0.14400E+02	 0.18967E+01
 0.30000E-04	 0.30000E-04	-0.36987E-04	 0.15463E+00	 0.12747E+00	 0.12684E+00	 0.81625E-01	 0.83506E-01	 0.12267E+05	 0.12214E+05	 0.45723E+01	 0.10005E+04	 0.21891E+06	 0.37517E-05	-0.73050E+00	-0.81110E+00	 0.00000E+00	-0.14400E+02	 0.18967E+01
 0.30000E-05	 0.30000E-04	-0.36987E-04	 0.15463E+00	 0.42476E+00	 0.40850E+00	 0.14895E+00	 0.18582E+00	 0.12749E+06	 0.12405E+06	 0.45723E+01	 0.10005E+04	 0.21891E+06	 0.49962E-03	-0.73050E+00	-0.81110E+00	 0.00000E+00	-0.14400E+02	 0.18967E+01
