s E_r (\Gamma_b/n_b[m/s]  Q_b/n_b/T_b[m/s] L_1^b[m^2/s] L_2^b[m^2/s]  Z_b n_b[10^{19}m^{-3}] T_b[eV] dlnT_b/dr, b=1,NBB), size(e\varphi_1/T_i) 
  2.50000E-01 -2.00000E+04  8.63916E-01  4.15187E+00  5.84843E-02  2.39235E-01  8.00000E+00 -2.00000E+00  4.00000E+03 -3.00000E+00 -1.00000E+00  4.30206E-02  4.37757E-01  3.80738E-02  1.09525E-01  8.00000E+00 -2.00000E+00  4.00000E+03 -3.00000E+00  1.00000E+00  1.57226-316
  2.50000E-01 -1.95000E+04  8.71118E-01  4.20104E+00  5.93486E-02  2.43388E-01  8.00000E+00 -2.00000E+00  4.00000E+03 -3.00000E+00 -1.00000E+00  4.97889E-02  4.69127E-01  3.95302E-02  1.13775E-01  8.00000E+00 -2.00000E+00  4.00000E+03 -3.00000E+00  1.00000E+00  1.57226-316
  2.50000E-01 -1.90000E+04  8.78568E-01  4.25202E+00  6.02372E-02  2.47678E-01  8.00000E+00 -2.00000E+00  4.00000E+03 -3.00000E+00 -1.00000E+00  5.70793E-02  5.02783E-01  4.10809E-02  1.18305E-01  8.00000E+00 -2.00000E+00  4.00000E+03 -3.00000E+00  1.00000E+00  1.57226-316
  2.50000E-01 -1.85000E+04  8.86278E-01  4.30490E+00  6.11510E-02  2.52111E-01  8.00000E+00 -2.00000E+00  4.00000E+03 -3.00000E+00 -1.00000E+00  6.49446E-02  5.38954E-01  4.27345E-02  1.23143E-01  8.00000E+00 -2.00000E+00  4.00000E+03 -3.00000E+00  1.00000E+00  1.57226-316
  2.50000E-01 -1.80000E+04  8.94261E-01  4.35981E+00  6.20910E-02  2.56693E-01  8.00000E+00 -2.00000E+00  4.00000E+03 -3.00000E+00 -1.00000E+00  7.34445E-02  5.77895E-01  4.45008E-02  1.28317E-01  8.00000E+00 -2.00000E+00  4.00000E+03 -3.00000E+00  1.00000E+00  1.57226-316
  2.50000E-01 -1.75000E+04  9.02531E-01  4.41684E+00  6.30584E-02  2.61432E-01  8.00000E+00 -2.00000E+00  4.00000E+03 -3.00000E+00 -1.00000E+00  8.26462E-02  6.19897E-01  4.63907E-02  1.33861E-01  8.00000E+00 -2.00000E+00  4.00000E+03 -3.00000E+00  1.00000E+00  1.57226-316
  2.50000E-01 -1.70000E+04  9.11104E-01  4.47613E+00  6.40541E-02  2.66337E-01  8.00000E+00 -2.00000E+00  4.00000E+03 -3.00000E+00 -1.00000E+00  9.26266E-02  6.65288E-01  4.84166E-02  1.39813E-01  8.00000E+00 -2.00000E+00  4.00000E+03 -3.00000E+00  1.00000E+00  1.57226-316
  2.50000E-01 -1.65000E+04  9.19996E-01  4.53781E+00  6.50795E-02  2.71414E-01  8.00000E+00 -2.00000E+00  4.00000E+03 -3.00000E+00 -1.00000E+00  1.03473E-01  7.14445E-01  5.05925E-02  1.46216E-01  8.00000E+00 -2.00000E+00  4.00000E+03 -3.00000E+00  1.00000E+00  1.57226-316
  2.50000E-01 -1.60000E+04  9.29224E-01  4.60203E+00  6.61356E-02  2.76673E-01  8.00000E+00 -2.00000E+00  4.00000E+03 -3.00000E+00 -1.00000E+00  1.15285E-01  7.67798E-01  5.29342E-02  1.53119E-01  8.00000E+00 -2.00000E+00  4.00000E+03 -3.00000E+00  1.00000E+00  1.57226-316
  2.50000E-01 -1.55000E+04  9.38806E-01  4.66893E+00  6.72238E-02  2.82124E-01  8.00000E+00 -2.00000E+00  4.00000E+03 -3.00000E+00 -1.00000E+00  1.28179E-01  8.25840E-01  5.54598E-02  1.60578E-01  8.00000E+00 -2.00000E+00  4.00000E+03 -3.00000E+00  1.00000E+00  1.57226-316
  2.50000E-01 -1.50000E+04  9.48761E-01  4.73869E+00  6.83454E-02  2.87776E-01  8.00000E+00 -2.00000E+00  4.00000E+03 -3.00000E+00 -1.00000E+00  1.42285E-01  8.89142E-01  5.81901E-02  1.68658E-01  8.00000E+00 -2.00000E+00  4.00000E+03 -3.00000E+00  1.00000E+00  1.57226-316
  2.50000E-01 -1.45000E+04  9.59109E-01  4.81148E+00  6.95018E-02  2.93640E-01  8.00000E+00 -2.00000E+00  4.00000E+03 -3.00000E+00 -1.00000E+00  1.57759E-01  9.58362E-01  6.11487E-02  1.77431E-01  8.00000E+00 -2.00000E+00  4.00000E+03 -3.00000E+00  1.00000E+00  1.57226-316
  2.50000E-01 -1.40000E+04  9.69874E-01  4.88750E+00  7.06944E-02  2.99727E-01  8.00000E+00 -2.00000E+00  4.00000E+03 -3.00000E+00 -1.00000E+00  1.74777E-01  1.03427E+00  6.43630E-02  1.86985E-01  8.00000E+00 -2.00000E+00  4.00000E+03 -3.00000E+00  1.00000E+00  1.57226-316
  2.50000E-01 -1.35000E+04  9.81077E-01  4.96695E+00  7.19246E-02  3.06048E-01  8.00000E+00 -2.00000E+00  4.00000E+03 -3.00000E+00 -1.00000E+00  1.93550E-01  1.11776E+00  6.78649E-02  1.97419E-01  8.00000E+00 -2.00000E+00  4.00000E+03 -3.00000E+00  1.00000E+00  1.57226-316
  2.50000E-01 -1.30000E+04  9.92744E-01  5.05007E+00  7.31939E-02  3.12616E-01  8.00000E+00 -2.00000E+00  4.00000E+03 -3.00000E+00 -1.00000E+00  2.14322E-01  1.20990E+00  7.16912E-02  2.08849E-01  8.00000E+00 -2.00000E+00  4.00000E+03 -3.00000E+00  1.00000E+00  1.57226-316
  2.50000E-01 -1.25000E+04  1.00490E+00  5.13708E+00  7.45040E-02  3.19445E-01  8.00000E+00 -2.00000E+00  4.00000E+03 -3.00000E+00 -1.00000E+00  2.37383E-01  1.31194E+00  7.58853E-02  2.21412E-01  8.00000E+00 -2.00000E+00  4.00000E+03 -3.00000E+00  1.00000E+00  1.57226-316
  2.50000E-01 -1.20000E+04  1.01757E+00  5.22826E+00  7.58565E-02  3.26548E-01  8.00000E+00 -2.00000E+00  4.00000E+03 -3.00000E+00 -1.00000E+00  2.63077E-01  1.42535E+00  8.04981E-02  2.35272E-01  8.00000E+00 -2.00000E+00  4.00000E+03 -3.00000E+00  1.00000E+00  1.57226-316
  2.50000E-01 -1.15000E+04  1.03079E+00  5.32388E+00  7.72528E-02  3.33940E-01  8.00000E+00 -2.00000E+00  4.00000E+03 -3.00000E+00 -1.00000E+00  2.91817E-01  1.55193E+00  8.55899E-02  2.50621E-01  8.00000E+00 -2.00000E+00  4.00000E+03 -3.00000E+00  1.00000E+00  1.57226-316
  2.50000E-01 -1.10000E+04  1.04458E+00  5.42424E+00  7.86946E-02  3.41636E-01  8.00000E+00 -2.00000E+00  4.00000E+03 -3.00000E+00 -1.00000E+00  3.24100E-01  1.69384E+00  9.12326E-02  2.67691E-01  8.00000E+00 -2.00000E+00  4.00000E+03 -3.00000E+00  1.00000E+00  1.57226-316
  2.50000E-01 -1.05000E+04  1.05898E+00  5.52967E+00  8.01835E-02  3.49653E-01  8.00000E+00 -2.00000E+00  4.00000E+03 -3.00000E+00 -1.00000E+00  3.60528E-01  1.85368E+00  9.75127E-02  2.86760E-01  8.00000E+00 -2.00000E+00  4.00000E+03 -3.00000E+00  1.00000E+00  1.57226-316
  2.50000E-01 -1.00000E+04  1.07402E+00  5.64051E+00  8.17209E-02  3.58006E-01  8.00000E+00 -2.00000E+00  4.00000E+03 -3.00000E+00 -1.00000E+00  4.01838E-01  2.03468E+00  1.04534E-01  3.08170E-01  8.00000E+00 -2.00000E+00  4.00000E+03 -3.00000E+00  1.00000E+00  1.57226-316
  2.50000E-01 -9.50000E+03  1.08973E+00  5.75714E+00  8.33084E-02  3.66713E-01  8.00000E+00 -2.00000E+00  4.00000E+03 -3.00000E+00 -1.00000E+00  4.48941E-01  2.24081E+00  1.12425E-01  3.32338E-01  8.00000E+00 -2.00000E+00  4.00000E+03 -3.00000E+00  1.00000E+00  1.57226-316
  2.50000E-01 -9.00000E+03  1.10614E+00  5.87994E+00  8.49470E-02  3.75792E-01  8.00000E+00 -2.00000E+00  4.00000E+03 -3.00000E+00 -1.00000E+00  5.02970E-01  2.47704E+00  1.21343E-01  3.59782E-01  8.00000E+00 -2.00000E+00  4.00000E+03 -3.00000E+00  1.00000E+00  1.57226-316
  2.50000E-01 -8.50000E+03  1.12329E+00  6.00932E+00  8.66379E-02  3.85258E-01  8.00000E+00 -2.00000E+00  4.00000E+03 -3.00000E+00 -1.00000E+00  5.65355E-01  2.74965E+00  1.31481E-01  3.91151E-01  8.00000E+00 -2.00000E+00  4.00000E+03 -3.00000E+00  1.00000E+00  1.57226-316
  2.50000E-01 -8.00000E+03  1.14120E+00  6.14571E+00  8.83818E-02  3.95130E-01  8.00000E+00 -2.00000E+00  4.00000E+03 -3.00000E+00 -1.00000E+00  6.37915E-01  3.06671E+00  1.43086E-01  4.27267E-01  8.00000E+00 -2.00000E+00  4.00000E+03 -3.00000E+00  1.00000E+00  1.57226-316
  2.50000E-01 -7.50000E+03  1.15990E+00  6.28955E+00  9.01788E-02  4.05421E-01  8.00000E+00 -2.00000E+00  4.00000E+03 -3.00000E+00 -1.00000E+00  7.23003E-01  3.43863E+00  1.56470E-01  4.69186E-01  8.00000E+00 -2.00000E+00  4.00000E+03 -3.00000E+00  1.00000E+00  1.57226-316
  2.50000E-01 -7.00000E+03  1.17942E+00  6.44127E+00  9.20284E-02  4.16146E-01  8.00000E+00 -2.00000E+00  4.00000E+03 -3.00000E+00 -1.00000E+00  8.23695E-01  3.87919E+00  1.72037E-01  5.18283E-01  8.00000E+00 -2.00000E+00  4.00000E+03 -3.00000E+00  1.00000E+00  1.57226-316
  2.50000E-01 -6.50000E+03  1.19975E+00  6.60127E+00  9.39294E-02  4.27314E-01  8.00000E+00 -2.00000E+00  4.00000E+03 -3.00000E+00 -1.00000E+00  9.44091E-01  4.40678E+00  1.90315E-01  5.76380E-01  8.00000E+00 -2.00000E+00  4.00000E+03 -3.00000E+00  1.00000E+00  1.57226-316
  2.50000E-01 -6.00000E+03  1.22091E+00  6.76991E+00  9.58792E-02  4.38929E-01  8.00000E+00 -2.00000E+00  4.00000E+03 -3.00000E+00 -1.00000E+00  1.08975E+00  5.04658E+00  2.12010E-01  6.45930E-01  8.00000E+00 -2.00000E+00  4.00000E+03 -3.00000E+00  1.00000E+00  1.57226-316
  2.50000E-01 -5.50000E+03  1.24286E+00  6.94746E+00  9.78736E-02  4.50988E-01  8.00000E+00 -2.00000E+00  4.00000E+03 -3.00000E+00 -1.00000E+00  1.26837E+00  5.83373E+00  2.38085E-01  7.30316E-01  8.00000E+00 -2.00000E+00  4.00000E+03 -3.00000E+00  1.00000E+00  1.57226-316
  2.50000E-01 -5.00000E+03  1.26554E+00  7.13401E+00  9.99059E-02  4.63474E-01  8.00000E+00 -2.00000E+00  4.00000E+03 -3.00000E+00 -1.00000E+00  1.49088E+00  6.81855E+00  2.69881E-01  8.34312E-01  8.00000E+00 -2.00000E+00  4.00000E+03 -3.00000E+00  1.00000E+00  1.57226-316
  2.50000E-01 -4.50000E+03  1.28886E+00  7.32940E+00  1.01967E-01  4.76353E-01  8.00000E+00 -2.00000E+00  4.00000E+03 -3.00000E+00 -1.00000E+00  1.77326E+00  8.07535E+00  3.09324E-01  9.64852E-01  8.00000E+00 -2.00000E+00  4.00000E+03 -3.00000E+00  1.00000E+00  1.57226-316
  2.50000E-01 -4.00000E+03  1.31263E+00  7.53300E+00  1.04042E-01  4.89565E-01  8.00000E+00 -2.00000E+00  4.00000E+03 -3.00000E+00 -1.00000E+00  2.13964E+00  9.71778E+00  3.59266E-01  1.13236E+00  8.00000E+00 -2.00000E+00  4.00000E+03 -3.00000E+00  1.00000E+00  1.57226-316
  2.50000E-01 -3.50000E+03  1.33660E+00  7.74352E+00  1.06112E-01  5.03011E-01  8.00000E+00 -2.00000E+00  4.00000E+03 -3.00000E+00 -1.00000E+00  2.62811E+00  1.19273E+01  4.24120E-01  1.35317E+00  8.00000E+00 -2.00000E+00  4.00000E+03 -3.00000E+00  1.00000E+00  1.57226-316
  2.50000E-01 -3.00000E+03  1.36034E+00  7.95853E+00  1.08150E-01  5.16534E-01  8.00000E+00 -2.00000E+00  4.00000E+03 -3.00000E+00 -1.00000E+00  3.30188E+00  1.50098E+01  5.11058E-01  1.65427E+00  8.00000E+00 -2.00000E+00  4.00000E+03 -3.00000E+00  1.00000E+00  1.57226-316
  2.50000E-01 -2.50000E+03  1.38322E+00  8.17389E+00  1.10115E-01  5.29895E-01  8.00000E+00 -2.00000E+00  4.00000E+03 -3.00000E+00 -1.00000E+00  4.27333E+00  1.95173E+01  6.32544E-01  2.08334E+00  8.00000E+00 -2.00000E+00  4.00000E+03 -3.00000E+00  1.00000E+00  1.57226-316
  2.50000E-01 -2.00000E+03  1.40428E+00  8.38264E+00  1.11954E-01  5.42728E-01  8.00000E+00 -2.00000E+00  4.00000E+03 -3.00000E+00 -1.00000E+00  5.76125E+00  2.65426E+01  8.12279E-01  2.73270E+00  8.00000E+00 -2.00000E+00  4.00000E+03 -3.00000E+00  1.00000E+00  1.57226-316
  2.50000E-01 -1.50000E+03  1.42208E+00  8.57339E+00  1.13592E-01  5.54488E-01  8.00000E+00 -2.00000E+00  4.00000E+03 -3.00000E+00 -1.00000E+00  8.25212E+00  3.85583E+01  1.10153E+00  3.80634E+00  8.00000E+00 -2.00000E+00  4.00000E+03 -3.00000E+00  1.00000E+00  1.57226-316
  2.50000E-01 -1.00000E+03  1.43451E+00  8.72786E+00  1.14924E-01  5.64364E-01  8.00000E+00 -2.00000E+00  4.00000E+03 -3.00000E+00 -1.00000E+00  1.30856E+01  6.24991E+01  1.63616E+00  5.86167E+00  8.00000E+00 -2.00000E+00  4.00000E+03 -3.00000E+00  1.00000E+00  1.57226-316
  2.50000E-01 -5.00000E+02  1.43856E+00  8.81771E+00  1.15815E-01  5.71208E-01  8.00000E+00 -2.00000E+00  4.00000E+03 -3.00000E+00 -1.00000E+00  2.58351E+01  1.28153E+02  2.93755E+00  1.11821E+01  8.00000E+00 -2.00000E+00  4.00000E+03 -3.00000E+00  1.00000E+00  1.57226-316
  2.50000E-01  1.00916E-11  1.43019E+00  8.80255E+00  1.16089E-01  5.73473E-01  8.00000E+00 -2.00000E+00  4.00000E+03 -3.00000E+00 -1.00000E+00  1.05996E+02  6.45329E+02  8.78908E+00  4.26562E+01  8.00000E+00 -2.00000E+00  4.00000E+03 -3.00000E+00  1.00000E+00  1.57226-316
  2.50000E-01  5.00000E+02  1.40984E+00  8.67647E+00  1.15830E-01  5.71299E-01  8.00000E+00 -2.00000E+00  4.00000E+03 -3.00000E+00 -1.00000E+00  2.65223E+01  1.30726E+02  2.93274E+00  1.11625E+01  8.00000E+00 -2.00000E+00  4.00000E+03 -3.00000E+00  1.00000E+00  1.57226-316
  2.50000E-01  1.00000E+03  1.37730E+00  8.44707E+00  1.14944E-01  5.64465E-01  8.00000E+00 -2.00000E+00  4.00000E+03 -3.00000E+00 -1.00000E+00  1.38879E+01  6.53881E+01  1.63367E+00  5.85454E+00  8.00000E+00 -2.00000E+00  4.00000E+03 -3.00000E+00  1.00000E+00  1.57226-316
  2.50000E-01  1.50000E+03  1.33706E+00  8.15816E+00  1.13610E-01  5.54561E-01  8.00000E+00 -2.00000E+00  4.00000E+03 -3.00000E+00 -1.00000E+00  9.07643E+00  4.14400E+01  1.10038E+00  3.80491E+00  8.00000E+00 -2.00000E+00  4.00000E+03 -3.00000E+00  1.00000E+00  1.57226-316
  2.50000E-01  2.00000E+03  1.29238E+00  7.83966E+00  1.11968E-01  5.42762E-01  8.00000E+00 -2.00000E+00  4.00000E+03 -3.00000E+00 -1.00000E+00  6.57881E+00  2.93348E+01  8.11913E-01  2.73421E+00  8.00000E+00 -2.00000E+00  4.00000E+03 -3.00000E+00  1.00000E+00  1.57226-316
  2.50000E-01  2.50000E+03  1.24552E+00  7.51045E+00  1.10123E-01  5.29886E-01  8.00000E+00 -2.00000E+00  4.00000E+03 -3.00000E+00 -1.00000E+00  5.07341E+00  2.21987E+01  6.32664E-01  2.08655E+00  8.00000E+00 -2.00000E+00  4.00000E+03 -3.00000E+00  1.00000E+00  1.57226-316
  2.50000E-01  3.00000E+03  1.19796E+00  7.18192E+00  1.08151E-01  5.16484E-01  8.00000E+00 -2.00000E+00  4.00000E+03 -3.00000E+00 -1.00000E+00  4.08045E+00  1.75789E+01  5.11496E-01  1.65852E+00  8.00000E+00 -2.00000E+00  4.00000E+03 -3.00000E+00  1.00000E+00  1.57226-316
  2.50000E-01  3.50000E+03  1.15065E+00  6.86081E+00  1.06107E-01  5.02922E-01  8.00000E+00 -2.00000E+00  4.00000E+03 -3.00000E+00 -1.00000E+00  3.38400E+00  1.43893E+01  4.24778E-01  1.35809E+00  8.00000E+00 -2.00000E+00  4.00000E+03 -3.00000E+00  1.00000E+00  1.57226-316
  2.50000E-01  4.00000E+03  1.10421E+00  6.55090E+00  1.04031E-01  4.89440E-01  8.00000E+00 -2.00000E+00  4.00000E+03 -3.00000E+00 -1.00000E+00  2.87302E+00  1.20803E+01  3.60080E-01  1.13771E+00  8.00000E+00 -2.00000E+00  4.00000E+03 -3.00000E+00  1.00000E+00  1.57226-316
  2.50000E-01  4.50000E+03  1.05902E+00  6.25419E+00  1.01950E-01  4.76197E-01  8.00000E+00 -2.00000E+00  4.00000E+03 -3.00000E+00 -1.00000E+00  2.48490E+00  1.03465E+01  3.10250E-01  9.70497E-01  8.00000E+00 -2.00000E+00  4.00000E+03 -3.00000E+00  1.00000E+00  1.57226-316
  2.50000E-01  5.00000E+03  1.01530E+00  5.97154E+00  9.98837E-02  4.63289E-01  8.00000E+00 -2.00000E+00  4.00000E+03 -3.00000E+00 -1.00000E+00  2.18183E+00  9.00595E+00  2.70890E-01  8.40149E-01  8.00000E+00 -2.00000E+00  4.00000E+03 -3.00000E+00  1.00000E+00  1.57226-316
  2.50000E-01  5.50000E+03  9.73178E-01  5.70315E+00  9.78464E-02  4.50778E-01  8.00000E+00 -2.00000E+00  4.00000E+03 -3.00000E+00 -1.00000E+00  1.93978E+00  7.94449E+00  2.39156E-01  7.36275E-01  8.00000E+00 -2.00000E+00  4.00000E+03 -3.00000E+00  1.00000E+00  1.57226-316
  2.50000E-01  6.00000E+03  9.32699E-01  5.44879E+00  9.58475E-02  4.38696E-01  8.00000E+00 -2.00000E+00  4.00000E+03 -3.00000E+00 -1.00000E+00  1.74276E+00  7.08710E+00  2.13127E-01  6.51963E-01  8.00000E+00 -2.00000E+00  4.00000E+03 -3.00000E+00  1.00000E+00  1.57226-316
  2.50000E-01  6.50000E+03  8.93873E-01  5.20796E+00  9.38935E-02  4.27061E-01  8.00000E+00 -2.00000E+00  4.00000E+03 -3.00000E+00 -1.00000E+00  1.57982E+00  6.38278E+00  1.91465E-01  5.82451E-01  8.00000E+00 -2.00000E+00  4.00000E+03 -3.00000E+00  1.00000E+00  1.57226-316
  2.50000E-01  7.00000E+03  8.56675E-01  4.98007E+00  9.19887E-02  4.15876E-01  8.00000E+00 -2.00000E+00  4.00000E+03 -3.00000E+00 -1.00000E+00  1.44320E+00  5.79578E+00  1.73212E-01  5.24369E-01  8.00000E+00 -2.00000E+00  4.00000E+03 -3.00000E+00  1.00000E+00  1.57226-316
  2.50000E-01  7.50000E+03  8.21062E-01  4.76442E+00  9.01356E-02  4.05135E-01  8.00000E+00 -2.00000E+00  4.00000E+03 -3.00000E+00 -1.00000E+00  1.32726E+00  5.30038E+00  1.57664E-01  4.75266E-01  8.00000E+00 -2.00000E+00  4.00000E+03 -3.00000E+00  1.00000E+00  1.57226-316
  2.50000E-01  8.00000E+03  7.86981E-01  4.56030E+00  8.83354E-02  3.94830E-01  8.00000E+00 -2.00000E+00  4.00000E+03 -3.00000E+00 -1.00000E+00  1.22784E+00  4.87768E+00  1.44293E-01  4.33328E-01  8.00000E+00 -2.00000E+00  4.00000E+03 -3.00000E+00  1.00000E+00  1.57226-316
  2.50000E-01  8.50000E+03  7.54367E-01  4.36702E+00  8.65887E-02  3.84947E-01  8.00000E+00 -2.00000E+00  4.00000E+03 -3.00000E+00 -1.00000E+00  1.14179E+00  4.51349E+00  1.32696E-01  3.97183E-01  8.00000E+00 -2.00000E+00  4.00000E+03 -3.00000E+00  1.00000E+00  1.57226-316
  2.50000E-01  9.00000E+03  7.23157E-01  4.18389E+00  8.48952E-02  3.75470E-01  8.00000E+00 -2.00000E+00  4.00000E+03 -3.00000E+00 -1.00000E+00  1.06669E+00  4.19700E+00  1.22563E-01  3.65777E-01  8.00000E+00 -2.00000E+00  4.00000E+03 -3.00000E+00  1.00000E+00  1.57226-316
  2.50000E-01  9.50000E+03  6.93283E-01  4.01025E+00  8.32541E-02  3.66382E-01  8.00000E+00 -2.00000E+00  4.00000E+03 -3.00000E+00 -1.00000E+00  1.00067E+00  3.91983E+00  1.13649E-01  3.38291E-01  8.00000E+00 -2.00000E+00  4.00000E+03 -3.00000E+00  1.00000E+00  1.57226-316
  2.50000E-01  1.00000E+04  6.64679E-01  3.84548E+00  8.16645E-02  3.57667E-01  8.00000E+00 -2.00000E+00  4.00000E+03 -3.00000E+00 -1.00000E+00  9.42228E-01  3.67540E+00  1.05759E-01  3.14076E-01  8.00000E+00 -2.00000E+00  4.00000E+03 -3.00000E+00  1.00000E+00  1.57226-316
  2.50000E-01  1.05000E+04  6.37279E-01  3.68901E+00  8.01250E-02  3.49307E-01  8.00000E+00 -2.00000E+00  4.00000E+03 -3.00000E+00 -1.00000E+00  8.90191E-01  3.45850E+00  9.87357E-02  2.92616E-01  8.00000E+00 -2.00000E+00  4.00000E+03 -3.00000E+00  1.00000E+00  1.57226-316
  2.50000E-01  1.10000E+04  6.11022E-01  3.54029E+00  7.86343E-02  3.41284E-01  8.00000E+00 -2.00000E+00  4.00000E+03 -3.00000E+00 -1.00000E+00  8.43600E-01  3.26493E+00  9.24532E-02  2.73495E-01  8.00000E+00 -2.00000E+00  4.00000E+03 -3.00000E+00  1.00000E+00  1.57226-316
  2.50000E-01  1.15000E+04  5.85848E-01  3.39882E+00  7.71909E-02  3.33583E-01  8.00000E+00 -2.00000E+00  4.00000E+03 -3.00000E+00 -1.00000E+00  8.01672E-01  3.09126E+00  8.68068E-02  2.56373E-01  8.00000E+00 -2.00000E+00  4.00000E+03 -3.00000E+00  1.00000E+00  1.57226-316
  2.50000E-01  1.20000E+04  5.61698E-01  3.26412E+00  7.57931E-02  3.26187E-01  8.00000E+00 -2.00000E+00  4.00000E+03 -3.00000E+00 -1.00000E+00  7.63767E-01  2.93472E+00  8.17104E-02  2.40971E-01  8.00000E+00 -2.00000E+00  4.00000E+03 -3.00000E+00  1.00000E+00  1.57226-316
  2.50000E-01  1.25000E+04  5.38519E-01  3.13576E+00  7.44394E-02  3.19080E-01  8.00000E+00 -2.00000E+00  4.00000E+03 -3.00000E+00 -1.00000E+00  7.29354E-01  2.79298E+00  7.70924E-02  2.27057E-01  8.00000E+00 -2.00000E+00  4.00000E+03 -3.00000E+00  1.00000E+00  1.57226-316
  2.50000E-01  1.30000E+04  5.16260E-01  3.01335E+00  7.31281E-02  3.12249E-01  8.00000E+00 -2.00000E+00  4.00000E+03 -3.00000E+00 -1.00000E+00  6.97987E-01  2.66414E+00  7.28925E-02  2.14439E-01  8.00000E+00 -2.00000E+00  4.00000E+03 -3.00000E+00  1.00000E+00  1.57226-316
  2.50000E-01  1.35000E+04  4.94871E-01  2.89649E+00  7.18577E-02  3.05678E-01  8.00000E+00 -2.00000E+00  4.00000E+03 -3.00000E+00 -1.00000E+00  6.69294E-01  2.54658E+00  6.90598E-02  2.02955E-01  8.00000E+00 -2.00000E+00  4.00000E+03 -3.00000E+00  1.00000E+00  1.57226-316
  2.50000E-01  1.40000E+04  4.74307E-01  2.78486E+00  7.06265E-02  2.99355E-01  8.00000E+00 -2.00000E+00  4.00000E+03 -3.00000E+00 -1.00000E+00  6.42957E-01  2.43894E+00  6.55513E-02  1.92468E-01  8.00000E+00 -2.00000E+00  4.00000E+03 -3.00000E+00  1.00000E+00  1.57226-316
  2.50000E-01  1.45000E+04  4.54525E-01  2.67812E+00  6.94331E-02  2.93268E-01  8.00000E+00 -2.00000E+00  4.00000E+03 -3.00000E+00 -1.00000E+00  6.18706E-01  2.34006E+00  6.23299E-02  1.82862E-01  8.00000E+00 -2.00000E+00  4.00000E+03 -3.00000E+00  1.00000E+00  1.57226-316
  2.50000E-01  1.50000E+04  4.35485E-01  2.57599E+00  6.82760E-02  2.87403E-01  8.00000E+00 -2.00000E+00  4.00000E+03 -3.00000E+00 -1.00000E+00  5.96313E-01  2.24896E+00  5.93641E-02  1.74036E-01  8.00000E+00 -2.00000E+00  4.00000E+03 -3.00000E+00  1.00000E+00  1.57226-316
  2.50000E-01  1.55000E+04  4.17148E-01  2.47819E+00  6.71537E-02  2.81751E-01  8.00000E+00 -2.00000E+00  4.00000E+03 -3.00000E+00 -1.00000E+00  5.75576E-01  2.16479E+00  5.66265E-02  1.65905E-01  8.00000E+00 -2.00000E+00  4.00000E+03 -3.00000E+00  1.00000E+00  1.57226-316
  2.50000E-01  1.60000E+04  3.99479E-01  2.38446E+00  6.60650E-02  2.76300E-01  8.00000E+00 -2.00000E+00  4.00000E+03 -3.00000E+00 -1.00000E+00  5.56325E-01  2.08681E+00  5.40934E-02  1.58395E-01  8.00000E+00 -2.00000E+00  4.00000E+03 -3.00000E+00  1.00000E+00  1.57226-316
  2.50000E-01  1.65000E+04  3.82444E-01  2.29457E+00  6.50083E-02  2.71041E-01  8.00000E+00 -2.00000E+00  4.00000E+03 -3.00000E+00 -1.00000E+00  5.38410E-01  2.01440E+00  5.17441E-02  1.51442E-01  8.00000E+00 -2.00000E+00  4.00000E+03 -3.00000E+00  1.00000E+00  1.57226-316
  2.50000E-01  1.70000E+04  3.66012E-01  2.20829E+00  6.39826E-02  2.65965E-01  8.00000E+00 -2.00000E+00  4.00000E+03 -3.00000E+00 -1.00000E+00  5.21700E-01  1.94699E+00  4.95605E-02  1.44990E-01  8.00000E+00 -2.00000E+00  4.00000E+03 -3.00000E+00  1.00000E+00  1.57226-316
  2.50000E-01  1.75000E+04  3.50153E-01  2.12544E+00  6.29864E-02  2.61062E-01  8.00000E+00 -2.00000E+00  4.00000E+03 -3.00000E+00 -1.00000E+00  5.06081E-01  1.88411E+00  4.75270E-02  1.38989E-01  8.00000E+00 -2.00000E+00  4.00000E+03 -3.00000E+00  1.00000E+00  1.57226-316
  2.50000E-01  1.80000E+04  3.34839E-01  2.04580E+00  6.20188E-02  2.56324E-01  8.00000E+00 -2.00000E+00  4.00000E+03 -3.00000E+00 -1.00000E+00  4.91453E-01  1.82533E+00  4.56294E-02  1.33398E-01  8.00000E+00 -2.00000E+00  4.00000E+03 -3.00000E+00  1.00000E+00  1.57226-316
  2.50000E-01  1.85000E+04  3.20044E-01  1.96922E+00  6.10785E-02  2.51743E-01  8.00000E+00 -2.00000E+00  4.00000E+03 -3.00000E+00 -1.00000E+00  4.77726E-01  1.77027E+00  4.38554E-02  1.28178E-01  8.00000E+00 -2.00000E+00  4.00000E+03 -3.00000E+00  1.00000E+00  1.57226-316
  2.50000E-01  1.90000E+04  3.05743E-01  1.89552E+00  6.01646E-02  2.47312E-01  8.00000E+00 -2.00000E+00  4.00000E+03 -3.00000E+00 -1.00000E+00  4.64821E-01  1.71861E+00  4.21942E-02  1.23295E-01  8.00000E+00 -2.00000E+00  4.00000E+03 -3.00000E+00  1.00000E+00  1.57226-316
  2.50000E-01  1.95000E+04  2.91913E-01  1.82455E+00  5.92759E-02  2.43024E-01  8.00000E+00 -2.00000E+00  4.00000E+03 -3.00000E+00 -1.00000E+00  4.52669E-01  1.67005E+00  4.06359E-02  1.18720E-01  8.00000E+00 -2.00000E+00  4.00000E+03 -3.00000E+00  1.00000E+00  1.57226-316
  2.50000E-01  2.00000E+04  2.78533E-01  1.75617E+00  5.84115E-02  2.38873E-01  8.00000E+00 -2.00000E+00  4.00000E+03 -3.00000E+00 -1.00000E+00  4.41208E-01  1.62433E+00  3.91719E-02  1.14426E-01  8.00000E+00 -2.00000E+00  4.00000E+03 -3.00000E+00  1.00000E+00  1.57226-316
