# Postprocessed output from file: /home/jose/RUNS/marconis/lhdis_0117/flsurf_phi.dat
# Time average interval         : 600000	1000000
# load_s0, nchi, nphi, nfp
#
0.640625
65
65
10
3.98634379589	3.7693755794	3.58644708576	3.44264621746	3.34130144176	3.28392581578	3.27031268226	3.29865027354	3.36572822938	3.46718870089	3.59779462514	3.75171889883	3.92281905292	4.10490206095	4.29195470064	4.47833854029	4.65895071303	4.82933162636	4.98574529275	5.12520416402	5.24547610019	5.34505322087	5.42310823632	5.47943633654	5.51438879449	5.52883854012	5.52410422833	5.50192528171	5.46445116203	5.41418718348	5.35400129307	5.28710412586	5.21699538047	5.1474266386	5.08231497967	5.02564393747	4.98131058662	4.95297409983	4.94385677057	4.95651276627	4.99264394618	5.05288559841	5.13662666073	5.24191967667	5.36541041078	5.50238092593	5.64687336748	5.7919112212	5.92981084252	6.05256066005	6.15227137653	6.22163255739	6.25438549365	6.24573876917	6.19272283346	6.09444169793	5.95219303494	5.76946213738	5.55176286304	5.30636560784	5.04189960134	4.76787703868	4.49421290636	4.23065858939	3.98634379589	
3.58798729191	3.42217282985	3.30264902504	3.23185931365	3.21015713731	3.23591853927	3.30578149115	3.41491444147	3.55738109291	3.72650863655	3.91526927788	4.11662462327	4.32383381013	4.53069317545	4.73171247004	4.922225953	5.09843043465	5.25737387333	5.39690082607	5.51557551007	5.61258027369	5.68762407989	5.74086737768	5.7728505095	5.78447381285	5.77697882028	5.75197680436	5.71145031431	5.65782300507	5.59394566496	5.52310081308	5.44901885603	5.37573861132	5.30754674801	5.2488069599	5.20375944545	5.17630506928	5.16975684351	5.18658556524	5.2281828642	5.29466855873	5.38473660705	5.49558405581	5.62290921028	5.76102847701	5.90307420727	6.0412866111	6.16739971574	6.27306957255	6.35035904339	6.39221425523	6.39292223453	6.34850989393	6.25704838146	6.11885629046	5.93655549496	5.71500367367	5.46108160809	5.18335543963	4.89165024741	4.59650792433	4.30868068531	4.03855589837	3.79560332283	3.58798729191	
3.1921164589	3.10348533418	3.06866102819	3.08690576162	3.15539866924	3.26947805739	3.42298641271	3.60866482345	3.81859167722	4.04461312331	4.27875670313	4.51358491011	4.74246436552	4.9597690281	5.16098396235	5.34271612498	5.50263611626	5.63937175077	5.75236451703	5.84168573933	5.90789208539	5.95188975776	5.97482458411	5.97803847478	5.96305475166	5.93160110067	5.88567759926	5.82761929847	5.76017281678	5.68652132768	5.61028555747	5.53549953255	5.46647548898	5.40764098899	5.36331974995	5.33746626871	5.33337011538	5.35337009358	5.39858222357	5.46867863517	5.5617419378	5.67420073708	5.80091160051	5.93528589461	6.06961062723	6.19540351155	6.30388022	6.38646970191	6.43532623845	6.44385865013	6.40715448499	6.32236379561	6.18892686757	6.00869605441	5.78589217592	5.52693820238	5.24014796632	4.93532092906	4.62325249464	4.31518569958	4.02225675612	3.75496462912	3.52265240454	3.33308072014	3.1921164589	
2.87594158226	2.88445965573	2.94804514971	3.06271121439	3.22270849186	3.4208670614	3.64899490567	3.89831831919	4.15991944025	4.42515986622	4.68606021186	4.93559323254	5.16790712794	5.37846717295	5.56404946006	5.7227090939	5.85365124493	5.95704521081	6.03382717422	6.0854710531	6.11381491283	6.12089900036	6.10885886565	6.07987600645	6.03618062224	5.98009716106	5.91412013704	5.84099329913	5.76378413855	5.68591512241	5.61113129728	5.54346106006	5.48705058957	5.44591196562	5.42370721128	5.42341841408	5.4470351683	5.49526966489	5.56730681219	5.66065426104	5.7710955014	5.89275789343	6.01834499493	6.13946825977	6.24709824371	6.33212280259	6.38591522063	6.40092140932	6.37120235458	6.29288996427	6.16449882247	5.98711207389	5.76437918272	5.50236435678	5.20923730399	4.89484714714	4.5702070761	4.24693193387	3.93666111435	3.65050014476	3.39852860492	3.18935149141	3.0297516362	2.92444928712	2.87594158226	
2.71117185865	2.82654302536	2.99130269989	3.19863173301	3.44054207792	3.7082449172	3.99255276256	4.28427764593	4.57460420331	4.85544470646	5.11971418297	5.36154879761	5.57646435648	5.76136930588	5.91455742324	6.03559626932	6.12515654517	6.18480600178	6.21678871378	6.22380761156	6.20882333463	6.17490829827	6.12514260726	6.06256097615	5.99014542443	5.91089361309	5.82783789728	5.74411411763	5.66302948494	5.58805560126	5.52276947293	5.47073269993	5.43533281521	5.41953937559	5.42561900969	5.45484472084	5.50721409469	5.58122064036	5.67369160872	5.77976013201	5.89295870812	6.00545879464	6.10846140133	6.1927018711	6.24904556848	6.26911342626	6.24594011594	6.17451428705	6.05222937689	5.87918259452	5.65826437816	5.39507291019	5.09762378167	4.77590773918	4.44132886847	4.10605971309	3.782403724	3.48215330453	3.21604597688	2.99330517605	2.82127109919	2.70517586527	2.64800474975	2.6504924515	2.71117185865	
2.75048462819	2.96940873436	3.22545756709	3.50982115527	3.81327937318	4.12653618933	4.44056726648	4.74689247722	5.03786595655	5.30688271075	5.54852474354	5.75871805455	5.93475198239	6.07524438736	6.18008158511	6.25028206246	6.2878212085	6.29543778251	6.27643458213	6.2344860911	6.17346446287	6.09732422448	6.00997050483	5.91525177676	5.81689593257	5.71853274585	5.62371215321	5.53588643125	5.45840934069	5.39450017225	5.34715009908	5.31891654619	5.31180214959	5.3270010258	5.36465620574	5.4236451187	5.50139156987	5.59376719867	5.69508971039	5.79826336605	5.89504283934	5.97645903699	6.03334154362	6.05694226954	6.03958203745	5.97528554385	5.86034691496	5.69373353177	5.47732983677	5.21596100498	4.9171998003	4.59096885256	4.24897232869	3.90400972457	3.56923208957	3.25740635668	2.98023974814	2.74781660295	2.56817308652	2.44701941252	2.38761776655	2.39078267211	2.45501478465	2.57672053915	2.75048462819	
3.01597354851	3.32134465386	3.64632365546	3.98122820996	4.31676601407	4.64430133859	4.95605867952	5.24528096209	5.50638692519	5.73499471229	5.92795779722	6.08340002468	6.2006322469	6.28009198992	6.3232117599	6.33230030811	6.31040346691	6.26113729884	6.18855322355	6.09700011684	5.9909994504	5.87514582919	5.75401717984	5.63213903997	5.51385978353	5.40332511609	5.30446929958	5.2208478962	5.15558918499	5.11128102184	5.08978152689	5.09209744219	5.11818683773	5.16678603838	5.23529179037	5.31966186259	5.41442195056	5.51275554472	5.6067265686	5.68761500205	5.74637060952	5.7741769365	5.76304518387	5.7064536281	5.5999305564	5.44154705932	5.23224717109	4.97598323552	4.67965588677	4.35280028782	4.00709319884	3.65568478688	3.31242866922	2.99107190645	2.70446765896	2.46388235853	2.27843319585	2.15470425693	2.09653400377	2.10498163101	2.17847399242	2.31305192786	2.50273747129	2.73995606441	3.01597354851	
3.49348843404	3.85594073	4.21731565047	4.56826821672	4.9005696964	5.20725509874	5.48272815533	5.72272585459	5.92433246855	6.08589686811	6.20689666491	6.2878603675	6.33019486497	6.33609236175	6.30839379242	6.2504770649	6.16615614148	6.05960145176	5.93528549569	5.79789704068	5.6522924598	5.50344334022	5.35634394555	5.21594139411	5.08699574073	4.97397030769	4.88085900715	4.81100514131	4.76692635988	4.75008306366	4.76071847938	4.79767422333	4.85828659606	4.93832867209	5.03204323057	5.13228404991	5.23074343485	5.31833443334	5.3856270724	5.42339532674	5.42323066922	5.37813439444	5.28310344472	5.13561939305	4.93601808	4.68766507599	4.39694540685	4.0730325676	3.72745051738	3.37346389505	3.02533656648	2.69751295325	2.40379704203	2.15657818383	1.9661691446	1.84029974765	1.78378264	1.79838598481	1.8828834729	2.0332829545	2.24318992337	2.50427400686	2.80680363575	3.14018406974	3.49348843404	
4.13210780135	4.51344958404	4.87235031711	5.20089565461	5.49286884035	5.74375892118	5.95074304377	6.1125488679	6.22925372833	6.30212012939	6.3333444896	6.32583316713	6.28300482947	6.2086403429	6.10674059422	5.9814768603	5.83712601482	5.67808938247	5.50891870313	5.33430540068	5.15910900677	4.98833652602	4.82706906084	4.68034291447	4.55297826232	4.44935766978	4.37316137117	4.32707160438	4.31248020331	4.32923357818	4.37542671281	4.44726498971	4.53908271963	4.64344931259	4.7514532921	4.85311357153	4.93791815257	4.99545512647	5.01610352148	4.99172532588	4.9163114585	4.78651664959	4.60204359942	4.36584412912	4.08409041063	3.76594075	3.42308441472	3.0691205215	2.7188024534	2.38721215151	2.08892421759	1.83721404851	1.6433642791	1.5161055631	1.46122696521	1.48136218433	1.57595831845	1.74142766324	1.9714433726	2.25737515797	2.58881920455	2.95417200003	3.34123136983	3.73778098064	4.13210780135	
4.8503735369	5.20837375757	5.52432173951	5.79258850728	6.00961709415	6.17382102853	6.28543186453	6.34630471206	6.35957075907	6.32932736775	6.26032122857	6.15764452518	6.02648110196	5.87192947014	5.69888236106	5.51200455718	5.31574887743	5.11443280976	4.91236474591	4.71390241192	4.52355079992	4.34596950612	4.18590208701	4.04804995001	3.93680353668	3.85593192656	3.80827718478	3.79529939248	3.8167322814	3.87030467474	3.95154046845	4.05375299651	4.16819882376	4.28445355586	4.39097008748	4.47579865383	4.52743414117	4.5356676398	4.49243179073	4.39254155941	4.23421271558	4.0193762358	3.75369396059	3.44631343004	3.10935840775	2.75720055771	2.40559477765	2.07073576229	1.76832077471	1.51268825278	1.31608208325	1.18808081384	1.13520753279	1.160723916	1.26460224591	1.44365357303	1.6918009932	2.00046587978	2.35904138236	2.75544396208	3.17667227175	3.60941775352	4.0406154596	4.45795797609	4.8503735369	
5.54732084948	5.8410017814	6.07681835487	6.25195435995	6.36581757971	6.41989575309	6.41748856375	6.3634054875	6.26358675545	6.12467703762	5.95363494553	5.75739643433	5.54256277219	5.31523163951	5.08088709161	4.84439937084	4.61011735874	4.38200199112	4.1638007497	3.95920909897	3.7719990576	3.60604224227	3.46525197266	3.3534304479	3.27393922814	3.2293348322	3.22094531953	3.24839836518	3.30925186492	3.39870193213	3.50951950494	3.63219038504	3.7552960777	3.86617047602	3.95177689136	3.99969106168	3.99916284927	3.9421479299	3.82411157532	3.6446282056	3.40765112301	3.12138394146	2.79782472392	2.45198484494	2.10086940218	1.76233799698	1.4539350697	1.19181121851	0.989812211406	0.858795937171	0.806199134089	0.835849631364	0.947997497418	1.1395262188	1.40429785302	1.73359391472	2.11661072624	2.54099123068	2.99336104532	3.45985858843	3.92663774132	4.3803903632	4.80877973592	5.20083290749	5.54732084948	
6.1159014385	6.31023069379	6.43604064733	6.49352944219	6.48512289681	6.41522249989	6.28994013987	6.11671176388	5.90383866839	5.66006616259	5.39411743132	5.11432479589	4.82832397894	4.54285114028	4.26366046111	3.99555813395	3.74250336749	3.50783209815	3.29443354702	3.10498917732	2.94212316389	2.80841848031	2.70640610087	2.63833281981	2.605839594	2.60955911771	2.64863318689	2.72027209072	2.81943061069	2.93862373035	3.06802703277	3.1958366647	3.30892926816	3.39379888099	3.43765110077	3.42960597478	3.36183607475	3.23052496069	3.03650095581	2.78548690902	2.48790643788	2.15823871239	1.81401251915	1.47452641172	1.15944072253	0.887386348764	0.674729405508	0.534596665123	0.47622721454	0.504668106606	0.620790276041	0.82157133231	1.10057073472	1.44852241197	1.85397783551	2.3039458704	2.78448790013	3.28125089987	3.77994338927	4.26675058507	4.72869888212	5.15399241351	5.53232396651	5.85514365455	6.1159014385	
6.45756178324	6.52698258236	6.52302276396	6.44885222021	6.30969398327	6.11254778432	5.8659278153	5.57941171051	5.2631632176	4.92749207656	4.58236899494	4.23705877848	3.89978209513	3.57753188713	3.27599656178	2.99960400235	2.75165018288	2.53452507308	2.34994769445	2.19919529881	2.08327250403	2.00296056469	1.95875919083	1.95067880471	1.97792257545	2.03847508507	2.12869299213	2.24295958231	2.37347575883	2.51030317182	2.64167569016	2.75462328522	2.83590546949	2.87311956783	2.85594465292	2.77736053569	2.63463622451	2.4299984429	2.17087548612	1.8696268008	1.54276967261	1.2098034558	0.891730029626	0.609434905418	0.382122856272	0.225954551706	0.153021392155	0.170730169742	0.281613893979	0.483533192049	0.770190245831	1.13185456948	1.55619885076	2.02914560514	2.53565132394	3.06038364508	3.58826751993	4.1049054007	4.59688490916	5.05202687162	5.45956853066	5.81033072025	6.09689989337	6.31378441348	6.45756178324	
6.49148896649	6.42176790072	6.27961474813	6.07092286864	5.80336631751	5.4861783853	5.12978365242	4.74537361881	4.34444583536	3.9383190924	3.53768425015	3.15221180937	2.79023848555	2.45857923982	2.16245488698	1.90554054434	1.69011205882	1.51725592759	1.38712657022	1.29916298926	1.25224850221	1.24477306976	1.27457489369	1.33876047234	1.43343200862	1.55338791688	1.69184482502	1.84027447496	1.98844601206	2.12472835543	2.23665729196	2.31182780977	2.33897530947	2.30915009457	2.21690417153	2.06125376581	1.84629558068	1.58137009442	1.28070829123	0.962554174433	0.647850913496	0.358629340274	0.116268923263	-0.0601652512364	-0.155336883155	-0.15866214455	-0.0648619230238	0.125969114871	0.408732453774	0.774038871048	1.20914223743	1.69897403766	2.22716109096	2.7769221583	3.33182175732	3.87632736623	4.39618121819	4.87862849879	5.3125454962	5.68848349298	5.99871318386	6.23728194768	6.40006649414	6.4848675839	6.49148896649	
6.1641487745	5.95284365643	5.67541682479	5.34013235608	4.95677494845	4.53636321403	4.09077311801	3.63232567197	3.17331196462	2.7255292137	2.29982924784	1.90573988192	1.55117822257	1.24225809256	0.983233115607	0.776549269764	0.622986322714	0.521870704122	0.471304471587	0.46837597334	0.509307423634	0.589529083413	0.703648287585	0.845344965806	1.0072321198	1.18071952423	1.35598110055	1.52206652948	1.66724079443	1.77957567579	1.84776847827	1.86216438074	1.81585558963	1.7057209515	1.53325504078	1.30505428068	1.0328264155	0.732879143504	0.425109132413	0.131571137618	-0.125223162496	-0.324092490871	-0.446853667531	-0.479696094937	-0.414119527129	-0.247362947011	0.0176791169653	0.372996783135	0.806350693299	1.30236703129	1.84371468877	2.4122269615	2.98986637881	3.5595101032	4.10550557559	4.61398677757	5.07304414883	5.47271490528	5.80499662728	6.06374131331	6.24457801732	6.34493095573	6.36399270004	6.30277597816	6.1641487745	
5.44902179001	5.10507476611	4.70602707535	4.26216740156	3.78499516777	3.28690432067	2.78079649865	2.27965040131	1.79604487293	1.34170312433	0.927055757941	0.560884128074	0.250044078826	-0.000691256462902	-0.188672157295	-0.313316192831	-0.375954083485	-0.379629328976	-0.328879709036	-0.229531620492	-0.0885416656718	0.0861057364694	0.285452426075	0.499596630059	0.717738985032	0.92831011935	1.11922502255	1.27832023947	1.39399293744	1.45602509294	1.45654547669	1.39101343886	1.25910721755	1.06536363733	0.819431063906	0.535856578123	0.233355163885	-0.066392531772	-0.340308382335	-0.565699857072	-0.722050159518	-0.792624973209	-0.765725466659	-0.635458489388	-0.401970913231	-0.0711652362736	0.346032930863	0.834722392821	1.3772650446	1.95453250313	2.54709204286	3.13620068081	3.70452457012	4.23668159984	4.71951153765	5.14213786605	5.49592515932	5.7743383219	5.97281429623	6.08860046381	6.12065153439	6.06960563731	5.93773769494	5.72900021452	5.44902179001	
4.35072225802	3.89327630777	3.39569202158	2.86992989296	2.32885152576	1.78585941601	1.25448403673	0.747919664617	0.27853478947	-0.142588499433	-0.506076068313	-0.804608036581	-1.033147389	-1.18906827282	-1.2721668643	-1.28455124984	-1.23047527287	-1.1161102324	-0.949295867943	-0.739310966229	-0.496657211603	-0.232871676284	0.0396590628328	0.307913969917	0.55852302624	0.778171468209	0.954151868417	1.07507647265	1.13173197816	1.11799845128	1.03174537738	0.875565411566	0.657205723107	0.389584253435	0.0903059140416	-0.219322226684	-0.515718060541	-0.774761984018	-0.973666925324	-1.09276443871	-1.11702412678	-1.03714410684	-0.850105452918	-0.559168542336	-0.173351520834	0.293513258482	0.823999597942	1.39844296881	1.9962604326	2.59714956983	3.18206070149	3.73387388723	4.23786142795	4.68186931818	5.05630466029	5.35399872148	5.57000053778	5.7013709728	5.74694424088	5.70718188798	5.58408718322	5.38115654549	5.10337435128	4.75723374825	4.35072225802	
2.90183670233	2.35917072873	1.79450044671	1.22110084417	0.652850272628	0.103811681091	-0.412241703778	-0.882346693168	-1.29487165832	-1.63999978842	-1.91016549267	-2.10034439578	-2.2082873436	-2.23454098725	-2.18239915503	-2.0577251187	-1.86865584355	-1.62531030508	-1.3394263905	-1.02403653294	-0.693126551501	-0.361316302044	-0.0435042725235	0.245539036527	0.491673502732	0.68201433309	0.805682543667	0.854651832342	0.824630429359	0.715862788266	0.533725257818	0.288984166745	-0.00240535300826	-0.320014587725	-0.640159298356	-0.937535355625	-1.1871129069	-1.3660929307	-1.45568868544	-1.44256042144	-1.3197509087	-1.08702658881	-0.750643760437	-0.322593267883	0.180543862252	0.738991554674	1.33123471046	1.93543200956	2.53060850493	3.0976070319	3.6197633731	4.08321768162	4.47705008667	4.79318426678	5.02613771575	5.17272253533	5.23172640337	5.20365253854	5.090485938	4.8955602565	4.62350319315	4.28021363748	3.87290753095	3.41014750176	2.90183670233	
1.16002034895	0.567921918272	-0.0256072306911	-0.606319543562	-1.15966280581	-1.67127583161	-2.12756753888	-2.51630411261	-2.82722268367	-3.05256298761	-3.18748356522	-3.23037657575	-3.1829918883	-3.05034356636	-2.8405302767	-2.56434602718	-2.23478869133	-1.86656627908	-1.47552708681	-1.0781551	-0.691059695995	-0.330507712556	-0.0119356339568	0.250574049292	0.444890099366	0.561514766124	0.594330360725	0.541354832402	0.405406815146	0.194554044198	-0.0777836590159	-0.393186731462	-0.729100839749	-1.06019619704	-1.36011740226	-1.60345742534	-1.76774648103	-1.83520781014	-1.79410386463	-1.63955577838	-1.37372090337	-1.00538206908	-0.54903332035	-0.0235751088687	0.549200165935	1.14617374731	1.74436606928	2.3221832865	2.86039149383	3.3427231424	3.75621945011	4.0912667495	4.34138719144	4.50293320828	4.57466546606	4.55733765933	4.45330002071	4.2662097482	4.00082371555	3.66289745486	3.25918868206	2.79749906652	2.28676994142	1.73715143625	1.16002034895	
-0.791497365776	-1.39133684017	-1.97028266422	-2.51347435481	-3.00605894169	-3.43382148404	-3.78387525614	-4.045406708	-4.21037786289	-4.27411684798	-4.23580653957	-4.09866266689	-3.86992532493	-3.56062433292	-3.18498835288	-2.75977219787	-2.30343931576	-1.8352824544	-1.3746129791	-0.940008598476	-0.548678042776	-0.215914096112	0.045384942174	0.225173380137	0.316724890826	0.317120987042	0.227734187969	0.0546321012422	-0.191192948178	-0.493888823334	-0.83320839515	-1.18542485363	-1.52469467547	-1.82477186211	-2.06091413755	-2.21177554976	-2.26106532408	-2.19876982119	-2.02187033072	-1.73442747721	-1.34708153364	-0.876089774861	-0.341957955644	0.232112112149	0.82182834325	1.40333098251	1.95448513688	2.45589404521	2.89155444732	3.24921083558	3.52037807976	3.70009084655	3.78653150946	3.78050052373	3.68485637733	3.50403064826	3.24359429026	2.90994358224	2.51013879209	2.0518609972	1.54348791256	0.994224687741	0.414254743272	-0.185131278833	-0.791497365776	
-2.85265865846	-3.41387776308	-3.93068278072	-4.3880418532	-4.77133246138	-5.06713142136	-5.26409664409	-5.3538962068	-5.33200781033	-5.19836261725	-4.95783915549	-4.62022047159	-4.19989695871	-3.71526813522	-3.18761509755	-2.63996578783	-2.09579829001	-1.5777496095	-1.10655580188	-0.700145803553	-0.373013882335	-0.135805305637	0.00491715051003	0.0467927882714	-0.00827628955906	-0.154100986138	-0.380231308947	-0.672075551245	-1.01121139102	-1.37596915647	-1.74233607306	-2.08519051151	-2.37980376201	-2.60349871615	-2.73727525594	-2.76722566333	-2.68556604267	-2.49121887366	-2.18984378934	-1.7933425566	-1.31893580367	-0.787883875685	-0.223995948146	0.347937401464	0.903634641596	1.4206706234	1.87952335344	2.26433769783	2.56330856344	2.76877569675	2.87703273963	2.88785861015	2.80397699857	2.63038793317	2.37371913731	2.04167281694	1.64256618814	1.18505069765	0.678000227873	0.130543261755	-0.447781865414	-1.04680948562	-1.65550830035	-2.26183154651	-2.85265865846	
-4.90676940921	-5.37971533567	-5.78410923319	-6.10540138172	-6.33006349991	-6.44659033249	-6.44657471089	-6.3258173713	-6.08520575161	-5.73130211657	-5.27659389994	-4.7391502916	-4.14176973094	-3.51072522166	-2.87409187969	-2.25996262217	-1.69469404385	-1.20133824824	-0.798446861167	-0.49927334353	-0.311408676277	-0.236795222478	-0.272032099299	-0.4088674407	-0.634791848141	-0.933660272849	-1.28632459556	-1.67132095086	-2.06560712745	-2.44543608328	-2.78741404255	-3.06964861592	-3.27296972908	-3.38211009029	-3.3867237299	-3.28211413445	-3.06960459073	-2.75650833875	-2.35568184028	-1.88472692831	-1.36488284954	-0.819726456633	-0.27376150457	0.248992443088	0.726291366279	1.13875676702	1.47070839551	1.71066243887	1.85152049724	1.89044339015	1.82846629221	1.66991730862	1.42171000097	1.09260181956	0.6924831082	0.231789581935	-0.278930639773	-0.829262243279	-1.40897192865	-2.00788666607	-2.61565561322	-3.2214625492	-3.81375174504	-4.3800134113	-4.90676940921	
-6.82489720727	-7.15748205341	-7.39773882937	-7.53275678263	-7.55161363806	-7.44657656659	-7.21440135088	-6.85733272426	-6.38400020356	-5.80978519982	-5.15635216263	-4.45087434367	-3.72442973101	-3.00994597561	-2.33996734317	-1.74436185478	-1.24830558736	-0.87070367713	-0.623197682694	-0.509801825882	-0.527139998404	-0.665175531574	-0.90830306425	-1.23663185559	-1.62731510857	-2.05582482559	-2.49709068908	-2.92649878361	-3.32081079249	-3.65894701407	-3.92272941469	-4.09759821668	-4.17319662916	-4.14386191452	-4.00892866432	-3.77281944667	-3.44490623798	-3.03907601157	-2.57309785349	-2.06775019471	-1.5457483	-1.03058645883	-0.545316585641	-0.111371835929	0.252495912983	0.531068073712	0.71326144799	0.792419188681	0.766305188902	0.636830775102	0.409516284246	0.092799094152	-0.302737204177	-0.765164369824	-1.28192480279	-1.84040378003	-2.42833113024	-3.03395686315	-3.64601888713	-4.2535872745	-4.84572648274	-5.41117851558	-5.93809961684	-6.4138095993	-6.82489720727	
-8.46995543502	-8.60968780633	-8.63575063999	-8.53888538623	-8.31317165015	-7.95740119017	-7.47628176877	-6.88119166206	-6.19062982967	-5.43000420439	-4.6303603476	-3.82684024402	-3.05631305241	-2.35470854556	-1.75440395075	-1.28177042226	-0.955308044979	-0.784453091448	-0.769207299683	-0.900547594368	-1.16154383142	-1.52899696697	-1.97539019601	-2.47092107752	-2.98544178978	-3.49009670503	-3.95864341783	-4.36840597187	-4.70083431083	-4.94188031723	-5.08211960191	-5.11671930473	-5.04537901049	-4.87212224586	-4.60507263303	-4.25615138602	-3.84062190713	-3.37656180532	-2.88422450093	-2.38521388706	-1.90159805337	-1.45494229806	-1.06527713757	-0.750194113326	-0.524001734704	-0.397097182367	-0.375592921582	-0.461193761329	-0.651366488047	-0.939769307081	-1.31685879154	-1.77064057959	-2.28749852411	-2.85294543586	-3.45235461411	-4.07142622162	-4.69656459113	-5.31500320487	-5.91468130604	-6.48405486821	-7.01175611371	-7.48628131111	-7.89575553209	-8.22785092852	-8.46995543502	
-9.70009478658	-9.59924197082	-9.36983672786	-9.00923647495	-8.51976501111	-7.90985939349	-7.19475141728	-6.39679985505	-5.54499354458	-4.6738186842	-3.82136550503	-3.02685527281	-2.32784495255	-1.75734387322	-1.34120943888	-1.09609514511	-1.02818886276	-1.13287009656	-1.39530267871	-1.79186636987	-2.29225880365	-2.86199909326	-3.4650521825	-4.06632491028	-4.63375463114	-5.13987981894	-5.56282371389	-5.88672832616	-6.10167491558	-6.20331337795	-6.19233384027	-6.07379211428	-5.85650744264	-5.55251203003	-5.17651270861	-4.74545593198	-4.2780338237	-3.79418226252	-3.31450272764	-2.85957374128	-2.44926696215	-2.10189078909	-1.83345668935	-1.6569390775	-1.58166775631	-1.6129459553	-1.75182699564	-1.99520036921	-2.33610009239	-2.76420863292	-3.2665104328	-3.8280990158	-4.43292026648	-5.06453076597	-5.70671181359	-6.34389455621	-6.96148010085	-7.54583684964	-8.08427245032	-8.56478960202	-8.97579939264	-9.30590548184	-9.54386246876	-9.678693298	-9.70009478658	
-10.3859500754	-10.0108924902	-9.50516081846	-8.87616743836	-8.1375615233	-7.30951147956	-6.41895414115	-5.49858183052	-4.5856528763	-3.71994399677	-2.94118764674	-2.28630922731	-1.7865499268	-1.46492676482	-1.33423524823	-1.39590237842	-1.6397945699	-2.04504269666	-2.58177649766	-3.21359048569	-3.90044936675	-4.60169480515	-5.27890768434	-5.89826061098	-6.43216638384	-6.86027305717	-7.16962386993	-7.35432599727	-7.41473732122	-7.35643965102	-7.18927609475	-6.92630604995	-6.58306121139	-6.17692259023	-5.72647827785	-5.25118548974	-4.77092916393	-4.30555181558	-3.87440554327	-3.49573575238	-3.18614934116	-2.95995238752	-2.82854983754	-2.7999310321	-2.87830415609	-3.06386815823	-3.35281559401	-3.73755393645	-4.20710645347	-4.74771554324	-5.34348751709	-5.97714488008	-6.63076158295	-7.28635993936	-7.92650550876	-8.53465117338	-9.09538007288	-9.5944679969	-10.0187822739	-10.3562141097	-10.5955819801	-10.7265906189	-10.7400295243	-10.6282976997	-10.3859500754	
-10.4346155076	-9.78100370626	-9.01449993128	-8.15501916066	-7.22867353813	-6.26719901469	-5.30702431516	-4.38744675469	-3.54856920868	-2.82880370043	-2.26215693267	-1.87563148418	-1.68693529804	-1.70281833679	-1.91823002233	-2.31646973295	-2.87033995866	-3.54421585089	-4.29680183848	-5.08429016662	-5.86358534251	-6.59516634616	-7.24550186835	-7.78861648354	-8.20676709343	-8.49052178594	-8.6379325513	-8.65355689863	-8.5471664511	-8.33231792914	-8.02543064913	-7.64470724043	-7.20944632682	-6.73957145476	-6.25510637795	-5.77588885909	-5.32118541498	-4.90930219791	-4.55718881317	-4.27992866706	-4.09018400149	-3.9978333569	-4.00948596398	-4.1281184304	-4.35292236409	-4.67926125337	-5.0988487637	-5.60007001217	-6.16848722955	-6.7874191312	-7.43858341181	-8.10281014661	-8.76072202563	-9.39318888626	-9.98178296578	-10.5092666186	-10.9597172389	-11.3186994292	-11.5733135569	-11.7123481739	-11.7264687912	-11.6084688088	-11.3538941636	-10.9616078982	-10.4346155076	
-9.82478252069	-8.93299801981	-7.97081260677	-6.97034577722	-5.96805952381	-5.0033434257	-4.11646230873	-3.3464427528	-2.72853244328	-2.29178577287	-2.0568238834	-2.03397508536	-2.222122912	-2.60836256854	-3.16863929324	-3.86933901453	-4.66971233693	-5.52491304918	-6.38924114755	-7.21938165191	-7.97708710007	-8.63137533693	-9.15963258837	-9.54810071495	-9.79143727023	-9.89180420129	-9.85753502099	-9.70165119027	-9.44065409313	-9.09318028418	-8.6791037888	-8.21889312317	-7.73304021234	-7.24172212183	-6.7644486627	-6.31984632762	-5.92521139878	-5.59626893063	-5.34682627856	-5.18813230364	-5.12867349376	-5.17374433853	-5.32520792775	-5.58123909977	-5.9363900217	-6.38160391908	-6.90461431803	-7.49035310412	-8.12132513561	-8.77845995444	-9.44148619217	-10.0896843826	-10.7024774034	-11.2598000831	-11.7426993194	-12.133653915	-12.4169424925	-12.5789677415	-12.6086514981	-12.497859104	-12.2418754741	-11.8399856838	-11.2961393743	-10.619435063	-9.82478252069	
-8.64444802201	-7.60855636808	-6.56810774324	-5.5632593068	-4.63497343799	-3.82293614794	-3.16330109175	-2.68638789725	-2.41457334099	-2.36048113355	-2.52570557657	-2.90024274103	-3.46275117061	-4.18175046838	-5.0176774265	-5.92567855428	-6.85880418959	-7.77131534781	-8.62168670668	-9.37495915138	-10.0044717027	-10.4924401524	-10.8301140439	-11.0167971194	-11.058714494	-10.9676980706	-10.7595010955	-10.4526670529	-10.0672889607	-9.62409867428	-9.14395062294	-8.64731871399	-8.15390346895	-7.68250567575	-7.25068574627	-6.87458376958	-6.56864336819	-6.34515717616	-6.21412603297	-6.18277648065	-6.25521885654	-6.43232891623	-6.71142598775	-7.08634624774	-7.54751110004	-8.08205359678	-8.67426823964	-9.30611831959	-9.95763850049	-10.6076132607	-11.2341456884	-11.8152181492	-12.3293256782	-12.7559458791	-13.0762066814	-13.2733948218	-13.3335883184	-13.2463377936	-13.0053134211	-12.6089754166	-12.0612153765	-11.3718434222	-10.5568073994	-9.63830766415	-8.64444802201	
-7.10155702753	-6.06396956598	-5.10150639556	-4.25469268909	-3.56046274439	-3.05005975212	-2.7470727385	-2.66572503141	-2.80964052481	-3.17115490068	-3.73136921188	-4.4610065213	-5.32213558553	-6.27059393236	-7.25906228753	-8.24023759526	-9.17009042972	-10.0104330358	-10.7309562448	-11.3103412246	-11.7362597753	-12.0052910245	-12.121285489	-12.0944265115	-11.9397148795	-11.6750943772	-11.3207394289	-10.8978261044	-10.4275759719	-9.93070249571	-9.42734399121	-8.93643930889	-8.47552692672	-8.06089262373	-7.70708915393	-7.42678483961	-7.2307109873	-7.12726878839	-7.12223226719	-7.2185589847	-7.41611272555	-7.711491077	-8.09797031329	-8.56559505988	-9.10121929173	-9.68875267209	-10.3098403613	-10.9437281238	-11.5684935266	-12.161093121	-12.6982121858	-13.1571322338	-13.5158108034	-13.7545241278	-13.8558817934	-13.8062886547	-13.5967394284	-13.2235351616	-12.6893577735	-12.0035775717	-11.1826282545	-10.2497914402	-9.23468400357	-8.17227397128	-7.10155702753	
-5.50489856228	-4.63184965436	-3.91125014369	-3.37488904697	-3.04691746771	-2.94240770382	-3.06622905753	-3.41245511812	-3.96431447183	-4.69485228544	-5.56831306562	-6.5422286687	-7.57006007961	-8.60427744156	-9.59937377217	-10.5147046795	-11.3168008662	-11.9805510208	-12.4901902304	-12.8387900066	-13.0273570629	-13.0641010074	-12.9622636763	-12.7392501097	-12.415168571	-12.01132544	-11.549744656	-11.0520364429	-10.539069095	-10.0304284242	-9.54425526481	-9.09692961707	-8.70307509032	-8.37550110712	-8.12485526825	-7.95976625909	-7.88656806988	-7.90932936209	-8.02944283001	-8.24548937257	-8.55329573364	-8.94557571405	-9.41211297349	-9.9397008061	-10.5122207153	-11.1111161815	-11.7156146943	-12.3029871219	-12.8495547769	-13.3310143549	-13.7233257423	-14.0037473078	-14.1515437613	-14.1496172651	-13.9853236657	-13.6518507708	-13.1492836959	-12.4853428234	-11.6758297744	-10.7443437627	-9.72167822608	-8.64450818709	-7.55378022847	-6.49274422591	-5.50489856228	
-4.20042425313	-3.64469118	-3.29812140885	-3.17594019895	-3.28332614226	-3.61502685125	-4.15550044538	-4.87955072701	-5.7535686256	-6.73731366304	-7.78620568321	-8.85394684434	-9.89534618176	-10.8688356638	-11.7388803133	-12.4775396289	-13.0653131326	-13.4915737441	-13.753711726	-13.8566075962	-13.8110973829	-13.6328217073	-13.3408676701	-12.9563477864	-12.5018804143	-12.000166443	-11.4733095306	-10.9423544116	-10.4268850388	-9.94450539934	-9.51066090231	-9.13857806044	-8.83925495562	-8.62121248294	-8.49064547405	-8.45168548927	-8.50594001902	-8.65269376132	-8.88890835777	-9.20903144851	-9.60502033842	-10.0661822632	-10.5792064473	-11.128288016	-11.6949368752	-12.2585561246	-12.7964985869	-13.2848253185	-13.6987546999	-14.0137112092	-14.2066148955	-14.2566356757	-14.1474541664	-13.8682479193	-13.4153038193	-12.7932262561	-12.0154740069	-11.104596912	-10.0914215058	-9.01377065367	-7.9144783054	-6.83910363217	-5.83339041171	-4.940834648	-4.20042425313	
-3.48126855414	-3.34312135141	-3.43619296448	-3.7551909168	-4.28469759071	-5.00007071556	-5.86881362863	-6.85230802505	-7.90792294152	-8.99131505322	-10.0588501424	-11.0698522837	-11.9886383094	-12.7859885802	-13.4402136757	-13.9373958997	-14.2714362143	-14.4433936396	-14.4602757833	-14.3348301011	-14.0835718844	-13.7261978525	-13.2845470978	-12.7813984053	-12.2400929959	-11.6832577295	-11.1323851777	-10.6072599506	-10.1255091629	-9.70211267705	-9.34945299813	-9.07709843161	-8.89167467577	-8.79712773157	-8.79496029804	-8.88428294913	-9.06181075776	-9.32211394784	-9.65780392659	-10.0593218646	-10.5150583403	-11.0112972996	-11.5321857955	-12.0594864503	-12.5731286379	-13.0509943546	-13.4695829251	-13.8047182226	-14.0320689221	-14.1292914651	-14.0768009758	-13.8598809851	-13.4705449603	-12.9089269314	-12.1845959428	-11.3169259074	-10.3348409968	-9.27557319842	-8.18273021601	-7.10370139351	-6.08678720462	-5.17824493699	-4.41960497857	-3.8453694243	-3.48126855414	
-3.50674326617	-3.80784196917	-4.32278768523	-5.02692800182	-5.88780667757	-6.86716589594	-7.92312361498	-9.0124924403	-10.0929716707	-11.1252157274	-12.0744464245	-12.911853002	-13.6151849787	-14.1691833848	-14.5654347884	-14.8017557348	-14.8821659672	-14.8153412348	-14.6144620431	-14.2962603703	-13.880104471	-13.3875141929	-12.8411004223	-12.2641502942	-11.6794374487	-11.1088355306	-10.5725379614	-10.0883888562	-9.67151968383	-9.33390662891	-9.08432003843	-8.92822786379	-8.86766900801	-8.9019314105	-9.02756421709	-9.23854363877	-9.52680480693	-9.88242808917	-10.2937543467	-10.7474398527	-11.2286489339	-11.7209765968	-12.2062842994	-12.664671225	-13.0750795624	-13.4151463793	-13.6620610816	-13.7935666415	-13.7891697759	-13.6321078917	-13.3108355665	-12.821278062	-12.1681494875	-11.3660557907	-10.4397989264	-9.42349898628	-8.35909435811	-7.29384568151	-6.27736161	-5.35835199035	-4.58147839542	-3.98452869136	-3.59622626963	-3.43469573193	-3.50674326617	
-4.25751634977	-4.93799177362	-5.78156446137	-6.75004448206	-7.80144486989	-8.89246035179	-9.98085503866	-11.0274846519	-11.9979911712	-12.8638091215	-13.6028758831	-14.1996526957	-14.6449118385	-14.9352271924	-15.0721431269	-15.061990011	-14.914729502	-14.6438083032	-14.2655116389	-13.7983773286	-13.2631087	-12.6814648235	-12.0758943819	-11.4690013025	-10.8825327559	-10.3367357366	-9.84979914171	-9.43698111081	-9.11044994259	-8.8787188775	-8.74647262142	-8.7148733802	-8.78153258938	-8.94096532689	-9.18473841232	-9.5021387149	-9.88054802059	-10.3056604016	-10.7618889698	-11.2324368244	-11.6995348754	-12.1442848806	-12.5471275091	-12.8875395612	-13.1447527722	-13.298502439	-13.3293855456	-13.2209422682	-12.9607043474	-12.5420279766	-11.9660902333	-11.2427944723	-10.3917836877	-9.44223852227	-8.43181074853	-7.40477364132	-6.40929973305	-5.49435856741	-4.70642277184	-4.08633165446	-3.66657592631	-3.46928312551	-3.50494011982	-3.77203816686	-4.25751634977	
-5.55066113095	-6.48971279695	-7.52208254805	-8.60445552118	-9.69401224368	-10.7507361751	-11.7392741021	-12.630145219	-13.4004662006	-14.0339126361	-14.5206329177	-14.8563081382	-15.0415821047	-15.0814513082	-14.9839657058	-14.7606248893	-14.4249522261	-13.9929372447	-13.4824807302	-12.9128337867	-12.304886558	-11.6798219868	-11.0592915033	-10.4643729832	-9.91486748214	-9.42872954951	-9.02130847038	-8.70474414591	-8.48753786333	-8.37433984333	-8.36578342648	-8.45860301644	-8.64604191814	-8.91804460189	-9.26168981648	-9.66200455209	-10.1021296673	-10.563770519	-11.0279047073	-11.47476817	-11.884109967	-12.2356330078	-12.5095543652	-12.6865744299	-12.749027047	-12.6818591327	-12.4733577463	-12.1170869666	-11.6127847957	-10.9678175424	-10.1979864159	-9.32766280988	-8.38942952499	-7.42263921582	-6.47146875109	-5.58221473802	-4.80036349478	-4.16753019885	-3.71863832171	-3.47953266335	-3.46526840495	-3.67914008312	-4.11262537954	-4.74615766492	-5.55066113095	
-7.10134683617	-8.15247095758	-9.2253278213	-10.2794918442	-11.2783361107	-12.19062413	-12.9913512321	-13.6621666132	-14.1912059243	-14.5725306421	-14.805361048	-14.8932853129	-14.8434311404	-14.6657596648	-14.3726368074	-13.9783163078	-13.4987606603	-12.9513530899	-12.3546968268	-11.7284006764	-11.0925646392	-10.467512751	-9.87319269802	-9.32838461378	-8.85019320812	-8.45341251608	-8.14976373132	-7.94761269469	-7.85144068958	-7.86167434904	-7.97484492074	-8.18348804765	-8.47661401748	-8.8401111168	-9.25718171644	-9.70899388475	-10.1751108507	-10.6341015939	-11.0641242611	-11.4433429787	-11.7505347226	-11.965868174	-12.0714462376	-12.052417567	-11.8978356628	-11.6016221879	-11.163813833	-10.5911706993	-9.89791281888	-9.10573025583	-8.24345773008	-7.34610794916	-6.45328020841	-5.60711076861	-4.84982904418	-4.2211710645	-3.75582414904	-3.48114839334	-3.41532020877	-3.56607191623	-3.93014148525	-4.49345819239	-5.23213000726	-6.11410029491	-7.10134683617	
-8.60761571937	-9.63404359119	-10.6226416797	-11.5411668887	-12.362808941	-13.0666735165	-13.6380474667	-14.0680882986	-14.3532808459	-14.49477242	-14.4976556482	-14.3702285009	-14.1234278163	-13.7703156019	-13.3257695781	-12.8059653125	-12.2283180499	-11.6111908829	-10.9734284964	-10.3343732883	-9.71310324383	-9.12819142824	-8.5971837173	-8.135854587	-7.75780496269	-7.47378467124	-7.2913570823	-7.2144796245	-7.2433280238	-7.37399413973	-7.5987964494	-7.90644039523	-8.28219292055	-8.70847853515	-9.16529694311	-9.63086006077	-10.0821806547	-10.4958397486	-10.8486952397	-11.1186847898	-11.2859751997	-11.3338282992	-11.2497599252	-11.0266310504	-10.6635349764	-10.1665436779	-9.54893129391	-8.8312240344	-8.04048712529	-7.20935935002	-6.37450721767	-5.57484306566	-4.84941939876	-4.235255447	-3.76519786333	-3.46596533938	-3.35653927144	-3.4469563984	-3.73767583708	-4.21948127051	-4.87397047642	-5.67476252466	-6.58903013014	-7.57968545484	-8.60761571937	
-9.82362836716	-10.7233917074	-11.5447166001	-12.2654271167	-12.8685719152	-13.3424018032	-13.6802231622	-13.8798253114	-13.943062194	-13.875320003	-13.6849728289	-13.3829997507	-12.9825421939	-12.4986755201	-11.9478898135	-11.3477124664	-10.7165522159	-10.0732663982	-9.43669429621	-8.82527912939	-8.25661471973	-7.74693118796	-7.3106399662	-6.95980703819	-6.70375693632	-6.54864467941	-6.49721291677	-6.5487014488	-6.6985788954	-6.9386746826	-7.25736024914	-7.63974861708	-8.0680436962	-8.52202433811	-8.97950348493	-9.41709812524	-9.81092941558	-10.1374863408	-10.3748459371	-10.5035929561	-10.5082480601	-10.3785345498	-10.1103652845	-9.70689084691	-9.17879773531	-8.54433872469	-7.82874423774	-7.06297927718	-6.28222483442	-5.52394184824	-4.82576699125	-4.22340430243	-3.74862121433	-3.42749952562	-3.27902498545	-3.31411364335	-3.5350901324	-3.93566775086	-4.5013836271	-5.21051671187	-6.03537131482	-6.94381831419	-7.90128848709	-8.87255259312	-9.82362836716	
-10.5962809415	-11.3100546021	-11.9238588584	-12.4246047189	-12.8033157651	-13.0550271432	-13.1783794898	-13.1752795175	-13.0506679973	-12.8122660841	-12.4702775287	-12.0371969	-11.5275551373	-10.9575846039	-10.3448868656	-9.7079407503	-9.06568895111	-8.43703063476	-7.84023269984	-7.29245250918	-6.80916968421	-6.40370689476	-6.08676113095	-5.86604821834	-5.74607674096	-5.72792251835	-5.80917819998	-5.98397076365	-6.24313176057	-6.57428045128	-6.96216073264	-7.38891616522	-7.83452852264	-8.27734751401	-8.6945831889	-9.06321044148	-9.3608485063	-9.56676742954	-9.66321334898	-9.63660607593	-9.47885193597	-9.18847332519	-8.77133281034	-8.24103628843	-7.61857344315	-6.93151760938	-6.21259888038	-5.49774598908	-4.82396745077	-4.22708084415	-3.73953494136	-3.38851263676	-3.19441000585	-3.1698103856	-3.31896621942	-3.63783931212	-4.11460143542	-4.73060643453	-5.461620387	-6.27935841328	-7.15314026196	-8.05135681409	-8.94328094811	-9.80012278125	-10.5962809415	
-10.8726642421	-11.3788336797	-11.7782316954	-12.0646715377	-12.2349263808	-12.2885017023	-12.2274554315	-12.0562322029	-11.781572579	-11.4125185676	-10.9603886431	-10.4385741484	-9.86245451072	-9.24898078869	-8.61634522637	-7.98342472564	-7.36916467026	-6.79199452863	-6.26904213771	-5.8155665352	-5.44437308127	-5.16531076226	-4.98485867007	-4.90597333646	-4.92794102743	-5.04643997103	-5.25374721832	-5.53890746786	-5.8881809529	-6.28533099781	-6.71208337571	-7.14858453636	-7.57390853628	-7.96669054114	-8.30578847425	-8.5711559978	-8.74479468604	-8.81178830476	-8.76149667546	-8.58858292865	-8.29391688736	-7.88527491018	-7.37751905222	-6.79226247794	-6.15699818775	-5.50369291912	-4.86688971536	-4.28157284568	-3.78091794345	-3.39413488998	-3.14463116279	-3.04859910659	-3.11414152089	-3.34100591261	-3.72090678289	-4.23837862044	-4.87207000121	-5.59629680724	-6.38275235662	-7.20219416025	-8.02593145626	-8.82715389926	-9.58179845882	-10.2692619301	-10.8726642421	
-10.6748420345	-10.9785265697	-11.1780418845	-11.2720737527	-11.2613262931	-11.1483446095	-10.9374537526	-10.6347843457	-10.2483214857	-9.78805627032	-9.26592952624	-8.69589965079	-8.09377216443	-7.47675136649	-6.86311345954	-6.27149186615	-5.72021940908	-5.22653884907	-4.80581704024	-4.47082066653	-4.23114243897	-4.09268111453	-4.05737136141	-4.12310602196	-4.28380155716	-4.52974419198	-4.84791404682	-5.22258769292	-5.63591452566	-6.06851341963	-6.50017245316	-6.91046121248	-7.27939201832	-7.58815825039	-7.81983408465	-7.96010937147	-7.99811298746	-7.92712319291	-7.74529352485	-7.45624538034	-7.06934897949	-6.59983386635	-6.06844870958	-5.50069183328	-4.92566696517	-4.37448265783	-3.87840605082	-3.46686729625	-3.16550620357	-2.99441450631	-2.966797795	-3.08812744267	-3.35589598109	-3.759959598	-4.28349846797	-4.90434887886	-5.59671254	-6.33302165092	-7.08547558693	-7.82775842996	-8.53610335118	-9.18996784124	-9.77251741672	-10.2706722986	-10.6748420345	
-10.0710427456	-10.1920503812	-10.2166976984	-10.147085275	-9.98679307325	-9.74058847839	-9.4145946502	-9.01631808111	-8.55474201305	-8.04057291251	-7.48623683096	-6.90591890199	-6.3153730405	-5.73158903466	-5.17223828772	-4.65502096708	-4.19688486381	-3.81315643991	-3.5167202474	-3.31724747107	-3.22060754055	-3.2284159348	-3.33784436116	-3.54167245735	-3.82858885415	-4.1837057953	-4.58925078126	-5.02539496216	-5.47113269967	-5.90523332488	-6.3071412411	-6.65778963658	-6.94041149778	-7.14118705542	-7.24979799162	-7.2598651057	-7.16924451844	-6.98025087467	-6.69967895521	-6.3387383396	-5.91290375276	-5.44149366406	-4.9470717271	-4.4546210065	-3.99041797383	-3.58067186673	-3.25000415914	-3.01985176675	-2.90698724817	-2.92227293269	-3.06980539671	-3.34657026238	-3.74264845399	-4.24196248855	-4.82352142082	-5.46295056858	-6.13424683816	-6.81152464034	-7.47033672318	-8.08899898967	-8.64928496541	-9.13667080191	-9.5404239785	-9.8532841121	-10.0710427456	
-9.15159867842	-9.11683634554	-8.99617198826	-8.79429151979	-8.51697573089	-8.17093865194	-7.76383679613	-7.30440882507	-6.80258607266	-6.26960619793	-5.71815524324	-5.16232204587	-4.6173663922	-4.09940942588	-3.62484268039	-3.20963392789	-2.86854289206	-2.61421425486	-2.45634486003	-2.40096194604	-2.44980856291	-2.59999124432	-2.84391508981	-3.16947140748	-3.56055469645	-3.99781212927	-4.45965732858	-4.92340635967	-5.36648271152	-5.7676367584	-6.10804461873	-6.37226447536	-6.54893526315	-6.63120878368	-6.61690460768	-6.50838138305	-6.31218548814	-6.03857853558	-5.70102887487	-5.31559091051	-4.90038049289	-4.47508953976	-4.06039063531	-3.67729476403	-3.34636046237	-3.08674118456	-2.91513186048	-2.84467242192	-2.88393499097	-3.03613183835	-3.29867000075	-3.66311418924	-4.11565194485	-4.63797598021	-5.20852222572	-5.80397565246	-6.40075074449	-6.97642020828	-7.51090283924	-7.98722498945	-8.39198680636	-8.71549915845	-8.95155725942	-9.09707378414	-9.15159867842	
-8.00830687031	-7.8471492757	-7.61193767937	-7.30943579436	-6.94729921179	-6.53394313639	-6.07844486515	-5.59065582708	-5.08129575085	-4.56199988627	-4.0454101154	-3.54508173113	-3.07527092277	-2.65057190602	-2.28535288855	-1.99307509677	-1.78550344913	-1.67186370163	-1.65806712043	-1.745994533	-1.93300950545	-2.21169299578	-2.56992010625	-2.99123540364	-3.45559614195	-3.94042464549	-4.42186396116	-4.87624216369	-5.28152882865	-5.61869856259	-5.87290920432	-6.03434175066	-6.09858398384	-6.06664386256	-5.94452418228	-5.74246185174	-5.47394444006	-5.15469541156	-4.80174632848	-4.43267445292	-4.06499970943	-3.71576819078	-3.40127179721	-3.13673575829	-2.93593899164	-2.81071936207	-2.77035926661	-2.82092433073	-2.96464250318	-3.19942876488	-3.51870842765	-3.91150488321	-4.36297796036	-4.85525993291	-5.36845747027	-5.88201804975	-6.37585974287	-6.83144684453	-7.23279905523	-7.56696943038	-7.8243626544	-7.99881000075	-8.08732566053	-8.08975125829	-8.00830687031	
-6.73044831492	-6.47272476908	-6.15358507919	-5.78152553559	-5.36582533643	-4.91632491366	-4.44336612399	-3.95774360731	-3.47072430313	-2.99407466312	-2.54001948658	-2.12113516666	-1.75010908811	-1.43937247505	-1.20056602776	-1.0439057674	-0.977474950115	-1.00645591126	-1.13244291327	-1.35287114077	-1.66064010627	-2.04402808531	-2.48695726656	-2.96960021128	-3.46937595806	-3.96224861754	-4.42421460329	-4.83296697294	-5.16939353138	-5.41894171735	-5.57260223287	-5.6273375921	-5.58607072124	-5.45711599429	-5.2531723625	-4.99004959055	-4.68531068641	-4.35697822586	-4.02251812258	-3.69813604721	-3.39837298258	-3.1359766057	-2.92191672706	-2.76543918655	-2.67404882795	-2.65336531646	-2.70685000064	-2.83544328737	-3.0372017982	-3.30702343543	-3.63656885274	-4.01440307358	-4.42644695726	-4.85664286411	-5.28778000115	-5.70253129471	-6.08434881191	-6.41831624882	-6.69188733311	-6.89531857981	-7.02193412622	-7.06814455019	-7.03327909598	-6.91931128246	-6.73044831492	
-5.39610492024	-5.07109718029	-4.69783328285	-4.28618408876	-3.84671250402	-3.39043491234	-2.92863626555	-2.47275273532	-2.03429678136	-1.62477510384	-1.25558381617	-0.937841069207	-0.682127838806	-0.498122301738	-0.394126823542	-0.376513767236	-0.449104814935	-0.612567725158	-0.863877582053	-1.19592357629	-1.59736823414	-2.05279218436	-2.54319861802	-3.04688541804	-3.54064703768	-4.00123688775	-4.40698089105	-4.73933743602	-4.98429434662	-5.13342800381	-5.18439980296	-5.14095456288	-5.01236998914	-4.81238214779	-4.55780464606	-4.26700979796	-3.9584876067	-3.64962975355	-3.35586827798	-3.09022388586	-2.86319369904	-2.68290015525	-2.55538187497	-2.48489118781	-2.47409448066	-2.52413822456	-2.6345649451	-2.80313041898	-3.02556804201	-3.29543609543	-3.60404425877	-3.94062114035	-4.2925957744	-4.64614806471	-4.98688060432	-5.30050246874	-5.57362693139	-5.79444581956	-5.95326818719	-6.04294251959	-6.05909512225	-6.00015152045	-5.867249082	-5.6639869283	-5.39610492024	
-4.07331061602	-3.70870510094	-3.30923975476	-2.88579306913	-2.44984715976	-2.01318864759	-1.58766109103	-1.18494177139	-0.81636627664	-0.492755343743	-0.22422479505	-0.0199662048969	0.112038609581	0.165359641023	0.135525299619	0.0204796390346	-0.178964718128	-0.45871127083	-0.811089307199	-1.22473514762	-1.68473734452	-2.17308028954	-2.66941100377	-3.15211950189	-3.59965769314	-3.99200257777	-4.31210868297	-4.54719715782	-4.68974485075	-4.73799270855	-4.69594666556	-4.57288341077	-4.38234587509	-4.14083099428	-3.866315737	-3.57680478529	-3.28909581942	-3.01786941908	-2.77514196667	-2.57011380946	-2.40932508758	-2.29698806907	-2.2354095291	-2.225377306	-2.26643213509	-2.35699702043	-2.49436431568	-2.67459227316	-2.89234400528	-3.14079087384	-3.41156313126	-3.69489342413	-3.97983152263	-4.25468463832	-4.50752680765	-4.72674749254	-4.9016947473	-5.02318146503	-5.08398665115	-5.07917876027	-5.00632389779	-4.86556378632	-4.65952511805	-4.39312535721	-4.07331061602	
-2.81560192839	-2.4368009309	-2.03648027595	-1.62611761535	-1.21766827499	-0.823231510691	-0.454719821759	-0.123567578623	0.159545291724	0.384958345244	0.544292219978	0.630731153868	0.639315138217	0.567256442662	0.414260238021	0.182827825772	-0.121498855087	-0.489998815837	-0.910792918572	-1.36906925784	-1.84756246541	-2.32728986848	-2.78851526251	-3.21192465253	-3.5798747843	-3.87762286567	-4.09439880134	-4.22419887755	-4.26617921129	-4.22460591207	-4.10838920424	-3.93018501498	-3.70523765366	-3.45008921281	-3.18128518605	-2.91426397987	-2.66249648502	-2.43696571645	-2.24597463531	-2.09523054177	-1.98815066875	-1.92624578165	-1.90952820195	-1.93684821175	-2.00611259221	-2.11438702222	-2.25788300232	-2.43188745459	-2.63066224144	-2.84739233708	-3.07419387123	-3.30224724155	-3.52202684516	-3.72363974087	-3.89725720671	-4.03356983681	-4.12428327463	-4.16254928855	-4.14333087054	-4.06370313136	-3.9230057436	-3.72289842911	-3.46730570736	-3.1622460424	-2.81560192839	
-1.66047230142	-1.28959271704	-0.910173129282	-0.533859183383	-0.172604421566	0.161703848648	0.457614935801	0.704481121512	0.892807476584	1.01459507463	1.06367646018	1.03602684395	0.930061703228	0.746886860257	0.490496438659	0.167869152095	-0.211068231668	-0.63362677652	-1.08473812272	-1.54753236721	-2.00411503451	-2.43650277525	-2.82766156122	-3.16256820781	-3.42918558015	-3.61926372038	-3.72886664949	-3.75854709291	-3.71318032149	-3.6014381785	-3.43497926859	-3.22744485567	-2.99338358963	-2.74721532742	-2.50232257834	-2.27039118581	-2.06098759106	-1.88140081738	-1.73671378386	-1.63001794747	-1.5627262707	-1.53489248753	-1.54548825701	-1.59260506756	-1.67355875301	-1.78491888551	-1.9224865591	-2.08123546133	-2.25528286909	-2.4379139651	-2.62165024264	-2.79843894928	-2.95987822657	-3.09756508927	-3.20344797595	-3.27020013217	-3.29163440687	-3.26301175999	-3.18133253376	-3.04554136554	-2.85663397779	-2.61768394363	-2.33377390788	-2.01184377235	-1.66047230142	
-0.63074092349	-0.285975934873	0.055038200612	0.380925034737	0.680232221688	0.941822177988	1.15527268315	1.31129426648	1.40212877571	1.42195334476	1.36725765261	1.23715426389	1.03363366666	0.761704748163	0.429406561249	0.0476455703507	-0.370150066181	-0.808560237826	-1.25089016364	-1.68002827218	-2.0793997314	-2.43395023317	-2.73105915285	-2.96130914379	-3.11902870185	-3.20254669021	-3.21413309291	-3.15963430356	-3.04785438023	-2.88974220085	-2.6974977151	-2.48367428933	-2.26037822156	-2.03863380442	-1.82793452332	-1.63601636819	-1.46882050537	-1.33059668198	-1.22409483585	-1.15080471184	-1.11117014205	-1.10475529071	-1.13035050083	-1.1860040529	-1.26901429285	-1.37588119795	-1.50227797774	-1.64303611161	-1.79218468296	-1.94306050639	-2.08847013732	-2.22093577065	-2.33297028436	-2.41740205646	-2.46771109704	-2.47834323556	-2.44500707282	-2.36492028826	-2.23698800721	-2.0619224581	-1.84228611078	-1.58246749006	-1.28858313542	-0.968323768949	-0.63074092349	
0.268144936632	0.572705032423	0.862220732377	1.12602283043	1.35366000481	1.53529139122	1.66209868879	1.7267231347	1.72369584407	1.64984721547	1.50467241156	1.29060046859	1.01313436385	0.680827645344	0.305061008152	-0.100395759097	-0.520019496466	-0.937352927033	-1.33594613285	-1.70035120553	-2.01708546407	-2.2754683386	-2.46825381972	-2.59198256087	-2.64702604689	-2.6373167501	-2.56980216254	-2.45369966961	-2.29963734448	-2.11879163028	-1.92210450322	-1.71965305854	-1.52022586662	-1.33110688433	-1.15804578754	-1.0053659932	-0.876179307656	-0.772623545582	-0.696063035007	-0.647251403564	-0.626398547263	-0.633161320452	-0.666576078292	-0.724949086932	-0.805750241203	-0.905530908001	-1.01989533625	-1.14355339957	-1.27043067842	-1.39386774229	-1.50688502271	-1.6024736438	-1.67392755605	-1.71516998071	-1.72105670593	-1.68764406054	-1.61240167837	-1.4943679968	-1.33423787886	-1.1343883751	-0.898848262836	-0.633206954994	-0.344482356281	-0.0409358419186	0.268144936632	
1.04255317702	1.29708741821	1.52660221526	1.72155997588	1.87298977487	1.97286287242	2.01450476919	1.99300784076	1.90564348617	1.75223600497	1.53544008086	1.26089376857	0.937194070586	0.575662392359	0.189884192867	-0.204966282721	-0.592982484032	-0.958502487313	-1.28712109351	-1.56664343266	-1.78788133069	-1.9452064724	-2.03679822453	-2.06455561587	-2.03369471861	-1.95207359723	-1.82934893188	-1.67606169021	-1.50275706555	-1.31925713629	-1.13412906841	-0.954387470697	-0.785436052195	-0.63120500245	-0.494410936672	-0.376879398545	-0.27986533804	-0.204299268199	-0.150930977052	-0.120356280693	-0.112936380873	-0.128634938955	-0.1668135279	-0.226033191154	-0.303888966607	-0.396925112078	-0.500644072334	-0.609605238677	-0.717631002985	-0.818082782347	-0.904191790937	-0.969418870823	-1.0078088034	-1.014322003	-0.985113339031	-0.917746859371	-0.811335629498	-0.666614778574	-0.48594038827	-0.273225006995	-0.0338248280144	0.225614916171	0.497351067704	0.772755611418	1.04255317702	
1.70917791622	1.9076678058	2.07281280917	2.19660795528	2.27199315851	2.29320470093	2.25614206991	2.15873143779	2.00125747084	1.78662304394	1.52049016303	1.21125323936	0.869816205168	0.509151359215	0.14364349985	-0.211741286247	-0.542403308458	-0.835090051022	-1.07881372189	-1.26560615454	-1.3910241726	-1.45434499326	-1.45842322219	-1.40923005537	-1.31513127797	-1.185997297	-1.03226393351	-0.86404704923	-0.69042527953	-0.518949030382	-0.355407211957	-0.203849280348	-0.0668089710251	0.0543320686001	0.158927467647	0.246669005947	0.317274863074	0.370311787198	0.405158259209	0.421102253949	0.417552607415	0.394302953237	0.351810576496	0.291446244069	0.2156534955	0.1280137471	0.0331947337699	-0.0632226643003	-0.155010724787	-0.2356349451	-0.298640836496	-0.338048893312	-0.348722453802	-0.32668876115	-0.269386216467	-0.175827566483	-0.0466761188488	0.115763085362	0.307628782048	0.52364902112	0.757330947446	1.00118819936	1.24698049554	1.48596819078	1.70917791622	
2.28947187095	2.42918645103	2.52919176043	2.58335984618	2.58689700285	2.53661871487	2.43125518192	2.27172902037	2.06132901284	1.80581611331	1.51337759742	1.19440409459	0.861069152788	0.526724360362	0.205130609128	-0.0904142002316	-0.347977716834	-0.557834849973	-0.713156700201	-0.810464704776	-0.849790855407	-0.834518825057	-0.770921658814	-0.667450630923	-0.533864570368	-0.380310492471	-0.216462718363	-0.0508229233057	0.109750640738	0.260256823414	0.397508111642	0.519878344121	0.626902476119	0.718815438004	0.796106527776	0.859156812291	0.908007390267	0.942286429472	0.961288540658	0.964170204387	0.950239490587	0.919269841944	0.871805961506	0.809389717568	0.734692056492	0.651537171227	0.564782476955	0.480095102213	0.403633007759	0.341658553799	0.300128017092	0.284288555066	0.298316446432	0.34502360788	0.42565228474	0.539768482107	0.6852494237	0.858370343631	1.0539589639	1.26561659071	1.48598029369	1.70700663245	1.92025875038	2.11719820451	2.28947187095	
2.80431348624	2.88494693905	2.92174534203	2.91073460091	2.84959445784	2.73786690331	2.57714608817	2.37121414389	2.12605330925	1.84976506321	1.55231635842	1.24513719764	0.940554977115	0.651091848594	0.388684523675	0.163881363664	-0.0148977040196	-0.141959744683	-0.214723544628	-0.233837602184	-0.203009852881	-0.128562941537	-0.0187639465008	0.116988704312	0.269026967578	0.428217688869	0.586618199505	0.73792504783	0.877672812328	1.00320004521	1.1134018084	1.20833880123	1.2887839027	1.35576243921	1.41016944732	1.45250880566	1.48277333423	1.50048805923	1.50486970438	1.49509943335	1.47063156003	1.43149887348	1.37860656028	1.31389557412	1.24041362542	1.16227672633	1.08449371621	1.01269162909	0.952761964364	0.91045652631	0.890983440254	0.898619130798	0.936379986942	1.00577958093	1.10667794276	1.23723802747	1.39398467949	1.57195093067	1.76490822616	1.96563982312	2.16624929174	2.35850537783	2.53415035419	2.6852120221	2.80431348624	
3.26896617277	3.29170192708	3.26893952796	3.19903238097	3.08219005788	2.92060928861	2.71852774144	2.48218510003	2.21968338292	1.94070780561	1.65610517933	1.37734885478	1.1158865202	0.882435027801	0.686274843866	0.53460632548	0.432048613612	0.380332752448	0.378237430996	0.421779378158	0.504646676371	0.618826833027	0.755357175896	0.905114878542	1.05954709414	1.2112719326	1.35448431257	1.48514099468	1.60092642173	1.70102906812	1.7857809736	1.85622709986	1.91368933823	1.95939208456	1.99419123105	2.0184290809	2.03194657723	2.03419807085	2.02448810679	2.00225469558	1.96736420157	1.92038394695	1.86278628126	1.79705523915	1.7266799912	1.65603614045	1.59015655763	1.53442533813	1.4942072992	1.47445122631	1.479317369	1.51183798931	1.57364607941	1.66480598401	1.78373107987	1.92722087212	2.09058167353	2.26784007477	2.45201625537	2.63545983466	2.81017162657	2.96815907068	3.10178423965	3.20406073661	3.26896617277	
3.68809999804	3.65488902535	3.57717137553	3.45566901588	3.29301995288	3.09378786425	2.86439177392	2.61291287287	2.34879420465	2.08241899956	1.82457815141	1.58586464092	1.37601616927	1.20328359813	1.07386824019	0.991494989008	0.957176543862	0.969194400052	1.0233153659	1.11321968717	1.23109783022	1.36835199356	1.51632140201	1.66694778107	1.81332279267	1.95005085163	2.07341473575	2.1813376543	2.27318500799	2.3494263747	2.41123559708	2.46009563872	2.49743230828	2.52435630349	2.54151233814	2.54905983234	2.54677045936	2.5342117102	2.51100577888	2.4770854987	2.43296184186	2.37991188041	2.32009374869	2.25657164646	2.19321240699	2.13451041453	2.08530806388	2.0504691844	2.03451524076	2.04126414315	2.0735139537	2.13277520386	2.21908757736	2.33093600225	2.46526675154	2.61760117227	2.78221966681	2.95244519925	3.12093458716	3.28003761502	3.42214936091	3.5400254296	3.62712920687	3.67791580949	3.68809999804	
4.05407117515	3.96729968114	3.83984736464	3.67471269718	3.47667248317	3.25219245665	3.00922525428	2.75689283577	2.50509657712	2.26399411744	2.04343132402	1.8523460363	1.69818031959	1.58637936732	1.52001563711	1.49959495016	1.52306565045	1.5860422173	1.68222456126	1.80396399448	1.94292878785	2.09077403353	2.23976635546	2.38328990743	2.5161846237	2.63490183577	2.73747102841	2.82331970472	2.8929640484	2.94764110262	2.98893242476	3.01842443922	3.03745474056	3.04695571967	3.04742820944	3.03899830468	3.02158025507	2.99510502908	2.95973249327	2.91610245486	2.86550900777	2.80998512881	2.75236925099	2.6962008469	2.64553865831	2.60474645193	2.5781724827	2.5698215463	2.58302252015	2.62012952689	2.68227941414	2.76921999214	2.87924426707	3.00920845529	3.15463743205	3.30993684385	3.46863895018	3.62373988935	3.7680015289	3.89428851693	3.99592788589	4.0669860012	4.10254964366	4.09897027059	4.05407117515	
4.3473302726	4.2103145726	4.03941786964	3.83966334064	3.61751674575	3.38070595681	3.13792651257	2.89845618567	2.67171516351	2.46674506867	2.29167384024	2.15319495633	2.05611310883	2.00301247332	1.99408007016	2.02711925116	2.09775653733	2.19982742314	2.3259023124	2.46789781802	2.61770801718	2.76778615	2.91163191607	3.04411783721	3.1616555164	3.26219126206	3.34504859097	3.41066437595	3.46024548103	3.49542414649	3.51792971114	3.5293392988	3.53091343434	3.52354401869	3.5077879036	3.48399652639	3.45251525162	3.4138449346	3.36888129113	3.31907353993	3.26651102524	3.21393383968	3.16467299731	3.12249212139	3.09134354599	3.07510768858	3.07725654103	3.10056347452	3.146815677	3.21659724636	3.30914755797	3.42231100474	3.55257963711	3.69523404081	3.84456707294	3.99414588079	4.13714274446	4.26669309669	4.37618903237	4.45960805348	4.5117998169	4.52870097319	4.50755000944	4.44701864756	4.3473302726	
4.54110673161	4.35924127508	4.15330841353	3.92992536536	3.69662404511	3.46161913027	3.23345761539	3.02064757172	2.83122384461	2.67231438447	2.54970776045	2.46746287789	2.42763901536	2.43013266492	2.47268959734	2.55107553709	2.65940528534	2.79060397786	2.93694265429	3.09061157781	3.24425269471	3.39141205121	3.52688388353	3.64688277072	3.74908279242	3.83251437327	3.89735121431	3.94461902272	3.97588449322	3.99295524014	3.99762527944	3.99150776557	3.97594823368	3.9520293714	3.9206518369	3.88267752005	3.83910280995	3.79121342513	3.74072439367	3.68987091731	3.64142353808	3.59860227817	3.56492387273	3.54400599804	3.53928014958	3.55370071764	3.58945522564	3.64770616616	3.72838661111	3.83008637555	3.95002651212	4.08413335442	4.2272104246	4.37319567723	4.51547549671	4.64721798077	4.76176402941	4.85295150702	4.91542270719	4.94489141599	4.93832614081	4.89408978364	4.81201783047	4.69342705868	4.54110673161	
4.60914195185	4.39149678453	4.16239381414	3.92940726507	3.70036824311	3.48309437995	3.28506898078	3.11312057308	2.97310894028	2.86960462483	2.80562296798	2.78242609307	2.79941934525	2.85416782142	2.94254018155	3.05897881796	3.19687107205	3.34899950691	3.50801190361	3.66689084487	3.81935542486	3.96017435377	4.08536116452	4.19225942747	4.27948596091	4.34678942741	4.39484109128	4.42496787775	4.4389004104	4.43854591435	4.42580397728	4.40246901785	4.37018956658	4.3305011408	4.28493169911	4.23507684018	4.18275138209	4.1301008165	4.07963151	4.03421970217	3.99704350981	3.9714376018	3.96068963616	3.96778908992	3.99515221903	4.0443507523	4.1158726728	4.20894262828	4.3214311517	4.44983879726	4.5894153011	4.73435508752	4.87809324852	5.01366101033	5.13405692673	5.23267774069	5.30367488843	5.34227398001	5.34503811736	5.31002985567	5.23688914794	5.1268387028	4.98260088155	4.80827081219	4.60914195185	
4.53441325545	4.29526389795	4.05941591051	3.83457575484	3.62798700276	3.44615217757	3.29460847316	3.17774374807	3.09861634351	3.05882410223	3.05843323649	3.09596761009	3.16847114171	3.27166203078	3.40015580209	3.54776889366	3.70785569924	3.87368812211	4.03879918324	4.1973246792	4.34424626602	4.47558364981	4.58847783228	4.68118877542	4.75303447838	4.80422044882	4.83569468484	4.84893239222	4.84576234556	4.82821080499	4.79839464692	4.75846298585	4.71058078766	4.65696329553	4.5999296303	4.5419603265	4.48573981363	4.43419427142	4.39043955518	4.35769917005	4.33917521422	4.3378467063	4.35624673562	4.39620646924	4.45861877719	4.54323329106	4.64849671853	4.77149127425	4.90796105751	5.05243067279	5.19845281599	5.3389245093	5.46647172468	5.57387900074	5.65453161701	5.70282350786	5.71449337422	5.68689703058	5.61916587358	5.51224386087	5.36882997975	5.19320856721	4.99101844172	4.76894639163	4.53441325545	
4.3184115367	4.07782012821	3.8562646607	3.66062806688	3.49662696132	3.36859343517	3.27940580831	3.23046753843	3.22169050812	3.25158523501	3.31736905401	3.41512597469	3.54000753017	3.68645956737	3.84848326455	4.01989693426	4.19460495598	4.36684381912	4.53139873821	4.68378083403	4.8203404788	4.93834118521	5.03596033107	5.11225306865	5.16707730008	5.20097771697	5.21507921348	5.21096774853	5.19059411289	5.15618614107	5.11019223243	5.05525612784	4.99420617644	4.93004262637	4.86593928441	4.80523909141	4.75136743199	4.70781437704	4.67797975525	4.66501101076	4.67164343979	4.69995430933	4.75116592961	4.82543052901	4.92167436418	5.0374793922	5.16906801676	5.31136336061	5.4581540543	5.60236326742	5.73639430032	5.85254709779	5.94346884601	6.00261931014	6.02469297312	6.00598160027	5.94464560357	5.84085911619	5.69683841616	5.51672219317	5.30635372863	5.07292943936	4.82463938537	4.57019815023	4.3184115367	
3.98634379589	3.7693755794	3.58644708576	3.44264621746	3.34130144176	3.28392581578	3.27031268226	3.29865027354	3.36572822938	3.46718870089	3.59779462514	3.75171889883	3.92281905292	4.10490206095	4.29195470064	4.47833854029	4.65895071303	4.82933162636	4.98574529275	5.12520416402	5.24547610019	5.34505322087	5.42310823632	5.47943633654	5.51438879449	5.52883854012	5.52410422833	5.50192528171	5.46445116203	5.41418718348	5.35400129307	5.28710412586	5.21699538047	5.1474266386	5.08231497967	5.02564393747	4.98131058662	4.95297409983	4.94385677057	4.95651276627	4.99264394618	5.05288559841	5.13662666073	5.24191967667	5.36541041078	5.50238092593	5.64687336748	5.7919112212	5.92981084252	6.05256066005	6.15227137653	6.22163255739	6.25438549365	6.24573876917	6.19272283346	6.09444169793	5.95219303494	5.76946213738	5.55176286304	5.30636560784	5.04189960134	4.76787703868	4.49421290636	4.23065858939	3.98634379589	
