s E_r (\Gamma_b/n_b[m/s]  Q_b/n_b/T_b[m/s] L_1^b[m^2/s] L_2^b[m^2/s]  Z_b n_b[10^{19}m^{-3}] T_b[eV] dlnT_b/dr, b=1,NBB), size(e\varphi_1/T_i) 
  2.55000E-01 -2.00000E+04  1.50331E-01  7.87602E-01  7.77477E-03  3.58566E-02  1.60000E+01 -2.00000E+00  2.50000E+03 -3.00000E+00 -1.00000E+00 -1.47106E-02  1.60594E-02  7.21740E-03  2.03573E-02  1.60000E+01 -2.00000E+00  2.50000E+03 -3.00000E+00  1.00000E+00  1.57226-316
  2.55000E-01 -1.95000E+04  1.49818E-01  7.87793E-01  7.81687E-03  3.61295E-02  1.60000E+01 -2.00000E+00  2.50000E+03 -3.00000E+00 -1.00000E+00 -1.37406E-02  2.11506E-02  7.50694E-03  2.11936E-02  1.60000E+01 -2.00000E+00  2.50000E+03 -3.00000E+00  1.00000E+00  1.57226-316
  2.55000E-01 -1.90000E+04  1.49290E-01  7.87921E-01  7.85890E-03  3.64030E-02  1.60000E+01 -2.00000E+00  2.50000E+03 -3.00000E+00 -1.00000E+00 -1.26797E-02  2.66640E-02  7.81581E-03  2.20866E-02  1.60000E+01 -2.00000E+00  2.50000E+03 -3.00000E+00  1.00000E+00  1.57226-316
  2.55000E-01 -1.85000E+04  1.48746E-01  7.87982E-01  7.90083E-03  3.66772E-02  1.60000E+01 -2.00000E+00  2.50000E+03 -3.00000E+00 -1.00000E+00 -1.15181E-02  3.26438E-02  8.14584E-03  2.30419E-02  1.60000E+01 -2.00000E+00  2.50000E+03 -3.00000E+00  1.00000E+00  1.57226-316
  2.55000E-01 -1.80000E+04  1.48186E-01  7.87972E-01  7.94264E-03  3.69518E-02  1.60000E+01 -2.00000E+00  2.50000E+03 -3.00000E+00 -1.00000E+00 -1.02447E-02  3.91400E-02  8.49912E-03  2.40656E-02  1.60000E+01 -2.00000E+00  2.50000E+03 -3.00000E+00  1.00000E+00  1.57226-316
  2.55000E-01 -1.75000E+04  1.47609E-01  7.87889E-01  7.98430E-03  3.72266E-02  1.60000E+01 -2.00000E+00  2.50000E+03 -3.00000E+00 -1.00000E+00 -8.84648E-03  4.62098E-02  8.87797E-03  2.51647E-02  1.60000E+01 -2.00000E+00  2.50000E+03 -3.00000E+00  1.00000E+00  1.57226-316
  2.55000E-01 -1.70000E+04  1.47016E-01  7.87727E-01  8.02578E-03  3.75016E-02  1.60000E+01 -2.00000E+00  2.50000E+03 -3.00000E+00 -1.00000E+00 -7.30899E-03  5.39183E-02  9.28505E-03  2.63473E-02  1.60000E+01 -2.00000E+00  2.50000E+03 -3.00000E+00  1.00000E+00  1.57226-316
  2.55000E-01 -1.65000E+04  1.46404E-01  7.87481E-01  8.06706E-03  3.77765E-02  1.60000E+01 -2.00000E+00  2.50000E+03 -3.00000E+00 -1.00000E+00 -5.61538E-03  6.23403E-02  9.72338E-03  2.76225E-02  1.60000E+01 -2.00000E+00  2.50000E+03 -3.00000E+00  1.00000E+00  1.57226-316
  2.55000E-01 -1.60000E+04  1.45775E-01  7.87148E-01  8.10810E-03  3.80510E-02  1.60000E+01 -2.00000E+00  2.50000E+03 -3.00000E+00 -1.00000E+00 -3.74627E-03  7.15618E-02  1.01964E-02  2.90005E-02  1.60000E+01 -2.00000E+00  2.50000E+03 -3.00000E+00  1.00000E+00  1.57226-316
  2.55000E-01 -1.55000E+04  1.45126E-01  7.86722E-01  8.14888E-03  3.83251E-02  1.60000E+01 -2.00000E+00  2.50000E+03 -3.00000E+00 -1.00000E+00 -1.67923E-03  8.16823E-02  1.07080E-02  3.04935E-02  1.60000E+01 -2.00000E+00  2.50000E+03 -3.00000E+00  1.00000E+00  1.57226-316
  2.55000E-01 -1.50000E+04  1.44458E-01  7.86198E-01  8.18936E-03  3.85985E-02  1.60000E+01 -2.00000E+00  2.50000E+03 -3.00000E+00 -1.00000E+00  6.11847E-04  9.28176E-02  1.12628E-02  3.21152E-02  1.60000E+01 -2.00000E+00  2.50000E+03 -3.00000E+00  1.00000E+00  1.57226-316
  2.55000E-01 -1.45000E+04  1.43770E-01  7.85570E-01  8.22950E-03  3.88708E-02  1.60000E+01 -2.00000E+00  2.50000E+03 -3.00000E+00 -1.00000E+00  3.15745E-03  1.05102E-01  1.18659E-02  3.38816E-02  1.60000E+01 -2.00000E+00  2.50000E+03 -3.00000E+00  1.00000E+00  1.57226-316
  2.55000E-01 -1.40000E+04  1.43061E-01  7.84832E-01  8.26926E-03  3.91420E-02  1.60000E+01 -2.00000E+00  2.50000E+03 -3.00000E+00 -1.00000E+00  5.99341E-03  1.18695E-01  1.25235E-02  3.58113E-02  1.60000E+01 -2.00000E+00  2.50000E+03 -3.00000E+00  1.00000E+00  1.57226-316
  2.55000E-01 -1.35000E+04  1.42330E-01  7.83978E-01  8.30861E-03  3.94116E-02  1.60000E+01 -2.00000E+00  2.50000E+03 -3.00000E+00 -1.00000E+00  9.16204E-03  1.33784E-01  1.32426E-02  3.79263E-02  1.60000E+01 -2.00000E+00  2.50000E+03 -3.00000E+00  1.00000E+00  1.57226-316
  2.55000E-01 -1.30000E+04  1.41577E-01  7.83001E-01  8.34751E-03  3.96794E-02  1.60000E+01 -2.00000E+00  2.50000E+03 -3.00000E+00 -1.00000E+00  1.27136E-02  1.50589E-01  1.40316E-02  4.02522E-02  1.60000E+01 -2.00000E+00  2.50000E+03 -3.00000E+00  1.00000E+00  1.57226-316
  2.55000E-01 -1.25000E+04  1.40800E-01  7.81895E-01  8.38592E-03  3.99452E-02  1.60000E+01 -2.00000E+00  2.50000E+03 -3.00000E+00 -1.00000E+00  1.67083E-02  1.69378E-01  1.49001E-02  4.28196E-02  1.60000E+01 -2.00000E+00  2.50000E+03 -3.00000E+00  1.00000E+00  1.57226-316
  2.55000E-01 -1.20000E+04  1.40000E-01  7.80651E-01  8.42377E-03  4.02084E-02  1.60000E+01 -2.00000E+00  2.50000E+03 -3.00000E+00 -1.00000E+00  2.12183E-02  1.90469E-01  1.58598E-02  4.56650E-02  1.60000E+01 -2.00000E+00  2.50000E+03 -3.00000E+00  1.00000E+00  1.57226-316
  2.55000E-01 -1.15000E+04  1.39175E-01  7.79262E-01  8.46104E-03  4.04688E-02  1.60000E+01 -2.00000E+00  2.50000E+03 -3.00000E+00 -1.00000E+00  2.63314E-02  2.14251E-01  1.69246E-02  4.88321E-02  1.60000E+01 -2.00000E+00  2.50000E+03 -3.00000E+00  1.00000E+00  1.57226-316
  2.55000E-01 -1.10000E+04  1.38324E-01  7.77720E-01  8.49767E-03  4.07260E-02  1.60000E+01 -2.00000E+00  2.50000E+03 -3.00000E+00 -1.00000E+00  3.21549E-02  2.41199E-01  1.81112E-02  5.23740E-02  1.60000E+01 -2.00000E+00  2.50000E+03 -3.00000E+00  1.00000E+00  1.57226-316
  2.55000E-01 -1.05000E+04  1.37446E-01  7.76016E-01  8.53360E-03  4.09797E-02  1.60000E+01 -2.00000E+00  2.50000E+03 -3.00000E+00 -1.00000E+00  3.88209E-02  2.71899E-01  1.94397E-02  5.63557E-02  1.60000E+01 -2.00000E+00  2.50000E+03 -3.00000E+00  1.00000E+00  1.57226-316
  2.55000E-01 -1.00000E+04  1.36541E-01  7.74140E-01  8.56878E-03  4.12293E-02  1.60000E+01 -2.00000E+00  2.50000E+03 -3.00000E+00 -1.00000E+00  4.64939E-02  3.07084E-01  2.09349E-02  6.08570E-02  1.60000E+01 -2.00000E+00  2.50000E+03 -3.00000E+00  1.00000E+00  1.57226-316
  2.55000E-01 -9.50000E+03  1.35607E-01  7.72083E-01  8.60316E-03  4.14744E-02  1.60000E+01 -2.00000E+00  2.50000E+03 -3.00000E+00 -1.00000E+00  5.53807E-02  3.47677E-01  2.26273E-02  6.59776E-02  1.60000E+01 -2.00000E+00  2.50000E+03 -3.00000E+00  1.00000E+00  1.57226-316
  2.55000E-01 -9.00000E+03  1.34644E-01  7.69836E-01  8.63667E-03  4.17145E-02  1.60000E+01 -2.00000E+00  2.50000E+03 -3.00000E+00 -1.00000E+00  6.57447E-02  3.94859E-01  2.45548E-02  7.18430E-02  1.60000E+01 -2.00000E+00  2.50000E+03 -3.00000E+00  1.00000E+00  1.57226-316
  2.55000E-01 -8.50000E+03  1.33650E-01  7.67386E-01  8.66925E-03  4.19492E-02  1.60000E+01 -2.00000E+00  2.50000E+03 -3.00000E+00 -1.00000E+00  7.79248E-02  4.50159E-01  2.67653E-02  7.86133E-02  1.60000E+01 -2.00000E+00  2.50000E+03 -3.00000E+00  1.00000E+00  1.57226-316
  2.55000E-01 -8.00000E+03  1.32624E-01  7.64724E-01  8.70083E-03  4.21779E-02  1.60000E+01 -2.00000E+00  2.50000E+03 -3.00000E+00 -1.00000E+00  9.23644E-02  5.15592E-01  2.93198E-02  8.64958E-02  1.60000E+01 -2.00000E+00  2.50000E+03 -3.00000E+00  1.00000E+00  1.57226-316
  2.55000E-01 -7.50000E+03  1.31566E-01  7.61837E-01  8.73135E-03  4.24000E-02  1.60000E+01 -2.00000E+00  2.50000E+03 -3.00000E+00 -1.00000E+00  1.09652E-01  5.93857E-01  3.22973E-02  9.57623E-02  1.60000E+01 -2.00000E+00  2.50000E+03 -3.00000E+00  1.00000E+00  1.57226-316
  2.55000E-01 -7.00000E+03  1.30473E-01  7.58713E-01  8.76073E-03  4.26150E-02  1.60000E+01 -2.00000E+00  2.50000E+03 -3.00000E+00 -1.00000E+00  1.30584E-01  6.88647E-01  3.58013E-02  1.06777E-01  1.60000E+01 -2.00000E+00  2.50000E+03 -3.00000E+00  1.00000E+00  1.57226-316
  2.55000E-01 -6.50000E+03  1.29345E-01  7.55338E-01  8.78889E-03  4.28222E-02  1.60000E+01 -2.00000E+00  2.50000E+03 -3.00000E+00 -1.00000E+00  1.56260E-01  8.05143E-01  3.99703E-02  1.20036E-01  1.60000E+01 -2.00000E+00  2.50000E+03 -3.00000E+00  1.00000E+00  1.57226-316
  2.55000E-01 -6.00000E+03  1.28181E-01  7.51701E-01  8.81577E-03  4.30209E-02  1.60000E+01 -2.00000E+00  2.50000E+03 -3.00000E+00 -1.00000E+00  1.88235E-01  9.50817E-01  4.49932E-02  1.36234E-01  1.60000E+01 -2.00000E+00  2.50000E+03 -3.00000E+00  1.00000E+00  1.57226-316
  2.55000E-01 -5.50000E+03  1.26979E-01  7.47786E-01  8.84128E-03  4.32105E-02  1.60000E+01 -2.00000E+00  2.50000E+03 -3.00000E+00 -1.00000E+00  2.28777E-01  1.13683E+00  5.11332E-02  1.56368E-01  1.60000E+01 -2.00000E+00  2.50000E+03 -3.00000E+00  1.00000E+00  1.57226-316
  2.55000E-01 -5.00000E+03  1.25738E-01  7.43578E-01  8.86533E-03  4.33902E-02  1.60000E+01 -2.00000E+00  2.50000E+03 -3.00000E+00 -1.00000E+00  2.81304E-01  1.38059E+00  5.87681E-02  1.81920E-01  1.60000E+01 -2.00000E+00  2.50000E+03 -3.00000E+00  1.00000E+00  1.57226-316
  2.55000E-01 -4.50000E+03  1.24456E-01  7.39063E-01  8.88784E-03  4.35592E-02  1.60000E+01 -2.00000E+00  2.50000E+03 -3.00000E+00 -1.00000E+00  3.51193E-01  1.71058E+00  6.84582E-02  2.15188E-01  1.60000E+01 -2.00000E+00  2.50000E+03 -3.00000E+00  1.00000E+00  1.57226-316
  2.55000E-01 -4.00000E+03  1.23133E-01  7.34223E-01  8.90871E-03  4.37168E-02  1.60000E+01 -2.00000E+00  2.50000E+03 -3.00000E+00 -1.00000E+00  4.47363E-01  2.17647E+00  8.10692E-02  2.59916E-01  1.60000E+01 -2.00000E+00  2.50000E+03 -3.00000E+00  1.00000E+00  1.57226-316
  2.55000E-01 -3.50000E+03  1.21766E-01  7.29041E-01  8.92786E-03  4.38621E-02  1.60000E+01 -2.00000E+00  2.50000E+03 -3.00000E+00 -1.00000E+00  5.85576E-01  2.87087E+00  9.80108E-02  3.22606E-01  1.60000E+01 -2.00000E+00  2.50000E+03 -3.00000E+00  1.00000E+00  1.57226-316
  2.55000E-01 -3.00000E+03  1.20354E-01  7.23500E-01  8.94518E-03  4.39942E-02  1.60000E+01 -2.00000E+00  2.50000E+03 -3.00000E+00 -1.00000E+00  7.95737E-01  3.97779E+00  1.21731E-01  4.15380E-01  1.60000E+01 -2.00000E+00  2.50000E+03 -3.00000E+00  1.00000E+00  1.57226-316
  2.55000E-01 -2.50000E+03  1.18896E-01  7.17578E-01  8.96058E-03  4.41122E-02  1.60000E+01 -2.00000E+00  2.50000E+03 -3.00000E+00 -1.00000E+00  1.13803E+00  5.87419E+00  1.56784E-01  5.62259E-01  1.60000E+01 -2.00000E+00  2.50000E+03 -3.00000E+00  1.00000E+00  1.57226-316
  2.55000E-01 -2.00000E+03  1.17390E-01  7.11260E-01  8.97396E-03  4.42151E-02  1.60000E+01 -2.00000E+00  2.50000E+03 -3.00000E+00 -1.00000E+00  1.73456E+00  9.29991E+00  2.12040E-01  8.11433E-01  1.60000E+01 -2.00000E+00  2.50000E+03 -3.00000E+00  1.00000E+00  1.57226-316
  2.55000E-01 -1.50000E+03  1.15835E-01  7.04527E-01  8.98525E-03  4.43022E-02  1.60000E+01 -2.00000E+00  2.50000E+03 -3.00000E+00 -1.00000E+00  2.80329E+00  1.54508E+01  3.03504E-01  1.24805E+00  1.60000E+01 -2.00000E+00  2.50000E+03 -3.00000E+00  1.00000E+00  1.57226-316
  2.55000E-01 -1.00000E+03  1.14230E-01  6.97370E-01  8.99436E-03  4.43727E-02  1.60000E+01 -2.00000E+00  2.50000E+03 -3.00000E+00 -1.00000E+00  4.45373E+00  2.45979E+01  4.40431E-01  1.91033E+00  1.60000E+01 -2.00000E+00  2.50000E+03 -3.00000E+00  1.00000E+00  1.57226-316
  2.55000E-01 -5.00000E+02  1.12576E-01  6.89789E-01  9.00124E-03  4.44263E-02  1.60000E+01 -2.00000E+00  2.50000E+03 -3.00000E+00 -1.00000E+00  5.63481E+00  3.05401E+01  5.41791E-01  2.36588E+00  1.60000E+01 -2.00000E+00  2.50000E+03 -3.00000E+00  1.00000E+00  1.57226-316
  2.55000E-01 -1.72483E-11  1.10873E-01  6.81785E-01  9.00587E-03  4.44626E-02  1.60000E+01 -2.00000E+00  2.50000E+03 -3.00000E+00 -1.00000E+00  5.50439E+00  2.93588E+01  5.29503E-01  2.27605E+00  1.60000E+01 -2.00000E+00  2.50000E+03 -3.00000E+00  1.00000E+00  1.57226-316
  2.55000E-01  5.00000E+02  1.09079E-01  6.73046E-01  9.00557E-03  4.44648E-02  1.60000E+01 -2.00000E+00  2.50000E+03 -3.00000E+00 -1.00000E+00  4.50221E+00  2.37045E+01  4.38599E-01  1.83700E+00  1.60000E+01 -2.00000E+00  2.50000E+03 -3.00000E+00  1.00000E+00  1.57226-316
  2.55000E-01  1.00000E+03  1.07238E-01  6.63886E-01  9.00294E-03  4.44489E-02  1.60000E+01 -2.00000E+00  2.50000E+03 -3.00000E+00 -1.00000E+00  2.99675E+00  1.50542E+01  3.11938E-01  1.21727E+00  1.60000E+01 -2.00000E+00  2.50000E+03 -3.00000E+00  1.00000E+00  1.57226-316
  2.55000E-01  1.50000E+03  1.05351E-01  6.54313E-01  8.99797E-03  4.44149E-02  1.60000E+01 -2.00000E+00  2.50000E+03 -3.00000E+00 -1.00000E+00  1.92695E+00  8.88315E+00  2.19067E-01  7.81059E-01  1.60000E+01 -2.00000E+00  2.50000E+03 -3.00000E+00  1.00000E+00  1.57226-316
  2.55000E-01  2.00000E+03  1.03419E-01  6.44344E-01  8.99069E-03  4.43629E-02  1.60000E+01 -2.00000E+00  2.50000E+03 -3.00000E+00 -1.00000E+00  1.37099E+00  5.98098E+00  1.63442E-01  5.49613E-01  1.60000E+01 -2.00000E+00  2.50000E+03 -3.00000E+00  1.00000E+00  1.57226-316
  2.55000E-01  2.50000E+03  1.01446E-01  6.33998E-01  8.98115E-03  4.42935E-02  1.60000E+01 -2.00000E+00  2.50000E+03 -3.00000E+00 -1.00000E+00  1.04668E+00  4.41554E+00  1.27524E-01  4.12655E-01  1.60000E+01 -2.00000E+00  2.50000E+03 -3.00000E+00  1.00000E+00  1.57226-316
  2.55000E-01  3.00000E+03  9.94343E-02  6.23301E-01  8.96941E-03  4.42070E-02  1.60000E+01 -2.00000E+00  2.50000E+03 -3.00000E+00 -1.00000E+00  8.37951E-01  3.45622E+00  1.02812E-01  3.23869E-01  1.60000E+01 -2.00000E+00  2.50000E+03 -3.00000E+00  1.00000E+00  1.57226-316
  2.55000E-01  3.50000E+03  9.73863E-02  6.12280E-01  8.95553E-03  4.41043E-02  1.60000E+01 -2.00000E+00  2.50000E+03 -3.00000E+00 -1.00000E+00  6.94180E-01  2.81607E+00  8.49985E-02  2.62559E-01  1.60000E+01 -2.00000E+00  2.50000E+03 -3.00000E+00  1.00000E+00  1.57226-316
  2.55000E-01  4.00000E+03  9.53056E-02  6.00965E-01  8.93962E-03  4.39860E-02  1.60000E+01 -2.00000E+00  2.50000E+03 -3.00000E+00 -1.00000E+00  5.90086E-01  2.36255E+00  7.16883E-02  2.18202E-01  1.60000E+01 -2.00000E+00  2.50000E+03 -3.00000E+00  1.00000E+00  1.57226-316
  2.55000E-01  4.50000E+03  9.31957E-02  5.89388E-01  8.92174E-03  4.38531E-02  1.60000E+01 -2.00000E+00  2.50000E+03 -3.00000E+00 -1.00000E+00  5.11765E-01  2.02657E+00  6.14518E-02  1.84927E-01  1.60000E+01 -2.00000E+00  2.50000E+03 -3.00000E+00  1.00000E+00  1.57226-316
  2.55000E-01  5.00000E+03  9.10600E-02  5.77582E-01  8.90201E-03  4.37063E-02  1.60000E+01 -2.00000E+00  2.50000E+03 -3.00000E+00 -1.00000E+00  4.51002E-01  1.76892E+00  5.33907E-02  1.59233E-01  1.60000E+01 -2.00000E+00  2.50000E+03 -3.00000E+00  1.00000E+00  1.57226-316
  2.55000E-01  5.50000E+03  8.89017E-02  5.65577E-01  8.88050E-03  4.35467E-02  1.60000E+01 -2.00000E+00  2.50000E+03 -3.00000E+00 -1.00000E+00  4.02671E-01  1.56582E+00  4.69157E-02  1.38915E-01  1.60000E+01 -2.00000E+00  2.50000E+03 -3.00000E+00  1.00000E+00  1.57226-316
  2.55000E-01  6.00000E+03  8.67241E-02  5.53404E-01  8.85733E-03  4.33750E-02  1.60000E+01 -2.00000E+00  2.50000E+03 -3.00000E+00 -1.00000E+00  3.63424E-01  1.40207E+00  4.16264E-02  1.22529E-01  1.60000E+01 -2.00000E+00  2.50000E+03 -3.00000E+00  1.00000E+00  1.57226-316
  2.55000E-01  6.50000E+03  8.45303E-02  5.41091E-01  8.83258E-03  4.31921E-02  1.60000E+01 -2.00000E+00  2.50000E+03 -3.00000E+00 -1.00000E+00  3.30992E-01  1.26757E+00  3.72427E-02  1.09089E-01  1.60000E+01 -2.00000E+00  2.50000E+03 -3.00000E+00  1.00000E+00  1.57226-316
  2.55000E-01  7.00000E+03  8.23231E-02  5.28666E-01  8.80633E-03  4.29989E-02  1.60000E+01 -2.00000E+00  2.50000E+03 -3.00000E+00 -1.00000E+00  3.03791E-01  1.15534E+00  3.35635E-02  9.79072E-02  1.60000E+01 -2.00000E+00  2.50000E+03 -3.00000E+00  1.00000E+00  1.57226-316
  2.55000E-01  7.50000E+03  8.01054E-02  5.16153E-01  8.77869E-03  4.27961E-02  1.60000E+01 -2.00000E+00  2.50000E+03 -3.00000E+00 -1.00000E+00  2.80682E-01  1.06042E+00  3.04415E-02  8.84870E-02  1.60000E+01 -2.00000E+00  2.50000E+03 -3.00000E+00  1.00000E+00  1.57226-316
  2.55000E-01  8.00000E+03  7.78799E-02  5.03576E-01  8.74973E-03  4.25844E-02  1.60000E+01 -2.00000E+00  2.50000E+03 -3.00000E+00 -1.00000E+00  2.60829E-01  9.79209E-01  2.77662E-02  8.04643E-02  1.60000E+01 -2.00000E+00  2.50000E+03 -3.00000E+00  1.00000E+00  1.57226-316
  2.55000E-01  8.50000E+03  7.56488E-02  4.90957E-01  8.71954E-03  4.23647E-02  1.60000E+01 -2.00000E+00  2.50000E+03 -3.00000E+00 -1.00000E+00  2.43606E-01  9.09011E-01  2.54538E-02  7.35659E-02  1.60000E+01 -2.00000E+00  2.50000E+03 -3.00000E+00  1.00000E+00  1.57226-316
  2.55000E-01  9.00000E+03  7.34147E-02  4.78316E-01  8.68820E-03  4.21376E-02  1.60000E+01 -2.00000E+00  2.50000E+03 -3.00000E+00 -1.00000E+00  2.28534E-01  8.47790E-01  2.34395E-02  6.75835E-02  1.60000E+01 -2.00000E+00  2.50000E+03 -3.00000E+00  1.00000E+00  1.57226-316
  2.55000E-01  9.50000E+03  7.11796E-02  4.65672E-01  8.65577E-03  4.19036E-02  1.60000E+01 -2.00000E+00  2.50000E+03 -3.00000E+00 -1.00000E+00  2.15242E-01  7.93974E-01  2.16725E-02  6.23559E-02  1.60000E+01 -2.00000E+00  2.50000E+03 -3.00000E+00  1.00000E+00  1.57226-316
  2.55000E-01  1.00000E+04  6.89456E-02  4.53041E-01  8.62235E-03  4.16636E-02  1.60000E+01 -2.00000E+00  2.50000E+03 -3.00000E+00 -1.00000E+00  2.03438E-01  7.46331E-01  2.01127E-02  5.77564E-02  1.60000E+01 -2.00000E+00  2.50000E+03 -3.00000E+00  1.00000E+00  1.57226-316
  2.55000E-01  1.05000E+04  6.67145E-02  4.40440E-01  8.58799E-03  4.14180E-02  1.60000E+01 -2.00000E+00  2.50000E+03 -3.00000E+00 -1.00000E+00  1.92891E-01  7.03883E-01  1.87278E-02  5.36846E-02  1.60000E+01 -2.00000E+00  2.50000E+03 -3.00000E+00  1.00000E+00  1.57226-316
  2.55000E-01  1.10000E+04  6.44881E-02  4.27883E-01  8.55276E-03  4.11674E-02  1.60000E+01 -2.00000E+00  2.50000E+03 -3.00000E+00 -1.00000E+00  1.83413E-01  6.65847E-01  1.74917E-02  5.00597E-02  1.60000E+01 -2.00000E+00  2.50000E+03 -3.00000E+00  1.00000E+00  1.57226-316
  2.55000E-01  1.15000E+04  6.22681E-02  4.15382E-01  8.51673E-03  4.09123E-02  1.60000E+01 -2.00000E+00  2.50000E+03 -3.00000E+00 -1.00000E+00  1.74852E-01  6.31586E-01  1.63831E-02  4.68159E-02  1.60000E+01 -2.00000E+00  2.50000E+03 -3.00000E+00  1.00000E+00  1.57226-316
  2.55000E-01  1.20000E+04  6.00560E-02  4.02949E-01  8.47995E-03  4.06532E-02  1.60000E+01 -2.00000E+00  2.50000E+03 -3.00000E+00 -1.00000E+00  1.67083E-01  6.00577E-01  1.53844E-02  4.38997E-02  1.60000E+01 -2.00000E+00  2.50000E+03 -3.00000E+00  1.00000E+00  1.57226-316
  2.55000E-01  1.25000E+04  5.78530E-02  3.90596E-01  8.44250E-03  4.03906E-02  1.60000E+01 -2.00000E+00  2.50000E+03 -3.00000E+00 -1.00000E+00  1.60003E-01  5.72390E-01  1.44811E-02  4.12667E-02  1.60000E+01 -2.00000E+00  2.50000E+03 -3.00000E+00  1.00000E+00  1.57226-316
  2.55000E-01  1.30000E+04  5.56606E-02  3.78331E-01  8.40441E-03  4.01248E-02  1.60000E+01 -2.00000E+00  2.50000E+03 -3.00000E+00 -1.00000E+00  1.53524E-01  5.46665E-01  1.36610E-02  3.88799E-02  1.60000E+01 -2.00000E+00  2.50000E+03 -3.00000E+00  1.00000E+00  1.57226-316
  2.55000E-01  1.35000E+04  5.34798E-02  3.66163E-01  8.36575E-03  3.98564E-02  1.60000E+01 -2.00000E+00  2.50000E+03 -3.00000E+00 -1.00000E+00  1.47575E-01  5.23100E-01  1.29137E-02  3.67083E-02  1.60000E+01 -2.00000E+00  2.50000E+03 -3.00000E+00  1.00000E+00  1.57226-316
  2.55000E-01  1.40000E+04  5.13117E-02  3.54101E-01  8.32656E-03  3.95856E-02  1.60000E+01 -2.00000E+00  2.50000E+03 -3.00000E+00 -1.00000E+00  1.42092E-01  5.01440E-01  1.22306E-02  3.47258E-02  1.60000E+01 -2.00000E+00  2.50000E+03 -3.00000E+00  1.00000E+00  1.57226-316
  2.55000E-01  1.45000E+04  4.91574E-02  3.42149E-01  8.28690E-03  3.93129E-02  1.60000E+01 -2.00000E+00  2.50000E+03 -3.00000E+00 -1.00000E+00  1.37025E-01  4.81468E-01  1.16043E-02  3.29103E-02  1.60000E+01 -2.00000E+00  2.50000E+03 -3.00000E+00  1.00000E+00  1.57226-316
  2.55000E-01  1.50000E+04  4.70177E-02  3.30316E-01  8.24680E-03  3.90385E-02  1.60000E+01 -2.00000E+00  2.50000E+03 -3.00000E+00 -1.00000E+00  1.32327E-01  4.62998E-01  1.10284E-02  3.12426E-02  1.60000E+01 -2.00000E+00  2.50000E+03 -3.00000E+00  1.00000E+00  1.57226-316
  2.55000E-01  1.55000E+04  4.48934E-02  3.18605E-01  8.20631E-03  3.87628E-02  1.60000E+01 -2.00000E+00  2.50000E+03 -3.00000E+00 -1.00000E+00  1.27961E-01  4.45870E-01  1.04975E-02  2.97067E-02  1.60000E+01 -2.00000E+00  2.50000E+03 -3.00000E+00  1.00000E+00  1.57226-316
  2.55000E-01  1.60000E+04  4.27852E-02  3.07022E-01  8.16547E-03  3.84860E-02  1.60000E+01 -2.00000E+00  2.50000E+03 -3.00000E+00 -1.00000E+00  1.23891E-01  4.29946E-01  1.00067E-02  2.82884E-02  1.60000E+01 -2.00000E+00  2.50000E+03 -3.00000E+00  1.00000E+00  1.57226-316
  2.55000E-01  1.65000E+04  4.06939E-02  2.95571E-01  8.12431E-03  3.82084E-02  1.60000E+01 -2.00000E+00  2.50000E+03 -3.00000E+00 -1.00000E+00  1.20090E-01  4.15106E-01  9.55209E-03  2.69755E-02  1.60000E+01 -2.00000E+00  2.50000E+03 -3.00000E+00  1.00000E+00  1.57226-316
  2.55000E-01  1.70000E+04  3.86200E-02  2.84255E-01  8.08288E-03  3.79303E-02  1.60000E+01 -2.00000E+00  2.50000E+03 -3.00000E+00 -1.00000E+00  1.16531E-01  4.01243E-01  9.12995E-03  2.57575E-02  1.60000E+01 -2.00000E+00  2.50000E+03 -3.00000E+00  1.00000E+00  1.57226-316
  2.55000E-01  1.75000E+04  3.65640E-02  2.73078E-01  8.04121E-03  3.76518E-02  1.60000E+01 -2.00000E+00  2.50000E+03 -3.00000E+00 -1.00000E+00  1.13192E-01  3.88268E-01  8.73717E-03  2.46250E-02  1.60000E+01 -2.00000E+00  2.50000E+03 -3.00000E+00  1.00000E+00  1.57226-316
  2.55000E-01  1.80000E+04  3.45265E-02  2.62040E-01  7.99933E-03  3.73733E-02  1.60000E+01 -2.00000E+00  2.50000E+03 -3.00000E+00 -1.00000E+00  1.10054E-01  3.76098E-01  8.37099E-03  2.35700E-02  1.60000E+01 -2.00000E+00  2.50000E+03 -3.00000E+00  1.00000E+00  1.57226-316
  2.55000E-01  1.85000E+04  3.25078E-02  2.51146E-01  7.95726E-03  3.70949E-02  1.60000E+01 -2.00000E+00  2.50000E+03 -3.00000E+00 -1.00000E+00  1.07098E-01  3.64662E-01  8.02896E-03  2.25852E-02  1.60000E+01 -2.00000E+00  2.50000E+03 -3.00000E+00  1.00000E+00  1.57226-316
  2.55000E-01  1.90000E+04  3.05083E-02  2.40396E-01  7.91505E-03  3.68168E-02  1.60000E+01 -2.00000E+00  2.50000E+03 -3.00000E+00 -1.00000E+00  1.04309E-01  3.53897E-01  7.70892E-03  2.16644E-02  1.60000E+01 -2.00000E+00  2.50000E+03 -3.00000E+00  1.00000E+00  1.57226-316
  2.55000E-01  1.95000E+04  2.85283E-02  2.29791E-01  7.87271E-03  3.65391E-02  1.60000E+01 -2.00000E+00  2.50000E+03 -3.00000E+00 -1.00000E+00  1.01673E-01  3.43746E-01  7.40896E-03  2.08018E-02  1.60000E+01 -2.00000E+00  2.50000E+03 -3.00000E+00  1.00000E+00  1.57226-316
  2.55000E-01  2.00000E+04  2.65682E-02  2.19334E-01  7.83028E-03  3.62620E-02  1.60000E+01 -2.00000E+00  2.50000E+03 -3.00000E+00 -1.00000E+00  9.91780E-02  3.34158E-01  7.12736E-03  1.99925E-02  1.60000E+01 -2.00000E+00  2.50000E+03 -3.00000E+00  1.00000E+00  1.57226-316
