 ##################################################
 #WARNING: these are left-handed Boozer coordinates
 #(similar, but not equal, to PEST)
 ##################################################
  0.641000000000000     
          65
          65
          10
  1.90333E+00  1.73425E+00  1.55006E+00  1.35261E+00  1.14450E+00  9.29047E-01  7.10179E-01  4.92171E-01  2.79385E-01  7.59544E-02 -1.14509E-01 -2.89162E-01 -4.46102E-01 -5.84440E-01 -7.04284E-01 -8.06614E-01 -8.93097E-01 -9.65831E-01 -1.02708E+00 -1.07902E+00 -1.12347E+00 -1.16175E+00 -1.19456E+00 -1.22187E+00 -1.24303E+00 -1.25679E+00 -1.26144E+00 -1.25495E+00 -1.23518E+00 -1.20003E+00 -1.14759E+00 -1.07627E+00 -9.84949E-01 -8.73008E-01 -7.40402E-01 -5.87671E-01 -4.15943E-01 -2.26904E-01 -2.27712E-02  1.93769E-01  4.19617E-01  6.51337E-01  8.85238E-01  1.11748E+00  1.34416E+00  1.56148E+00  1.76582E+00  1.95391E+00  2.12294E+00  2.27066E+00  2.39544E+00  2.49634E+00  2.57307E+00  2.62593E+00  2.65570E+00  2.66350E+00  2.65060E+00  2.61823E+00  2.56749E+00  2.49918E+00  2.41378E+00  2.31148E+00  2.19230E+00  2.05620E+00  1.90333E+00
  1.87302E+00  1.67625E+00  1.47017E+00  1.25712E+00  1.04011E+00  8.22714E-01  6.08939E-01  4.02953E-01  2.08809E-01  3.01403E-02 -1.30117E-01 -2.69936E-01 -3.88335E-01 -4.85409E-01 -5.62260E-01 -6.20837E-01 -6.63699E-01 -6.93738E-01 -7.13872E-01 -7.26767E-01 -7.34581E-01 -7.38782E-01 -7.40035E-01 -7.38166E-01 -7.32208E-01 -7.20511E-01 -7.00909E-01 -6.70920E-01 -6.27962E-01 -5.69566E-01 -4.93575E-01 -3.98314E-01 -2.82706E-01 -1.46369E-01  1.03504E-02  1.86373E-01  3.79918E-01  5.88563E-01  8.09332E-01  1.03878E+00  1.27312E+00  1.50830E+00  1.74019E+00  1.96460E+00  2.17751E+00  2.37513E+00  2.55402E+00  2.71123E+00  2.84440E+00  2.95182E+00  3.03247E+00  3.08606E+00  3.11296E+00  3.11416E+00  3.09107E+00  3.04545E+00  2.97915E+00  2.89399E+00  2.79162E+00  2.67336E+00  2.54027E+00  2.39308E+00  2.23239E+00  2.05878E+00  1.87302E+00
  1.73799E+00  1.52882E+00  1.31775E+00  1.10721E+00  9.00120E-01  6.99722E-01  5.09479E-01  3.32832E-01  1.72957E-01  3.25160E-02 -8.65734E-02 -1.83296E-01 -2.57630E-01 -3.10540E-01 -3.43885E-01 -3.60241E-01 -3.62654E-01 -3.54363E-01 -3.38500E-01 -3.17812E-01 -2.94424E-01 -2.69662E-01 -2.43955E-01 -2.16822E-01 -1.86934E-01 -1.52249E-01 -1.10213E-01 -5.79861E-02  7.30535E-03  8.83185E-02  1.87273E-01  3.05758E-01  4.44592E-01  6.03740E-01  7.82277E-01  9.78419E-01  1.18958E+00  1.41250E+00  1.64335E+00  1.87791E+00  2.11171E+00  2.34021E+00  2.55893E+00  2.76360E+00  2.95029E+00  3.11553E+00  3.25637E+00  3.37051E+00  3.45629E+00  3.51281E+00  3.53986E+00  3.53794E+00  3.50820E+00  3.45232E+00  3.37241E+00  3.27083E+00  3.15006E+00  3.01254E+00  2.86050E+00  2.69595E+00  2.52058E+00  2.33583E+00  2.14297E+00  1.94324E+00  1.73799E+00
  1.53934E+00  1.33581E+00  1.13818E+00  9.48543E-01  7.69202E-01  6.02563E-01  4.51037E-01  3.16885E-01  2.02042E-01  1.07943E-01  3.53678E-02 -1.56605E-02 -4.59246E-02 -5.69858E-02 -5.10864E-02 -3.09839E-02  2.67764E-04  3.95676E-02  8.40286E-02  1.31223E-01  1.79390E-01  2.27582E-01  2.75747E-01  3.24724E-01  3.76165E-01  4.32386E-01  4.96161E-01  5.70469E-01  6.58230E-01  7.62042E-01  8.83927E-01  1.02515E+00  1.18605E+00  1.36597E+00  1.56325E+00  1.77523E+00  1.99845E+00  2.22870E+00  2.46132E+00  2.69132E+00  2.91366E+00  3.12343E+00  3.31605E+00  3.48744E+00  3.63409E+00  3.75319E+00  3.84270E+00  3.90130E+00  3.92845E+00  3.92434E+00  3.88984E+00  3.82644E+00  3.73616E+00  3.62146E+00  3.48510E+00  3.33004E+00  3.15930E+00  2.97583E+00  2.78241E+00  2.58160E+00  2.37568E+00  2.16672E+00  1.95652E+00  1.74683E+00  1.53934E+00
  1.32557E+00  1.14561E+00  9.78439E-01  8.25426E-01  6.87893E-01  5.67068E-01  4.64037E-01  3.79678E-01  3.14570E-01  2.68910E-01  2.42432E-01  2.34358E-01  2.43385E-01  2.67721E-01  3.05162E-01  3.53227E-01  4.09319E-01  4.70921E-01  5.35794E-01  6.02166E-01  6.68887E-01  7.35547E-01  8.02524E-01  8.70971E-01  9.42730E-01  1.02019E+00  1.10607E+00  1.20319E+00  1.31420E+00  1.44131E+00  1.58605E+00  1.74908E+00  1.93004E+00  2.12746E+00  2.33877E+00  2.56042E+00  2.78798E+00  3.01637E+00  3.24013E+00  3.45367E+00  3.65157E+00  3.82882E+00  3.98106E+00  4.10471E+00  4.19711E+00  4.25657E+00  4.28231E+00  4.27448E+00  4.23399E+00  4.16246E+00  4.06209E+00  3.93550E+00  3.78568E+00  3.61583E+00  3.42929E+00  3.22943E+00  3.01959E+00  2.80301E+00  2.58274E+00  2.36162E+00  2.14224E+00  1.92696E+00  1.71787E+00  1.51684E+00  1.32557E+00
  1.14570E+00  1.00431E+00  8.80545E-01  7.74844E-01  6.87400E-01  6.18174E-01  5.66922E-01  5.33196E-01  5.16353E-01  5.15543E-01  5.29704E-01  5.57566E-01  5.97652E-01  6.48314E-01  7.07784E-01  7.74248E-01  8.45951E-01  9.21303E-01  9.99007E-01  1.07817E+00  1.15840E+00  1.23988E+00  1.32337E+00  1.41023E+00  1.50227E+00  1.60166E+00  1.71075E+00  1.83182E+00  1.96689E+00  2.11741E+00  2.28411E+00  2.46675E+00  2.66405E+00  2.87357E+00  3.09181E+00  3.31428E+00  3.53571E+00  3.75030E+00  3.95202E+00  4.13498E+00  4.29372E+00  4.42353E+00  4.52066E+00  4.58253E+00  4.60776E+00  4.59617E+00  4.54872E+00  4.46735E+00  4.35474E+00  4.21419E+00  4.04931E+00  3.86395E+00  3.66196E+00  3.44714E+00  3.22316E+00  2.99351E+00  2.76147E+00  2.53016E+00  2.30247E+00  2.08109E+00  1.86849E+00  1.66686E+00  1.47815E+00  1.30398E+00  1.14570E+00
  1.04217E+00  9.49122E-01  8.75781E-01  8.21647E-01  7.85872E-01  7.67323E-01  7.64649E-01  7.76363E-01  8.00917E-01  8.36756E-01  8.82375E-01  9.36356E-01  9.97392E-01  1.06431E+00  1.13608E+00  1.21184E+00  1.29092E+00  1.37286E+00  1.45746E+00  1.54478E+00  1.63524E+00  1.72953E+00  1.82872E+00  1.93411E+00  2.04724E+00  2.16973E+00  2.30319E+00  2.44898E+00  2.60806E+00  2.78080E+00  2.96675E+00  3.16457E+00  3.37186E+00  3.58519E+00  3.80015E+00  4.01148E+00  4.21332E+00  4.39947E+00  4.56380E+00  4.70056E+00  4.80478E+00  4.87255E+00  4.90127E+00  4.88980E+00  4.83849E+00  4.74908E+00  4.62452E+00  4.46876E+00  4.28638E+00  4.08233E+00  3.86162E+00  3.62909E+00  3.38924E+00  3.14612E+00  2.90334E+00  2.66405E+00  2.43102E+00  2.20675E+00  1.99345E+00  1.79315E+00  1.60768E+00  1.43866E+00  1.28743E+00  1.15504E+00  1.04217E+00
  1.04529E+00  1.00382E+00  9.81207E-01  9.76199E-01  9.87201E-01  1.01234E+00  1.04956E+00  1.09679E+00  1.15197E+00  1.21329E+00  1.27915E+00  1.34836E+00  1.42004E+00  1.49373E+00  1.56932E+00  1.64705E+00  1.72739E+00  1.81106E+00  1.89895E+00  1.99206E+00  2.09145E+00  2.19825E+00  2.31354E+00  2.43837E+00  2.57368E+00  2.72019E+00  2.87838E+00  3.04828E+00  3.22947E+00  3.42084E+00  3.62058E+00  3.82600E+00  4.03358E+00  4.23897E+00  4.43703E+00  4.62210E+00  4.78817E+00  4.92924E+00  5.03967E+00  5.11451E+00  5.14993E+00  5.14343E+00  5.09409E+00  5.00267E+00  4.87154E+00  4.70454E+00  4.50671E+00  4.28392E+00  4.04246E+00  3.78867E+00  3.52856E+00  3.26757E+00  3.01036E+00  2.76077E+00  2.52183E+00  2.29587E+00  2.08465E+00  1.88953E+00  1.71159E+00  1.55174E+00  1.41074E+00  1.28925E+00  1.18774E+00  1.10644E+00  1.04529E+00
  1.16947E+00  1.17612E+00  1.19814E+00  1.23390E+00  1.28146E+00  1.33869E+00  1.40333E+00  1.47318E+00  1.54618E+00  1.62064E+00  1.69528E+00  1.76934E+00  1.84263E+00  1.91548E+00  1.98877E+00  2.06377E+00  2.14205E+00  2.22538E+00  2.31558E+00  2.41437E+00  2.52330E+00  2.64360E+00  2.77616E+00  2.92146E+00  3.07948E+00  3.24973E+00  3.43117E+00  3.62223E+00  3.82073E+00  4.02391E+00  4.22838E+00  4.43016E+00  4.62469E+00  4.80692E+00  4.97148E+00  5.11282E+00  5.22547E+00  5.30438E+00  5.34518E+00  5.34452E+00  5.30038E+00  5.21230E+00  5.08148E+00  4.91084E+00  4.70488E+00  4.46943E+00  4.21131E+00  3.93790E+00  3.65666E+00  3.37470E+00  3.09841E+00  2.83316E+00  2.58318E+00  2.35152E+00  2.14014E+00  1.95008E+00  1.78168E+00  1.63480E+00  1.50907E+00  1.40396E+00  1.31897E+00  1.25360E+00  1.20732E+00  1.17954E+00  1.16947E+00
  1.41219E+00  1.45764E+00  1.51312E+00  1.57700E+00  1.64747E+00  1.72260E+00  1.80043E+00  1.87909E+00  1.95699E+00  2.03291E+00  2.10614E+00  2.17660E+00  2.24482E+00  2.31197E+00  2.37977E+00  2.45039E+00  2.52628E+00  2.60996E+00  2.70388E+00  2.81018E+00  2.93054E+00  3.06602E+00  3.21695E+00  3.38291E+00  3.56264E+00  3.75408E+00  3.95444E+00  4.16028E+00  4.36755E+00  4.57172E+00  4.76791E+00  4.95101E+00  5.11575E+00  5.25694E+00  5.36955E+00  5.44894E+00  5.49106E+00  5.49266E+00  5.45151E+00  5.36664E+00  5.23849E+00  5.06905E+00  4.86189E+00  4.62205E+00  4.35589E+00  4.07074E+00  3.77455E+00  3.47538E+00  3.18100E+00  2.89841E+00  2.63350E+00  2.39085E+00  2.17360E+00  1.98348E+00  1.82098E+00  1.68555E+00  1.57589E+00  1.49027E+00  1.42673E+00  1.38335E+00  1.35831E+00  1.35004E+00  1.35711E+00  1.37825E+00  1.41219E+00
  1.75538E+00  1.82621E+00  1.90084E+00  1.97801E+00  2.05646E+00  2.13487E+00  2.21199E+00  2.28671E+00  2.35820E+00  2.42601E+00  2.49022E+00  2.55146E+00  2.61101E+00  2.67073E+00  2.73302E+00  2.80062E+00  2.87650E+00  2.96357E+00  3.06448E+00  3.18136E+00  3.31562E+00  3.46773E+00  3.63713E+00  3.82214E+00  4.01999E+00  4.22687E+00  4.43809E+00  4.64826E+00  4.85152E+00  5.04177E+00  5.21292E+00  5.35919E+00  5.47524E+00  5.55641E+00  5.59892E+00  5.59995E+00  5.55774E+00  5.47177E+00  5.34274E+00  5.17263E+00  4.96477E+00  4.72373E+00  4.45528E+00  4.16617E+00  3.86394E+00  3.55654E+00  3.25200E+00  2.95801E+00  2.68151E+00  2.42837E+00  2.20312E+00  2.00879E+00  1.84688E+00  1.71748E+00  1.61937E+00  1.55041E+00  1.50774E+00  1.48816E+00  1.48839E+00  1.50532E+00  1.53613E+00  1.57840E+00  1.63012E+00  1.68959E+00  1.75538E+00
  2.16894E+00  2.24978E+00  2.32830E+00  2.40393E+00  2.47622E+00  2.54481E+00  2.60943E+00  2.67001E+00  2.72669E+00  2.77997E+00  2.83076E+00  2.88046E+00  2.93096E+00  2.98461E+00  3.04417E+00  3.11261E+00  3.19294E+00  3.28800E+00  3.40011E+00  3.53090E+00  3.68101E+00  3.84991E+00  4.03575E+00  4.23536E+00  4.44425E+00  4.65682E+00  4.86652E+00  5.06624E+00  5.24862E+00  5.40647E+00  5.53317E+00  5.62297E+00  5.67131E+00  5.67506E+00  5.63257E+00  5.54378E+00  5.41011E+00  5.23443E+00  5.02086E+00  4.77463E+00  4.50187E+00  4.20943E+00  3.90467E+00  3.59520E+00  3.28867E+00  2.99247E+00  2.71347E+00  2.45773E+00  2.23027E+00  2.03489E+00  1.87398E+00  1.74849E+00  1.65801E+00  1.60086E+00  1.57428E+00  1.57476E+00  1.59827E+00  1.64060E+00  1.69763E+00  1.76552E+00  1.84090E+00  1.92095E+00  2.00340E+00  2.08649E+00  2.16894E+00
  2.61592E+00  2.69164E+00  2.75990E+00  2.82103E+00  2.87558E+00  2.92427E+00  2.96800E+00  3.00783E+00  3.04499E+00  3.08097E+00  3.11749E+00  3.15661E+00  3.20066E+00  3.25222E+00  3.31403E+00  3.38885E+00  3.47925E+00  3.58738E+00  3.71472E+00  3.86181E+00  4.02804E+00  4.21142E+00  4.40855E+00  4.61456E+00  4.82327E+00  5.02740E+00  5.21891E+00  5.38948E+00  5.53096E+00  5.63591E+00  5.69808E+00  5.71281E+00  5.67737E+00  5.59111E+00  5.45544E+00  5.27382E+00  5.05138E+00  4.79467E+00  4.51124E+00  4.20926E+00  3.89711E+00  3.58306E+00  3.27499E+00  2.98016E+00  2.70502E+00  2.45509E+00  2.23483E+00  2.04762E+00  1.89566E+00  1.77995E+00  1.70034E+00  1.65554E+00  1.64326E+00  1.66032E+00  1.70282E+00  1.76643E+00  1.84657E+00  1.93865E+00  2.03832E+00  2.14163E+00  2.24519E+00  2.34620E+00  2.44255E+00  2.53276E+00  2.61592E+00
  3.05687E+00  3.11431E+00  3.16085E+00  3.19775E+00  3.22660E+00  3.24924E+00  3.26773E+00  3.28426E+00  3.30112E+00  3.32069E+00  3.34543E+00  3.37785E+00  3.42048E+00  3.47579E+00  3.54610E+00  3.63346E+00  3.73945E+00  3.86497E+00  4.01006E+00  4.17363E+00  4.35333E+00  4.54540E+00  4.74468E+00  4.94463E+00  5.13759E+00  5.31509E+00  5.46831E+00  5.58859E+00  5.66804E+00  5.70015E+00  5.68021E+00  5.60585E+00  5.47720E+00  5.29695E+00  5.07024E+00  4.80433E+00  4.50810E+00  4.19143E+00  3.86467E+00  3.53798E+00  3.22083E+00  2.92161E+00  2.64735E+00  2.40355E+00  2.19418E+00  2.02174E+00  1.88738E+00  1.79105E+00  1.73167E+00  1.70730E+00  1.71525E+00  1.75223E+00  1.81447E+00  1.89783E+00  1.99795E+00  2.11034E+00  2.23056E+00  2.35435E+00  2.47776E+00  2.59731E+00  2.71005E+00  2.81367E+00  2.90655E+00  2.98771E+00  3.05687E+00
  3.45543E+00  3.48474E+00  3.50178E+00  3.50872E+00  3.50811E+00  3.50284E+00  3.49598E+00  3.49071E+00  3.49023E+00  3.49765E+00  3.51593E+00  3.54777E+00  3.59558E+00  3.66134E+00  3.74651E+00  3.85191E+00  3.97756E+00  4.12259E+00  4.28501E+00  4.46167E+00  4.64813E+00  4.83869E+00  5.02647E+00  5.20357E+00  5.36144E+00  5.49124E+00  5.58443E+00  5.63329E+00  5.63155E+00  5.57496E+00  5.46170E+00  5.29273E+00  5.07187E+00  4.80567E+00  4.50306E+00  4.17478E+00  3.83270E+00  3.48901E+00  3.15548E+00  2.84275E+00  2.55981E+00  2.31357E+00  2.10878E+00  1.94797E+00  1.83166E+00  1.75867E+00  1.72641E+00  1.73136E+00  1.76928E+00  1.83561E+00  1.92565E+00  2.03470E+00  2.15820E+00  2.29174E+00  2.43117E+00  2.57254E+00  2.71217E+00  2.84668E+00  2.97309E+00  3.08882E+00  3.19179E+00  3.28050E+00  3.35406E+00  3.41222E+00  3.45543E+00
  3.77911E+00  3.77437E+00  3.75830E+00  3.73382E+00  3.70431E+00  3.67346E+00  3.64515E+00  3.62332E+00  3.61177E+00  3.61405E+00  3.63329E+00  3.67205E+00  3.73221E+00  3.81483E+00  3.92002E+00  4.04689E+00  4.19342E+00  4.35645E+00  4.53159E+00  4.71333E+00  4.89507E+00  5.06927E+00  5.22773E+00  5.36191E+00  5.46330E+00  5.52395E+00  5.53699E+00  5.49713E+00  5.40121E+00  5.24856E+00  5.04136E+00  4.78463E+00  4.48617E+00  4.15619E+00  3.80671E+00  3.45085E+00  3.10196E+00  2.77277E+00  2.47462E+00  2.21676E+00  2.00595E+00  1.84622E+00  1.73888E+00  1.68277E+00  1.67462E+00  1.70955E+00  1.78163E+00  1.88434E+00  2.01107E+00  2.15542E+00  2.31150E+00  2.47401E+00  2.63833E+00  2.80046E+00  2.95701E+00  3.10508E+00  3.24221E+00  3.36631E+00  3.47569E+00  3.56898E+00  3.64528E+00  3.70410E+00  3.74549E+00  3.77009E+00  3.77911E+00
  4.00418E+00  3.96372E+00  3.91509E+00  3.86185E+00  3.80795E+00  3.75762E+00  3.71523E+00  3.68508E+00  3.67121E+00  3.67718E+00  3.70587E+00  3.75923E+00  3.83816E+00  3.94232E+00  4.07002E+00  4.21819E+00  4.38240E+00  4.55689E+00  4.73478E+00  4.90821E+00  5.06871E+00  5.20749E+00  5.31589E+00  5.38582E+00  5.41022E+00  5.38353E+00  5.30209E+00  5.16455E+00  4.97214E+00  4.72879E+00  4.44113E+00  4.11833E+00  3.77161E+00  3.41379E+00  3.05847E+00  2.71923E+00  2.40882E+00  2.13836E+00  1.91669E+00  1.74991E+00  1.64116E+00  1.59061E+00  1.59573E+00  1.65164E+00  1.75173E+00  1.88818E+00  2.05262E+00  2.23670E+00  2.43245E+00  2.63272E+00  2.83132E+00  3.02313E+00  3.20408E+00  3.37108E+00  3.52186E+00  3.65486E+00  3.76902E+00  3.86378E+00  3.93887E+00  3.99437E+00  4.03065E+00  4.04844E+00  4.04884E+00  4.03341E+00  4.00418E+00
  4.11350E+00  4.03979E+00  3.96317E+00  3.88758E+00  3.81729E+00  3.75672E+00  3.71028E+00  3.68221E+00  3.67628E+00  3.69552E+00  3.74201E+00  3.81657E+00  3.91857E+00  4.04579E+00  4.19434E+00  4.35871E+00  4.53184E+00  4.70548E+00  4.87046E+00  5.01717E+00  5.13605E+00  5.21816E+00  5.25573E+00  5.24263E+00  5.17482E+00  5.05067E+00  4.87118E+00  4.64001E+00  4.36350E+00  4.05034E+00  3.71131E+00  3.35871E+00  3.00582E+00  2.66612E+00  2.35258E+00  2.07697E+00  1.84914E+00  1.67653E+00  1.56381E+00  1.51271E+00  1.52209E+00  1.58816E+00  1.70488E+00  1.86448E+00  2.05806E+00  2.27616E+00  2.50932E+00  2.74859E+00  2.98588E+00  3.21424E+00  3.42801E+00  3.62282E+00  3.79558E+00  3.94435E+00  4.06815E+00  4.16682E+00  4.24080E+00  4.29101E+00  4.31870E+00  4.32541E+00  4.31287E+00  4.28304E+00  4.23815E+00  4.18069E+00  4.11350E+00
  4.09869E+00  3.99797E+00  3.90128E+00  3.81277E+00  3.73667E+00  3.67718E+00  3.63832E+00  3.62366E+00  3.63609E+00  3.67750E+00  3.74850E+00  3.84817E+00  3.97383E+00  4.12097E+00  4.28323E+00  4.45263E+00  4.61976E+00  4.77439E+00  4.90591E+00  5.00408E+00  5.05970E+00  5.06526E+00  5.01555E+00  4.90807E+00  4.74328E+00  4.52470E+00  4.25873E+00  3.95436E+00  3.62269E+00  3.27634E+00  2.92876E+00  2.59356E+00  2.28375E+00  2.01112E+00  1.78564E+00  1.61500E+00  1.50434E+00  1.45603E+00  1.46975E+00  1.54260E+00  1.66943E+00  1.84320E+00  2.05546E+00  2.29687E+00  2.55765E+00  2.82812E+00  3.09909E+00  3.36218E+00  3.61018E+00  3.83711E+00  4.03839E+00  4.21081E+00  4.35248E+00  4.46268E+00  4.54173E+00  4.59081E+00  4.61178E+00  4.60695E+00  4.57903E+00  4.53092E+00  4.46568E+00  4.38648E+00  4.29662E+00  4.19949E+00  4.09869E+00
  3.96053E+00  3.84217E+00  3.73601E+00  3.64610E+00  3.57630E+00  3.53015E+00  3.51071E+00  3.52026E+00  3.56011E+00  3.63028E+00  3.72922E+00  3.85366E+00  3.99840E+00  4.15643E+00  4.31903E+00  4.47611E+00  4.61677E+00  4.72991E+00  4.80502E+00  4.83299E+00  4.80682E+00  4.72232E+00  4.57852E+00  4.37792E+00  4.12643E+00  3.83305E+00  3.50933E+00  3.16867E+00  2.82546E+00  2.49423E+00  2.18879E+00  1.92148E+00  1.70258E+00  1.53985E+00  1.43829E+00  1.40013E+00  1.42486E+00  1.50952E+00  1.64905E+00  1.83665E+00  2.06422E+00  2.32281E+00  2.60297E+00  2.89518E+00  3.19021E+00  3.47933E+00  3.75468E+00  4.00939E+00  4.23774E+00  4.43528E+00  4.59890E+00  4.72671E+00  4.81812E+00  4.87365E+00  4.89484E+00  4.88407E+00  4.84442E+00  4.77946E+00  4.69310E+00  4.58946E+00  4.47278E+00  4.34730E+00  4.21729E+00  4.08696E+00  3.96053E+00
  3.70557E+00  3.58121E+00  3.47781E+00  3.39901E+00  3.34793E+00  3.32693E+00  3.33747E+00  3.37990E+00  3.45317E+00  3.55468E+00  3.68009E+00  3.82330E+00  3.97641E+00  4.13009E+00  4.27381E+00  4.39648E+00  4.48713E+00  4.53565E+00  4.53367E+00  4.47529E+00  4.35773E+00  4.18177E+00  3.95190E+00  3.67618E+00  3.36583E+00  3.03446E+00  2.69724E+00  2.36981E+00  2.06733E+00  1.80347E+00  1.58964E+00  1.43445E+00  1.34330E+00  1.31844E+00  1.35902E+00  1.46154E+00  1.62023E+00  1.82767E+00  2.07523E+00  2.35361E+00  2.65324E+00  2.96467E+00  3.27876E+00  3.58702E+00  3.88169E+00  4.15588E+00  4.40370E+00  4.62031E+00  4.80196E+00  4.94600E+00  5.05098E+00  5.11651E+00  5.14331E+00  5.13311E+00  5.08851E+00  5.01295E+00  4.91046E+00  4.78558E+00  4.64320E+00  4.48836E+00  4.32621E+00  4.16191E+00  4.00047E+00  3.84679E+00  3.70557E+00
  3.34822E+00  3.23075E+00  3.14281E+00  3.08733E+00  3.06620E+00  3.08007E+00  3.12818E+00  3.20817E+00  3.31597E+00  3.44573E+00  3.58990E+00  3.73943E+00  3.88406E+00  4.01288E+00  4.11485E+00  4.17959E+00  4.19810E+00  4.16352E+00  4.07184E+00  3.92238E+00  3.71811E+00  3.46572E+00  3.17531E+00  2.85985E+00  2.53436E+00  2.21492E+00  1.91759E+00  1.65729E+00  1.44688E+00  1.29636E+00  1.21239E+00  1.19805E+00  1.25295E+00  1.37352E+00  1.55356E+00  1.78484E+00  2.05777E+00  2.36204E+00  2.68714E+00  3.02285E+00  3.35949E+00  3.68826E+00  4.00130E+00  4.29180E+00  4.55406E+00  4.78341E+00  4.97628E+00  5.13011E+00  5.24330E+00  5.31524E+00  5.34622E+00  5.33743E+00  5.29090E+00  5.20948E+00  5.09672E+00  4.95684E+00  4.79458E+00  4.61509E+00  4.42390E+00  4.22666E+00  4.02914E+00  3.83709E+00  3.65609E+00  3.49148E+00  3.34822E+00
  2.90620E+00  2.80870E+00  2.74832E+00  2.72679E+00  2.74427E+00  2.79910E+00  2.88765E+00  3.00426E+00  3.14131E+00  3.28951E+00  3.43814E+00  3.57574E+00  3.69069E+00  3.77198E+00  3.80999E+00  3.79723E+00  3.72899E+00  3.60382E+00  3.42390E+00  3.19501E+00  2.92641E+00  2.63032E+00  2.32122E+00  2.01496E+00  1.72770E+00  1.47484E+00  1.27008E+00  1.12449E+00  1.04595E+00  1.03876E+00  1.10356E+00  1.23757E+00  1.43495E+00  1.68745E+00  1.98505E+00  2.31668E+00  2.67081E+00  3.03606E+00  3.40162E+00  3.75761E+00  4.09528E+00  4.40713E+00  4.68704E+00  4.93021E+00  5.13314E+00  5.29351E+00  5.41014E+00  5.48279E+00  5.51214E+00  5.49964E+00  5.44742E+00  5.35823E+00  5.23540E+00  5.08279E+00  4.90470E+00  4.70591E+00  4.49154E+00  4.26709E+00  4.03830E+00  3.81110E+00  3.59154E+00  3.38562E+00  3.19920E+00  3.03775E+00  2.90620E+00
  2.40165E+00  2.33632E+00  2.31365E+00  2.33365E+00  2.39417E+00  2.49064E+00  2.61612E+00  2.76136E+00  2.91522E+00  3.06528E+00  3.19856E+00  3.30249E+00  3.36583E+00  3.37958E+00  3.33779E+00  3.23807E+00  3.08194E+00  2.87486E+00  2.62593E+00  2.34736E+00  2.05372E+00  1.76094E+00  1.48535E+00  1.24256E+00  1.04651E+00  9.08678E-01  8.37438E-01  8.37725E-01  9.10924E-01  1.05502E+00  1.26492E+00  1.53297E+00  1.84954E+00  2.20362E+00  2.58345E+00  2.97710E+00  3.37292E+00  3.75993E+00  4.12816E+00  4.46890E+00  4.77480E+00  5.04005E+00  5.26033E+00  5.43285E+00  5.55624E+00  5.63046E+00  5.65661E+00  5.63674E+00  5.57374E+00  5.47110E+00  5.33275E+00  5.16298E+00  4.96633E+00  4.74752E+00  4.51150E+00  4.26333E+00  4.00829E+00  3.75186E+00  3.49972E+00  3.25768E+00  3.03168E+00  2.82763E+00  2.65124E+00  2.50775E+00  2.40165E+00
  1.85860E+00  1.83560E+00  1.85754E+00  1.92211E+00  2.02428E+00  2.15630E+00  2.30781E+00  2.46631E+00  2.61791E+00  2.74834E+00  2.84406E+00  2.89345E+00  2.88790E+00  2.82271E+00  2.69760E+00  2.51691E+00  2.28932E+00  2.02731E+00  1.74616E+00  1.46284E+00  1.19479E+00  9.58647E-01  7.69180E-01  6.38405E-01  5.74990E-01  5.83967E-01  6.66731E-01  8.21292E-01  1.04269E+00  1.32353E+00  1.65454E+00  2.02518E+00  2.42410E+00  2.83963E+00  3.26016E+00  3.67450E+00  4.07212E+00  4.44342E+00  4.77993E+00  5.07446E+00  5.32134E+00  5.51639E+00  5.65709E+00  5.74250E+00  5.77320E+00  5.75120E+00  5.67972E+00  5.56294E+00  5.40577E+00  5.21363E+00  4.99213E+00  4.74698E+00  4.48383E+00  4.20819E+00  3.92545E+00  3.64083E+00  3.35954E+00  3.08678E+00  2.82782E+00  2.58804E+00  2.37285E+00  2.18758E+00  2.03731E+00  1.92650E+00  1.85860E+00
  1.30274E+00  1.32855E+00  1.39700E+00  1.50285E+00  1.63806E+00  1.79179E+00  1.95098E+00  2.10108E+00  2.22717E+00  2.31525E+00  2.35359E+00  2.33397E+00  2.25266E+00  2.11104E+00  1.91568E+00  1.67796E+00  1.41316E+00  1.13918E+00  8.75127E-01  6.39670E-01  4.49663E-01  3.18929E-01  2.57463E-01  2.71037E-01  3.61215E-01  5.25726E-01  7.59068E-01  1.05326E+00  1.39857E+00  1.78421E+00  2.19891E+00  2.63127E+00  3.07015E+00  3.50482E+00  3.92508E+00  4.32143E+00  4.68516E+00  5.00849E+00  5.28474E+00  5.50844E+00  5.67553E+00  5.78349E+00  5.83141E+00  5.82000E+00  5.75162E+00  5.63007E+00  5.46038E+00  5.24859E+00  5.00144E+00  4.72600E+00  4.42941E+00  4.11867E+00  3.80040E+00  3.48080E+00  3.16557E+00  2.86002E+00  2.56909E+00  2.29752E+00  2.04989E+00  1.83071E+00  1.64440E+00  1.49517E+00  1.38675E+00  1.32207E+00  1.30274E+00
  7.59077E-01  8.34469E-01  9.44367E-01  1.08056E+00  1.23233E+00  1.38681E+00  1.52983E+00  1.64691E+00  1.72460E+00  1.75181E+00  1.72115E+00  1.62996E+00  1.48093E+00  1.28220E+00  1.04693E+00  7.92174E-01  5.37520E-01  3.03286E-01  1.08771E-01 -2.93664E-02 -9.83656E-02 -9.01473E-02 -1.55727E-03  1.65884E-01  4.06638E-01  7.12070E-01  1.07143E+00  1.47284E+00  1.90408E+00  2.35312E+00  2.80858E+00  3.25987E+00  3.69722E+00  4.11174E+00  4.49526E+00  4.84042E+00  5.14060E+00  5.39003E+00  5.58391E+00  5.71857E+00  5.79153E+00  5.80183E+00  5.75009E+00  5.63849E+00  5.47088E+00  5.25253E+00  4.99004E+00  4.69096E+00  4.36348E+00  4.01609E+00  3.65719E+00  3.29485E+00  2.93657E+00  2.58912E+00  2.25849E+00  1.94992E+00  1.66800E+00  1.41678E+00  1.19981E+00  1.02031E+00  8.81077E-01  7.84420E-01  7.31863E-01  7.23808E-01  7.59077E-01
  2.47361E-01  3.65114E-01  5.03032E-01  6.50586E-01  7.95732E-01  9.25562E-01  1.02722E+00  1.08903E+00  1.10177E+00  1.05977E+00  9.61934E-01  8.12314E-01  6.20182E-01  3.99555E-01  1.68141E-01 -5.41683E-02 -2.47088E-01 -3.91785E-01 -4.72535E-01 -4.77993E-01 -4.01924E-01 -2.43362E-01 -6.22450E-03  3.01511E-01  6.68865E-01  1.08302E+00  1.53040E+00  1.99753E+00  2.47171E+00  2.94137E+00  3.39625E+00  3.82736E+00  4.22690E+00  4.58810E+00  4.90504E+00  5.17261E+00  5.38632E+00  5.54250E+00  5.63832E+00  5.67185E+00  5.64229E+00  5.55018E+00  5.39754E+00  5.18786E+00  4.92622E+00  4.61911E+00  4.27425E+00  3.90039E+00  3.50680E+00  3.10305E+00  2.69854E+00  2.30221E+00  1.92226E+00  1.56594E+00  1.23944E+00  9.47881E-01  6.95291E-01  4.84713E-01  3.18270E-01  1.97209E-01  1.21895E-01  9.17199E-02  1.04938E-01  1.58414E-01  2.47361E-01
 -2.23112E-01 -7.95721E-02  6.46963E-02  1.98550E-01  3.10886E-01  3.91360E-01  4.31244E-01  4.24339E-01  3.67856E-01  2.63121E-01  1.15977E-01 -6.32261E-02 -2.60140E-01 -4.57414E-01 -6.36105E-01 -7.77344E-01 -8.64043E-01 -8.82423E-01 -8.23151E-01 -6.81973E-01 -4.59791E-01 -1.62226E-01  2.01226E-01  6.18249E-01  1.07487E+00  1.55653E+00  2.04899E+00  2.53898E+00  3.01468E+00  3.46585E+00  3.88390E+00  4.26178E+00  4.59376E+00  4.87525E+00  5.10256E+00  5.27277E+00  5.38369E+00  5.43366E+00  5.42184E+00  5.34816E+00  5.21348E+00  5.01983E+00  4.77048E+00  4.47008E+00  4.12472E+00  3.74173E+00  3.32967E+00  2.89802E+00  2.45681E+00  2.01633E+00  1.58671E+00  1.17751E+00  7.97467E-01  4.54158E-01  1.53819E-01 -9.88182E-02 -3.00602E-01 -4.49987E-01 -5.47030E-01 -5.93344E-01 -5.92052E-01 -5.47731E-01 -4.66365E-01 -3.55290E-01 -2.23112E-01
 -6.58907E-01 -5.14447E-01 -3.90668E-01 -2.96817E-01 -2.40343E-01 -2.26371E-01 -2.57186E-01 -3.31785E-01 -4.45582E-01 -5.90325E-01 -7.54330E-01 -9.23061E-01 -1.08008E+00 -1.20825E+00 -1.29122E+00 -1.31471E+00 -1.26783E+00 -1.14394E+00 -9.41040E-01 -6.61790E-01 -3.13042E-01  9.49157E-02  5.49301E-01  1.03586E+00  1.53985E+00  2.04678E+00  2.54318E+00  3.01704E+00  3.45801E+00  3.85755E+00  4.20895E+00  4.50711E+00  4.74833E+00  4.93019E+00  5.05121E+00  5.11065E+00  5.10849E+00  5.04529E+00  4.92216E+00  4.74089E+00  4.50400E+00  4.21490E+00  3.87804E+00  3.49904E+00  3.08470E+00  2.64297E+00  2.18291E+00  1.71438E+00  1.24786E+00  7.94028E-01  3.63414E-01 -3.40132E-02 -3.89278E-01 -6.94784E-01 -9.44666E-01 -1.13511E+00 -1.26456E+00 -1.33388E+00 -1.34634E+00 -1.30749E+00 -1.22494E+00 -1.10795E+00 -9.67059E-01 -8.13536E-01 -6.58907E-01
 -1.08343E+00 -9.66844E-01 -8.89626E-01 -8.56444E-01 -8.68740E-01 -9.24632E-01 -1.01894E+00 -1.14335E+00 -1.28681E+00 -1.43598E+00 -1.57606E+00 -1.69163E+00 -1.76778E+00 -1.79113E+00 -1.75087E+00 -1.63957E+00 -1.45369E+00 -1.19376E+00 -8.64211E-01 -4.72927E-01 -3.05776E-02  4.50133E-01  9.55282E-01  1.47050E+00  1.98167E+00  2.47548E+00  2.93994E+00  3.36466E+00  3.74108E+00  4.06248E+00  4.32405E+00  4.52262E+00  4.65655E+00  4.72554E+00  4.73022E+00  4.67208E+00  4.55322E+00  4.37634E+00  4.14449E+00  3.86119E+00  3.53055E+00  3.15727E+00  2.74683E+00  2.30564E+00  1.84103E+00  1.36135E+00  8.75895E-01  3.94720E-01 -7.15653E-02 -5.12128E-01 -9.16347E-01 -1.27428E+00 -1.57721E+00 -1.81819E+00 -1.99261E+00 -2.09860E+00 -2.13743E+00 -2.11359E+00 -2.03467E+00 -1.91101E+00 -1.75503E+00 -1.58049E+00 -1.40152E+00 -1.23173E+00 -1.08343E+00
 -1.53119E+00 -1.46792E+00 -1.45495E+00 -1.49045E+00 -1.56874E+00 -1.68075E+00 -1.81464E+00 -1.95659E+00 -2.09165E+00 -2.20466E+00 -2.28118E+00 -2.30843E+00 -2.27602E+00 -2.17658E+00 -2.00616E+00 -1.76437E+00 -1.45426E+00 -1.08202E+00 -6.56501E-01 -1.88652E-01  3.09065E-01  8.23309E-01  1.34040E+00  1.84685E+00  2.32990E+00  2.77788E+00  3.18055E+00  3.52935E+00  3.81765E+00  4.04065E+00  4.19547E+00  4.28094E+00  4.29753E+00  4.24690E+00  4.13181E+00  3.95590E+00  3.72331E+00  3.43857E+00  3.10659E+00  2.73250E+00  2.32178E+00  1.88031E+00  1.41448E+00  9.31363E-01  4.38750E-01 -5.47194E-02 -5.39629E-01 -1.00589E+00 -1.44295E+00 -1.84021E+00 -2.18750E+00 -2.47561E+00 -2.69713E+00 -2.84705E+00 -2.92343E+00 -2.92797E+00 -2.86614E+00 -2.74719E+00 -2.58362E+00 -2.39039E+00 -2.18383E+00 -1.98045E+00 -1.79563E+00 -1.64253E+00 -1.53119E+00
 -2.03606E+00 -2.04031E+00 -2.09451E+00 -2.18992E+00 -2.31441E+00 -2.45339E+00 -2.59097E+00 -2.71101E+00 -2.79824E+00 -2.83922E+00 -2.82307E+00 -2.74203E+00 -2.59175E+00 -2.37128E+00 -2.08296E+00 -1.73202E+00 -1.32620E+00 -8.75225E-01 -3.90311E-01  1.16293E-01  6.31767E-01  1.14315E+00  1.63770E+00  2.10331E+00  2.52884E+00  2.90443E+00  3.22178E+00  3.47434E+00  3.65747E+00  3.76841E+00  3.80633E+00  3.77213E+00  3.66821E+00  3.49824E+00  3.26696E+00  2.97987E+00  2.64288E+00  2.26223E+00  1.84437E+00  1.39582E+00  9.23298E-01  4.33738E-01 -6.56131E-02 -5.67005E-01 -1.06215E+00 -1.54213E+00 -1.99741E+00 -2.41807E+00 -2.79401E+00 -3.11553E+00 -3.37388E+00 -3.56203E+00 -3.67551E+00 -3.71308E+00 -3.67739E+00 -3.57515E+00 -3.41708E+00 -3.21734E+00 -2.99258E+00 -2.76073E+00 -2.53955E+00 -2.34520E+00 -2.19099E+00 -2.08631E+00 -2.03606E+00
 -2.61753E+00 -2.68692E+00 -2.79398E+00 -2.92452E+00 -3.06234E+00 -3.19050E+00 -3.29257E+00 -3.35377E+00 -3.36184E+00 -3.30773E+00 -3.18592E+00 -2.99443E+00 -2.73465E+00 -2.41094E+00 -2.03017E+00 -1.60117E+00 -1.13434E+00 -6.41074E-01 -1.33449E-01  3.76132E-01  8.75293E-01  1.35196E+00  1.79469E+00  2.19295E+00  2.53738E+00  2.82010E+00  3.03488E+00  3.17729E+00  3.24485E+00  3.23691E+00  3.15472E+00  3.00117E+00  2.78054E+00  2.49834E+00  2.16103E+00  1.77560E+00  1.34949E+00  8.90330E-01  4.05852E-01 -9.61730E-02 -6.07914E-01 -1.12142E+00 -1.62852E+00 -2.12070E+00 -2.58916E+00 -3.02467E+00 -3.41789E+00 -3.75953E+00 -4.04087E+00 -4.25440E+00 -4.39450E+00 -4.45834E+00 -4.44643E+00 -4.36324E+00 -4.21730E+00 -4.02095E+00 -3.78970E+00 -3.54119E+00 -3.29383E+00 -3.06535E+00 -2.87140E+00 -2.72421E+00 -2.63169E+00 -2.59683E+00 -2.61753E+00
 -3.27019E+00 -3.38534E+00 -3.51672E+00 -3.64755E+00 -3.76099E+00 -3.84132E+00 -3.87498E+00 -3.85139E+00 -3.76341E+00 -3.60748E+00 -3.38353E+00 -3.09461E+00 -2.74643E+00 -2.34686E+00 -1.90535E+00 -1.43256E+00 -9.39891E-01 -4.39200E-01  5.75150E-02  5.38382E-01  9.91908E-01  1.40724E+00  1.77443E+00  2.08468E+00  2.33061E+00  2.50641E+00  2.60803E+00  2.63328E+00  2.58185E+00  2.45524E+00  2.25665E+00  1.99083E+00  1.66381E+00  1.28263E+00  8.55107E-01  3.89549E-01 -1.05401E-01 -6.20956E-01 -1.14824E+00 -1.67837E+00 -2.20239E+00 -2.71126E+00 -3.19589E+00 -3.64704E+00 -4.05551E+00 -4.41235E+00 -4.70907E+00 -4.93834E+00 -5.09446E+00 -5.17407E+00 -5.17691E+00 -5.10627E+00 -4.96931E+00 -4.77697E+00 -4.54353E+00 -4.28572E+00 -4.02162E+00 -3.76926E+00 -3.54523E+00 -3.36338E+00 -3.23370E+00 -3.16158E+00 -3.14740E+00 -3.18662E+00 -3.27019E+00
 -3.96336E+00 -4.09291E+00 -4.21321E+00 -4.30834E+00 -4.36410E+00 -4.36887E+00 -4.31419E+00 -4.19502E+00 -4.00975E+00 -3.75992E+00 -3.44987E+00 -3.08618E+00 -2.67721E+00 -2.23265E+00 -1.76306E+00 -1.27961E+00 -7.93727E-01 -3.16909E-01  1.39518E-01  5.64668E-01  9.48287E-01  1.28101E+00  1.55463E+00  1.76228E+00  1.89862E+00  1.96006E+00  1.94477E+00  1.85275E+00  1.68580E+00  1.44744E+00  1.14267E+00  7.77883E-01  3.60561E-01 -1.00963E-01 -5.97716E-01 -1.12030E+00 -1.65905E+00 -2.20410E+00 -2.74552E+00 -3.27333E+00 -3.77750E+00 -4.24803E+00 -4.67516E+00 -5.04945E+00 -5.36217E+00 -5.60585E+00 -5.77460E+00 -5.86499E+00 -5.87646E+00 -5.81193E+00 -5.67804E+00 -5.48513E+00 -5.24691E+00 -4.97964E+00 -4.70118E+00 -4.42963E+00 -4.18205E+00 -3.97312E+00 -3.81403E+00 -3.71170E+00 -3.66823E+00 -3.68085E+00 -3.74223E+00 -3.84114E+00 -3.96336E+00
 -4.64826E+00 -4.75743E+00 -4.83366E+00 -4.86467E+00 -4.84110E+00 -4.75687E+00 -4.60917E+00 -4.39831E+00 -4.12741E+00 -3.80188E+00 -3.42898E+00 -3.01739E+00 -2.57677E+00 -2.11744E+00 -1.65013E+00 -1.18572E+00 -7.35041E-01 -3.08707E-01  8.31038E-02  4.30855E-01  7.25875E-01  9.60583E-01  1.12870E+00  1.22545E+00  1.24765E+00  1.19389E+00  1.06450E+00  8.61570E-01  5.88829E-01  2.51558E-01 -1.43594E-01 -5.88840E-01 -1.07543E+00 -1.59390E+00 -2.13422E+00 -2.68598E+00 -3.23850E+00 -3.78092E+00 -4.30233E+00 -4.79181E+00 -5.23863E+00 -5.63253E+00 -5.96399E+00 -6.22482E+00 -6.40859E+00 -6.51130E+00 -6.53199E+00 -6.47318E+00 -6.34117E+00 -6.14600E+00 -5.90114E+00 -5.62281E+00 -5.32899E+00 -5.03819E+00 -4.76811E+00 -4.53437E+00 -4.34929E+00 -4.22108E+00 -4.15319E+00 -4.14423E+00 -4.18813E+00 -4.27475E+00 -4.39075E+00 -4.52070E+00 -4.64826E+00
 -5.27237E+00 -5.33146E+00 -5.34009E+00 -5.29110E+00 -5.18068E+00 -5.00815E+00 -4.77567E+00 -4.48780E+00 -4.15100E+00 -3.77320E+00 -3.36337E+00 -2.93118E+00 -2.48671E+00 -2.04022E+00 -1.60198E+00 -1.18211E+00 -7.90379E-01 -4.36100E-01 -1.27917E-01  1.26363E-01  3.19968E-01  4.47345E-01  5.04342E-01  4.88328E-01  3.98305E-01  2.34947E-01  5.86596E-04 -3.00827E-01 -6.63833E-01 -1.08159E+00 -1.54608E+00 -2.04821E+00 -2.57809E+00 -3.12515E+00 -3.67834E+00 -4.22625E+00 -4.75725E+00 -5.25968E+00 -5.72203E+00 -6.13313E+00 -6.48266E+00 -6.76153E+00 -6.96248E+00 -7.08068E+00 -7.11438E+00 -7.06537E+00 -6.93927E+00 -6.74560E+00 -6.49744E+00 -6.21082E+00 -5.90377E+00 -5.59518E+00 -5.30348E+00 -5.04533E+00 -4.83442E+00 -4.68047E+00 -4.58857E+00 -4.55888E+00 -4.58676E+00 -4.66319E+00 -4.77560E+00 -4.90897E+00 -5.04694E+00 -5.17315E+00 -5.27237E+00
 -5.79345E+00 -5.78382E+00 -5.71435E+00 -5.58309E+00 -5.39110E+00 -5.14207E+00 -4.84179E+00 -4.49767E+00 -4.11831E+00 -3.71307E+00 -3.29173E+00 -2.86430E+00 -2.44075E+00 -2.03085E+00 -1.64407E+00 -1.28934E+00 -9.75045E-01 -7.08829E-01 -4.97461E-01 -3.46706E-01 -2.61177E-01 -2.44198E-01 -2.97702E-01 -4.22129E-01 -6.16392E-01 -8.77862E-01 -1.20238E+00 -1.58434E+00 -2.01679E+00 -2.49151E+00 -2.99919E+00 -3.52959E+00 -4.07166E+00 -4.61382E+00 -5.14400E+00 -5.65001E+00 -6.11967E+00 -6.54115E+00 -6.90346E+00 -7.19672E+00 -7.41291E+00 -7.54643E+00 -7.59463E+00 -7.55848E+00 -7.44270E+00 -7.25599E+00 -7.01073E+00 -6.72237E+00 -6.40861E+00 -6.08831E+00 -5.78021E+00 -5.50170E+00 -5.26757E+00 -5.08904E+00 -4.97293E+00 -4.92129E+00 -4.93129E+00 -4.99556E+00 -5.10284E+00 -5.23891E+00 -5.38774E+00 -5.53266E+00 -5.65769E+00 -5.74854E+00 -5.79345E+00
 -6.18578E+00 -6.10131E+00 -5.95543E+00 -5.75046E+00 -5.49108E+00 -5.18398E+00 -4.83725E+00 -4.46001E+00 -4.06200E+00 -3.65328E+00 -3.24390E+00 -2.84374E+00 -2.46231E+00 -2.10857E+00 -1.79084E+00 -1.51665E+00 -1.29265E+00 -1.12454E+00 -1.01694E+00 -9.73355E-01 -9.96064E-01 -1.08607E+00 -1.24305E+00 -1.46531E+00 -1.74979E+00 -2.09205E+00 -2.48632E+00 -2.92551E+00 -3.40133E+00 -3.90434E+00 -4.42409E+00 -4.94924E+00 -5.46779E+00 -5.96732E+00 -6.43520E+00 -6.85908E+00 -7.22726E+00 -7.52922E+00 -7.75622E+00 -7.90191E+00 -7.96289E+00 -7.93929E+00 -7.83502E+00 -7.65798E+00 -7.41969E+00 -7.13493E+00 -6.82085E+00 -6.49593E+00 -6.17882E+00 -5.88714E+00 -5.63625E+00 -5.43833E+00 -5.30154E+00 -5.22955E+00 -5.22135E+00 -5.27143E+00 -5.37028E+00 -5.50512E+00 -5.66091E+00 -5.82144E+00 -5.97059E+00 -6.09320E+00 -6.17628E+00 -6.20952E+00 -6.18578E+00
 -6.44408E+00 -6.28908E+00 -6.07716E+00 -5.81360E+00 -5.50548E+00 -5.16123E+00 -4.79026E+00 -4.40257E+00 -4.00837E+00 -3.61785E+00 -3.24095E+00 -2.88706E+00 -2.56490E+00 -2.28234E+00 -2.04628E+00 -1.86256E+00 -1.73587E+00 -1.66976E+00 -1.66652E+00 -1.72726E+00 -1.85186E+00 -2.03899E+00 -2.28612E+00 -2.58953E+00 -2.94429E+00 -3.34435E+00 -3.78246E+00 -4.25025E+00 -4.73829E+00 -5.23609E+00 -5.73231E+00 -6.21489E+00 -6.67132E+00 -7.08907E+00 -7.45601E+00 -7.76098E+00 -7.99449E+00 -8.14927E+00 -8.22106E+00 -8.20904E+00 -8.11621E+00 -7.94954E+00 -7.71982E+00 -7.44112E+00 -7.13003E+00 -6.80471E+00 -6.48366E+00 -6.18456E+00 -5.92313E+00 -5.71209E+00 -5.56046E+00 -5.47299E+00 -5.45004E+00 -5.48759E+00 -5.57771E+00 -5.70915E+00 -5.86821E+00 -6.03972E+00 -6.20803E+00 -6.35808E+00 -6.47624E+00 -6.55111E+00 -6.57397E+00 -6.53915E+00 -6.44408E+00
 -6.57682E+00 -6.36273E+00 -6.10013E+00 -5.79618E+00 -5.45933E+00 -5.09894E+00 -4.72499E+00 -4.34772E+00 -3.97735E+00 -3.62378E+00 -3.29638E+00 -3.00373E+00 -2.75344E+00 -2.55200E+00 -2.40465E+00 -2.31532E+00 -2.28658E+00 -2.31969E+00 -2.41459E+00 -2.56998E+00 -2.78339E+00 -3.05126E+00 -3.36898E+00 -3.73092E+00 -4.13051E+00 -4.56022E+00 -5.01156E+00 -5.47512E+00 -5.94062E+00 -6.39694E+00 -6.83242E+00 -7.23501E+00 -7.59276E+00 -7.89436E+00 -8.12977E+00 -8.29092E+00 -8.37243E+00 -8.37224E+00 -8.29205E+00 -8.13762E+00 -7.91855E+00 -7.64800E+00 -7.34193E+00 -7.01809E+00 -6.69497E+00 -6.39048E+00 -6.12083E+00 -5.89944E+00 -5.73617E+00 -5.63675E+00 -5.60256E+00 -5.63071E+00 -5.71442E+00 -5.84358E+00 -6.00557E+00 -6.18615E+00 -6.37036E+00 -6.54359E+00 -6.69216E+00 -6.80427E+00 -6.87038E+00 -6.88353E+00 -6.83950E+00 -6.73689E+00 -6.57682E+00
 -6.60070E+00 -6.34221E+00 -6.04586E+00 -5.71988E+00 -5.37345E+00 -5.01626E+00 -4.65832E+00 -4.30967E+00 -3.98002E+00 -3.67859E+00 -3.41377E+00 -3.19295E+00 -3.02228E+00 -2.90660E+00 -2.84923E+00 -2.85205E+00 -2.91545E+00 -3.03838E+00 -3.21848E+00 -3.45219E+00 -3.73488E+00 -4.06093E+00 -4.42388E+00 -4.81647E+00 -5.23071E+00 -5.65792E+00 -6.08870E+00 -6.51308E+00 -6.92047E+00 -7.29995E+00 -7.64050E+00 -7.93141E+00 -8.16281E+00 -8.32633E+00 -8.41584E+00 -8.42803E+00 -8.36307E+00 -8.22497E+00 -8.02161E+00 -7.76454E+00 -7.46843E+00 -7.15021E+00 -6.82797E+00 -6.51977E+00 -6.24240E+00 -6.01029E+00 -5.83451E+00 -5.72214E+00 -5.67593E+00 -5.69431E+00 -5.77164E+00 -5.89881E+00 -6.06401E+00 -6.25359E+00 -6.45304E+00 -6.64784E+00 -6.82434E+00 -6.97049E+00 -7.07615E+00 -7.13360E+00 -7.13768E+00 -7.08565E+00 -6.97720E+00 -6.81425E+00 -6.60070E+00
 -6.53585E+00 -6.24857E+00 -5.93511E+00 -5.60432E+00 -5.26555E+00 -4.92843E+00 -4.60258E+00 -4.29735E+00 -4.02159E+00 -3.78333E+00 -3.58960E+00 -3.44621E+00 -3.35753E+00 -3.32646E+00 -3.35427E+00 -3.44071E+00 -3.58397E+00 -3.78087E+00 -4.02693E+00 -4.31659E+00 -4.64335E+00 -4.99990E+00 -5.37830E+00 -5.77003E+00 -6.16616E+00 -6.55732E+00 -6.93386E+00 -7.28595E+00 -7.60373E+00 -7.87760E+00 -8.09859E+00 -8.25883E+00 -8.35218E+00 -8.37475E+00 -8.32556E+00 -8.20693E+00 -8.02471E+00 -7.78832E+00 -7.51039E+00 -7.20611E+00 -6.89232E+00 -6.58647E+00 -6.30544E+00 -6.06435E+00 -5.87556E+00 -5.74781E+00 -5.68575E+00 -5.68972E+00 -5.75584E+00 -5.87652E+00 -6.04109E+00 -6.23666E+00 -6.44907E+00 -6.66384E+00 -6.86699E+00 -7.04587E+00 -7.18964E+00 -7.28970E+00 -7.33986E+00 -7.33638E+00 -7.27783E+00 -7.16498E+00 -7.00053E+00 -6.78886E+00 -6.53585E+00
 -6.39979E+00 -6.09881E+00 -5.78360E+00 -5.46320E+00 -5.14683E+00 -4.84366E+00 -4.56254E+00 -4.31175E+00 -4.09880E+00 -3.93018E+00 -3.81112E+00 -3.74549E+00 -3.73561E+00 -3.78224E+00 -3.88454E+00 -4.04012E+00 -4.24517E+00 -4.49457E+00 -4.78209E+00 -5.10058E+00 -5.44214E+00 -5.79828E+00 -6.16017E+00 -6.51868E+00 -6.86459E+00 -7.18872E+00 -7.48208E+00 -7.73608E+00 -7.94277E+00 -8.09521E+00 -8.18784E+00 -8.21697E+00 -8.18118E+00 -8.08175E+00 -7.92301E+00 -7.71233E+00 -7.46005E+00 -7.17905E+00 -6.88411E+00 -6.59111E+00 -6.31596E+00 -6.07357E+00 -5.87685E+00 -5.73582E+00 -5.65694E+00 -5.64273E+00 -5.69162E+00 -5.79826E+00 -5.95393E+00 -6.14724E+00 -6.36508E+00 -6.59337E+00 -6.81810E+00 -7.02607E+00 -7.20549E+00 -7.34663E+00 -7.44203E+00 -7.48654E+00 -7.47748E+00 -7.41439E+00 -7.29880E+00 -7.13405E+00 -6.92502E+00 -6.67787E+00 -6.39979E+00
 -6.20929E+00 -5.90844E+00 -5.60491E+00 -5.30762E+00 -5.02537E+00 -4.76651E+00 -4.53878E+00 -4.34905E+00 -4.20311E+00 -4.10552E+00 -4.05942E+00 -4.06643E+00 -4.12665E+00 -4.23863E+00 -4.39939E+00 -4.60459E+00 -4.84866E+00 -5.12495E+00 -5.42593E+00 -5.74346E+00 -6.06892E+00 -6.39342E+00 -6.70803E+00 -7.00394E+00 -7.27268E+00 -7.50630E+00 -7.69757E+00 -7.84035E+00 -7.92972E+00 -7.96241E+00 -7.93712E+00 -7.85474E+00 -7.71862E+00 -7.53471E+00 -7.31149E+00 -7.05969E+00 -6.79192E+00 -6.52192E+00 -6.26389E+00 -6.03158E+00 -5.83743E+00 -5.69172E+00 -5.60192E+00 -5.57216E+00 -5.60302E+00 -5.69149E+00 -5.83126E+00 -6.01320E+00 -6.22603E+00 -6.45705E+00 -6.69301E+00 -6.92085E+00 -7.12842E+00 -7.30506E+00 -7.44194E+00 -7.53249E+00 -7.57237E+00 -7.55946E+00 -7.49383E+00 -7.37744E+00 -7.21399E+00 -7.00864E+00 -6.76772E+00 -6.49858E+00 -6.20929E+00
 -5.97604E+00 -5.68749E+00 -5.40685E+00 -5.14264E+00 -4.90289E+00 -4.69488E+00 -4.52494E+00 -4.39821E+00 -4.31852E+00 -4.28822E+00 -4.30812E+00 -4.37753E+00 -4.49419E+00 -4.65448E+00 -4.85348E+00 -5.08516E+00 -5.34260E+00 -5.61815E+00 -5.90372E+00 -6.19091E+00 -6.47128E+00 -6.73657E+00 -6.97882E+00 -7.19067E+00 -7.36549E+00 -7.49765E+00 -7.58275E+00 -7.61783E+00 -7.60163E+00 -7.53482E+00 -7.42014E+00 -7.26248E+00 -7.06891E+00 -6.84845E+00 -6.61177E+00 -6.37072E+00 -6.13769E+00 -5.92494E+00 -5.74383E+00 -5.60415E+00 -5.51344E+00 -5.47659E+00 -5.49543E+00 -5.56872E+00 -5.69220E+00 -5.85896E+00 -6.05983E+00 -6.28407E+00 -6.51996E+00 -6.75551E+00 -6.97906E+00 -7.17992E+00 -7.34870E+00 -7.47772E+00 -7.56129E+00 -7.59566E+00 -7.57914E+00 -7.51200E+00 -7.39631E+00 -7.23575E+00 -7.03544E+00 -6.80168E+00 -6.54177E+00 -6.26372E+00 -5.97604E+00
 -5.71089E+00 -5.44461E+00 -5.19532E+00 -4.97086E+00 -4.77823E+00 -4.62339E+00 -4.51105E+00 -4.44444E+00 -4.42523E+00 -4.45347E+00 -4.52762E+00 -4.64461E+00 -4.80000E+00 -4.98817E+00 -5.20257E+00 -5.43593E+00 -5.68059E+00 -5.92863E+00 -6.17222E+00 -6.40377E+00 -6.61609E+00 -6.80264E+00 -6.95760E+00 -7.07611E+00 -7.15434E+00 -7.18973E+00 -7.18110E+00 -7.12885E+00 -7.03507E+00 -6.90365E+00 -6.74028E+00 -6.55238E+00 -6.34887E+00 -6.13981E+00 -5.93597E+00 -5.74816E+00 -5.58669E+00 -5.46068E+00 -5.37747E+00 -5.34216E+00 -5.35727E+00 -5.42262E+00 -5.53532E+00 -5.69002E+00 -5.87928E+00 -6.09402E+00 -6.32413E+00 -6.55899E+00 -6.78802E+00 -7.00121E+00 -7.18947E+00 -7.34501E+00 -7.46150E+00 -7.53426E+00 -7.56033E+00 -7.53846E+00 -7.46907E+00 -7.35415E+00 -7.19718E+00 -7.00296E+00 -6.77742E+00 -6.52750E+00 -6.26090E+00 -5.98585E+00 -5.71089E+00
 -5.41934E+00 -5.18275E+00 -4.97029E+00 -4.78879E+00 -4.64402E+00 -4.54046E+00 -4.48105E+00 -4.46706E+00 -4.49803E+00 -4.57177E+00 -4.68447E+00 -4.83094E+00 -5.00483E+00 -5.19896E+00 -5.40566E+00 -5.61708E+00 -5.82558E+00 -6.02389E+00 -6.20546E+00 -6.36451E+00 -6.49621E+00 -6.59676E+00 -6.66333E+00 -6.69421E+00 -6.68878E+00 -6.64755E+00 -6.57225E+00 -6.46591E+00 -6.33286E+00 -6.17880E+00 -6.01069E+00 -5.83659E+00 -5.66537E+00 -5.50629E+00 -5.36847E+00 -5.26035E+00 -5.18910E+00 -5.16010E+00 -5.17655E+00 -5.23920E+00 -5.34631E+00 -5.49376E+00 -5.67534E+00 -5.88317E+00 -6.10822E+00 -6.34086E+00 -6.57137E+00 -6.79044E+00 -6.98952E+00 -7.16115E+00 -7.29912E+00 -7.39861E+00 -7.45623E+00 -7.47001E+00 -7.43938E+00 -7.36508E+00 -7.24919E+00 -7.09494E+00 -6.90669E+00 -6.68983E+00 -6.45066E+00 -6.19622E+00 -5.93416E+00 -5.67248E+00 -5.41934E+00
 -5.10416E+00 -4.90172E+00 -4.72821E+00 -4.58924E+00 -4.48918E+00 -4.43095E+00 -4.41573E+00 -4.44292E+00 -4.51008E+00 -4.61303E+00 -4.74608E+00 -4.90234E+00 -5.07410E+00 -5.25323E+00 -5.43168E+00 -5.60191E+00 -5.75716E+00 -5.89179E+00 -6.00145E+00 -6.08308E+00 -6.13496E+00 -6.15651E+00 -6.14824E+00 -6.11155E+00 -6.04860E+00 -5.96229E+00 -5.85621E+00 -5.73466E+00 -5.60271E+00 -5.46618E+00 -5.33160E+00 -5.20603E+00 -5.09681E+00 -5.01116E+00 -4.95569E+00 -4.93592E+00 -4.95575E+00 -5.01713E+00 -5.11978E+00 -5.26112E+00 -5.43639E+00 -5.63896E+00 -5.86076E+00 -6.09281E+00 -6.32580E+00 -6.55060E+00 -6.75873E+00 -6.94273E+00 -7.09638E+00 -7.21487E+00 -7.29473E+00 -7.33394E+00 -7.33166E+00 -7.28829E+00 -7.20526E+00 -7.08494E+00 -6.93061E+00 -6.74636E+00 -6.53704E+00 -6.30821E+00 -6.06607E+00 -5.81735E+00 -5.56921E+00 -5.32902E+00 -5.10416E+00
 -4.76482E+00 -4.59776E+00 -4.46194E+00 -4.36157E+00 -4.29956E+00 -4.27728E+00 -4.29430E+00 -4.34840E+00 -4.43551E+00 -4.54996E+00 -4.68475E+00 -4.83197E+00 -4.98329E+00 -5.13052E+00 -5.26611E+00 -5.38367E+00 -5.47822E+00 -5.54649E+00 -5.58693E+00 -5.59964E+00 -5.58609E+00 -5.54884E+00 -5.49123E+00 -5.41700E+00 -5.33012E+00 -5.23461E+00 -5.13451E+00 -5.03396E+00 -4.93725E+00 -4.84895E+00 -4.77391E+00 -4.71718E+00 -4.68382E+00 -4.67855E+00 -4.70535E+00 -4.76701E+00 -4.86475E+00 -4.99793E+00 -5.16385E+00 -5.35783E+00 -5.57345E+00 -5.80288E+00 -6.03745E+00 -6.26813E+00 -6.48619E+00 -6.68359E+00 -6.85344E+00 -6.99026E+00 -7.09007E+00 -7.15045E+00 -7.17041E+00 -7.15025E+00 -7.09139E+00 -6.99614E+00 -6.86756E+00 -6.70931E+00 -6.52554E+00 -6.32084E+00 -6.10022E+00 -5.86905E+00 -5.63308E+00 -5.39837E+00 -5.17119E+00 -4.95793E+00 -4.76482E+00
 -4.39505E+00 -4.26156E+00 -4.15917E+00 -4.09064E+00 -4.05742E+00 -4.05948E+00 -4.09510E+00 -4.16082E+00 -4.25155E+00 -4.36077E+00 -4.48097E+00 -4.60408E+00 -4.72209E+00 -4.82762E+00 -4.91450E+00 -4.97819E+00 -5.01606E+00 -5.02753E+00 -5.01390E+00 -4.97813E+00 -4.92436E+00 -4.85743E+00 -4.78244E+00 -4.70427E+00 -4.62732E+00 -4.55540E+00 -4.49172E+00 -4.43906E+00 -4.39997E+00 -4.37696E+00 -4.37266E+00 -4.38981E+00 -4.43109E+00 -4.49896E+00 -4.59521E+00 -4.72058E+00 -4.87447E+00 -5.05466E+00 -5.25715E+00 -5.47635E+00 -5.70527E+00 -5.93595E+00 -6.15995E+00 -6.36892E+00 -6.55512E+00 -6.71186E+00 -6.83387E+00 -6.91749E+00 -6.96070E+00 -6.96309E+00 -6.92570E+00 -6.85079E+00 -6.74152E+00 -6.60178E+00 -6.43590E+00 -6.24848E+00 -6.04425E+00 -5.82802E+00 -5.60468E+00 -5.37913E+00 -5.15639E+00 -4.94153E+00 -4.73968E+00 -4.55590E+00 -4.39505E+00
 -3.98822E+00 -3.88384E+00 -3.80827E+00 -3.76285E+00 -3.74778E+00 -3.76193E+00 -3.80268E+00 -3.86595E+00 -3.94629E+00 -4.03719E+00 -4.13148E+00 -4.22187E+00 -4.30150E+00 -4.36459E+00 -4.40691E+00 -4.42613E+00 -4.42204E+00 -4.39645E+00 -4.35297E+00 -4.29654E+00 -4.23285E+00 -4.16779E+00 -4.10685E+00 -4.05473E+00 -4.01507E+00 -3.99039E+00 -3.98224E+00 -3.99146E+00 -4.01848E+00 -4.06365E+00 -4.12745E+00 -4.21057E+00 -4.31382E+00 -4.43792E+00 -4.58320E+00 -4.74918E+00 -4.93430E+00 -5.13566E+00 -5.34895E+00 -5.56852E+00 -5.78764E+00 -5.99887E+00 -6.19458E+00 -6.36742E+00 -6.51085E+00 -6.61953E+00 -6.68965E+00 -6.71909E+00 -6.70741E+00 -6.65583E+00 -6.56694E+00 -6.44448E+00 -6.29296E+00 -6.11743E+00 -5.92314E+00 -5.71531E+00 -5.49899E+00 -5.27898E+00 -5.05981E+00 -4.84573E+00 -4.64080E+00 -4.44891E+00 -4.27385E+00 -4.11919E+00 -3.98822E+00
 -3.53511E+00 -3.45369E+00 -3.39721E+00 -3.36580E+00 -3.35869E+00 -3.37408E+00 -3.40902E+00 -3.45944E+00 -3.52031E+00 -3.58591E+00 -3.65024E+00 -3.70748E+00 -3.75260E+00 -3.78179E+00 -3.79292E+00 -3.78572E+00 -3.76191E+00 -3.72493E+00 -3.67965E+00 -3.63176E+00 -3.58721E+00 -3.55159E+00 -3.52959E+00 -3.52467E+00 -3.53889E+00 -3.57300E+00 -3.62662E+00 -3.69864E+00 -3.78761E+00 -3.89213E+00 -4.01103E+00 -4.14359E+00 -4.28938E+00 -4.44813E+00 -4.61937E+00 -4.80213E+00 -4.99460E+00 -5.19389E+00 -5.39599E+00 -5.59576E+00 -5.78723E+00 -5.96388E+00 -6.11913E+00 -6.24681E+00 -6.34158E+00 -6.39934E+00 -6.41756E+00 -6.39534E+00 -6.33347E+00 -6.23435E+00 -6.10169E+00 -5.94026E+00 -5.75552E+00 -5.55327E+00 -5.33931E+00 -5.11920E+00 -4.89808E+00 -4.68051E+00 -4.47050E+00 -4.27152E+00 -4.08657E+00 -3.91828E+00 -3.76896E+00 -3.64066E+00 -3.53511E+00
 -3.02962E+00 -2.96449E+00 -2.91966E+00 -2.89438E+00 -2.88734E+00 -2.89653E+00 -2.91924E+00 -2.95207E+00 -2.99102E+00 -3.03179E+00 -3.07005E+00 -3.10192E+00 -3.12433E+00 -3.13543E+00 -3.13482E+00 -3.12376E+00 -3.10498E+00 -3.08254E+00 -3.06135E+00 -3.04664E+00 -3.04343E+00 -3.05596E+00 -3.08734E+00 -3.13922E+00 -3.21187E+00 -3.30422E+00 -3.41427E+00 -3.53942E+00 -3.67696E+00 -3.82435E+00 -3.97956E+00 -4.14109E+00 -4.30796E+00 -4.47948E+00 -4.65497E+00 -4.83345E+00 -5.01329E+00 -5.19202E+00 -5.36625E+00 -5.53167E+00 -5.68328E+00 -5.81566E+00 -5.92340E+00 -6.00151E+00 -6.04579E+00 -6.05329E+00 -6.02250E+00 -5.95348E+00 -5.84794E+00 -5.70906E+00 -5.54128E+00 -5.34999E+00 -5.14115E+00 -4.92094E+00 -4.69540E+00 -4.47015E+00 -4.25013E+00 -4.03956E+00 -3.84181E+00 -3.65949E+00 -3.49452E+00 -3.34827E+00 -3.22169E+00 -3.11536E+00 -3.02962E+00
 -2.46962E+00 -2.41509E+00 -2.37638E+00 -2.35226E+00 -2.34133E+00 -2.34188E+00 -2.35190E+00 -2.36906E+00 -2.39081E+00 -2.41451E+00 -2.43768E+00 -2.45828E+00 -2.47500E+00 -2.48744E+00 -2.49634E+00 -2.50354E+00 -2.51187E+00 -2.52493E+00 -2.54665E+00 -2.58088E+00 -2.63093E+00 -2.69918E+00 -2.78681E+00 -2.89372E+00 -3.01854E+00 -3.15890E+00 -3.31173E+00 -3.47364E+00 -3.64134E+00 -3.81195E+00 -3.98315E+00 -4.15330E+00 -4.32132E+00 -4.48655E+00 -4.64840E+00 -4.80612E+00 -4.95847E+00 -5.10357E+00 -5.23874E+00 -5.36061E+00 -5.46522E+00 -5.54825E+00 -5.60548E+00 -5.63307E+00 -5.62793E+00 -5.58809E+00 -5.51291E+00 -5.40323E+00 -5.26134E+00 -5.09092E+00 -4.89675E+00 -4.68448E+00 -4.46020E+00 -4.23012E+00 -4.00019E+00 -3.77580E+00 -3.56155E+00 -3.36111E+00 -3.17718E+00 -3.01152E+00 -2.86505E+00 -2.73803E+00 -2.63021E+00 -2.54101E+00 -2.46962E+00
 -1.86044E+00 -1.81312E+00 -1.77816E+00 -1.75430E+00 -1.74044E+00 -1.73551E+00 -1.73844E+00 -1.74813E+00 -1.76347E+00 -1.78337E+00 -1.80691E+00 -1.83347E+00 -1.86285E+00 -1.89544E+00 -1.93224E+00 -1.97488E+00 -2.02544E+00 -2.08628E+00 -2.15974E+00 -2.24782E+00 -2.35190E+00 -2.47248E+00 -2.60904E+00 -2.76009E+00 -2.92320E+00 -3.09532E+00 -3.27299E+00 -3.45275E+00 -3.63136E+00 -3.80612E+00 -3.97493E+00 -4.13635E+00 -4.28952E+00 -4.43395E+00 -4.56927E+00 -4.69503E+00 -4.81039E+00 -4.91403E+00 -5.00398E+00 -5.07775E+00 -5.13238E+00 -5.16467E+00 -5.17151E+00 -5.15016E+00 -5.09859E+00 -5.01572E+00 -4.90169E+00 -4.75790E+00 -4.58706E+00 -4.39305E+00 -4.18073E+00 -3.95567E+00 -3.72377E+00 -3.49096E+00 -3.26279E+00 -3.04420E+00 -2.83925E+00 -2.65100E+00 -2.48143E+00 -2.33155E+00 -2.20144E+00 -2.09051E+00 -1.99765E+00 -1.92145E+00 -1.86044E+00
 -1.21588E+00 -1.17567E+00 -1.14603E+00 -1.12604E+00 -1.11512E+00 -1.11294E+00 -1.11933E+00 -1.13425E+00 -1.15766E+00 -1.18957E+00 -1.22997E+00 -1.27894E+00 -1.33669E+00 -1.40360E+00 -1.48025E+00 -1.56739E+00 -1.66588E+00 -1.77653E+00 -1.89994E+00 -2.03636E+00 -2.18546E+00 -2.34629E+00 -2.51718E+00 -2.69586E+00 -2.87951E+00 -3.06499E+00 -3.24909E+00 -3.42873E+00 -3.60118E+00 -3.76423E+00 -3.91622E+00 -4.05608E+00 -4.18320E+00 -4.29729E+00 -4.39819E+00 -4.48565E+00 -4.55918E+00 -4.61789E+00 -4.66048E+00 -4.68520E+00 -4.69003E+00 -4.67283E+00 -4.63156E+00 -4.56455E+00 -4.47074E+00 -4.34994E+00 -4.20292E+00 -4.03157E+00 -3.83883E+00 -3.62863E+00 -3.40565E+00 -3.17514E+00 -2.94254E+00 -2.71320E+00 -2.49208E+00 -2.28344E+00 -2.09067E+00 -1.91616E+00 -1.76123E+00 -1.62625E+00 -1.51075E+00 -1.41359E+00 -1.33321E+00 -1.26788E+00 -1.21588E+00
 -5.58446E-01 -5.28890E-01 -5.10033E-01 -5.01463E-01 -5.03143E-01 -5.15328E-01 -5.38454E-01 -5.73019E-01 -6.19481E-01 -6.78181E-01 -7.49307E-01 -8.32886E-01 -9.28809E-01 -1.03686E+00 -1.15676E+00 -1.28813E+00 -1.43054E+00 -1.58339E+00 -1.74592E+00 -1.91705E+00 -2.09539E+00 -2.27918E+00 -2.46628E+00 -2.65426E+00 -2.84046E+00 -3.02217E+00 -3.19673E+00 -3.36172E+00 -3.51507E+00 -3.65512E+00 -3.78069E+00 -3.89101E+00 -3.98566E+00 -4.06447E+00 -4.12735E+00 -4.17418E+00 -4.20467E+00 -4.21830E+00 -4.21427E+00 -4.19155E+00 -4.14898E+00 -4.08535E+00 -3.99967E+00 -3.89130E+00 -3.76012E+00 -3.60674E+00 -3.43256E+00 -3.23984E+00 -3.03168E+00 -2.81190E+00 -2.58487E+00 -2.35531E+00 -2.12801E+00 -1.90757E+00 -1.69811E+00 -1.50311E+00 -1.32520E+00 -1.16609E+00 -1.02656E+00 -9.06530E-01 -8.05220E-01 -7.21342E-01 -6.53321E-01 -5.99521E-01 -5.58446E-01
  8.17519E-02  9.39511E-02  9.36429E-02  8.07897E-02  5.50839E-02  1.60555E-02 -3.68014E-02 -1.03904E-01 -1.85475E-01 -2.81472E-01 -3.91553E-01 -5.15085E-01 -6.51177E-01 -7.98738E-01 -9.56530E-01 -1.12322E+00 -1.29740E+00 -1.47761E+00 -1.66232E+00 -1.84989E+00 -2.03858E+00 -2.22649E+00 -2.41164E+00 -2.59193E+00 -2.76522E+00 -2.92943E+00 -3.08258E+00 -3.22291E+00 -3.34891E+00 -3.45939E+00 -3.55346E+00 -3.63051E+00 -3.69020E+00 -3.73233E+00 -3.75680E+00 -3.76348E+00 -3.75225E+00 -3.72284E+00 -3.67490E+00 -3.60803E+00 -3.52186E+00 -3.41608E+00 -3.29068E+00 -3.14596E+00 -2.98271E+00 -2.80231E+00 -2.60672E+00 -2.39855E+00 -2.18097E+00 -1.95763E+00 -1.73246E+00 -1.50957E+00 -1.29295E+00 -1.08631E+00 -8.92879E-01 -7.15254E-01 -5.55287E-01 -4.14061E-01 -2.91918E-01 -1.88555E-01 -1.03169E-01 -3.46408E-02  1.82696E-02  5.67438E-02  8.17519E-02
  6.70109E-01  6.56346E-01  6.27326E-01  5.82802E-01  5.22489E-01  4.46189E-01  3.53902E-01  2.45916E-01  1.22867E-01 -1.42458E-02 -1.64085E-01 -3.25038E-01 -4.95301E-01 -6.72971E-01 -8.56134E-01 -1.04293E+00 -1.23161E+00 -1.42052E+00 -1.60811E+00 -1.79292E+00 -1.97351E+00 -2.14842E+00 -2.31620E+00 -2.47537E+00 -2.62443E+00 -2.76192E+00 -2.88641E+00 -2.99662E+00 -3.09138E+00 -3.16972E+00 -3.23084E+00 -3.27413E+00 -3.29914E+00 -3.30557E+00 -3.29321E+00 -3.26195E+00 -3.21172E+00 -3.14254E+00 -3.05446E+00 -2.94767E+00 -2.82252E+00 -2.67957E+00 -2.51969E+00 -2.34409E+00 -2.15441E+00 -1.95270E+00 -1.74147E+00 -1.52362E+00 -1.30235E+00 -1.08108E+00 -8.63296E-01 -6.52411E-01 -4.51589E-01 -2.63618E-01 -9.07879E-02  6.51822E-02  2.03176E-01  3.22654E-01  4.23587E-01  5.06337E-01  5.71524E-01  6.19877E-01  6.52093E-01  6.68724E-01  6.70109E-01
  1.17141E+00  1.12317E+00  1.05705E+00  9.72922E-01  8.70962E-01  7.51696E-01  6.16096E-01  4.65591E-01  3.02044E-01  1.27671E-01 -5.50714E-02 -2.43625E-01 -4.35470E-01 -6.28252E-01 -8.19876E-01 -1.00856E+00 -1.19286E+00 -1.37163E+00 -1.54393E+00 -1.70903E+00 -1.86625E+00 -2.01491E+00 -2.15425E+00 -2.28346E+00 -2.40158E+00 -2.50758E+00 -2.60036E+00 -2.67881E+00 -2.74184E+00 -2.78841E+00 -2.81762E+00 -2.82868E+00 -2.82096E+00 -2.79398E+00 -2.74746E+00 -2.68126E+00 -2.59547E+00 -2.49037E+00 -2.36645E+00 -2.22448E+00 -2.06550E+00 -1.89085E+00 -1.70225E+00 -1.50171E+00 -1.29163E+00 -1.07470E+00 -8.53866E-01 -6.32276E-01 -4.13140E-01 -1.99636E-01  5.21839E-03  1.98686E-01  3.78411E-01  5.42498E-01  6.89546E-01  8.18653E-01  9.29369E-01  1.02162E+00  1.09559E+00  1.15162E+00  1.19007E+00  1.21122E+00  1.21521E+00  1.20200E+00  1.17141E+00
  1.55521E+00  1.46637E+00  1.35826E+00  1.23126E+00  1.08631E+00  9.24951E-01  7.49347E-01  5.62191E-01  3.66589E-01  1.65872E-01 -3.66098E-02 -2.37688E-01 -4.34562E-01 -6.24931E-01 -8.07069E-01 -9.79835E-01 -1.14262E+00 -1.29525E+00 -1.43785E+00 -1.57069E+00 -1.69403E+00 -1.80804E+00 -1.91266E+00 -2.00756E+00 -2.09214E+00 -2.16553E+00 -2.22667E+00 -2.27431E+00 -2.30719E+00 -2.32401E+00 -2.32357E+00 -2.30482E+00 -2.26690E+00 -2.20921E+00 -2.13140E+00 -2.03345E+00 -1.91563E+00 -1.77859E+00 -1.62330E+00 -1.45112E+00 -1.26378E+00 -1.06336E+00 -8.52314E-01 -6.33400E-01 -4.09644E-01 -1.84264E-01  3.94228E-02  2.58110E-01  4.68624E-01  6.68042E-01  8.53805E-01  1.02380E+00  1.17642E+00  1.31058E+00  1.42568E+00  1.52156E+00  1.59836E+00  1.65642E+00  1.69613E+00  1.71782E+00  1.72167E+00  1.70764E+00  1.67548E+00  1.62481E+00  1.55521E+00
  1.80113E+00  1.67005E+00  1.52048E+00  1.35353E+00  1.17103E+00  9.75566E-01  7.70366E-01  5.59174E-01  3.46009E-01  1.34898E-01 -7.03863E-02 -2.66580E-01 -4.51111E-01 -6.22222E-01 -7.78992E-01 -9.21289E-01 -1.04964E+00 -1.16504E+00 -1.26877E+00 -1.36214E+00 -1.44633E+00 -1.52220E+00 -1.59018E+00 -1.65024E+00 -1.70185E+00 -1.74407E+00 -1.77557E+00 -1.79480E+00 -1.80009E+00 -1.78976E+00 -1.76224E+00 -1.71619E+00 -1.65058E+00 -1.56471E+00 -1.45833E+00 -1.33161E+00 -1.18518E+00 -1.02013E+00 -8.38021E-01 -6.40838E-01 -4.30990E-01 -2.11262E-01  1.52325E-02  2.45125E-01  4.74876E-01  7.00880E-01  9.19586E-01  1.12763E+00  1.32194E+00  1.49990E+00  1.65939E+00  1.79889E+00  1.91746E+00  2.01475E+00  2.09087E+00  2.14632E+00  2.18179E+00  2.19805E+00  2.19576E+00  2.17540E+00  2.13715E+00  2.08092E+00  2.00642E+00  1.91325E+00  1.80113E+00
  1.90333E+00  1.73425E+00  1.55006E+00  1.35261E+00  1.14450E+00  9.29047E-01  7.10179E-01  4.92171E-01  2.79385E-01  7.59544E-02 -1.14509E-01 -2.89162E-01 -4.46102E-01 -5.84440E-01 -7.04284E-01 -8.06614E-01 -8.93097E-01 -9.65831E-01 -1.02708E+00 -1.07902E+00 -1.12347E+00 -1.16175E+00 -1.19456E+00 -1.22187E+00 -1.24303E+00 -1.25679E+00 -1.26144E+00 -1.25495E+00 -1.23518E+00 -1.20003E+00 -1.14759E+00 -1.07627E+00 -9.84949E-01 -8.73008E-01 -7.40402E-01 -5.87671E-01 -4.15943E-01 -2.26904E-01 -2.27712E-02  1.93769E-01  4.19617E-01  6.51337E-01  8.85238E-01  1.11748E+00  1.34416E+00  1.56148E+00  1.76582E+00  1.95391E+00  2.12294E+00  2.27066E+00  2.39544E+00  2.49634E+00  2.57307E+00  2.62593E+00  2.65570E+00  2.66350E+00  2.65060E+00  2.61823E+00  2.56749E+00  2.49918E+00  2.41378E+00  2.31148E+00  2.19230E+00  2.05620E+00  1.90333E+00
