 &datain
 nzperiod=  4,
 lalpha= 20, lfout=20, nrun =  1,
 cmul = 3.0000,
 efield = 0.0000,
 mpolb =  7,  ntorb = 37,  ibbi = 1,
 chip = -0.1790,  psip =  0.1123,
 btheta =  0.0000, bzeta =  1.6905,
 borbi(0,0)=  0.97983E+00,
 borbi(-1,1)=  -.92988E-01,
 borbi(0,1)=  -.84637E-01,
 borbi(-2,1)=  0.56640E-01,
 borbi(8,0)=  -.27563E-01,
 borbi(-3,2)=  -.17180E-01,
 borbi(1,0)=  0.15841E-01,
 borbi(7,0)=  0.12042E-01,
 borbi(-10,2)=  0.11575E-01,
 borbi(6,2)=  0.11555E-01,
 borbi(7,1)=  0.10276E-01,
 borbi(-3,1)=  -.97192E-02,
 borbi(-9,1)=  -.81954E-02,
 borbi(1,1)=  0.73447E-02,
 borbi(-4,3)=  0.68001E-02,
 borbi(3,0)=  -.67784E-02,
 borbi(5,2)=  -.64975E-02,
 borbi(-2,2)=  0.62076E-02,
 borbi(8,1)=  -.53994E-02,
 borbi(-10,1)=  0.50452E-02,
 borbi(-8,1)=  -.49718E-02,
 borbi(-3,3)=  -.47211E-02,
 borbi(5,3)=  -.34497E-02,
 borbi(-9,2)=  -.34027E-02,
 borbi(-4,2)=  0.33643E-02,
 borbi(2,1)=  -.33524E-02,
 borbi(6,0)=  -.33032E-02,
 borbi(4,0)=  -.30195E-02,
 borbi(-5,4)=  -.28377E-02,
 borbi(9,0)=  0.27164E-02,
 borbi(-1,2)=  -.25200E-02,
 borbi(4,2)=  0.23716E-02,
 borbi(-4,4)=  0.23055E-02,
 borbi(-10,3)=  0.21806E-02,
 borbi(6,1)=  0.20989E-02,
 borbi(-11,2)=  -.20883E-02,
 borbi(-5,3)=  -.18704E-02,
 borbi(-6,1)=  -.18565E-02,
 borbi(1,2)=  -.18551E-02,
 borbi(-5,1)=  -.16069E-02,
 borbi(-5,2)=  -.15166E-02,
 borbi(-2,3)=  -.13974E-02,
 borbi(4,1)=  0.13482E-02,
 borbi(4,3)=  0.13236E-02,
 borbi(-1,3)=  -.12396E-02,
 borbi(0,2)=  0.12319E-02,
 borbi(-12,4)=  -.11657E-02,
 borbi(-6,5)=  0.10740E-02,
 borbi(5,1)=  -.10486E-02,
 borbi(-4,1)=  0.10123E-02,
 borbi(-6,4)=  0.96156E-03,
 borbi(6,3)=  0.84603E-03,
 borbi(7,2)=  -.83562E-03,
 borbi(-7,1)=  0.81519E-03,
 borbi(5,0)=  -.79400E-03,
 borbi(-5,5)=  -.78951E-03,
 borbi(-11,1)=  -.77679E-03,
 borbi(-12,3)=  -.64082E-03,
 borbi(-3,4)=  0.59631E-03,
 borbi(-6,3)=  0.59300E-03,
 borbi(-7,2)=  -.49561E-03,
 borbi(3,3)=  -.49459E-03,
 borbi(9,1)=  0.47634E-03,
 borbi(-17,2)=  -.44043E-03,
 borbi(-18,2)=  0.42126E-03,
 borbi(-7,5)=  -.41723E-03,
 borbi(15,0)=  0.40477E-03,
 borbi(16,0)=  -.40051E-03,
 borbi(8,2)=  0.39799E-03,
 borbi(-7,6)=  -.39502E-03,
 borbi(-17,1)=  -.39319E-03,
 borbi(10,1)=  -.38842E-03,
 borbi(-12,1)=  0.36973E-03,
 borbi(2,2)=  0.36742E-03,
 borbi(3,2)=  -.36468E-03,
 borbi(15,1)=  0.35071E-03,
 borbi(2,0)=  0.34950E-03,
 borbi(-19,3)=  0.34875E-03,
 borbi(-13,4)=  0.34859E-03,
 borbi(7,3)=  0.30384E-03,
 borbi(-4,5)=  -.29032E-03,
 borbi(-15,2)=  0.28717E-03,
 borbi(-7,4)=  -.28287E-03,
 borbi(0,3)=  -.27700E-03,
 borbi(-11,3)=  0.26920E-03,
 borbi(-14,2)=  0.25719E-03,
 borbi(6,4)=  -.24138E-03,
 borbi(-6,6)=  0.22734E-03,
 borbi(13,0)=  -.21019E-03,
 borbi(9,2)=  -.20987E-03,
 borbi(-18,1)=  0.20952E-03,
 borbi(-8,3)=  -.20835E-03,
 borbi(-20,3)=  -.20824E-03,
 borbi(-13,5)=  0.20538E-03,
 borbi(-15,3)=  0.20088E-03,
 borbi(-16,1)=  -.19027E-03,
 borbi(12,3)=  -.19010E-03,
 borbi(-8,6)=  0.18050E-03,
 borbi(-17,3)=  -.17844E-03,
 borbi(-13,2)=  0.17558E-03,
 mmnn(1,1)=  0, 21,  0,  1,  2,  3,  4,  5,  6,  7,  8,  9, 10, 11, 12,
  13, 14, 15, 16, 17, 18, 19, 20,
 mmnn(1,2)=  1, 21,  0,  1,  2,  3,  4,  5,  6,  7,  8,  9, 10, 11, 12,
  13, 14, 15, 16, 17, 18, 19, 20,
 mmnn(1,3)=  2, 21,  0,  1,  2,  3,  4,  5,  6,  7,  8,  9, 10, 11, 12,
  13, 14, 15, 16, 17, 18, 19, 20,
 mmnn(1,4)=  3, 21,  0,  1,  2,  3,  4,  5,  6,  7,  8,  9, 10, 11, 12,
  13, 14, 15, 16, 17, 18, 19, 20,
 mmnn(1,5)=  4, 22,  0,  1,  2,  3,  4,  5,  6,  7,  8,  9, 10, 11, 12,
  13, 14, 15, 16, 17, 18, 19, 20, 21,
 mmnn(1,6)=  5, 22,  0,  1,  2,  3,  4,  5,  6,  7,  8,  9, 10, 11, 12,
  13, 14, 15, 16, 17, 18, 19, 20, 21,
 mmnn(1,7)=  6, 22,  0,  1,  2,  3,  4,  5,  6,  7,  8,  9, 10, 11, 12,
  13, 14, 15, 16, 17, 18, 19, 20, 21,
 mmnn(1,8)=  7, 22,  0,  1,  2,  3,  4,  5,  6,  7,  8,  9, 10, 11, 12,
  13, 14, 15, 16, 17, 18, 19, 20, 21,
 mmnn(1,9)=  8, 22,  0,  1,  2,  3,  4,  5,  6,  7,  8,  9, 10, 11, 12,
  13, 14, 15, 16, 17, 18, 19, 20, 21,
 mmnn(1,10)=  9, 22,  0,  1,  2,  3,  4,  5,  6,  7,  8,  9, 10, 11, 12,
  13, 14, 15, 16, 17, 18, 19, 20, 21,
 mmnn(1,11)= 10, 22,  0,  1,  2,  3,  4,  5,  6,  7,  8,  9, 10, 11, 12,
  13, 14, 15, 16, 17, 18, 19, 20, 21,
 mmnn(1,12)= 11, 21,  0,  1,  2,  3,  4,  5,  6,  7,  8,  9, 10, 11, 12,
  13, 14, 15, 16, 17, 18, 19, 20,
 mmnn(1,13)= 12, 22,  0,  1,  2,  3,  4,  5,  6,  7,  8,  9, 10, 11, 12,
  13, 14, 15, 16, 17, 18, 19, 20, 21,
 mmnn(1,14)= 13, 22,  0,  1,  2,  3,  4,  5,  6,  7,  8,  9, 10, 11, 12,
  13, 14, 15, 16, 17, 18, 19, 20, 21,
 mmnn(1,15)= 14, 22,  0,  1,  2,  3,  4,  5,  6,  7,  8,  9, 10, 11, 12,
  13, 14, 15, 16, 17, 18, 19, 20, 21,
 mmnn(1,16)= 15, 22,  0,  1,  2,  3,  4,  5,  6,  7,  8,  9, 10, 11, 12,
  13, 14, 15, 16, 17, 18, 19, 20, 21,
 mmnn(1,17)= 16, 22,  0,  1,  2,  3,  4,  5,  6,  7,  8,  9, 10, 11, 12,
  13, 14, 15, 16, 17, 18, 19, 20, 21,
 mmnn(1,18)= 17, 21,  0,  1,  2,  3,  4,  5,  6,  7,  8,  9, 10, 11, 12,
  13, 14, 15, 16, 17, 18, 19, 20,
 mmnn(1,19)= 18, 22,  0,  1,  2,  3,  4,  5,  6,  7,  8,  9, 10, 11, 12,
  13, 14, 15, 16, 17, 18, 19, 20, 21,
 mmnn(1,20)= 19, 22,  0,  1,  2,  3,  4,  5,  6,  7,  8,  9, 10, 11, 12,
  13, 14, 15, 16, 17, 18, 19, 20, 21,
 mmnn(1,21)= 20, 22,  0,  1,  2,  3,  4,  5,  6,  7,  8,  9, 10, 11, 12,
  13, 14, 15, 16, 17, 18, 19, 20, 21,
 mmnn(1,22)= 21, 22,  0,  1,  2,  3,  4,  5,  6,  7,  8,  9, 10, 11, 12,
  13, 14, 15, 16, 17, 18, 19, 20, 21,
 mmnn(1,23)= 22, 22,  0,  1,  2,  3,  4,  5,  6,  7,  8,  9, 10, 11, 12,
  13, 14, 15, 16, 17, 18, 19, 20, 21,
 mmnn(1,24)= 23, 22,  0,  1,  2,  3,  4,  5,  6,  7,  8,  9, 10, 11, 12,
  13, 14, 15, 16, 17, 18, 19, 20, 21,
 mmnn(1,25)= 24, 22,  0,  1,  2,  3,  4,  5,  6,  7,  8,  9, 10, 11, 12,
  13, 14, 15, 16, 17, 18, 19, 20, 21,
 mmnn(1,26)= 25, 21,  0,  1,  2,  3,  4,  5,  6,  7,  8,  9, 10, 11, 12,
  13, 14, 15, 16, 17, 18, 19, 20,
 mmnn(1,27)= 26, 21,  0,  1,  2,  3,  4,  5,  6,  7,  8,  9, 10, 11, 12,
  13, 14, 15, 16, 17, 18, 19, 20,
 mmnn(1,28)= 27, 21,  0,  1,  2,  3,  4,  5,  6,  7,  8,  9, 10, 11, 12,
  13, 14, 15, 16, 17, 18, 19, 20,
 mmnn(1,29)= 28, 21,  0,  1,  2,  3,  4,  5,  6,  7,  8,  9, 10, 11, 12,
  13, 14, 15, 16, 17, 18, 19, 20,
 mmnn(1,30)= 29, 21,  0,  1,  2,  3,  4,  5,  6,  7,  8,  9, 10, 11, 12,
  13, 14, 15, 16, 17, 18, 19, 20,
 mmnn(1,31)= 30, 19,  0,  1,  2,  3,  4,  5,  6,  7,  8,  9, 10, 11, 12,
  13, 14, 15, 16, 17, 18,
 mmnn(1,32)= 31, 19,  0,  1,  2,  3,  4,  5,  6,  7,  8,  9, 10, 11, 12,
  13, 14, 15, 16, 17, 18,
 mmnn(1,33)= 32, 20,  0,  1,  2,  3,  4,  5,  6,  7,  8,  9, 10, 11, 12,
  13, 14, 15, 16, 17, 18, 19,
 mmnn(1,34)= 33, 20,  0,  1,  2,  3,  4,  5,  6,  7,  8,  9, 10, 11, 12,
  13, 14, 15, 16, 17, 18, 19,
 mmnn(1,35)= 34, 20,  0,  1,  2,  3,  4,  5,  6,  7,  8,  9, 10, 11, 12,
  13, 14, 15, 16, 17, 18, 19,
 mmnn(1,36)= 35, 18,  0,  1,  2,  3,  4,  5,  6,  7,  8,  9, 10, 11, 12,
  13, 14, 15, 16, 17,
 mmnn(1,37)= 36, 18,  0,  1,  2,  3,  4,  5,  6,  7,  8,  9, 10, 11, 12,
  13, 14, 15, 16, 17,
 mmnn(1,38)= 37, 17,  0,  1,  2,  3,  4,  5,  6,  7,  8,  9, 10, 11, 12,
  13, 14, 15, 16,
 mmnn(1,39)= 38, 18,  0,  1,  2,  3,  4,  5,  6,  7,  8,  9, 10, 11, 12,
  13, 14, 15, 16, 17,
 mmnn(1,40)= 39, 19,  0,  1,  2,  3,  4,  5,  6,  7,  8,  9, 10, 11, 12,
  13, 14, 15, 16, 17, 18,
 mmnn(1,41)= 40, 16,  0,  1,  2,  3,  4,  5,  6,  7,  8,  9, 10, 11, 12,
  13, 14, 15,
 mmnn(1,42)= 41, 17,  0,  1,  2,  3,  4,  5,  6,  7,  8,  9, 10, 11, 12,
  13, 14, 15, 16,
 mmnn(1,43)= 42, 14,  0,  1,  2,  3,  4,  5,  6,  7,  8,  9, 10, 11, 12,
  13,
 mmnn(1,44)= 43, 15,  0,  1,  2,  3,  4,  5,  6,  7,  8,  9, 10, 11, 12,
  13, 14,
 mmnn(1,45)= 44, 12,  0,  1,  2,  3,  4,  5,  6,  7,  8,  9, 10, 11,
 mmnn(1,46)= 45, 13,  0,  1,  2,  3,  4,  5,  6,  7,  8,  9, 10, 11, 12,
 mmnn(1,47)= -1, 20,  1,  2,  3,  4,  5,  6,  7,  8,  9, 10, 11, 12, 13,
  14, 15, 16, 17, 18, 19, 20,
 mmnn(1,48)= -2, 19,  1,  2,  3,  4,  5,  6,  7,  8,  9, 10, 11, 12, 13,
  14, 15, 16, 17, 18, 19,
 mmnn(1,49)= -3, 19,  1,  2,  3,  4,  5,  6,  7,  8,  9, 10, 11, 12, 13,
  14, 15, 16, 17, 18, 19,
 mmnn(1,50)= -4, 19,  1,  2,  3,  4,  5,  6,  7,  8,  9, 10, 11, 12, 13,
  14, 15, 16, 17, 18, 19,
 mmnn(1,51)= -5, 19,  1,  2,  3,  4,  5,  6,  7,  8,  9, 10, 11, 12, 13,
  14, 15, 16, 17, 18, 19,
 mmnn(1,52)= -6, 19,  1,  2,  3,  4,  5,  6,  7,  8,  9, 10, 11, 12, 13,
  14, 15, 16, 17, 18, 19,
 mmnn(1,53)= -7, 19,  1,  2,  3,  4,  5,  6,  7,  8,  9, 10, 11, 12, 13,
  14, 15, 16, 17, 18, 19,
 mmnn(1,54)= -8, 19,  1,  2,  3,  4,  5,  6,  7,  8,  9, 10, 11, 12, 13,
  14, 15, 16, 17, 18, 19,
 mmnn(1,55)= -9, 17,  1,  2,  3,  4,  5,  6,  7,  8,  9, 10, 11, 12, 13,
  14, 15, 16, 17,
 mmnn(1,56)=-10, 17,  1,  2,  3,  4,  5,  6,  7,  8,  9, 10, 11, 12, 13,
  14, 15, 16, 17,
 mmnn(1,57)=-11, 18,  1,  2,  3,  4,  5,  6,  7,  8,  9, 10, 11, 12, 13,
  14, 15, 16, 17, 18,
 mmnn(1,58)=-12, 18,  1,  2,  3,  4,  5,  6,  7,  8,  9, 10, 11, 12, 13,
  14, 15, 16, 17, 18,
 mmnn(1,59)=-13, 18,  1,  2,  3,  4,  5,  6,  7,  8,  9, 10, 11, 12, 13,
  14, 15, 16, 17, 18,
 mmnn(1,60)=-14, 16,  1,  2,  3,  4,  5,  6,  7,  8,  9, 10, 11, 12, 13,
  14, 15, 16,
 mmnn(1,61)=-15, 16,  1,  2,  3,  4,  5,  6,  7,  8,  9, 10, 11, 12, 13,
  14, 15, 16,
 mmnn(1,62)=-16, 17,  1,  2,  3,  4,  5,  6,  7,  8,  9, 10, 11, 12, 13,
  14, 15, 16, 17,
 mmnn(1,63)=-17, 17,  1,  2,  3,  4,  5,  6,  7,  8,  9, 10, 11, 12, 13,
  14, 15, 16, 17,
 mmnn(1,64)=-18, 18,  1,  2,  3,  4,  5,  6,  7,  8,  9, 10, 11, 12, 13,
  14, 15, 16, 17, 18,
 mmnn(1,65)=-19, 18,  1,  2,  3,  4,  5,  6,  7,  8,  9, 10, 11, 12, 13,
  14, 15, 16, 17, 18,
 mmnn(1,66)=-20, 18,  1,  2,  3,  4,  5,  6,  7,  8,  9, 10, 11, 12, 13,
  14, 15, 16, 17, 18,
 mmnn(1,67)=-21, 18,  1,  2,  3,  4,  5,  6,  7,  8,  9, 10, 11, 12, 13,
  14, 15, 16, 17, 18,
 mmnn(1,68)=-22, 18,  1,  2,  3,  4,  5,  6,  7,  8,  9, 10, 11, 12, 13,
  14, 15, 16, 17, 18,
 mmnn(1,69)=-23, 18,  1,  2,  3,  4,  5,  6,  7,  8,  9, 10, 11, 12, 13,
  14, 15, 16, 17, 18,
 mmnn(1,70)=-24, 17,  1,  2,  3,  4,  5,  6,  7,  8,  9, 10, 11, 12, 13,
  14, 15, 16, 18,
 mmnn(1,71)=-25, 17,  1,  2,  3,  4,  5,  6,  7,  8,  9, 10, 11, 12, 13,
  14, 15, 16, 17,
 mmnn(1,72)=-26, 17,  1,  2,  3,  4,  5,  6,  7,  8,  9, 10, 11, 12, 13,
  14, 15, 16, 17,
 mmnn(1,73)=-27, 17,  1,  2,  3,  4,  5,  6,  7,  8,  9, 10, 11, 12, 13,
  14, 15, 16, 17,
 mmnn(1,74)=-28, 17,  1,  2,  3,  4,  5,  6,  7,  8,  9, 10, 11, 12, 13,
  14, 15, 16, 17,
 mmnn(1,75)=-29, 17,  1,  2,  3,  4,  5,  6,  7,  8,  9, 10, 11, 12, 13,
  14, 15, 16, 17,
 mmnn(1,76)=-30, 15,  1,  2,  3,  4,  5,  6,  7,  8,  9, 10, 11, 12, 13,
  14, 15,
 mmnn(1,77)=-31, 15,  1,  2,  3,  4,  5,  6,  7,  8,  9, 10, 11, 12, 13,
  14, 15,
 mmnn(1,78)=-32, 16,  1,  2,  3,  4,  5,  6,  7,  8,  9, 10, 11, 12, 13,
  14, 15, 16,
 mmnn(1,79)=-33, 16,  1,  2,  3,  4,  5,  6,  7,  8,  9, 10, 11, 12, 13,
  14, 15, 16,
 mmnn(1,80)=-34, 16,  1,  2,  3,  4,  5,  6,  7,  8,  9, 10, 11, 12, 13,
  14, 15, 16,
 mmnn(1,81)=-35, 14,  1,  2,  3,  4,  5,  6,  7,  8,  9, 10, 11, 12, 13,
  14,
 mmnn(1,82)=-36, 14,  1,  2,  3,  4,  5,  6,  7,  8,  9, 10, 11, 12, 13,
  14,
 mmnn(1,83)=-37, 13,  1,  2,  3,  4,  5,  6,  7,  8,  9, 10, 11, 12, 13,
 mmnn(1,84)=-38, 14,  1,  2,  3,  4,  5,  6,  7,  8,  9, 10, 11, 12, 13,
  14,
 mmnn(1,85)=-39, 15,  1,  2,  3,  4,  5,  6,  7,  8,  9, 10, 11, 12, 13,
  14, 15,
 mmnn(1,86)=-40, 12,  1,  2,  3,  4,  5,  6,  7,  8,  9, 10, 11, 12,
 mmnn(1,87)=-41, 13,  1,  2,  3,  4,  5,  6,  7,  8,  9, 10, 11, 12, 13,
 mmnn(1,88)=-42, 10,  1,  2,  3,  4,  5,  6,  7,  8,  9, 10,
 mmnn(1,89)=-43, 11,  1,  2,  3,  4,  5,  6,  7,  8,  9, 10, 11,
 mmnn(1,90)=-44,  8,  1,  2,  3,  4,  5,  6,  7,  8,
 mmnn(1,91)=-45,  9,  1,  2,  3,  4,  5,  6,  7,  8,  9,
 mpol=22, ntor= 91 /
