 0.10000E+01	 0.00000E+00	 0.00000E+00	 0.26735E+00	 0.13694E+01	 0.13694E+01	 0.20276E-03	 0.20276E-03	 0.10161E-03	 0.10161E-03	 0.45723E+01	 0.10005E+04	 0.21891E+06	 0.32007E-12	 0.60400E-01	 0.14920E+00	 0.70000E-03	 0.23149E+01	 0.14763E+00
 0.10000E+00	 0.00000E+00	 0.00000E+00	 0.26735E+00	 0.18182E+00	 0.18182E+00	 0.17975E-01	 0.17975E-01	 0.22479E-01	 0.22479E-01	 0.45723E+01	 0.10005E+04	 0.21891E+06	 0.47143E-13	 0.60400E-01	 0.14920E+00	 0.70000E-03	 0.23149E+01	 0.14763E+00
 0.10000E+02	 0.00000E+00	 0.00000E+00	 0.26735E+00	 0.13643E+02	 0.13643E+02	 0.20152E-05	 0.20152E-05	 0.13483E-06	 0.13483E-06	 0.45723E+01	 0.10005E+04	 0.21891E+06	 0.43147E-10	 0.60400E-01	 0.14920E+00	 0.70000E-03	 0.23149E+01	 0.14763E+00
 0.10000E-01	 0.00000E+00	 0.00000E+00	 0.26735E+00	 0.11324E+00	 0.11324E+00	 0.37980E+00	 0.37980E+00	 0.29101E+01	 0.29101E+01	 0.45723E+01	 0.10005E+04	 0.21891E+06	 0.44086E-12	 0.60400E-01	 0.14920E+00	 0.70000E-03	 0.23149E+01	 0.14763E+00
 0.10000E+03	 0.00000E+00	 0.00000E+00	 0.26735E+00	 0.13642E+03	 0.13642E+03	 0.20148E-07	 0.20148E-07	 0.13544E-09	 0.13544E-09	 0.45723E+01	 0.10005E+04	 0.21891E+06	 0.21254E-08	 0.60400E-01	 0.14920E+00	 0.70000E-03	 0.23149E+01	 0.14763E+00
 0.10000E-02	 0.00000E+00	 0.00000E+00	 0.26735E+00	 0.85704E-01	 0.85703E-01	 0.22613E+01	 0.22613E+01	 0.12925E+03	 0.12925E+03	 0.45723E+01	 0.10005E+04	 0.21891E+06	 0.22358E-10	 0.60400E-01	 0.14920E+00	 0.70000E-03	 0.23149E+01	 0.14763E+00
 0.10000E-03	 0.00000E+00	 0.00000E+00	 0.26735E+00	 0.10601E+00	 0.10228E+00	 0.34676E+01	 0.34775E+01	 0.18781E+04	 0.18628E+04	 0.45723E+01	 0.10005E+04	 0.21891E+06	 0.28586E-08	 0.60400E-01	 0.14920E+00	 0.70000E-03	 0.23149E+01	 0.14763E+00
 0.10000E-04	 0.00000E+00	 0.00000E+00	 0.26735E+00	 0.75308E+00	 0.46938E+00	 0.34926E+01	 0.36825E+01	 0.21331E+05	 0.20242E+05	 0.45723E+01	 0.10005E+04	 0.21891E+06	 0.22200E-06	 0.60400E-01	 0.14920E+00	 0.70000E-03	 0.23149E+01	 0.14763E+00
 0.10000E-05	 0.00000E+00	 0.00000E+00	 0.26735E+00	 0.74382E+01	 0.15203E+01	 0.29159E+01	 0.80251E+00	 0.23711E+06	 0.20359E+06	 0.45723E+01	 0.10005E+04	 0.21891E+06	 0.25720E-04	 0.60400E-01	 0.14920E+00	 0.70000E-03	 0.23149E+01	 0.14763E+00
 0.30000E+01	 0.00000E+00	 0.00000E+00	 0.26735E+00	 0.40944E+01	 0.40944E+01	 0.22427E-04	 0.22427E-04	 0.47845E-05	 0.47845E-05	 0.45723E+01	 0.10005E+04	 0.21891E+06	 0.12386E-11	 0.60400E-01	 0.14920E+00	 0.70000E-03	 0.23149E+01	 0.14763E+00
 0.30000E+00	 0.00000E+00	 0.00000E+00	 0.26735E+00	 0.42610E+00	 0.42610E+00	 0.22194E-02	 0.22194E-02	 0.18483E-02	 0.18483E-02	 0.45723E+01	 0.10005E+04	 0.21891E+06	 0.21452E-13	 0.60400E-01	 0.14920E+00	 0.70000E-03	 0.23149E+01	 0.14763E+00
 0.30000E+02	 0.00000E+00	 0.00000E+00	 0.26735E+00	 0.40927E+02	 0.40927E+02	 0.22387E-06	 0.22387E-06	 0.50141E-08	 0.50141E-08	 0.45723E+01	 0.10005E+04	 0.21891E+06	 0.13934E-09	 0.60400E-01	 0.14920E+00	 0.70000E-03	 0.23149E+01	 0.14763E+00
 0.30000E-01	 0.00000E+00	 0.00000E+00	 0.26735E+00	 0.12812E+00	 0.12812E+00	 0.11415E+00	 0.11415E+00	 0.32235E+00	 0.32235E+00	 0.45723E+01	 0.10005E+04	 0.21891E+06	 0.17671E-12	 0.60400E-01	 0.14920E+00	 0.70000E-03	 0.23149E+01	 0.14763E+00
 0.30000E+03	 0.00000E+00	 0.00000E+00	 0.26735E+00	 0.40927E+03	 0.40927E+03	 0.22387E-08	 0.22387E-08	 0.50166E-11	 0.50166E-11	 0.45723E+01	 0.10005E+04	 0.21891E+06	 0.14078E-07	 0.60400E-01	 0.14920E+00	 0.70000E-03	 0.23149E+01	 0.14763E+00
 0.30000E-02	 0.00000E+00	 0.00000E+00	 0.26735E+00	 0.10281E+00	 0.10281E+00	 0.11311E+01	 0.11311E+01	 0.25388E+02	 0.25388E+02	 0.45723E+01	 0.10005E+04	 0.21891E+06	 0.23004E-11	 0.60400E-01	 0.14920E+00	 0.70000E-03	 0.23149E+01	 0.14763E+00
 0.30000E-03	 0.00000E+00	 0.00000E+00	 0.26735E+00	 0.72663E-01	 0.72544E-01	 0.31758E+01	 0.31758E+01	 0.55648E+03	 0.55599E+03	 0.45723E+01	 0.10005E+04	 0.21891E+06	 0.28294E-09	 0.60400E-01	 0.14920E+00	 0.70000E-03	 0.23149E+01	 0.14763E+00
 0.30000E-04	 0.00000E+00	 0.00000E+00	 0.26735E+00	 0.26758E+00	 0.22030E+00	 0.35569E+01	 0.36245E+01	 0.67623E+04	 0.65981E+04	 0.45723E+01	 0.10005E+04	 0.21891E+06	 0.26762E-07	 0.60400E-01	 0.14920E+00	 0.70000E-03	 0.23149E+01	 0.14763E+00
 0.30000E-05	 0.00000E+00	 0.00000E+00	 0.26735E+00	 0.24821E+01	 0.98722E+00	 0.33256E+01	 0.30673E+01	 0.75035E+05	 0.67818E+05	 0.45723E+01	 0.10005E+04	 0.21891E+06	 0.26101E-05	 0.60400E-01	 0.14920E+00	 0.70000E-03	 0.23149E+01	 0.14763E+00
 0.10000E+01	 0.10000E+00	 0.67024E+00	 0.26735E+00	 0.25209E-02	 0.25209E-02	 0.43325E-03	 0.43325E-03	 0.27251E-03	 0.27251E-03	 0.45723E+01	 0.10005E+04	 0.21891E+06	 0.28462E-11	 0.60400E-01	 0.14920E+00	 0.70000E-03	 0.23149E+01	 0.14763E+00
 0.10000E+00	 0.10000E+00	 0.67024E+00	 0.26735E+00	 0.28826E-02	 0.28826E-02	 0.18638E-02	 0.18638E-02	 0.20554E-01	 0.20554E-01	 0.45723E+01	 0.10005E+04	 0.21891E+06	 0.13201E-10	 0.60400E-01	 0.14920E+00	 0.70000E-03	 0.23149E+01	 0.14763E+00
 0.10000E+02	 0.10000E+00	 0.67024E+00	 0.26735E+00	 0.68947E-03	 0.68947E-03	 0.63195E-05	 0.63195E-05	 0.38866E-06	 0.38866E-06	 0.45723E+01	 0.10005E+04	 0.21891E+06	 0.18292E-10	 0.60400E-01	 0.14920E+00	 0.70000E-03	 0.23149E+01	 0.14763E+00
 0.10000E-01	 0.10000E+00	 0.67024E+00	 0.26735E+00	 0.15966E-02	 0.15966E-02	 0.61326E-02	 0.61326E-02	 0.14948E+01	 0.14948E+01	 0.45723E+01	 0.10005E+04	 0.21891E+06	 0.12302E-09	 0.60400E-01	 0.14920E+00	 0.70000E-03	 0.23149E+01	 0.14763E+00
 0.10000E+03	 0.10000E+00	 0.67024E+00	 0.26735E+00	 0.11409E-03	 0.11409E-03	 0.62695E-07	 0.62695E-07	 0.39115E-09	 0.39115E-09	 0.45723E+01	 0.10005E+04	 0.21891E+06	 0.29612E-08	 0.60400E-01	 0.14920E+00	 0.70000E-03	 0.23149E+01	 0.14763E+00
 0.10000E-02	 0.10000E+00	 0.67024E+00	 0.26735E+00	 0.11782E-02	 0.11782E-02	 0.44377E-01	 0.44377E-01	 0.90001E+02	 0.90000E+02	 0.45723E+01	 0.10005E+04	 0.21891E+06	 0.82330E-09	 0.60400E-01	 0.14920E+00	 0.70000E-03	 0.23149E+01	 0.14763E+00
 0.10000E-03	 0.10000E+00	 0.67024E+00	 0.26735E+00	 0.89150E-03	 0.89120E-03	 0.74932E-01	 0.73988E-01	 0.21613E+04	 0.21419E+04	 0.45723E+01	 0.10005E+04	 0.21891E+06	 0.90924E-08	 0.60400E-01	 0.14920E+00	 0.70000E-03	 0.23149E+01	 0.14763E+00
 0.10000E-04	 0.10000E+00	 0.67024E+00	 0.26735E+00	 0.28286E-03	 0.27944E-03	-0.45660E-01	-0.70281E-01	 0.30653E+05	 0.27971E+05	 0.45723E+01	 0.10005E+04	 0.21891E+06	 0.61398E-06	 0.60400E-01	 0.14920E+00	 0.70000E-03	 0.23149E+01	 0.14763E+00
 0.10000E-05	 0.10000E+00	 0.67024E+00	 0.26735E+00	 0.57732E-04	 0.37081E-04	 0.53502E-01	-0.81880E-01	 0.39680E+06	 0.29180E+06	 0.45723E+01	 0.10005E+04	 0.21891E+06	 0.27854E-04	 0.60400E-01	 0.14920E+00	 0.70000E-03	 0.23149E+01	 0.14763E+00
 0.30000E+01	 0.10000E+00	 0.67024E+00	 0.26735E+00	 0.13969E-02	 0.13969E-02	 0.66162E-04	 0.66162E-04	 0.13707E-04	 0.13707E-04	 0.45723E+01	 0.10005E+04	 0.21891E+06	 0.71741E-11	 0.60400E-01	 0.14920E+00	 0.70000E-03	 0.23149E+01	 0.14763E+00
 0.30000E+00	 0.10000E+00	 0.67024E+00	 0.26735E+00	 0.35280E-02	 0.35280E-02	 0.12843E-02	 0.12843E-02	 0.31474E-02	 0.31474E-02	 0.45723E+01	 0.10005E+04	 0.21891E+06	 0.66840E-11	 0.60400E-01	 0.14920E+00	 0.70000E-03	 0.23149E+01	 0.14763E+00
 0.30000E+02	 0.10000E+00	 0.67024E+00	 0.26735E+00	 0.32925E-03	 0.32925E-03	 0.69960E-06	 0.69960E-06	 0.14475E-07	 0.14475E-07	 0.45723E+01	 0.10005E+04	 0.21891E+06	 0.83237E-10	 0.60400E-01	 0.14920E+00	 0.70000E-03	 0.23149E+01	 0.14763E+00
 0.30000E-01	 0.10000E+00	 0.67024E+00	 0.26735E+00	 0.17940E-02	 0.17940E-02	 0.30420E-02	 0.30420E-02	 0.18509E+00	 0.18509E+00	 0.45723E+01	 0.10005E+04	 0.21891E+06	 0.42024E-10	 0.60400E-01	 0.14920E+00	 0.70000E-03	 0.23149E+01	 0.14763E+00
 0.30000E+03	 0.10000E+00	 0.67024E+00	 0.26735E+00	 0.39318E-04	 0.39318E-04	 0.69629E-08	 0.69629E-08	 0.14489E-10	 0.14489E-10	 0.45723E+01	 0.10005E+04	 0.21891E+06	 0.18821E-08	 0.60400E-01	 0.14920E+00	 0.70000E-03	 0.23149E+01	 0.14763E+00
 0.30000E-02	 0.10000E+00	 0.67024E+00	 0.26735E+00	 0.13281E-02	 0.13281E-02	 0.17562E-01	 0.17562E-01	 0.14163E+02	 0.14163E+02	 0.45723E+01	 0.10005E+04	 0.21891E+06	 0.15753E-09	 0.60400E-01	 0.14920E+00	 0.70000E-03	 0.23149E+01	 0.14763E+00
 0.30000E-03	 0.10000E+00	 0.67024E+00	 0.26735E+00	 0.10610E-02	 0.10610E-02	 0.84750E-01	 0.84729E-01	 0.52291E+03	 0.52254E+03	 0.45723E+01	 0.10005E+04	 0.21891E+06	 0.61631E-08	 0.60400E-01	 0.14920E+00	 0.70000E-03	 0.23149E+01	 0.14763E+00
 0.30000E-04	 0.10000E+00	 0.67024E+00	 0.26735E+00	 0.58047E-03	 0.57911E-03	 0.25822E-02	-0.55061E-02	 0.89648E+04	 0.86240E+04	 0.45723E+01	 0.10005E+04	 0.21891E+06	 0.17156E-05	 0.60400E-01	 0.14920E+00	 0.70000E-03	 0.23149E+01	 0.14763E+00
 0.30000E-05	 0.10000E+00	 0.67024E+00	 0.26735E+00	 0.11323E-03	 0.10362E-03	-0.53012E-02	-0.90408E-01	 0.11760E+06	 0.96443E+05	 0.45723E+01	 0.10005E+04	 0.21891E+06	 0.78503E-05	 0.60400E-01	 0.14920E+00	 0.70000E-03	 0.23149E+01	 0.14763E+00
 0.10000E+01	 0.10000E-01	 0.67024E-01	 0.26735E+00	 0.16457E+00	 0.16457E+00	 0.57162E-03	 0.57162E-03	 0.10399E-03	 0.10399E-03	 0.45723E+01	 0.10005E+04	 0.21891E+06	 0.18643E-13	 0.60400E-01	 0.14920E+00	 0.70000E-03	 0.23149E+01	 0.14763E+00
 0.10000E+00	 0.10000E-01	 0.67024E-01	 0.26735E+00	 0.20870E+00	 0.20870E+00	 0.22624E-01	 0.22624E-01	 0.23078E-01	 0.23078E-01	 0.45723E+01	 0.10005E+04	 0.21891E+06	 0.48225E-13	 0.60400E-01	 0.14920E+00	 0.70000E-03	 0.23149E+01	 0.14763E+00
 0.10000E+02	 0.10000E-01	 0.67024E-01	 0.26735E+00	 0.22235E-01	 0.22235E-01	 0.60102E-05	 0.60102E-05	 0.13736E-06	 0.13736E-06	 0.45723E+01	 0.10005E+04	 0.21891E+06	 0.52079E-12	 0.60400E-01	 0.14920E+00	 0.70000E-03	 0.23149E+01	 0.14763E+00
 0.10000E-01	 0.10000E-01	 0.67024E-01	 0.26735E+00	 0.12195E+00	 0.12195E+00	 0.36368E+00	 0.36368E+00	 0.27109E+01	 0.27109E+01	 0.45723E+01	 0.10005E+04	 0.21891E+06	 0.48083E-12	 0.60400E-01	 0.14920E+00	 0.70000E-03	 0.23149E+01	 0.14763E+00
 0.10000E+03	 0.10000E-01	 0.67024E-01	 0.26735E+00	 0.61233E-02	 0.61233E-02	 0.63367E-07	 0.63367E-07	 0.13799E-09	 0.13799E-09	 0.45723E+01	 0.10005E+04	 0.21891E+06	 0.53113E-11	 0.60400E-01	 0.14920E+00	 0.70000E-03	 0.23149E+01	 0.14763E+00
 0.10000E-02	 0.10000E-01	 0.67024E-01	 0.26735E+00	 0.62902E-01	 0.62902E-01	 0.19024E+01	 0.19024E+01	 0.12650E+03	 0.12650E+03	 0.45723E+01	 0.10005E+04	 0.21891E+06	 0.62850E-10	 0.60400E-01	 0.14920E+00	 0.70000E-03	 0.23149E+01	 0.14763E+00
 0.10000E-03	 0.10000E-01	 0.67024E-01	 0.26735E+00	 0.11497E-01	 0.11402E-01	 0.32700E+01	 0.32785E+01	 0.22832E+04	 0.22630E+04	 0.45723E+01	 0.10005E+04	 0.21891E+06	 0.67408E-08	 0.60400E-01	 0.14920E+00	 0.70000E-03	 0.23149E+01	 0.14763E+00
 0.10000E-04	 0.10000E-01	 0.67024E-01	 0.26735E+00	 0.15761E-02	 0.13676E-02	 0.36426E+01	 0.35615E+01	 0.28404E+05	 0.26265E+05	 0.45723E+01	 0.10005E+04	 0.21891E+06	 0.60505E-06	 0.60400E-01	 0.14920E+00	 0.70000E-03	 0.23149E+01	 0.14763E+00
 0.10000E-05	 0.10000E-01	 0.67024E-01	 0.26735E+00	 0.24270E-03	 0.13925E-03	 0.35083E+01	 0.35528E+01	 0.32190E+06	 0.26571E+06	 0.45723E+01	 0.10005E+04	 0.21891E+06	 0.11320E-03	 0.60400E-01	 0.14920E+00	 0.70000E-03	 0.23149E+01	 0.14763E+00
 0.30000E+01	 0.10000E-01	 0.67024E-01	 0.26735E+00	 0.61925E-01	 0.61925E-01	 0.66641E-04	 0.66641E-04	 0.48772E-05	 0.48772E-05	 0.45723E+01	 0.10005E+04	 0.21891E+06	 0.73303E-13	 0.60400E-01	 0.14920E+00	 0.70000E-03	 0.23149E+01	 0.14763E+00
 0.30000E+00	 0.10000E-01	 0.67024E-01	 0.26735E+00	 0.29289E+00	 0.29289E+00	 0.45052E-02	 0.45052E-02	 0.19166E-02	 0.19166E-02	 0.45723E+01	 0.10005E+04	 0.21891E+06	 0.21767E-13	 0.60400E-01	 0.14920E+00	 0.70000E-03	 0.23149E+01	 0.14763E+00
 0.30000E+02	 0.10000E-01	 0.67024E-01	 0.26735E+00	 0.11314E-01	 0.11314E-01	 0.68563E-06	 0.68563E-06	 0.51082E-08	 0.51082E-08	 0.45723E+01	 0.10005E+04	 0.21891E+06	 0.12827E-11	 0.60400E-01	 0.14920E+00	 0.70000E-03	 0.23149E+01	 0.14763E+00
 0.30000E-01	 0.10000E-01	 0.67024E-01	 0.26735E+00	 0.14087E+00	 0.14087E+00	 0.11161E+00	 0.11161E+00	 0.30644E+00	 0.30644E+00	 0.45723E+01	 0.10005E+04	 0.21891E+06	 0.15618E-12	 0.60400E-01	 0.14920E+00	 0.70000E-03	 0.23149E+01	 0.14763E+00
 0.30000E+03	 0.10000E-01	 0.67024E-01	 0.26735E+00	 0.30728E-02	 0.30728E-02	 0.70009E-08	 0.70009E-08	 0.51113E-11	 0.51113E-11	 0.45723E+01	 0.10005E+04	 0.21891E+06	 0.13330E-10	 0.60400E-01	 0.14920E+00	 0.70000E-03	 0.23149E+01	 0.14763E+00
 0.30000E-02	 0.10000E-01	 0.67024E-01	 0.26735E+00	 0.96529E-01	 0.96529E-01	 0.98486E+00	 0.98486E+00	 0.23005E+02	 0.23005E+02	 0.45723E+01	 0.10005E+04	 0.21891E+06	 0.75516E-11	 0.60400E-01	 0.14920E+00	 0.70000E-03	 0.23149E+01	 0.14763E+00
 0.30000E-03	 0.10000E-01	 0.67024E-01	 0.26735E+00	 0.28083E-01	 0.28071E-01	 0.27992E+01	 0.28001E+01	 0.62536E+03	 0.62491E+03	 0.45723E+01	 0.10005E+04	 0.21891E+06	 0.89647E-09	 0.60400E-01	 0.14920E+00	 0.70000E-03	 0.23149E+01	 0.14763E+00
 0.30000E-04	 0.10000E-01	 0.67024E-01	 0.26735E+00	 0.41193E-02	 0.38990E-02	 0.35276E+01	 0.35218E+01	 0.87201E+04	 0.84026E+04	 0.45723E+01	 0.10005E+04	 0.21891E+06	 0.94040E-07	 0.60400E-01	 0.14920E+00	 0.70000E-03	 0.23149E+01	 0.14763E+00
 0.30000E-05	 0.10000E-01	 0.67024E-01	 0.26735E+00	 0.54223E-03	 0.41601E-03	 0.37043E+01	 0.35558E+01	 0.10040E+06	 0.88464E+05	 0.45723E+01	 0.10005E+04	 0.21891E+06	 0.90751E-05	 0.60400E-01	 0.14920E+00	 0.70000E-03	 0.23149E+01	 0.14763E+00
 0.10000E+01	 0.10000E-02	 0.67024E-02	 0.26735E+00	 0.12730E+01	 0.12730E+01	 0.23186E-03	 0.23186E-03	 0.10162E-03	 0.10162E-03	 0.45723E+01	 0.10005E+04	 0.21891E+06	 0.38863E-12	 0.60400E-01	 0.14920E+00	 0.70000E-03	 0.23149E+01	 0.14763E+00
 0.10000E+00	 0.10000E-02	 0.67024E-02	 0.26735E+00	 0.18209E+00	 0.18209E+00	 0.18020E-01	 0.18020E-01	 0.22484E-01	 0.22484E-01	 0.45723E+01	 0.10005E+04	 0.21891E+06	 0.36459E-13	 0.60400E-01	 0.14920E+00	 0.70000E-03	 0.23149E+01	 0.14763E+00
 0.10000E+02	 0.10000E-02	 0.67024E-02	 0.26735E+00	 0.15853E+01	 0.15853E+01	 0.55669E-05	 0.55669E-05	 0.13485E-06	 0.13485E-06	 0.45723E+01	 0.10005E+04	 0.21891E+06	 0.28068E-11	 0.60400E-01	 0.14920E+00	 0.70000E-03	 0.23149E+01	 0.14763E+00
 0.10000E-01	 0.10000E-02	 0.67024E-02	 0.26735E+00	 0.11329E+00	 0.11329E+00	 0.37953E+00	 0.37953E+00	 0.29075E+01	 0.29075E+01	 0.45723E+01	 0.10005E+04	 0.21891E+06	 0.50049E-12	 0.60400E-01	 0.14920E+00	 0.70000E-03	 0.23149E+01	 0.14763E+00
 0.10000E+03	 0.10000E-02	 0.67024E-02	 0.26735E+00	 0.22138E+00	 0.22138E+00	 0.60089E-07	 0.60089E-07	 0.13547E-09	 0.13547E-09	 0.45723E+01	 0.10005E+04	 0.21891E+06	 0.12937E-10	 0.60400E-01	 0.14920E+00	 0.70000E-03	 0.23149E+01	 0.14763E+00
 0.10000E-02	 0.10000E-02	 0.67024E-02	 0.26735E+00	 0.83608E-01	 0.83607E-01	 0.22170E+01	 0.22170E+01	 0.12806E+03	 0.12806E+03	 0.45723E+01	 0.10005E+04	 0.21891E+06	 0.57311E-10	 0.60400E-01	 0.14920E+00	 0.70000E-03	 0.23149E+01	 0.14763E+00
 0.10000E-03	 0.10000E-02	 0.67024E-02	 0.26735E+00	 0.55482E-01	 0.54010E-01	 0.29166E+01	 0.29220E+01	 0.18502E+04	 0.18333E+04	 0.45723E+01	 0.10005E+04	 0.21891E+06	 0.36649E-08	 0.60400E-01	 0.14920E+00	 0.70000E-03	 0.23149E+01	 0.14763E+00
 0.10000E-04	 0.10000E-02	 0.67024E-02	 0.26735E+00	 0.16166E-01	 0.11162E-01	 0.27080E+01	 0.26760E+01	 0.21329E+05	 0.20078E+05	 0.45723E+01	 0.10005E+04	 0.21891E+06	 0.16674E-05	 0.60400E-01	 0.14920E+00	 0.70000E-03	 0.23149E+01	 0.14763E+00
 0.10000E-05	 0.10000E-02	 0.67024E-02	 0.26735E+00	 0.46488E-02	 0.11763E-02	 0.36580E+01	 0.26820E+01	 0.23962E+06	 0.20189E+06	 0.45723E+01	 0.10005E+04	 0.21891E+06	 0.49727E-03	 0.60400E-01	 0.14920E+00	 0.70000E-03	 0.23149E+01	 0.14763E+00
 0.30000E+01	 0.10000E-02	 0.67024E-02	 0.26735E+00	 0.24128E+01	 0.24128E+01	 0.40629E-04	 0.40629E-04	 0.47852E-05	 0.47852E-05	 0.45723E+01	 0.10005E+04	 0.21891E+06	 0.46199E-12	 0.60400E-01	 0.14920E+00	 0.70000E-03	 0.23149E+01	 0.14763E+00
 0.30000E+00	 0.10000E-02	 0.67024E-02	 0.26735E+00	 0.42411E+00	 0.42411E+00	 0.22536E-02	 0.22536E-02	 0.18488E-02	 0.18488E-02	 0.45723E+01	 0.10005E+04	 0.21891E+06	 0.26350E-13	 0.60400E-01	 0.14920E+00	 0.70000E-03	 0.23149E+01	 0.14763E+00
 0.30000E+02	 0.10000E-02	 0.67024E-02	 0.26735E+00	 0.61387E+00	 0.61387E+00	 0.66413E-06	 0.66413E-06	 0.50150E-08	 0.50150E-08	 0.45723E+01	 0.10005E+04	 0.21891E+06	 0.39872E-11	 0.60400E-01	 0.14920E+00	 0.70000E-03	 0.23149E+01	 0.14763E+00
 0.30000E-01	 0.10000E-02	 0.67024E-02	 0.26735E+00	 0.12825E+00	 0.12825E+00	 0.11412E+00	 0.11412E+00	 0.32218E+00	 0.32218E+00	 0.45723E+01	 0.10005E+04	 0.21891E+06	 0.14567E-12	 0.60400E-01	 0.14920E+00	 0.70000E-03	 0.23149E+01	 0.14763E+00
 0.30000E+03	 0.10000E-02	 0.67024E-02	 0.26735E+00	 0.11284E+00	 0.11284E+00	 0.68558E-08	 0.68558E-08	 0.50176E-11	 0.50176E-11	 0.45723E+01	 0.10005E+04	 0.21891E+06	 0.84475E-10	 0.60400E-01	 0.14920E+00	 0.70000E-03	 0.23149E+01	 0.14763E+00
 0.30000E-02	 0.10000E-02	 0.67024E-02	 0.26735E+00	 0.10234E+00	 0.10234E+00	 0.11253E+01	 0.11253E+01	 0.25309E+02	 0.25309E+02	 0.45723E+01	 0.10005E+04	 0.21891E+06	 0.39845E-11	 0.60400E-01	 0.14920E+00	 0.70000E-03	 0.23149E+01	 0.14763E+00
 0.30000E-03	 0.10000E-02	 0.67024E-02	 0.26735E+00	 0.63614E-01	 0.63522E-01	 0.29834E+01	 0.29834E+01	 0.54653E+03	 0.54602E+03	 0.45723E+01	 0.10005E+04	 0.21891E+06	 0.36967E-09	 0.60400E-01	 0.14920E+00	 0.70000E-03	 0.23149E+01	 0.14763E+00
 0.30000E-04	 0.10000E-02	 0.67024E-02	 0.26735E+00	 0.31972E-01	 0.28282E-01	 0.27056E+01	 0.26972E+01	 0.67277E+04	 0.65372E+04	 0.45723E+01	 0.10005E+04	 0.21891E+06	 0.47328E-07	 0.60400E-01	 0.14920E+00	 0.70000E-03	 0.23149E+01	 0.14763E+00
 0.30000E-05	 0.10000E-02	 0.67024E-02	 0.26735E+00	 0.86782E-02	 0.35095E-02	 0.27247E+01	 0.26812E+01	 0.75183E+05	 0.67261E+05	 0.45723E+01	 0.10005E+04	 0.21891E+06	 0.22823E-04	 0.60400E-01	 0.14920E+00	 0.70000E-03	 0.23149E+01	 0.14763E+00
 0.10000E+01	 0.10000E-03	 0.67024E-03	 0.26735E+00	 0.13682E+01	 0.13682E+01	 0.20308E-03	 0.20308E-03	 0.10161E-03	 0.10161E-03	 0.45723E+01	 0.10005E+04	 0.21891E+06	 0.41132E-12	 0.60400E-01	 0.14920E+00	 0.70000E-03	 0.23149E+01	 0.14763E+00
 0.10000E+00	 0.10000E-03	 0.67024E-03	 0.26735E+00	 0.18183E+00	 0.18183E+00	 0.17976E-01	 0.17976E-01	 0.22479E-01	 0.22479E-01	 0.45723E+01	 0.10005E+04	 0.21891E+06	 0.36178E-13	 0.60400E-01	 0.14920E+00	 0.70000E-03	 0.23149E+01	 0.14763E+00
 0.10000E+02	 0.10000E-03	 0.67024E-03	 0.26735E+00	 0.12650E+02	 0.12650E+02	 0.23017E-05	 0.23017E-05	 0.13483E-06	 0.13483E-06	 0.45723E+01	 0.10005E+04	 0.21891E+06	 0.16480E-10	 0.60400E-01	 0.14920E+00	 0.70000E-03	 0.23149E+01	 0.14763E+00
 0.10000E-01	 0.10000E-03	 0.67024E-03	 0.26735E+00	 0.11324E+00	 0.11324E+00	 0.37980E+00	 0.37980E+00	 0.29101E+01	 0.29101E+01	 0.45723E+01	 0.10005E+04	 0.21891E+06	 0.45580E-12	 0.60400E-01	 0.14920E+00	 0.70000E-03	 0.23149E+01	 0.14763E+00
 0.10000E+03	 0.10000E-03	 0.67024E-03	 0.26735E+00	 0.15847E+02	 0.15847E+02	 0.55650E-07	 0.55650E-07	 0.13544E-09	 0.13544E-09	 0.45723E+01	 0.10005E+04	 0.21891E+06	 0.18309E-09	 0.60400E-01	 0.14920E+00	 0.70000E-03	 0.23149E+01	 0.14763E+00
 0.10000E-02	 0.10000E-03	 0.67024E-03	 0.26735E+00	 0.85669E-01	 0.85668E-01	 0.22608E+01	 0.22608E+01	 0.12924E+03	 0.12924E+03	 0.45723E+01	 0.10005E+04	 0.21891E+06	 0.35643E-10	 0.60400E-01	 0.14920E+00	 0.70000E-03	 0.23149E+01	 0.14763E+00
 0.10000E-03	 0.10000E-03	 0.67024E-03	 0.26735E+00	 0.10425E+00	 0.10062E+00	 0.34484E+01	 0.34583E+01	 0.18765E+04	 0.18612E+04	 0.45723E+01	 0.10005E+04	 0.21891E+06	 0.41139E-08	 0.60400E-01	 0.14920E+00	 0.70000E-03	 0.23149E+01	 0.14763E+00
 0.10000E-04	 0.10000E-03	 0.67024E-03	 0.26735E+00	 0.40909E+00	 0.27847E+00	 0.30172E+01	 0.31437E+01	 0.21306E+05	 0.20207E+05	 0.45723E+01	 0.10005E+04	 0.21891E+06	 0.32442E-06	 0.60400E-01	 0.14920E+00	 0.70000E-03	 0.23149E+01	 0.14763E+00
 0.10000E-05	 0.10000E-03	 0.67024E-03	 0.26735E+00	 0.20449E+00	 0.66484E-01	 0.21865E+01	 0.26426E+01	 0.23695E+06	 0.20326E+06	 0.45723E+01	 0.10005E+04	 0.21891E+06	 0.78923E-03	 0.60400E-01	 0.14920E+00	 0.70000E-03	 0.23149E+01	 0.14763E+00
 0.30000E+01	 0.10000E-03	 0.67024E-03	 0.26735E+00	 0.40644E+01	 0.40644E+01	 0.22734E-04	 0.22734E-04	 0.47845E-05	 0.47845E-05	 0.45723E+01	 0.10005E+04	 0.21891E+06	 0.18481E-11	 0.60400E-01	 0.14920E+00	 0.70000E-03	 0.23149E+01	 0.14763E+00
 0.30000E+00	 0.10000E-03	 0.67024E-03	 0.26735E+00	 0.42607E+00	 0.42607E+00	 0.22197E-02	 0.22197E-02	 0.18483E-02	 0.18483E-02	 0.45723E+01	 0.10005E+04	 0.21891E+06	 0.19320E-13	 0.60400E-01	 0.14920E+00	 0.70000E-03	 0.23149E+01	 0.14763E+00
 0.30000E+02	 0.10000E-03	 0.67024E-03	 0.26735E+00	 0.24078E+02	 0.24078E+02	 0.40532E-06	 0.40532E-06	 0.50141E-08	 0.50141E-08	 0.45723E+01	 0.10005E+04	 0.21891E+06	 0.47264E-10	 0.60400E-01	 0.14920E+00	 0.70000E-03	 0.23149E+01	 0.14763E+00
 0.30000E-01	 0.10000E-03	 0.67024E-03	 0.26735E+00	 0.12812E+00	 0.12812E+00	 0.11415E+00	 0.11415E+00	 0.32235E+00	 0.32235E+00	 0.45723E+01	 0.10005E+04	 0.21891E+06	 0.18734E-12	 0.60400E-01	 0.14920E+00	 0.70000E-03	 0.23149E+01	 0.14763E+00
 0.30000E+03	 0.10000E-03	 0.67024E-03	 0.26735E+00	 0.61382E+01	 0.61382E+01	 0.66410E-08	 0.66410E-08	 0.50167E-11	 0.50167E-11	 0.45723E+01	 0.10005E+04	 0.21891E+06	 0.41118E-09	 0.60400E-01	 0.14920E+00	 0.70000E-03	 0.23149E+01	 0.14763E+00
 0.30000E-02	 0.10000E-03	 0.67024E-03	 0.26735E+00	 0.10281E+00	 0.10281E+00	 0.11311E+01	 0.11311E+01	 0.25387E+02	 0.25387E+02	 0.45723E+01	 0.10005E+04	 0.21891E+06	 0.59812E-11	 0.60400E-01	 0.14920E+00	 0.70000E-03	 0.23149E+01	 0.14763E+00
 0.30000E-03	 0.10000E-03	 0.67024E-03	 0.26735E+00	 0.72443E-01	 0.72325E-01	 0.31731E+01	 0.31731E+01	 0.55632E+03	 0.55583E+03	 0.45723E+01	 0.10005E+04	 0.21891E+06	 0.38590E-09	 0.60400E-01	 0.14920E+00	 0.70000E-03	 0.23149E+01	 0.14763E+00
 0.30000E-04	 0.10000E-03	 0.67024E-03	 0.26735E+00	 0.23731E+00	 0.19706E+00	 0.34056E+01	 0.34674E+01	 0.67517E+04	 0.65855E+04	 0.45723E+01	 0.10005E+04	 0.21891E+06	 0.35830E-07	 0.60400E-01	 0.14920E+00	 0.70000E-03	 0.23149E+01	 0.14763E+00
 0.30000E-05	 0.10000E-03	 0.67024E-03	 0.26735E+00	 0.32494E+00	 0.17454E+00	 0.26291E+01	 0.27363E+01	 0.74972E+05	 0.67712E+05	 0.45723E+01	 0.10005E+04	 0.21891E+06	 0.20599E-04	 0.60400E-01	 0.14920E+00	 0.70000E-03	 0.23149E+01	 0.14763E+00
 0.10000E+01	 0.10000E-04	 0.67024E-04	 0.26735E+00	 0.13694E+01	 0.13694E+01	 0.20277E-03	 0.20277E-03	 0.10161E-03	 0.10161E-03	 0.45723E+01	 0.10005E+04	 0.21891E+06	 0.54573E-12	 0.60400E-01	 0.14920E+00	 0.70000E-03	 0.23149E+01	 0.14763E+00
 0.10000E+00	 0.10000E-04	 0.67024E-04	 0.26735E+00	 0.18183E+00	 0.18183E+00	 0.17975E-01	 0.17975E-01	 0.22479E-01	 0.22479E-01	 0.45723E+01	 0.10005E+04	 0.21891E+06	 0.34353E-13	 0.60400E-01	 0.14920E+00	 0.70000E-03	 0.23149E+01	 0.14763E+00
 0.10000E+02	 0.10000E-04	 0.67024E-04	 0.26735E+00	 0.13630E+02	 0.13630E+02	 0.20183E-05	 0.20183E-05	 0.13483E-06	 0.13483E-06	 0.45723E+01	 0.10005E+04	 0.21891E+06	 0.25297E-10	 0.60400E-01	 0.14920E+00	 0.70000E-03	 0.23149E+01	 0.14763E+00
 0.10000E-01	 0.10000E-04	 0.67024E-04	 0.26735E+00	 0.11324E+00	 0.11324E+00	 0.37980E+00	 0.37980E+00	 0.29101E+01	 0.29101E+01	 0.45723E+01	 0.10005E+04	 0.21891E+06	 0.43076E-12	 0.60400E-01	 0.14920E+00	 0.70000E-03	 0.23149E+01	 0.14763E+00
 0.10000E+03	 0.10000E-04	 0.67024E-04	 0.26735E+00	 0.12649E+03	 0.12649E+03	 0.23012E-07	 0.23012E-07	 0.13544E-09	 0.13544E-09	 0.45723E+01	 0.10005E+04	 0.21891E+06	 0.22735E-08	 0.60400E-01	 0.14920E+00	 0.70000E-03	 0.23149E+01	 0.14763E+00
 0.10000E-02	 0.10000E-04	 0.67024E-04	 0.26735E+00	 0.85704E-01	 0.85703E-01	 0.22613E+01	 0.22613E+01	 0.12925E+03	 0.12925E+03	 0.45723E+01	 0.10005E+04	 0.21891E+06	 0.31915E-10	 0.60400E-01	 0.14920E+00	 0.70000E-03	 0.23149E+01	 0.14763E+00
 0.10000E-03	 0.10000E-04	 0.67024E-04	 0.26735E+00	 0.10595E+00	 0.10223E+00	 0.34672E+01	 0.34771E+01	 0.18781E+04	 0.18628E+04	 0.45723E+01	 0.10005E+04	 0.21891E+06	 0.30064E-08	 0.60400E-01	 0.14920E+00	 0.70000E-03	 0.23149E+01	 0.14763E+00
 0.10000E-04	 0.10000E-04	 0.67024E-04	 0.26735E+00	 0.74167E+00	 0.46404E+00	 0.34504E+01	 0.36518E+01	 0.21328E+05	 0.20239E+05	 0.45723E+01	 0.10005E+04	 0.21891E+06	 0.23127E-06	 0.60400E-01	 0.14920E+00	 0.70000E-03	 0.23149E+01	 0.14763E+00
 0.10000E-05	 0.10000E-04	 0.67024E-04	 0.26735E+00	 0.43293E+01	 0.11289E+01	 0.22324E+01	 0.90951E+00	 0.23706E+06	 0.20355E+06	 0.45723E+01	 0.10005E+04	 0.21891E+06	 0.88622E-04	 0.60400E-01	 0.14920E+00	 0.70000E-03	 0.23149E+01	 0.14763E+00
 0.30000E+01	 0.10000E-04	 0.67024E-04	 0.26735E+00	 0.40940E+01	 0.40940E+01	 0.22430E-04	 0.22430E-04	 0.47845E-05	 0.47845E-05	 0.45723E+01	 0.10005E+04	 0.21891E+06	 0.12417E-11	 0.60400E-01	 0.14920E+00	 0.70000E-03	 0.23149E+01	 0.14763E+00
 0.30000E+00	 0.10000E-04	 0.67024E-04	 0.26735E+00	 0.42610E+00	 0.42610E+00	 0.22194E-02	 0.22194E-02	 0.18483E-02	 0.18483E-02	 0.45723E+01	 0.10005E+04	 0.21891E+06	 0.24542E-13	 0.60400E-01	 0.14920E+00	 0.70000E-03	 0.23149E+01	 0.14763E+00
 0.30000E+02	 0.10000E-04	 0.67024E-04	 0.26735E+00	 0.40625E+02	 0.40625E+02	 0.22694E-06	 0.22694E-06	 0.50141E-08	 0.50141E-08	 0.45723E+01	 0.10005E+04	 0.21891E+06	 0.34950E-09	 0.60400E-01	 0.14920E+00	 0.70000E-03	 0.23149E+01	 0.14763E+00
 0.30000E-01	 0.10000E-04	 0.67024E-04	 0.26735E+00	 0.12812E+00	 0.12812E+00	 0.11415E+00	 0.11415E+00	 0.32235E+00	 0.32235E+00	 0.45723E+01	 0.10005E+04	 0.21891E+06	 0.14784E-12	 0.60400E-01	 0.14920E+00	 0.70000E-03	 0.23149E+01	 0.14763E+00
 0.30000E+03	 0.10000E-04	 0.67024E-04	 0.26735E+00	 0.24078E+03	 0.24078E+03	 0.40531E-08	 0.40531E-08	 0.50166E-11	 0.50166E-11	 0.45723E+01	 0.10005E+04	 0.21891E+06	 0.53804E-08	 0.60400E-01	 0.14920E+00	 0.70000E-03	 0.23149E+01	 0.14763E+00
 0.30000E-02	 0.10000E-04	 0.67024E-04	 0.26735E+00	 0.10281E+00	 0.10281E+00	 0.11311E+01	 0.11311E+01	 0.25388E+02	 0.25388E+02	 0.45723E+01	 0.10005E+04	 0.21891E+06	 0.47090E-11	 0.60400E-01	 0.14920E+00	 0.70000E-03	 0.23149E+01	 0.14763E+00
 0.30000E-03	 0.10000E-04	 0.67024E-04	 0.26735E+00	 0.72659E-01	 0.72540E-01	 0.31758E+01	 0.31758E+01	 0.55648E+03	 0.55599E+03	 0.45723E+01	 0.10005E+04	 0.21891E+06	 0.29716E-09	 0.60400E-01	 0.14920E+00	 0.70000E-03	 0.23149E+01	 0.14763E+00
 0.30000E-04	 0.10000E-04	 0.67024E-04	 0.26735E+00	 0.26659E+00	 0.21958E+00	 0.35502E+01	 0.36184E+01	 0.67620E+04	 0.65978E+04	 0.45723E+01	 0.10005E+04	 0.21891E+06	 0.28190E-07	 0.60400E-01	 0.14920E+00	 0.70000E-03	 0.23149E+01	 0.14763E+00
 0.30000E-05	 0.10000E-04	 0.67024E-04	 0.26735E+00	 0.22298E+01	 0.91510E+00	 0.30911E+01	 0.29776E+01	 0.75016E+05	 0.67804E+05	 0.45723E+01	 0.10005E+04	 0.21891E+06	 0.28038E-05	 0.60400E-01	 0.14920E+00	 0.70000E-03	 0.23149E+01	 0.14763E+00
 0.10000E+01	 0.30000E-01	 0.20107E+00	 0.26735E+00	 0.21449E-01	 0.21449E-01	 0.59220E-03	 0.59220E-03	 0.12324E-03	 0.12324E-03	 0.45723E+01	 0.10005E+04	 0.21891E+06	 0.87254E-13	 0.60400E-01	 0.14920E+00	 0.70000E-03	 0.23149E+01	 0.14763E+00
 0.10000E+00	 0.30000E-01	 0.20107E+00	 0.26735E+00	 0.14512E+00	 0.14512E+00	 0.26541E-01	 0.26541E-01	 0.25133E-01	 0.25133E-01	 0.45723E+01	 0.10005E+04	 0.21891E+06	 0.49762E-13	 0.60400E-01	 0.14920E+00	 0.70000E-03	 0.23149E+01	 0.14763E+00
 0.10000E+02	 0.30000E-01	 0.20107E+00	 0.26735E+00	 0.38516E-02	 0.38516E-02	 0.61725E-05	 0.61725E-05	 0.15769E-06	 0.15769E-06	 0.45723E+01	 0.10005E+04	 0.21891E+06	 0.11275E-10	 0.60400E-01	 0.14920E+00	 0.70000E-03	 0.23149E+01	 0.14763E+00
 0.10000E-01	 0.30000E-01	 0.20107E+00	 0.26735E+00	 0.29758E+00	 0.29758E+00	 0.31366E+00	 0.31366E+00	 0.19197E+01	 0.19197E+01	 0.45723E+01	 0.10005E+04	 0.21891E+06	 0.69983E-12	 0.60400E-01	 0.14920E+00	 0.70000E-03	 0.23149E+01	 0.14763E+00
 0.10000E+03	 0.30000E-01	 0.20107E+00	 0.26735E+00	 0.10302E-02	 0.10302E-02	 0.63006E-07	 0.63006E-07	 0.15844E-09	 0.15844E-09	 0.45723E+01	 0.10005E+04	 0.21891E+06	 0.95400E-10	 0.60400E-01	 0.14920E+00	 0.70000E-03	 0.23149E+01	 0.14763E+00
 0.10000E-02	 0.30000E-01	 0.20107E+00	 0.26735E+00	 0.16804E+00	 0.16804E+00	 0.18396E+01	 0.18396E+01	 0.91178E+02	 0.91178E+02	 0.45723E+01	 0.10005E+04	 0.21891E+06	 0.62891E-10	 0.60400E-01	 0.14920E+00	 0.70000E-03	 0.23149E+01	 0.14763E+00
 0.10000E-03	 0.30000E-01	 0.20107E+00	 0.26735E+00	 0.33664E-01	 0.33661E-01	 0.34657E+01	 0.34646E+01	 0.18373E+04	 0.18156E+04	 0.45723E+01	 0.10005E+04	 0.21891E+06	 0.46619E-08	 0.60400E-01	 0.14920E+00	 0.70000E-03	 0.23149E+01	 0.14763E+00
 0.10000E-04	 0.30000E-01	 0.20107E+00	 0.26735E+00	 0.42063E-02	 0.41125E-02	 0.41768E+01	 0.40587E+01	 0.26135E+05	 0.23361E+05	 0.45723E+01	 0.10005E+04	 0.21891E+06	 0.65097E-06	 0.60400E-01	 0.14920E+00	 0.70000E-03	 0.23149E+01	 0.14763E+00
 0.10000E-05	 0.30000E-01	 0.20107E+00	 0.26735E+00	 0.53103E-03	 0.42352E-03	 0.45520E+01	 0.40753E+01	 0.34404E+06	 0.24207E+06	 0.45723E+01	 0.10005E+04	 0.21891E+06	 0.68922E-04	 0.60400E-01	 0.14920E+00	 0.70000E-03	 0.23149E+01	 0.14763E+00
 0.30000E+01	 0.30000E-01	 0.20107E+00	 0.26735E+00	 0.82967E-02	 0.82967E-02	 0.66601E-04	 0.66601E-04	 0.56224E-05	 0.56224E-05	 0.45723E+01	 0.10005E+04	 0.21891E+06	 0.25463E-12	 0.60400E-01	 0.14920E+00	 0.70000E-03	 0.23149E+01	 0.14763E+00
 0.30000E+00	 0.30000E-01	 0.20107E+00	 0.26735E+00	 0.63465E-01	 0.63465E-01	 0.55778E-02	 0.55778E-02	 0.24346E-02	 0.24346E-02	 0.45723E+01	 0.10005E+04	 0.21891E+06	 0.56413E-13	 0.60400E-01	 0.14920E+00	 0.70000E-03	 0.23149E+01	 0.14763E+00
 0.30000E+02	 0.30000E-01	 0.20107E+00	 0.26735E+00	 0.21768E-02	 0.21768E-02	 0.70350E-06	 0.70350E-06	 0.58640E-08	 0.58640E-08	 0.45723E+01	 0.10005E+04	 0.21891E+06	 0.41384E-11	 0.60400E-01	 0.14920E+00	 0.70000E-03	 0.23149E+01	 0.14763E+00
 0.30000E-01	 0.30000E-01	 0.20107E+00	 0.26735E+00	 0.28479E+00	 0.28479E+00	 0.10994E+00	 0.10994E+00	 0.24676E+00	 0.24676E+00	 0.45723E+01	 0.10005E+04	 0.21891E+06	 0.17439E-12	 0.60400E-01	 0.14920E+00	 0.70000E-03	 0.23149E+01	 0.14763E+00
 0.30000E+03	 0.30000E-01	 0.20107E+00	 0.26735E+00	 0.39975E-03	 0.39975E-03	 0.69675E-08	 0.69675E-08	 0.58690E-11	 0.58690E-11	 0.45723E+01	 0.10005E+04	 0.21891E+06	 0.25741E-09	 0.60400E-01	 0.14920E+00	 0.70000E-03	 0.23149E+01	 0.14763E+00
 0.30000E-02	 0.30000E-01	 0.20107E+00	 0.26735E+00	 0.23121E+00	 0.23121E+00	 0.84372E+00	 0.84372E+00	 0.16260E+02	 0.16260E+02	 0.45723E+01	 0.10005E+04	 0.21891E+06	 0.54968E-11	 0.60400E-01	 0.14920E+00	 0.70000E-03	 0.23149E+01	 0.14763E+00
 0.30000E-03	 0.30000E-01	 0.20107E+00	 0.26735E+00	 0.80870E-01	 0.80869E-01	 0.28870E+01	 0.28870E+01	 0.46708E+03	 0.46662E+03	 0.45723E+01	 0.10005E+04	 0.21891E+06	 0.63520E-09	 0.60400E-01	 0.14920E+00	 0.70000E-03	 0.23149E+01	 0.14763E+00
 0.30000E-04	 0.30000E-01	 0.20107E+00	 0.26735E+00	 0.11614E-01	 0.11590E-01	 0.38729E+01	 0.38582E+01	 0.75681E+04	 0.72131E+04	 0.45723E+01	 0.10005E+04	 0.21891E+06	 0.50991E-07	 0.60400E-01	 0.14920E+00	 0.70000E-03	 0.23149E+01	 0.14763E+00
 0.30000E-05	 0.30000E-01	 0.20107E+00	 0.26735E+00	 0.13703E-02	 0.12608E-02	 0.44436E+01	 0.40970E+01	 0.99946E+05	 0.80000E+05	 0.45723E+01	 0.10005E+04	 0.21891E+06	 0.70282E-05	 0.60400E-01	 0.14920E+00	 0.70000E-03	 0.23149E+01	 0.14763E+00
 0.10000E+01	 0.30000E-02	 0.20107E-01	 0.26735E+00	 0.81763E+00	 0.81763E+00	 0.37053E-03	 0.37053E-03	 0.10178E-03	 0.10178E-03	 0.45723E+01	 0.10005E+04	 0.21891E+06	 0.26904E-12	 0.60400E-01	 0.14920E+00	 0.70000E-03	 0.23149E+01	 0.14763E+00
 0.10000E+00	 0.30000E-02	 0.20107E-01	 0.26735E+00	 0.18424E+00	 0.18424E+00	 0.18377E-01	 0.18377E-01	 0.22527E-01	 0.22527E-01	 0.45723E+01	 0.10005E+04	 0.21891E+06	 0.41355E-13	 0.60400E-01	 0.14920E+00	 0.70000E-03	 0.23149E+01	 0.14763E+00
 0.10000E+02	 0.30000E-02	 0.20107E-01	 0.26735E+00	 0.20478E+00	 0.20478E+00	 0.59791E-05	 0.59791E-05	 0.13505E-06	 0.13505E-06	 0.45723E+01	 0.10005E+04	 0.21891E+06	 0.50553E-12	 0.60400E-01	 0.14920E+00	 0.70000E-03	 0.23149E+01	 0.14763E+00
 0.10000E-01	 0.30000E-02	 0.20107E-01	 0.26735E+00	 0.11373E+00	 0.11373E+00	 0.37743E+00	 0.37743E+00	 0.28873E+01	 0.28873E+01	 0.45723E+01	 0.10005E+04	 0.21891E+06	 0.57194E-12	 0.60400E-01	 0.14920E+00	 0.70000E-03	 0.23149E+01	 0.14763E+00
 0.10000E+03	 0.30000E-02	 0.20107E-01	 0.26735E+00	 0.37620E-01	 0.37620E-01	 0.61703E-07	 0.61703E-07	 0.13567E-09	 0.13567E-09	 0.45723E+01	 0.10005E+04	 0.21891E+06	 0.66140E-11	 0.60400E-01	 0.14920E+00	 0.70000E-03	 0.23149E+01	 0.14763E+00
 0.10000E-02	 0.30000E-02	 0.20107E-01	 0.26735E+00	 0.72407E-01	 0.72406E-01	 0.19809E+01	 0.19809E+01	 0.12232E+03	 0.12232E+03	 0.45723E+01	 0.10005E+04	 0.21891E+06	 0.57709E-10	 0.60400E-01	 0.14920E+00	 0.70000E-03	 0.23149E+01	 0.14763E+00
 0.10000E-03	 0.30000E-02	 0.20107E-01	 0.26735E+00	 0.18405E-01	 0.18031E-01	 0.25988E+01	 0.25965E+01	 0.18575E+04	 0.18388E+04	 0.45723E+01	 0.10005E+04	 0.21891E+06	 0.59579E-08	 0.60400E-01	 0.14920E+00	 0.70000E-03	 0.23149E+01	 0.14763E+00
 0.10000E-04	 0.30000E-02	 0.20107E-01	 0.26735E+00	 0.35659E-02	 0.24380E-02	 0.27976E+01	 0.28320E+01	 0.21889E+05	 0.20364E+05	 0.45723E+01	 0.10005E+04	 0.21891E+06	 0.77812E-06	 0.60400E-01	 0.14920E+00	 0.70000E-03	 0.23149E+01	 0.14763E+00
 0.10000E-05	 0.30000E-02	 0.20107E-01	 0.26735E+00	 0.67530E-03	 0.25066E-03	 0.30231E+01	 0.28503E+01	 0.24424E+06	 0.20486E+06	 0.45723E+01	 0.10005E+04	 0.21891E+06	 0.18045E-03	 0.60400E-01	 0.14920E+00	 0.70000E-03	 0.23149E+01	 0.14763E+00
 0.30000E+01	 0.30000E-02	 0.20107E-01	 0.26735E+00	 0.57258E+00	 0.57258E+00	 0.60984E-04	 0.60984E-04	 0.47924E-05	 0.47924E-05	 0.45723E+01	 0.10005E+04	 0.21891E+06	 0.10972E-12	 0.60400E-01	 0.14920E+00	 0.70000E-03	 0.23149E+01	 0.14763E+00
 0.30000E+00	 0.30000E-02	 0.20107E-01	 0.26735E+00	 0.40996E+00	 0.40996E+00	 0.25161E-02	 0.25161E-02	 0.18531E-02	 0.18531E-02	 0.45723E+01	 0.10005E+04	 0.21891E+06	 0.25684E-13	 0.60400E-01	 0.14920E+00	 0.70000E-03	 0.23149E+01	 0.14763E+00
 0.30000E+02	 0.30000E-02	 0.20107E-01	 0.26735E+00	 0.79947E-01	 0.79947E-01	 0.66710E-06	 0.66710E-06	 0.50225E-08	 0.50225E-08	 0.45723E+01	 0.10005E+04	 0.21891E+06	 0.31471E-11	 0.60400E-01	 0.14920E+00	 0.70000E-03	 0.23149E+01	 0.14763E+00
 0.30000E-01	 0.30000E-02	 0.20107E-01	 0.26735E+00	 0.12914E+00	 0.12914E+00	 0.11387E+00	 0.11387E+00	 0.32077E+00	 0.32077E+00	 0.45723E+01	 0.10005E+04	 0.21891E+06	 0.12527E-12	 0.60400E-01	 0.14920E+00	 0.70000E-03	 0.23149E+01	 0.14763E+00
 0.30000E+03	 0.30000E-02	 0.20107E-01	 0.26735E+00	 0.21503E-01	 0.21503E-01	 0.70342E-08	 0.70342E-08	 0.50251E-11	 0.50251E-11	 0.45723E+01	 0.10005E+04	 0.21891E+06	 0.77069E-10	 0.60400E-01	 0.14920E+00	 0.70000E-03	 0.23149E+01	 0.14763E+00
 0.30000E-02	 0.30000E-02	 0.20107E-01	 0.26735E+00	 0.99300E-01	 0.99300E-01	 0.10856E+01	 0.10856E+01	 0.24767E+02	 0.24767E+02	 0.45723E+01	 0.10005E+04	 0.21891E+06	 0.60177E-11	 0.60400E-01	 0.14920E+00	 0.70000E-03	 0.23149E+01	 0.14763E+00
 0.30000E-03	 0.30000E-02	 0.20107E-01	 0.26735E+00	 0.38796E-01	 0.38753E-01	 0.24579E+01	 0.24578E+01	 0.53216E+03	 0.53164E+03	 0.45723E+01	 0.10005E+04	 0.21891E+06	 0.51838E-09	 0.60400E-01	 0.14920E+00	 0.70000E-03	 0.23149E+01	 0.14763E+00
 0.30000E-04	 0.30000E-02	 0.20107E-01	 0.26735E+00	 0.75350E-02	 0.66778E-02	 0.27604E+01	 0.27552E+01	 0.68448E+04	 0.66153E+04	 0.45723E+01	 0.10005E+04	 0.21891E+06	 0.90572E-07	 0.60400E-01	 0.14920E+00	 0.70000E-03	 0.23149E+01	 0.14763E+00
 0.30000E-05	 0.30000E-02	 0.20107E-01	 0.26735E+00	 0.15545E-02	 0.74982E-03	 0.27846E+01	 0.28487E+01	 0.77239E+05	 0.68248E+05	 0.45723E+01	 0.10005E+04	 0.21891E+06	 0.17043E-04	 0.60400E-01	 0.14920E+00	 0.70000E-03	 0.23149E+01	 0.14763E+00
 0.10000E+01	 0.30000E-03	 0.20107E-02	 0.26735E+00	 0.13597E+01	 0.13597E+01	 0.20556E-03	 0.20556E-03	 0.10161E-03	 0.10161E-03	 0.45723E+01	 0.10005E+04	 0.21891E+06	 0.26994E-12	 0.60400E-01	 0.14920E+00	 0.70000E-03	 0.23149E+01	 0.14763E+00
 0.10000E+00	 0.30000E-03	 0.20107E-02	 0.26735E+00	 0.18185E+00	 0.18185E+00	 0.17979E-01	 0.17979E-01	 0.22479E-01	 0.22479E-01	 0.45723E+01	 0.10005E+04	 0.21891E+06	 0.42752E-13	 0.60400E-01	 0.14920E+00	 0.70000E-03	 0.23149E+01	 0.14763E+00
 0.10000E+02	 0.30000E-03	 0.20107E-02	 0.26735E+00	 0.80274E+01	 0.80274E+01	 0.36486E-05	 0.36486E-05	 0.13483E-06	 0.13483E-06	 0.45723E+01	 0.10005E+04	 0.21891E+06	 0.57321E-11	 0.60400E-01	 0.14920E+00	 0.70000E-03	 0.23149E+01	 0.14763E+00
 0.10000E-01	 0.30000E-03	 0.20107E-02	 0.26735E+00	 0.11324E+00	 0.11324E+00	 0.37978E+00	 0.37978E+00	 0.29099E+01	 0.29099E+01	 0.45723E+01	 0.10005E+04	 0.21891E+06	 0.42021E-12	 0.60400E-01	 0.14920E+00	 0.70000E-03	 0.23149E+01	 0.14763E+00
 0.10000E+03	 0.30000E-03	 0.20107E-02	 0.26735E+00	 0.20461E+01	 0.20461E+01	 0.59769E-07	 0.59769E-07	 0.13545E-09	 0.13545E-09	 0.45723E+01	 0.10005E+04	 0.21891E+06	 0.21549E-10	 0.60400E-01	 0.14920E+00	 0.70000E-03	 0.23149E+01	 0.14763E+00
 0.10000E-02	 0.30000E-03	 0.20107E-02	 0.26735E+00	 0.85465E-01	 0.85464E-01	 0.22571E+01	 0.22571E+01	 0.12914E+03	 0.12913E+03	 0.45723E+01	 0.10005E+04	 0.21891E+06	 0.23212E-10	 0.60400E-01	 0.14920E+00	 0.70000E-03	 0.23149E+01	 0.14763E+00
 0.10000E-03	 0.30000E-03	 0.20107E-02	 0.26735E+00	 0.95429E-01	 0.92250E-01	 0.33449E+01	 0.33546E+01	 0.18691E+04	 0.18535E+04	 0.45723E+01	 0.10005E+04	 0.21891E+06	 0.34477E-08	 0.60400E-01	 0.14920E+00	 0.70000E-03	 0.23149E+01	 0.14763E+00
 0.10000E-04	 0.30000E-03	 0.20107E-02	 0.26735E+00	 0.10674E+00	 0.78225E-01	 0.27605E+01	 0.27762E+01	 0.21291E+05	 0.20163E+05	 0.45723E+01	 0.10005E+04	 0.21891E+06	 0.40361E-06	 0.60400E-01	 0.14920E+00	 0.70000E-03	 0.23149E+01	 0.14763E+00
 0.10000E-05	 0.30000E-03	 0.20107E-02	 0.26735E+00	 0.34096E-01	 0.95120E-02	 0.22711E+01	 0.27098E+01	 0.23686E+06	 0.20280E+06	 0.45723E+01	 0.10005E+04	 0.21891E+06	 0.73836E-03	 0.60400E-01	 0.14920E+00	 0.70000E-03	 0.23149E+01	 0.14763E+00
 0.30000E+01	 0.30000E-03	 0.20107E-02	 0.26735E+00	 0.38501E+01	 0.38501E+01	 0.25046E-04	 0.25046E-04	 0.47845E-05	 0.47845E-05	 0.45723E+01	 0.10005E+04	 0.21891E+06	 0.24071E-11	 0.60400E-01	 0.14920E+00	 0.70000E-03	 0.23149E+01	 0.14763E+00
 0.30000E+00	 0.30000E-03	 0.20107E-02	 0.26735E+00	 0.42588E+00	 0.42588E+00	 0.22225E-02	 0.22225E-02	 0.18484E-02	 0.18484E-02	 0.45723E+01	 0.10005E+04	 0.21891E+06	 0.24628E-13	 0.60400E-01	 0.14920E+00	 0.70000E-03	 0.23149E+01	 0.14763E+00
 0.30000E+02	 0.30000E-03	 0.20107E-02	 0.26735E+00	 0.57014E+01	 0.57014E+01	 0.60761E-06	 0.60761E-06	 0.50142E-08	 0.50142E-08	 0.45723E+01	 0.10005E+04	 0.21891E+06	 0.13899E-10	 0.60400E-01	 0.14920E+00	 0.70000E-03	 0.23149E+01	 0.14763E+00
 0.30000E-01	 0.30000E-03	 0.20107E-02	 0.26735E+00	 0.12813E+00	 0.12813E+00	 0.11415E+00	 0.11415E+00	 0.32234E+00	 0.32234E+00	 0.45723E+01	 0.10005E+04	 0.21891E+06	 0.16566E-12	 0.60400E-01	 0.14920E+00	 0.70000E-03	 0.23149E+01	 0.14763E+00
 0.30000E+03	 0.30000E-03	 0.20107E-02	 0.26735E+00	 0.79914E+00	 0.79914E+00	 0.66708E-08	 0.66708E-08	 0.50167E-11	 0.50167E-11	 0.45723E+01	 0.10005E+04	 0.21891E+06	 0.14001E-09	 0.60400E-01	 0.14920E+00	 0.70000E-03	 0.23149E+01	 0.14763E+00
 0.30000E-02	 0.30000E-03	 0.20107E-02	 0.26735E+00	 0.10276E+00	 0.10276E+00	 0.11306E+01	 0.11306E+01	 0.25381E+02	 0.25381E+02	 0.45723E+01	 0.10005E+04	 0.21891E+06	 0.49447E-11	 0.60400E-01	 0.14920E+00	 0.70000E-03	 0.23149E+01	 0.14763E+00
 0.30000E-03	 0.30000E-03	 0.20107E-02	 0.26735E+00	 0.71494E-01	 0.71380E-01	 0.31538E+01	 0.31538E+01	 0.55515E+03	 0.55466E+03	 0.45723E+01	 0.10005E+04	 0.21891E+06	 0.31164E-09	 0.60400E-01	 0.14920E+00	 0.70000E-03	 0.23149E+01	 0.14763E+00
 0.30000E-04	 0.30000E-03	 0.20107E-02	 0.26735E+00	 0.14237E+00	 0.12192E+00	 0.30496E+01	 0.30900E+01	 0.67377E+04	 0.65664E+04	 0.45723E+01	 0.10005E+04	 0.21891E+06	 0.33612E-07	 0.60400E-01	 0.14920E+00	 0.70000E-03	 0.23149E+01	 0.14763E+00
 0.30000E-05	 0.30000E-03	 0.20107E-02	 0.26735E+00	 0.58469E-01	 0.27858E-01	 0.26010E+01	 0.27121E+01	 0.74943E+05	 0.67562E+05	 0.45723E+01	 0.10005E+04	 0.21891E+06	 0.36234E-04	 0.60400E-01	 0.14920E+00	 0.70000E-03	 0.23149E+01	 0.14763E+00
 0.10000E+01	 0.30000E-04	 0.20107E-03	 0.26735E+00	 0.13693E+01	 0.13693E+01	 0.20279E-03	 0.20279E-03	 0.10161E-03	 0.10161E-03	 0.45723E+01	 0.10005E+04	 0.21891E+06	 0.28024E-12	 0.60400E-01	 0.14920E+00	 0.70000E-03	 0.23149E+01	 0.14763E+00
 0.10000E+00	 0.30000E-04	 0.20107E-03	 0.26735E+00	 0.18183E+00	 0.18183E+00	 0.17976E-01	 0.17976E-01	 0.22479E-01	 0.22479E-01	 0.45723E+01	 0.10005E+04	 0.21891E+06	 0.34465E-13	 0.60400E-01	 0.14920E+00	 0.70000E-03	 0.23149E+01	 0.14763E+00
 0.10000E+02	 0.30000E-04	 0.20107E-03	 0.26735E+00	 0.13542E+02	 0.13542E+02	 0.20428E-05	 0.20428E-05	 0.13483E-06	 0.13483E-06	 0.45723E+01	 0.10005E+04	 0.21891E+06	 0.24609E-10	 0.60400E-01	 0.14920E+00	 0.70000E-03	 0.23149E+01	 0.14763E+00
 0.10000E-01	 0.30000E-04	 0.20107E-03	 0.26735E+00	 0.11324E+00	 0.11324E+00	 0.37980E+00	 0.37980E+00	 0.29101E+01	 0.29101E+01	 0.45723E+01	 0.10005E+04	 0.21891E+06	 0.41799E-12	 0.60400E-01	 0.14920E+00	 0.70000E-03	 0.23149E+01	 0.14763E+00
 0.10000E+03	 0.30000E-04	 0.20107E-03	 0.26735E+00	 0.80259E+02	 0.80259E+02	 0.36478E-07	 0.36478E-07	 0.13544E-09	 0.13544E-09	 0.45723E+01	 0.10005E+04	 0.21891E+06	 0.14590E-08	 0.60400E-01	 0.14920E+00	 0.70000E-03	 0.23149E+01	 0.14763E+00
 0.10000E-02	 0.30000E-04	 0.20107E-03	 0.26735E+00	 0.85701E-01	 0.85700E-01	 0.22613E+01	 0.22613E+01	 0.12925E+03	 0.12925E+03	 0.45723E+01	 0.10005E+04	 0.21891E+06	 0.28324E-10	 0.60400E-01	 0.14920E+00	 0.70000E-03	 0.23149E+01	 0.14763E+00
 0.10000E-03	 0.30000E-04	 0.20107E-03	 0.26735E+00	 0.10567E+00	 0.10196E+00	 0.34648E+01	 0.34747E+01	 0.18779E+04	 0.18627E+04	 0.45723E+01	 0.10005E+04	 0.21891E+06	 0.29089E-08	 0.60400E-01	 0.14920E+00	 0.70000E-03	 0.23149E+01	 0.14763E+00
 0.10000E-04	 0.30000E-04	 0.20107E-03	 0.26735E+00	 0.68406E+00	 0.43321E+00	 0.33485E+01	 0.35315E+01	 0.21320E+05	 0.20229E+05	 0.45723E+01	 0.10005E+04	 0.21891E+06	 0.33582E-06	 0.60400E-01	 0.14920E+00	 0.70000E-03	 0.23149E+01	 0.14763E+00
 0.10000E-05	 0.30000E-04	 0.20107E-03	 0.26735E+00	 0.12640E+01	 0.44904E+00	 0.22210E+01	 0.19705E+01	 0.23702E+06	 0.20347E+06	 0.45723E+01	 0.10005E+04	 0.21891E+06	 0.60126E-03	 0.60400E-01	 0.14920E+00	 0.70000E-03	 0.23149E+01	 0.14763E+00
 0.30000E+01	 0.30000E-04	 0.20107E-03	 0.26735E+00	 0.40913E+01	 0.40913E+01	 0.22454E-04	 0.22454E-04	 0.47845E-05	 0.47845E-05	 0.45723E+01	 0.10005E+04	 0.21891E+06	 0.10080E-11	 0.60400E-01	 0.14920E+00	 0.70000E-03	 0.23149E+01	 0.14763E+00
 0.30000E+00	 0.30000E-04	 0.20107E-03	 0.26735E+00	 0.42609E+00	 0.42609E+00	 0.22194E-02	 0.22194E-02	 0.18483E-02	 0.18483E-02	 0.45723E+01	 0.10005E+04	 0.21891E+06	 0.25006E-13	 0.60400E-01	 0.14920E+00	 0.70000E-03	 0.23149E+01	 0.14763E+00
 0.30000E+02	 0.30000E-04	 0.20107E-03	 0.26735E+00	 0.38476E+02	 0.38476E+02	 0.25001E-06	 0.25001E-06	 0.50141E-08	 0.50141E-08	 0.45723E+01	 0.10005E+04	 0.21891E+06	 0.77223E-10	 0.60400E-01	 0.14920E+00	 0.70000E-03	 0.23149E+01	 0.14763E+00
 0.30000E-01	 0.30000E-04	 0.20107E-03	 0.26735E+00	 0.12812E+00	 0.12812E+00	 0.11415E+00	 0.11415E+00	 0.32235E+00	 0.32235E+00	 0.45723E+01	 0.10005E+04	 0.21891E+06	 0.15518E-12	 0.60400E-01	 0.14920E+00	 0.70000E-03	 0.23149E+01	 0.14763E+00
 0.30000E+03	 0.30000E-04	 0.20107E-03	 0.26735E+00	 0.57012E+02	 0.57012E+02	 0.60759E-08	 0.60759E-08	 0.50166E-11	 0.50166E-11	 0.45723E+01	 0.10005E+04	 0.21891E+06	 0.14067E-08	 0.60400E-01	 0.14920E+00	 0.70000E-03	 0.23149E+01	 0.14763E+00
 0.30000E-02	 0.30000E-04	 0.20107E-03	 0.26735E+00	 0.10281E+00	 0.10281E+00	 0.11311E+01	 0.11311E+01	 0.25388E+02	 0.25388E+02	 0.45723E+01	 0.10005E+04	 0.21891E+06	 0.32216E-11	 0.60400E-01	 0.14920E+00	 0.70000E-03	 0.23149E+01	 0.14763E+00
 0.30000E-03	 0.30000E-04	 0.20107E-03	 0.26735E+00	 0.72630E-01	 0.72511E-01	 0.31755E+01	 0.31755E+01	 0.55646E+03	 0.55597E+03	 0.45723E+01	 0.10005E+04	 0.21891E+06	 0.31239E-09	 0.60400E-01	 0.14920E+00	 0.70000E-03	 0.23149E+01	 0.14763E+00
 0.30000E-04	 0.30000E-04	 0.20107E-03	 0.26735E+00	 0.26321E+00	 0.21702E+00	 0.35311E+01	 0.35990E+01	 0.67603E+04	 0.65958E+04	 0.45723E+01	 0.10005E+04	 0.21891E+06	 0.23069E-07	 0.60400E-01	 0.14920E+00	 0.70000E-03	 0.23149E+01	 0.14763E+00
 0.30000E-05	 0.30000E-04	 0.20107E-03	 0.26735E+00	 0.13877E+01	 0.64309E+00	 0.28129E+01	 0.28528E+01	 0.74998E+05	 0.67778E+05	 0.45723E+01	 0.10005E+04	 0.21891E+06	 0.47662E-05	 0.60400E-01	 0.14920E+00	 0.70000E-03	 0.23149E+01	 0.14763E+00
