 ##################################################
 #WARNING: these are left-handed Boozer coordinates
 #(similar, but not equal, to PEST)
 ##################################################
  0.643000000000000     
          65
          65
          10
  3.46714E+00  3.50966E+00  3.57028E+00  3.64766E+00  3.74299E+00  3.86014E+00  4.00510E+00  4.18490E+00  4.40594E+00  4.67213E+00  4.98302E+00  5.33260E+00  5.70882E+00  6.09430E+00  6.46800E+00  6.80793E+00  7.09413E+00  7.31162E+00  7.45265E+00  7.51779E+00  7.51559E+00  7.46103E+00  7.37277E+00  7.27010E+00  7.16993E+00  7.08455E+00  7.02047E+00  6.97857E+00  6.95533E+00  6.94472E+00  6.94045E+00  6.93772E+00  6.93438E+00  6.93111E+00  6.93078E+00  6.93709E+00  6.95309E+00  6.97975E+00  7.01512E+00  7.05412E+00  7.08905E+00  7.11068E+00  7.10954E+00  7.07730E+00  7.00783E+00  6.89785E+00  6.74705E+00  6.55794E+00  6.33519E+00  6.08507E+00  5.81473E+00  5.53175E+00  5.24373E+00  4.95815E+00  4.68214E+00  4.42250E+00  4.18543E+00  3.97639E+00  3.79974E+00  3.65845E+00  3.55381E+00  3.48528E+00  3.45057E+00  3.44600E+00  3.46714E+00
  3.53826E+00  3.62178E+00  3.72625E+00  3.85411E+00  4.00888E+00  4.19457E+00  4.41485E+00  4.67187E+00  4.96507E+00  5.29003E+00  5.63784E+00  5.99508E+00  6.34473E+00  6.66790E+00  6.94628E+00  7.16485E+00  7.31433E+00  7.39285E+00  7.40640E+00  7.36786E+00  7.29482E+00  7.20651E+00  7.12048E+00  7.04989E+00  7.00170E+00  6.97642E+00  6.96919E+00  6.97190E+00  6.97584E+00  6.97417E+00  6.96352E+00  6.94454E+00  6.92122E+00  6.89926E+00  6.88404E+00  6.87870E+00  6.88283E+00  6.89215E+00  6.89907E+00  6.89412E+00  6.86765E+00  6.81152E+00  6.72037E+00  6.59215E+00  6.42810E+00  6.23209E+00  6.00973E+00  5.76754E+00  5.51217E+00  5.25010E+00  4.98747E+00  4.73016E+00  4.48386E+00  4.25404E+00  4.04579E+00  3.86351E+00  3.71056E+00  3.58899E+00  3.49940E+00  3.44099E+00  3.41189E+00  3.40953E+00  3.43123E+00  3.47464E+00  3.53826E+00
  3.66574E+00  3.79650E+00  3.95493E+00  4.14403E+00  4.36563E+00  4.61968E+00  4.90362E+00  5.21200E+00  5.53630E+00  5.86519E+00  6.18511E+00  6.48138E+00  6.73970E+00  6.94793E+00  7.09791E+00  7.18689E+00  7.21828E+00  7.20142E+00  7.15032E+00  7.08138E+00  7.01074E+00  6.95152E+00  6.91175E+00  6.89334E+00  6.89244E+00  6.90102E+00  6.90934E+00  6.90859E+00  6.89320E+00  6.86208E+00  6.81861E+00  6.76932E+00  6.72182E+00  6.68227E+00  6.65345E+00  6.63356E+00  6.61637E+00  6.59239E+00  6.55095E+00  6.48242E+00  6.38018E+00  6.24180E+00  6.06916E+00  5.86775E+00  5.64528E+00  5.41011E+00  5.16991E+00  4.93090E+00  4.69764E+00  4.47347E+00  4.26110E+00  4.06328E+00  3.88312E+00  3.72411E+00  3.58965E+00  3.48252E+00  3.40429E+00  3.35500E+00  3.33327E+00  3.33671E+00  3.36265E+00  3.40886E+00  3.47429E+00  3.55930E+00  3.66574E+00
  3.86913E+00  4.05466E+00  4.27044E+00  4.51633E+00  4.78939E+00  5.08359E+00  5.39000E+00  5.69738E+00  5.99309E+00  6.26434E+00  6.49948E+00  6.68931E+00  6.82827E+00  6.91517E+00  6.95359E+00  6.95148E+00  6.92019E+00  6.87286E+00  6.82242E+00  6.77953E+00  6.75095E+00  6.73853E+00  6.73927E+00  6.74632E+00  6.75090E+00  6.74453E+00  6.72117E+00  6.67874E+00  6.61951E+00  6.54944E+00  6.47643E+00  6.40806E+00  6.34941E+00  6.30137E+00  6.26016E+00  6.21794E+00  6.16449E+00  6.08951E+00  5.98492E+00  5.84665E+00  5.67543E+00  5.47649E+00  5.25830E+00  5.03077E+00  4.80335E+00  4.58354E+00  4.37619E+00  4.18354E+00  4.00600E+00  3.84321E+00  3.69515E+00  3.56277E+00  3.44816E+00  3.35416E+00  3.28360E+00  3.23855E+00  3.21974E+00  3.22644E+00  3.25678E+00  3.30850E+00  3.37979E+00  3.46996E+00  3.57990E+00  3.71191E+00  3.86913E+00
  4.14869E+00  4.38126E+00  4.63731E+00  4.91176E+00  5.19665E+00  5.48168E+00  5.75514E+00  6.00516E+00  6.22111E+00  6.39492E+00  6.52211E+00  6.60243E+00  6.63997E+00  6.64267E+00  6.62114E+00  6.58721E+00  6.55201E+00  6.52429E+00  6.50899E+00  6.50653E+00  6.51300E+00  6.52121E+00  6.52239E+00  6.50837E+00  6.47351E+00  6.41612E+00  6.33888E+00  6.24827E+00  6.15289E+00  6.06134E+00  5.97994E+00  5.91101E+00  5.85212E+00  5.79645E+00  5.73431E+00  5.65531E+00  5.55079E+00  5.41584E+00  5.25033E+00  5.05901E+00  4.85034E+00  4.63476E+00  4.42253E+00  4.22197E+00  4.03829E+00  3.87340E+00  3.72649E+00  3.59528E+00  3.47740E+00  3.37154E+00  3.27808E+00  3.19909E+00  3.13774E+00  3.09737E+00  3.08060E+00  3.08867E+00  3.12135E+00  3.17720E+00  3.25434E+00  3.35119E+00  3.46719E+00  3.60304E+00  3.76051E+00  3.94183E+00  4.14869E+00
  4.45597E+00  4.70674E+00  4.96598E+00  5.22483E+00  5.47307E+00  5.70022E+00  5.89690E+00  6.05598E+00  6.17354E+00  6.24945E+00  6.28736E+00  6.29434E+00  6.27988E+00  6.25456E+00  6.22840E+00  6.20933E+00  6.20173E+00  6.20577E+00  6.21730E+00  6.22879E+00  6.23093E+00  6.21470E+00  6.17358E+00  6.10511E+00  6.01174E+00  5.90041E+00  5.78107E+00  5.66440E+00  5.55921E+00  5.47024E+00  5.39693E+00  5.33340E+00  5.26978E+00  5.19453E+00  5.09725E+00  4.97120E+00  4.81492E+00  4.63260E+00  4.43316E+00  4.22824E+00  4.02963E+00  3.84694E+00  3.68596E+00  3.54810E+00  3.43099E+00  3.33001E+00  3.24014E+00  3.15777E+00  3.08186E+00  3.01420E+00  2.95887E+00  2.92099E+00  2.90541E+00  2.91541E+00  2.95215E+00  3.01465E+00  3.10047E+00  3.20668E+00  3.33093E+00  3.47205E+00  3.63032E+00  3.80698E+00  4.00345E+00  4.22024E+00  4.45597E+00
  4.69935E+00  4.92810E+00  5.14892E+00  5.35248E+00  5.53015E+00  5.67530E+00  5.78433E+00  5.85716E+00  5.89719E+00  5.91072E+00  5.90595E+00  5.89180E+00  5.87653E+00  5.86649E+00  5.86512E+00  5.87232E+00  5.88442E+00  5.89473E+00  5.89479E+00  5.87596E+00  5.83140E+00  5.75763E+00  5.65568E+00  5.53123E+00  5.39370E+00  5.25442E+00  5.12419E+00  5.01077E+00  4.91706E+00  4.84020E+00  4.77221E+00  4.70177E+00  4.61699E+00  4.50835E+00  4.37113E+00  4.20671E+00  4.02239E+00  3.82978E+00  3.64215E+00  3.47147E+00  3.32588E+00  3.20829E+00  3.11628E+00  3.04349E+00  2.98187E+00  2.92426E+00  2.86657E+00  2.80890E+00  2.75554E+00  2.71374E+00  2.69176E+00  2.69673E+00  2.73301E+00  2.80137E+00  2.89916E+00  3.02140E+00  3.16236E+00  3.31707E+00  3.48242E+00  3.65749E+00  3.84302E+00  4.04039E+00  4.25022E+00  4.47119E+00  4.69935E+00
  4.78570E+00  4.96110E+00  5.11901E+00  5.25284E+00  5.35813E+00  5.43345E+00  5.48079E+00  5.50512E+00  5.51345E+00  5.51350E+00  5.51227E+00  5.51479E+00  5.52320E+00  5.53644E+00  5.55038E+00  5.55856E+00  5.55331E+00  5.52714E+00  5.47429E+00  5.39193E+00  5.28106E+00  5.14663E+00  4.99703E+00  4.84266E+00  4.69410E+00  4.55998E+00  4.44518E+00  4.34972E+00  4.26868E+00  4.19326E+00  4.11282E+00  4.01743E+00  3.90039E+00  3.76000E+00  3.60025E+00  3.43004E+00  3.26123E+00  3.10598E+00  2.97394E+00  2.87013E+00  2.79402E+00  2.74004E+00  2.69944E+00  2.66286E+00  2.62315E+00  2.57742E+00  2.52807E+00  2.48225E+00  2.45022E+00  2.44285E+00  2.46898E+00  2.53346E+00  2.63618E+00  2.77231E+00  2.93380E+00  3.11130E+00  3.29635E+00  3.48292E+00  3.66811E+00  3.85189E+00  4.03591E+00  4.22203E+00  4.41070E+00  4.60008E+00  4.78570E+00
  4.67606E+00  4.79403E+00  4.89589E+00  4.97879E+00  5.04206E+00  5.08749E+00  5.11899E+00  5.14167E+00  5.16065E+00  5.17977E+00  5.20056E+00  5.22167E+00  5.23896E+00  5.24610E+00  5.23573E+00  5.20087E+00  5.13643E+00  5.04037E+00  4.91444E+00  4.76421E+00  4.59842E+00  4.42763E+00  4.26245E+00  4.11164E+00  3.98055E+00  3.87008E+00  3.77663E+00  3.69295E+00  3.60981E+00  3.51827E+00  3.41179E+00  3.28797E+00  3.14925E+00  3.00256E+00  2.85776E+00  2.72541E+00  2.61424E+00  2.52913E+00  2.46993E+00  2.43160E+00  2.40561E+00  2.38225E+00  2.35331E+00  2.31451E+00  2.26689E+00  2.21696E+00  2.17552E+00  2.15532E+00  2.16828E+00  2.22288E+00  2.32231E+00  2.46384E+00  2.63952E+00  2.83792E+00  3.04652E+00  3.25406E+00  3.45237E+00  3.63726E+00  3.80830E+00  3.96783E+00  4.11929E+00  4.26569E+00  4.40828E+00  4.54608E+00  4.67606E+00
  4.42092E+00  4.50873E+00  4.58930E+00  4.66178E+00  4.72636E+00  4.78401E+00  4.83594E+00  4.88283E+00  4.92409E+00  4.95751E+00  4.97905E+00  4.98333E+00  4.96430E+00  4.91640E+00  4.83572E+00  4.72107E+00  4.57476E+00  4.40271E+00  4.21399E+00  4.01968E+00  3.83115E+00  3.65825E+00  3.50758E+00  3.38127E+00  3.27677E+00  3.18743E+00  3.10417E+00  3.01763E+00  2.92046E+00  2.80924E+00  2.68544E+00  2.55518E+00  2.42785E+00  2.31380E+00  2.22175E+00  2.15650E+00  2.11757E+00  2.09916E+00  2.09151E+00  2.08334E+00  2.06482E+00  2.03031E+00  1.98020E+00  1.92130E+00  1.86585E+00  1.82902E+00  1.82584E+00  1.86804E+00  1.96155E+00  2.10536E+00  2.29170E+00  2.50767E+00  2.73780E+00  2.96679E+00  3.18213E+00  3.37567E+00  3.54425E+00  3.68917E+00  3.81485E+00  3.92712E+00  4.03153E+00  4.13213E+00  4.23085E+00  4.32761E+00  4.42092E+00
  4.14844E+00  4.24926E+00  4.34960E+00  4.44731E+00  4.54003E+00  4.62476E+00  4.69757E+00  4.75350E+00  4.78683E+00  4.79163E+00  4.76258E+00  4.69581E+00  4.58973E+00  4.44562E+00  4.26789E+00  4.06398E+00  3.84382E+00  3.61881E+00  3.40051E+00  3.19919E+00  3.02232E+00  2.87348E+00  2.75185E+00  2.65248E+00  2.56734E+00  2.48714E+00  2.40346E+00  2.31077E+00  2.20785E+00  2.09821E+00  1.98932E+00  1.89071E+00  1.81152E+00  1.75785E+00  1.73083E+00  1.72590E+00  1.73351E+00  1.74133E+00  1.73732E+00  1.71300E+00  1.66617E+00  1.60217E+00  1.53342E+00  1.47726E+00  1.45247E+00  1.47538E+00  1.55629E+00  1.69730E+00  1.89167E+00  2.12521E+00  2.37900E+00  2.63293E+00  2.86931E+00  3.07553E+00  3.24557E+00  3.37998E+00  3.48457E+00  3.56829E+00  3.64096E+00  3.71119E+00  3.78514E+00  3.86605E+00  3.95455E+00  4.04940E+00  4.14844E+00
  4.00295E+00  4.14709E+00  4.28486E+00  4.41054E+00  4.51799E+00  4.60041E+00  4.65047E+00  4.66099E+00  4.62585E+00  4.54119E+00  4.40638E+00  4.22463E+00  4.00307E+00  3.75225E+00  3.48504E+00  3.21526E+00  2.95609E+00  2.71860E+00  2.51057E+00  2.33575E+00  2.19369E+00  2.08020E+00  1.98831E+00  1.90970E+00  1.83641E+00  1.76236E+00  1.68461E+00  1.60389E+00  1.52432E+00  1.45221E+00  1.39436E+00  1.35588E+00  1.33846E+00  1.33921E+00  1.35083E+00  1.36285E+00  1.36407E+00  1.34551E+00  1.30321E+00  1.24022E+00  1.16695E+00  1.10001E+00  1.05922E+00  1.06383E+00  1.12835E+00  1.25932E+00  1.45345E+00  1.69790E+00  1.97242E+00  2.25301E+00  2.51629E+00  2.74350E+00  2.92351E+00  3.05398E+00  3.14083E+00  3.19613E+00  3.23506E+00  3.27271E+00  3.32143E+00  3.38920E+00  3.47919E+00  3.59032E+00  3.71853E+00  3.85811E+00  4.00295E+00
  4.05924E+00  4.23679E+00  4.38474E+00  4.49473E+00  4.55931E+00  4.57195E+00  4.52744E+00  4.42272E+00  4.25776E+00  4.03647E+00  3.76708E+00  3.46191E+00  3.13639E+00  2.80753E+00  2.49194E+00  2.20381E+00  1.95332E+00  1.74562E+00  1.58065E+00  1.45380E+00  1.35729E+00  1.28194E+00  1.21904E+00  1.16195E+00  1.10714E+00  1.05443E+00  1.00646E+00  9.67467E-01  9.41679E-01  9.31610E-01  9.36741E-01  9.52895E-01  9.72551E-01  9.86127E-01  9.84042E-01  9.59173E-01  9.09150E-01  8.37953E-01  7.56305E-01  6.80638E-01  6.30676E-01  6.26015E-01  6.82332E-01  8.08017E-01  1.00197E+00  1.25309E+00  1.54169E+00  1.84257E+00  2.12923E+00  2.37835E+00  2.57364E+00  2.70837E+00  2.78598E+00  2.81887E+00  2.82560E+00  2.82721E+00  2.84343E+00  2.88954E+00  2.97440E+00  3.09988E+00  3.26158E+00  3.45040E+00  3.65459E+00  3.86156E+00  4.05924E+00
  4.25547E+00  4.40655E+00  4.49287E+00  4.50790E+00  4.44839E+00  4.31435E+00  4.10912E+00  3.83955E+00  3.51609E+00  3.15267E+00  2.76602E+00  2.37459E+00  1.99698E+00  1.65001E+00  1.34697E+00  1.09612E+00  8.99949E-01  7.55333E-01  6.54580E-01  5.87239E-01  5.42287E-01  5.10250E-01  4.84809E-01  4.63515E-01  4.47486E-01  4.40128E-01  4.45237E-01  4.64936E-01  4.98018E-01  5.39163E-01  5.79321E-01  6.07284E-01  6.12153E-01  5.86199E-01  5.27435E-01  4.41262E-01  3.40701E-01  2.45001E-01  1.76789E-01  1.58214E-01  2.06840E-01  3.32076E-01  5.32916E-01  7.97460E-01  1.10440E+00  1.42624E+00  1.73361E+00  2.00005E+00  2.20612E+00  2.34246E+00  2.41086E+00  2.42364E+00  2.40120E+00  2.36837E+00  2.35037E+00  2.36888E+00  2.43906E+00  2.56777E+00  2.75327E+00  2.98615E+00  3.25120E+00  3.52979E+00  3.80218E+00  4.04957E+00  4.25547E+00
  4.38364E+00  4.41470E+00  4.34855E+00  4.18665E+00  3.93584E+00  3.60768E+00  3.21769E+00  2.78443E+00  2.32830E+00  1.87030E+00  1.43058E+00  1.02707E+00  6.74100E-01  3.81310E-01  1.52992E-01 -1.20201E-02 -1.19777E-01 -1.79993E-01 -2.04310E-01 -2.04339E-01 -1.89829E-01 -1.67378E-01 -1.39954E-01 -1.07405E-01 -6.78206E-02 -1.94510E-02  3.73543E-02  9.87463E-02  1.57008E-01  2.01476E-01  2.20685E-01  2.05331E-01  1.51358E-01  6.23838E-02 -4.92781E-02 -1.63452E-01 -2.54828E-01 -2.97184E-01 -2.68303E-01 -1.54569E-01  4.57572E-02  3.21358E-01  6.49102E-01  9.97540E-01  1.33203E+00  1.62046E+00  1.83858E+00  1.97377E+00  2.02686E+00  2.01152E+00  1.95157E+00  1.87686E+00  1.81842E+00  1.80384E+00  1.85355E+00  1.97847E+00  2.17922E+00  2.44672E+00  2.76397E+00  3.10845E+00  3.45479E+00  3.77733E+00  4.05230E+00  4.25953E+00  4.38364E+00
  4.15133E+00  3.97361E+00  3.68659E+00  3.30447E+00  2.84691E+00  2.33769E+00  1.80290E+00  1.26889E+00  7.60271E-01  2.98066E-01 -1.01678E-01 -4.28763E-01 -6.79070E-01 -8.54184E-01 -9.60491E-01 -1.00787E+00 -1.00818E+00 -9.73656E-01 -9.15491E-01 -8.42789E-01 -7.62011E-01 -6.77047E-01 -5.89910E-01 -5.01881E-01 -4.14860E-01 -3.32522E-01 -2.60903E-01 -2.08106E-01 -1.83015E-01 -1.93159E-01 -2.42136E-01 -3.27244E-01 -4.37988E-01 -5.56088E-01 -6.57268E-01 -7.14763E-01 -7.03995E-01 -6.07538E-01 -4.19300E-01 -1.46938E-01  1.88203E-01  5.53797E-01  9.11517E-01  1.22339E+00  1.45834E+00  1.59754E+00  1.63774E+00  1.59166E+00  1.48577E+00  1.35564E+00  1.24012E+00  1.17520E+00  1.18882E+00  1.29730E+00  1.50390E+00  1.79922E+00  2.16338E+00  2.56907E+00  2.98503E+00  3.37928E+00  3.72195E+00  3.98731E+00  4.15522E+00  4.21208E+00  4.15133E+00
  3.29532E+00  2.86927E+00  2.35461E+00  1.77831E+00  1.17043E+00  5.62038E-01 -1.72296E-02 -5.41435E-01 -9.90375E-01 -1.35095E+00 -1.61773E+00 -1.79253E+00 -1.88331E+00 -1.90231E+00 -1.86404E+00 -1.78329E+00 -1.67350E+00 -1.54571E+00 -1.40827E+00 -1.26708E+00 -1.12642E+00 -9.89994E-01 -8.62018E-01 -7.47907E-01 -6.54478E-01 -5.89419E-01 -5.60055E-01 -5.71568E-01 -6.24995E-01 -7.15462E-01 -8.31163E-01 -9.53507E-01 -1.05872E+00 -1.12085E+00 -1.11585E+00 -1.02609E+00 -8.44314E-01 -5.76409E-01 -2.41917E-01  1.27814E-01  4.93868E-01  8.15743E-01  1.05805E+00  1.19673E+00  1.22348E+00  1.14767E+00  9.95212E-01  8.04545E-01  6.20636E-01  4.87934E-01  4.43658E-01  5.12491E-01  7.03508E-01  1.00963E+00  1.40941E+00  1.87060E+00  2.35467E+00  2.82140E+00  3.23301E+00  3.55716E+00  3.76903E+00  3.85225E+00  3.79917E+00  3.61060E+00  3.29532E+00
  1.70045E+00  1.06601E+00  3.96549E-01 -2.73657E-01 -9.11720E-01 -1.48835E+00 -1.97991E+00 -2.37000E+00 -2.65046E+00 -2.82145E+00 -2.89064E+00 -2.87162E+00 -2.78167E+00 -2.63941E+00 -2.46257E+00 -2.26635E+00 -2.06256E+00 -1.85961E+00 -1.66330E+00 -1.47804E+00 -1.30825E+00 -1.15934E+00 -1.03815E+00 -9.52449E-01 -9.09625E-01 -9.14723E-01 -9.68262E-01 -1.06438E+00 -1.18980E+00 -1.32420E+00 -1.44196E+00 -1.51544E+00 -1.51930E+00 -1.43503E+00 -1.25509E+00 -9.85573E-01 -6.46781E-01 -2.71389E-01  9.97538E-02  4.23611E-01  6.61777E-01  7.86968E-01  7.87996E-01  6.72285E-01  4.65410E-01  2.07669E-01 -5.17575E-02 -2.62065E-01 -3.78285E-01 -3.67720E-01 -2.14353E-01  7.93332E-02  4.93247E-01  9.92897E-01  1.53422E+00  2.06910E+00  2.55078E+00  2.93833E+00  3.19988E+00  3.31443E+00  3.27234E+00  3.07491E+00  2.73315E+00  2.26638E+00  1.70045E+00
 -5.28156E-01 -1.25100E+00 -1.93586E+00 -2.55070E+00 -3.06975E+00 -3.47498E+00 -3.75693E+00 -3.91481E+00 -3.95584E+00 -3.89389E+00 -3.74751E+00 -3.53769E+00 -3.28558E+00 -3.01059E+00 -2.72903E+00 -2.45346E+00 -2.19296E+00 -1.95387E+00 -1.74105E+00 -1.55904E+00 -1.41292E+00 -1.30837E+00 -1.25096E+00 -1.24464E+00 -1.28971E+00 -1.38084E+00 -1.50564E+00 -1.64448E+00 -1.77181E+00 -1.85908E+00 -1.87904E+00 -1.81062E+00 -1.64361E+00 -1.38203E+00 -1.04535E+00 -6.67138E-01 -2.90880E-01  3.62434E-02  2.70854E-01  3.80741E-01  3.50796E-01  1.86364E-01 -8.66523E-02 -4.25037E-01 -7.74332E-01 -1.07671E+00 -1.27936E+00 -1.34190E+00 -1.24192E+00 -9.77570E-01 -5.67342E-01 -4.70199E-02  5.35297E-01  1.12528E+00  1.66858E+00  2.11631E+00  2.42930E+00  2.58074E+00  2.55732E+00  2.35902E+00  1.99788E+00  1.49612E+00  8.83779E-01  1.96278E-01 -5.28156E-01
 -3.07353E+00 -3.71647E+00 -4.25159E+00 -4.65903E+00 -4.92846E+00 -5.05910E+00 -5.05901E+00 -4.94350E+00 -4.73304E+00 -4.45093E+00 -4.12098E+00 -3.76554E+00 -3.40406E+00 -3.05236E+00 -2.72257E+00 -2.42362E+00 -2.16202E+00 -1.94284E+00 -1.77033E+00 -1.64828E+00 -1.57960E+00 -1.56543E+00 -1.60375E+00 -1.68794E+00 -1.80559E+00 -1.93821E+00 -2.06203E+00 -2.15035E+00 -2.17701E+00 -2.12086E+00 -1.97026E+00 -1.72678E+00 -1.40721E+00 -1.04301E+00 -6.77177E-01 -3.58446E-01 -1.33856E-01 -4.07852E-02 -9.99274E-02 -3.10576E-01 -6.49221E-01 -1.07188E+00 -1.51987E+00 -1.92816E+00 -2.23479E+00 -2.38987E+00 -2.36262E+00 -2.14541E+00 -1.75434E+00 -1.22643E+00 -6.14212E-01  2.12679E-02  6.17796E-01  1.11869E+00  1.47797E+00  1.66375E+00  1.65961E+00  1.46442E+00  1.09086E+00  5.63206E-01 -8.53632E-02 -8.15623E-01 -1.58517E+00 -2.35127E+00 -3.07353E+00
 -5.49577E+00 -5.89480E+00 -6.14224E+00 -6.23671E+00 -6.18651E+00 -6.00825E+00 -5.72475E+00 -5.36239E+00 -4.94854E+00 -4.50910E+00 -4.06679E+00 -3.64011E+00 -3.24316E+00 -2.88613E+00 -2.57618E+00 -2.31841E+00 -2.11662E+00 -1.97358E+00 -1.89074E+00 -1.86740E+00 -1.89956E+00 -1.97873E+00 -2.09116E+00 -2.21775E+00 -2.33506E+00 -2.41752E+00 -2.44063E+00 -2.38492E+00 -2.23999E+00 -2.00782E+00 -1.70473E+00 -1.36108E+00 -1.01863E+00 -7.25462E-01 -5.29088E-01 -4.68757E-01 -5.68235E-01 -8.30410E-01 -1.23485E+00 -1.73898E+00 -2.28294E+00 -2.79746E+00 -3.21357E+00 -3.47252E+00 -3.53430E+00 -3.38337E+00 -3.03073E+00 -2.51214E+00 -1.88289E+00 -1.21028E+00 -5.65059E-01 -1.31222E-02  3.91216E-01  6.09818E-01  6.22832E-01  4.28541E-01  4.14413E-02 -5.10798E-01 -1.19088E+00 -1.95546E+00 -2.75847E+00 -3.55410E+00 -4.29943E+00 -4.95680E+00 -5.49577E+00
 -7.36752E+00 -7.41599E+00 -7.30934E+00 -7.06475E+00 -6.70611E+00 -6.26172E+00 -5.76169E+00 -5.23538E+00 -4.70925E+00 -4.20532E+00 -3.74046E+00 -3.32648E+00 -2.97086E+00 -2.67788E+00 -2.44964E+00 -2.28678E+00 -2.18866E+00 -2.15286E+00 -2.17421E+00 -2.24365E+00 -2.34730E+00 -2.46625E+00 -2.57743E+00 -2.65563E+00 -2.67670E+00 -2.62149E+00 -2.47995E+00 -2.25447E+00 -1.96184E+00 -1.63308E+00 -1.31077E+00 -1.04400E+00 -8.81540E-01 -8.64080E-01 -1.01690E+00 -1.34421E+00 -1.82633E+00 -2.42041E+00 -3.06484E+00 -3.68687E+00 -4.21226E+00 -4.57564E+00 -4.72977E+00 -4.65232E+00 -4.34906E+00 -3.85316E+00 -3.22059E+00 -2.52266E+00 -1.83694E+00 -1.23786E+00 -7.88573E-01 -5.34877E-01 -5.01898E-01 -6.93530E-01 -1.09428E+00 -1.67283E+00 -2.38654E+00 -3.18615E+00 -4.02019E+00 -4.83865E+00 -5.59600E+00 -6.25335E+00 -6.78016E+00 -7.15525E+00 -7.36752E+00
 -8.40349E+00 -8.08506E+00 -7.64838E+00 -7.12322E+00 -6.54108E+00 -5.93296E+00 -5.32732E+00 -4.74854E+00 -4.21596E+00 -3.74355E+00 -3.34025E+00 -3.01060E+00 -2.75574E+00 -2.57424E+00 -2.46265E+00 -2.41567E+00 -2.42576E+00 -2.48254E+00 -2.57210E+00 -2.67670E+00 -2.77519E+00 -2.84452E+00 -2.86228E+00 -2.81020E+00 -2.67802E+00 -2.46706E+00 -2.19263E+00 -1.88445E+00 -1.58460E+00 -1.34297E+00 -1.21044E+00 -1.23086E+00 -1.43304E+00 -1.82429E+00 -2.38668E+00 -3.07704E+00 -3.83104E+00 -4.57085E+00 -5.21534E+00 -5.69125E+00 -5.94357E+00 -5.94341E+00 -5.69218E+00 -5.22142E+00 -4.58854E+00 -3.86907E+00 -3.14700E+00 -2.50449E+00 -2.01261E+00 -1.72420E+00 -1.66962E+00 -1.85558E+00 -2.26663E+00 -2.86894E+00 -3.61530E+00 -4.45060E+00 -5.31720E+00 -6.15953E+00 -6.92781E+00 -7.58065E+00 -8.08682E+00 -8.42608E+00 -8.58930E+00 -8.57803E+00 -8.40349E+00
 -8.53610E+00 -7.92580E+00 -7.26136E+00 -6.57553E+00 -5.89788E+00 -5.25336E+00 -4.66166E+00 -4.13704E+00 -3.68873E+00 -3.32149E+00 -3.03641E+00 -2.83148E+00 -2.70206E+00 -2.64103E+00 -2.63873E+00 -2.68281E+00 -2.75809E+00 -2.84669E+00 -2.92867E+00 -2.98333E+00 -2.99126E+00 -2.93705E+00 -2.81244E+00 -2.61928E+00 -2.37178E+00 -2.09730E+00 -1.83504E+00 -1.63250E+00 -1.53960E+00 -1.60120E+00 -1.84915E+00 -2.29509E+00 -2.92555E+00 -3.70057E+00 -4.55645E+00 -5.41255E+00 -6.18152E+00 -6.78116E+00 -7.14627E+00 -7.23830E+00 -7.05134E+00 -6.61334E+00 -5.98237E+00 -5.23882E+00 -4.47463E+00 -3.78162E+00 -3.24049E+00 -2.91219E+00 -2.83261E+00 -3.01085E+00 -3.43082E+00 -4.05553E+00 -4.83286E+00 -5.70197E+00 -6.59944E+00 -7.46452E+00 -8.24326E+00 -8.89143E+00 -9.37635E+00 -9.67772E+00 -9.78766E+00 -9.71007E+00 -9.45929E+00 -9.05823E+00 -8.53610E+00
 -7.91350E+00 -7.14857E+00 -6.39996E+00 -5.69407E+00 -5.05085E+00 -4.48375E+00 -4.00041E+00 -3.60372E+00 -3.29296E+00 -3.06477E+00 -2.91366E+00 -2.83207E+00 -2.81017E+00 -2.83552E+00 -2.89283E+00 -2.96425E+00 -3.03023E+00 -3.07100E+00 -3.06878E+00 -3.01038E+00 -2.88990E+00 -2.71115E+00 -2.48936E+00 -2.25148E+00 -2.03498E+00 -1.88458E+00 -1.84726E+00 -1.96573E+00 -2.27122E+00 -2.77676E+00 -3.47197E+00 -4.32081E+00 -5.26293E+00 -6.21909E+00 -7.10013E+00 -7.81848E+00 -8.30036E+00 -8.49687E+00 -8.39193E+00 -8.00558E+00 -7.39212E+00 -6.63320E+00 -5.82699E+00 -5.07532E+00 -4.47078E+00 -4.08579E+00 -3.96519E+00 -4.12314E+00 -4.54415E+00 -5.18783E+00 -5.99578E+00 -6.89954E+00 -7.82825E+00 -8.71504E+00 -9.50178E+00 -1.01421E+01 -1.06029E+01 -1.08648E+01 -1.09213E+01 -1.07782E+01 -1.04523E+01 -9.96893E+00 -9.36034E+00 -8.66272E+00 -7.91350E+00
 -6.82851E+00 -6.06201E+00 -5.36822E+00 -4.76131E+00 -4.24823E+00 -3.82990E+00 -3.50268E+00 -3.26000E+00 -3.09354E+00 -2.99392E+00 -2.95076E+00 -2.95229E+00 -2.98485E+00 -3.03273E+00 -3.07849E+00 -3.10426E+00 -3.09371E+00 -3.03469E+00 -2.92211E+00 -2.76037E+00 -2.56503E+00 -2.36307E+00 -2.19144E+00 -2.09377E+00 -2.11546E+00 -2.29745E+00 -2.66951E+00 -3.24398E+00 -4.01091E+00 -4.93575E+00 -5.96025E+00 -7.00696E+00 -7.98717E+00 -8.81141E+00 -9.40125E+00 -9.70055E+00 -9.68435E+00 -9.36388E+00 -8.78655E+00 -8.03074E+00 -7.19613E+00 -6.39085E+00 -5.71767E+00 -5.26119E+00 -5.07809E+00 -5.19173E+00 -5.59161E+00 -6.23725E+00 -7.06558E+00 -8.00018E+00 -8.96080E+00 -9.87173E+00 -1.06682E+01 -1.13001E+01 -1.17338E+01 -1.19516E+01 -1.19505E+01 -1.17400E+01 -1.13402E+01 -1.07791E+01 -1.00909E+01 -9.31341E+00 -8.48578E+00 -7.64601E+00 -6.82851E+00
 -5.61228E+00 -4.96778E+00 -4.42534E+00 -3.98584E+00 -3.64448E+00 -3.39236E+00 -3.21817E+00 -3.10942E+00 -3.05338E+00 -3.03719E+00 -3.04776E+00 -3.07144E+00 -3.09398E+00 -3.10105E+00 -3.07961E+00 -3.01993E+00 -2.91812E+00 -2.77854E+00 -2.61573E+00 -2.45499E+00 -2.33134E+00 -2.28664E+00 -2.36488E+00 -2.60612E+00 -3.03989E+00 -3.67889E+00 -4.51408E+00 -5.51220E+00 -6.61634E+00 -7.75003E+00 -8.82458E+00 -9.74908E+00 -1.04418E+01 -1.08412E+01 -1.09154E+01 -1.06681E+01 -1.01397E+01 -9.40350E+00 -8.55751E+00 -7.71224E+00 -6.97688E+00 -6.44569E+00 -6.18661E+00 -6.23385E+00 -6.58526E+00 -7.20474E+00 -8.02883E+00 -8.97624E+00 -9.95859E+00 -1.08906E+01 -1.16985E+01 -1.23256E+01 -1.27347E+01 -1.29086E+01 -1.28473E+01 -1.25656E+01 -1.20888E+01 -1.14498E+01 -1.06862E+01 -9.83764E+00 -8.94383E+00 -8.04274E+00 -7.16874E+00 -6.35104E+00 -5.61228E+00
 -4.53534E+00 -4.07843E+00 -3.72340E+00 -3.46113E+00 -3.27944E+00 -3.16440E+00 -3.10151E+00 -3.07635E+00 -3.07503E+00 -3.08420E+00 -3.09123E+00 -3.08453E+00 -3.05441E+00 -2.99442E+00 -2.90323E+00 -2.78650E+00 -2.65849E+00 -2.54279E+00 -2.47164E+00 -2.48362E+00 -2.61969E+00 -2.91771E+00 -3.40629E+00 -4.09865E+00 -4.98758E+00 -6.04255E+00 -7.20964E+00 -8.41492E+00 -9.57103E+00 -1.05866E+01 -1.13771E+01 -1.18764E+01 -1.20459E+01 -1.18817E+01 -1.14165E+01 -1.07176E+01 -9.87914E+00 -9.01143E+00 -8.22699E+00 -7.62690E+00 -7.28833E+00 -7.25573E+00 -7.53638E+00 -8.10122E+00 -8.89021E+00 -9.82136E+00 -1.08018E+01 -1.17389E+01 -1.25504E+01 -1.31717E+01 -1.35601E+01 -1.36953E+01 -1.35784E+01 -1.32275E+01 -1.26737E+01 -1.19560E+01 -1.11174E+01 -1.02014E+01 -9.24964E+00 -8.30018E+00 -7.38618E+00 -6.53506E+00 -5.76785E+00 -5.09880E+00 -4.53534E+00
 -3.74910E+00 -3.48274E+00 -3.29561E+00 -3.17407E+00 -3.10396E+00 -3.07124E+00 -3.06241E+00 -3.06472E+00 -3.06645E+00 -3.05734E+00 -3.02938E+00 -2.97800E+00 -2.90357E+00 -2.81295E+00 -2.72069E+00 -2.64955E+00 -2.62981E+00 -2.69725E+00 -2.88958E+00 -3.24164E+00 -3.77989E+00 -4.51676E+00 -5.44595E+00 -6.53940E+00 -7.74689E+00 -8.99857E+00 -1.02107E+01 -1.12940E+01 -1.21640E+01 -1.27517E+01 -1.30134E+01 -1.29376E+01 -1.25491E+01 -1.19072E+01 -1.10998E+01 -1.02337E+01 -9.42168E+00 -8.76832E+00 -8.35759E+00 -8.24260E+00 -8.43984E+00 -8.92843E+00 -9.65417E+00 -1.05377E+01 -1.14854E+01 -1.24010E+01 -1.31962E+01 -1.38001E+01 -1.41639E+01 -1.42633E+01 -1.40978E+01 -1.36866E+01 -1.30642E+01 -1.22746E+01 -1.13661E+01 -1.03871E+01 -9.38293E+00 -8.39321E+00 -7.45104E+00 -6.58223E+00 -5.80526E+00 -5.13149E+00 -4.56571E+00 -4.10688E+00 -3.74910E+00
 -3.27999E+00 -3.16108E+00 -3.08863E+00 -3.04994E+00 -3.03349E+00 -3.02897E+00 -3.02720E+00 -3.02019E+00 -3.00175E+00 -2.96842E+00 -2.92088E+00 -2.86551E+00 -2.81563E+00 -2.79217E+00 -2.82312E+00 -2.94173E+00 -3.18316E+00 -3.58003E+00 -4.15713E+00 -4.92622E+00 -5.88147E+00 -6.99666E+00 -8.22458E+00 -9.49931E+00 -1.07412E+01 -1.18646E+01 -1.27872E+01 -1.34398E+01 -1.37763E+01 -1.37803E+01 -1.34692E+01 -1.28944E+01 -1.21362E+01 -1.12953E+01 -1.04810E+01 -9.79779E+00 -9.33305E+00 -9.14586E+00 -9.26039E+00 -9.66370E+00 -1.03085E+01 -1.11203E+01 -1.20075E+01 -1.28732E+01 -1.36265E+01 -1.41925E+01 -1.45181E+01 -1.45758E+01 -1.43629E+01 -1.38988E+01 -1.32194E+01 -1.23716E+01 -1.14074E+01 -1.03789E+01 -9.33416E+00 -8.31508E+00 -7.35547E+00 -6.48069E+00 -5.70761E+00 -5.04519E+00 -4.49535E+00 -4.05402E+00 -3.71256E+00 -3.45910E+00 -3.27999E+00
 -3.06598E+00 -3.03321E+00 -3.01680E+00 -3.00877E+00 -3.00323E+00 -2.99603E+00 -2.98455E+00 -2.96808E+00 -2.94858E+00 -2.93200E+00 -2.92959E+00 -2.95885E+00 -3.04366E+00 -3.21304E+00 -3.49854E+00 -3.93023E+00 -4.53175E+00 -5.31513E+00 -6.27622E+00 -7.39159E+00 -8.61766E+00 -9.89257E+00 -1.11408E+01 -1.22802E+01 -1.32310E+01 -1.39252E+01 -1.43155E+01 -1.43825E+01 -1.41385E+01 -1.36283E+01 -1.29248E+01 -1.21218E+01 -1.13234E+01 -1.06311E+01 -1.01324E+01 -9.88914E+00 -9.93095E+00 -1.02515E+01 -1.08102E+01 -1.15383E+01 -1.23481E+01 -1.31442E+01 -1.38355E+01 -1.43450E+01 -1.46172E+01 -1.46227E+01 -1.43576E+01 -1.38414E+01 -1.31116E+01 -1.22174E+01 -1.12134E+01 -1.01539E+01 -9.08854E+00 -8.05972E+00 -7.10093E+00 -6.23645E+00 -5.48163E+00 -4.84366E+00 -4.32256E+00 -3.91233E+00 -3.60221E+00 -3.37822E+00 -3.22463E+00 -3.12550E+00 -3.06598E+00
 -3.01179E+00 -3.01290E+00 -3.01220E+00 -3.00819E+00 -3.00182E+00 -2.99610E+00 -2.99614E+00 -3.00957E+00 -3.04728E+00 -3.12429E+00 -3.26010E+00 -3.47832E+00 -3.80500E+00 -4.26567E+00 -4.88126E+00 -5.66340E+00 -6.60986E+00 -7.70116E+00 -8.89897E+00 -1.01472E+01 -1.13758E+01 -1.25070E+01 -1.34641E+01 -1.41801E+01 -1.46070E+01 -1.47224E+01 -1.45345E+01 -1.40821E+01 -1.34317E+01 -1.26707E+01 -1.18972E+01 -1.12087E+01 -1.06905E+01 -1.04051E+01 -1.03851E+01 -1.06291E+01 -1.11024E+01 -1.17423E+01 -1.24661E+01 -1.31821E+01 -1.38005E+01 -1.42441E+01 -1.44563E+01 -1.44057E+01 -1.40876E+01 -1.35216E+01 -1.27465E+01 -1.18140E+01 -1.07814E+01 -9.70551E+00 -8.63759E+00 -7.61999E+00 -6.68475E+00 -5.85353E+00 -5.13849E+00 -4.54369E+00 -4.06655E+00 -3.69926E+00 -3.43003E+00 -3.24427E+00 -3.12577E+00 -3.05793E+00 -3.02501E+00 -3.01327E+00 -3.01179E+00
 -3.03712E+00 -3.04625E+00 -3.05136E+00 -3.05741E+00 -3.07186E+00 -3.10457E+00 -3.16776E+00 -3.27623E+00 -3.44739E+00 -3.70095E+00 -4.05787E+00 -4.53840E+00 -5.15910E+00 -5.92921E+00 -6.84677E+00 -7.89535E+00 -9.04207E+00 -1.02378E+01 -1.14198E+01 -1.25168E+01 -1.34568E+01 -1.41751E+01 -1.46230E+01 -1.47756E+01 -1.46361E+01 -1.42370E+01 -1.36384E+01 -1.29209E+01 -1.21770E+01 -1.14997E+01 -1.09717E+01 -1.06546E+01 -1.05824E+01 -1.07566E+01 -1.11475E+01 -1.16978E+01 -1.23305E+01 -1.29587E+01 -1.34963E+01 -1.38684E+01 -1.40187E+01 -1.39154E+01 -1.35526E+01 -1.29490E+01 -1.21431E+01 -1.11875E+01 -1.01414E+01 -9.06362E+00 -8.00739E+00 -7.01600E+00 -6.12098E+00 -5.34182E+00 -4.68714E+00 -4.15667E+00 -3.74353E+00 -3.43634E+00 -3.22101E+00 -3.08205E+00 -3.00353E+00 -2.96987E+00 -2.96651E+00 -2.98058E+00 -3.00157E+00 -3.02188E+00 -3.03712E+00
 -3.10118E+00 -3.12251E+00 -3.15239E+00 -3.20090E+00 -3.28046E+00 -3.40575E+00 -3.59332E+00 -3.86109E+00 -4.22721E+00 -4.70843E+00 -5.31782E+00 -6.06196E+00 -6.93793E+00 -7.93069E+00 -9.01131E+00 -1.01368E+01 -1.12518E+01 -1.22930E+01 -1.31945E+01 -1.38959E+01 -1.43499E+01 -1.45294E+01 -1.44326E+01 -1.40855E+01 -1.35402E+01 -1.28697E+01 -1.21598E+01 -1.14989E+01 -1.09666E+01 -1.06240E+01 -1.05060E+01 -1.06169E+01 -1.09305E+01 -1.13942E+01 -1.19357E+01 -1.24732E+01 -1.29252E+01 -1.32205E+01 -1.33057E+01 -1.31509E+01 -1.27508E+01 -1.21236E+01 -1.13074E+01 -1.03534E+01 -9.32016E+00 -8.26610E+00 -7.24424E+00 -6.29786E+00 -5.45815E+00 -4.74359E+00 -4.16086E+00 -3.70677E+00 -3.37083E+00 -3.13782E+00 -2.99020E+00 -2.90996E+00 -2.87998E+00 -2.88486E+00 -2.91139E+00 -2.94878E+00 -2.98875E+00 -3.02564E+00 -3.05644E+00 -3.08083E+00 -3.10118E+00
 -3.19989E+00 -3.25904E+00 -3.34895E+00 -3.48252E+00 -3.67432E+00 -3.94010E+00 -4.29582E+00 -4.75617E+00 -5.33251E+00 -6.03039E+00 -6.84700E+00 -7.76886E+00 -8.77036E+00 -9.81352E+00 -1.08495E+01 -1.18218E+01 -1.26713E+01 -1.33427E+01 -1.37913E+01 -1.39894E+01 -1.39316E+01 -1.36373E+01 -1.31499E+01 -1.25337E+01 -1.18660E+01 -1.12288E+01 -1.06978E+01 -1.03332E+01 -1.01712E+01 -1.02197E+01 -1.04571E+01 -1.08359E+01 -1.12888E+01 -1.17384E+01 -1.21073E+01 -1.23277E+01 -1.23495E+01 -1.21451E+01 -1.17117E+01 -1.10692E+01 -1.02561E+01 -9.32374E+00 -8.32916E+00 -7.32875E+00 -6.37275E+00 -5.50137E+00 -4.74281E+00 -4.11278E+00 -3.61557E+00 -3.24597E+00 -2.99160E+00 -2.83553E+00 -2.75847E+00 -2.74084E+00 -2.76418E+00 -2.81230E+00 -2.87191E+00 -2.93302E+00 -2.98890E+00 -3.03606E+00 -3.07383E+00 -3.10412E+00 -3.13096E+00 -3.16032E+00 -3.19989E+00
 -3.34345E+00 -3.47197E+00 -3.65567E+00 -3.90729E+00 -4.23963E+00 -4.66461E+00 -5.19168E+00 -5.82580E+00 -6.56517E+00 -7.39900E+00 -8.30600E+00 -9.25380E+00 -1.02000E+01 -1.10949E+01 -1.18854E+01 -1.25211E+01 -1.29598E+01 -1.31741E+01 -1.31554E+01 -1.29171E+01 -1.24948E+01 -1.19431E+01 -1.13301E+01 -1.07293E+01 -1.02108E+01 -9.83189E+00 -9.62933E+00 -9.61456E+00 -9.77183E+00 -1.00604E+01 -1.04201E+01 -1.07799E+01 -1.10671E+01 -1.12176E+01 -1.11837E+01 -1.09396E+01 -1.04834E+01 -9.83621E+00 -9.03777E+00 -8.13999E+00 -7.19991E+00 -6.27279E+00 -5.40634E+00 -4.63695E+00 -3.98793E+00 -3.46969E+00 -3.08143E+00 -2.81367E+00 -2.65108E+00 -2.57515E+00 -2.56631E+00 -2.60557E+00 -2.67555E+00 -2.76112E+00 -2.84990E+00 -2.93249E+00 -3.00269E+00 -3.05756E+00 -3.09736E+00 -3.12527E+00 -3.14698E+00 -3.17011E+00 -3.20372E+00 -3.25788E+00 -3.34345E+00
 -3.52849E+00 -3.74769E+00 -4.04107E+00 -4.41773E+00 -4.88455E+00 -5.44487E+00 -6.09692E+00 -6.83199E+00 -7.63300E+00 -8.47369E+00 -9.31895E+00 -1.01266E+01 -1.08507E+01 -1.14461E+01 -1.18735E+01 -1.21053E+01 -1.21301E+01 -1.19553E+01 -1.16083E+01 -1.11341E+01 -1.05907E+01 -1.00428E+01 -9.55307E+00 -9.17432E+00 -8.94224E+00 -8.87040E+00 -8.94819E+00 -9.14218E+00 -9.40076E+00 -9.66130E+00 -9.85888E+00 -9.93524E+00 -9.84661E+00 -9.56925E+00 -9.10200E+00 -8.46555E+00 -7.69869E+00 -6.85239E+00 -5.98267E+00 -5.14347E+00 -4.38066E+00 -3.72781E+00 -3.20428E+00 -2.81551E+00 -2.55502E+00 -2.40763E+00 -2.35301E+00 -2.36903E+00 -2.43434E+00 -2.53005E+00 -2.64050E+00 -2.75339E+00 -2.85946E+00 -2.95214E+00 -3.02729E+00 -3.08309E+00 -3.12009E+00 -3.14132E+00 -3.15222E+00 -3.16047E+00 -3.17557E+00 -3.20831E+00 -3.27021E+00 -3.37306E+00 -3.52849E+00
 -3.71816E+00 -4.02817E+00 -4.41999E+00 -4.89588E+00 -5.45363E+00 -6.08543E+00 -6.77688E+00 -7.50638E+00 -8.24524E+00 -8.95883E+00 -9.60881E+00 -1.01565E+01 -1.05673E+01 -1.08147E+01 -1.08852E+01 -1.07807E+01 -1.05201E+01 -1.01381E+01 -9.68192E+00 -9.20580E+00 -8.76412E+00 -8.40408E+00 -8.15900E+00 -8.04349E+00 -8.05106E+00 -8.15496E+00 -8.31188E+00 -8.46825E+00 -8.56804E+00 -8.56085E+00 -8.40916E+00 -8.09354E+00 -7.61510E+00 -6.99490E+00 -6.27059E+00 -5.49087E+00 -4.70873E+00 -3.97470E+00 -3.33098E+00 -2.80730E+00 -2.41895E+00 -2.16703E+00 -2.04052E+00 -2.01961E+00 -2.07961E+00 -2.19468E+00 -2.34085E+00 -2.49805E+00 -2.65106E+00 -2.78945E+00 -2.90696E+00 -3.00058E+00 -3.06962E+00 -3.11506E+00 -3.13924E+00 -3.14581E+00 -3.13987E+00 -3.12812E+00 -3.11890E+00 -3.12205E+00 -3.14856E+00 -3.21005E+00 -3.31822E+00 -3.48425E+00 -3.71816E+00
 -3.83955E+00 -4.21703E+00 -4.66999E+00 -5.19212E+00 -5.77139E+00 -6.38966E+00 -7.02297E+00 -7.64245E+00 -8.21617E+00 -8.71167E+00 -9.09928E+00 -9.35556E+00 -9.46668E+00 -9.43102E+00 -9.26047E+00 -8.98011E+00 -8.62588E+00 -8.24056E+00 -7.86840E+00 -7.54901E+00 -7.31161E+00 -7.17048E+00 -7.12247E+00 -7.14709E+00 -7.20933E+00 -7.26488E+00 -7.26687E+00 -7.17326E+00 -6.95349E+00 -6.59337E+00 -6.09747E+00 -5.48860E+00 -4.80453E+00 -4.09258E+00 -3.40307E+00 -2.78268E+00 -2.26881E+00 -1.88573E+00 -1.64293E+00 -1.53571E+00 -1.54764E+00 -1.65423E+00 -1.82709E+00 -2.03785E+00 -2.26121E+00 -2.47696E+00 -2.67076E+00 -2.83394E+00 -2.96259E+00 -3.05636E+00 -3.11723E+00 -3.14861E+00 -3.15473E+00 -3.14042E+00 -3.11117E+00 -3.07333E+00 -3.03433E+00 -3.00270E+00 -2.98808E+00 -3.00092E+00 -3.05210E+00 -3.15238E+00 -3.31177E+00 -3.53877E+00 -3.83955E+00
 -3.80028E+00 -4.20538E+00 -4.66751E+00 -5.17237E+00 -5.70043E+00 -6.22763E+00 -6.72695E+00 -7.17064E+00 -7.53292E+00 -7.79288E+00 -7.93725E+00 -7.96244E+00 -7.87563E+00 -7.69453E+00 -7.44561E+00 -7.16101E+00 -6.87443E+00 -6.61640E+00 -6.40973E+00 -6.26590E+00 -6.18284E+00 -6.14484E+00 -6.12461E+00 -6.08732E+00 -5.99612E+00 -5.81830E+00 -5.53106E+00 -5.12595E+00 -4.61112E+00 -4.01102E+00 -3.36345E+00 -2.71454E+00 -2.11247E+00 -1.60088E+00 -1.21328E+00 -9.69133E-01 -8.72291E-01 -9.11818E-01 -1.06487E+00 -1.30096E+00 -1.58674E+00 -1.89047E+00 -2.18541E+00 -2.45181E+00 -2.67749E+00 -2.85703E+00 -2.99027E+00 -3.08042E+00 -3.13237E+00 -3.15143E+00 -3.14269E+00 -3.11095E+00 -3.06099E+00 -2.99813E+00 -2.92858E+00 -2.85977E+00 -2.80035E+00 -2.75993E+00 -2.74875E+00 -2.77713E+00 -2.85488E+00 -2.99069E+00 -3.19135E+00 -3.46101E+00 -3.80028E+00
 -3.51928E+00 -3.90934E+00 -4.33154E+00 -4.76667E+00 -5.19238E+00 -5.58501E+00 -5.92180E+00 -6.18347E+00 -6.35660E+00 -6.43560E+00 -6.42369E+00 -6.33275E+00 -6.18187E+00 -5.99481E+00 -5.79650E+00 -5.60926E+00 -5.44918E+00 -5.32335E+00 -5.22835E+00 -5.15049E+00 -5.06764E+00 -4.95276E+00 -4.77837E+00 -4.52158E+00 -4.16862E+00 -3.71832E+00 -3.18372E+00 -2.59163E+00 -1.97985E+00 -1.39269E+00 -8.75221E-01 -4.67299E-01 -1.98273E-01 -8.32477E-02 -1.21488E-01 -2.97176E-01 -5.82307E-01 -9.41146E-01 -1.33540E+00 -1.72923E+00 -2.09323E+00 -2.40688E+00 -2.65923E+00 -2.84798E+00 -2.97736E+00 -3.05550E+00 -3.09180E+00 -3.09495E+00 -3.07177E+00 -3.02702E+00 -2.96395E+00 -2.88527E+00 -2.79429E+00 -2.69570E+00 -2.59611E+00 -2.50397E+00 -2.42919E+00 -2.38239E+00 -2.37417E+00 -2.41418E+00 -2.51044E+00 -2.66853E+00 -2.89093E+00 -3.17638E+00 -3.51928E+00
 -2.96087E+00 -3.30558E+00 -3.65862E+00 -4.00018E+00 -4.31043E+00 -4.57157E+00 -4.76992E+00 -4.89767E+00 -4.95398E+00 -4.94514E+00 -4.88355E+00 -4.78575E+00 -4.66954E+00 -4.55076E+00 -4.44025E+00 -4.34148E+00 -4.24947E+00 -4.15119E+00 -4.02748E+00 -3.85637E+00 -3.61720E+00 -3.29493E+00 -2.88392E+00 -2.39056E+00 -1.83402E+00 -1.24522E+00 -6.63709E-01 -1.33190E-01  3.03945E-01  6.12065E-01  7.66978E-01  7.59086E-01  5.94528E-01  2.94139E-01 -1.09571E-01 -5.76905E-01 -1.06619E+00 -1.53888E+00 -1.96368E+00 -2.31930E+00 -2.59531E+00 -2.79132E+00 -2.91478E+00 -2.97790E+00 -2.99457E+00 -2.97750E+00 -2.93652E+00 -2.87772E+00 -2.80391E+00 -2.71565E+00 -2.61283E+00 -2.49621E+00 -2.36864E+00 -2.23560E+00 -2.10529E+00 -1.98798E+00 -1.89513E+00 -1.83822E+00 -1.82765E+00 -1.87166E+00 -1.97555E+00 -2.14100E+00 -2.36558E+00 -2.64255E+00 -2.96087E+00
 -2.15841E+00 -2.45017E+00 -2.73345E+00 -2.99177E+00 -3.21130E+00 -3.38241E+00 -3.50068E+00 -3.56723E+00 -3.58817E+00 -3.57318E+00 -3.53332E+00 -3.47858E+00 -3.41531E+00 -3.34433E+00 -3.25992E+00 -3.15023E+00 -2.99894E+00 -2.78826E+00 -2.50265E+00 -2.13273E+00 -1.67870E+00 -1.15250E+00 -5.78252E-01  9.18436E-03  5.67629E-01  1.05236E+00  1.42170E+00  1.64241E+00  1.69424E+00  1.57270E+00  1.28970E+00  8.71991E-01  3.57617E-01 -2.09038E-01 -7.82765E-01 -1.32280E+00 -1.79701E+00 -2.18456E+00 -2.47657E+00 -2.67512E+00 -2.79078E+00 -2.83924E+00 -2.83782E+00 -2.80237E+00 -2.74506E+00 -2.67334E+00 -2.59005E+00 -2.49446E+00 -2.38402E+00 -2.25611E+00 -2.10982E+00 -1.94707E+00 -1.77316E+00 -1.59663E+00 -1.42855E+00 -1.28142E+00 -1.16787E+00 -1.09932E+00 -1.08481E+00 -1.13003E+00 -1.23664E+00 -1.40189E+00 -1.61864E+00 -1.87566E+00 -2.15841E+00
 -1.21552E+00 -1.46964E+00 -1.70712E+00 -1.91649E+00 -2.09018E+00 -2.22495E+00 -2.32148E+00 -2.38346E+00 -2.41586E+00 -2.42307E+00 -2.40701E+00 -2.36564E+00 -2.29239E+00 -2.17647E+00 -2.00448E+00 -1.76288E+00 -1.44118E+00 -1.03527E+00 -5.50280E-01 -2.38706E-03  5.80965E-01  1.16260E+00  1.69897E+00  2.14483E+00  2.45881E+00  2.60885E+00  2.57673E+00  2.36090E+00  1.97711E+00  1.45672E+00  8.42762E-01  1.84629E-01 -4.68040E-01 -1.07113E+00 -1.59068E+00 -2.00571E+00 -2.30893E+00 -2.50541E+00 -2.60959E+00 -2.64140E+00 -2.62209E+00 -2.57060E+00 -2.50108E+00 -2.42159E+00 -2.33428E+00 -2.23667E+00 -2.12355E+00 -1.98926E+00 -1.82964E+00 -1.64362E+00 -1.43398E+00 -1.20750E+00 -9.74405E-01 -7.47429E-01 -5.40508E-01 -3.67441E-01 -2.40569E-01 -1.69599E-01 -1.60665E-01 -2.15668E-01 -3.31968E-01 -5.02480E-01 -7.16190E-01 -9.59095E-01 -1.21552E+00
 -2.79453E-01 -5.22957E-01 -7.46626E-01 -9.42973E-01 -1.10790E+00 -1.23999E+00 -1.33924E+00 -1.40549E+00 -1.43689E+00 -1.42873E+00 -1.37311E+00 -1.25950E+00 -1.07627E+00 -8.13066E-01 -4.63661E-01 -2.87889E-02  4.81568E-01  1.04693E+00  1.63652E+00  2.21107E+00  2.72619E+00  3.13697E+00  3.40319E+00  3.49451E+00  3.39475E+00  3.10458E+00  2.64214E+00  2.04141E+00  1.34835E+00  6.15544E-01 -1.04053E-01 -7.63238E-01 -1.32561E+00 -1.76886E+00 -2.08577E+00 -2.28306E+00 -2.37818E+00 -2.39501E+00 -2.35900E+00 -2.29288E+00 -2.21346E+00 -2.12991E+00 -2.04384E+00 -1.95068E+00 -1.84206E+00 -1.70858E+00 -1.54245E+00 -1.33947E+00 -1.10014E+00 -8.29965E-01 -5.38886E-01 -2.40191E-01  5.08565E-02  3.18477E-01  5.47739E-01  7.25750E-01  8.42642E-01  8.92324E-01  8.72996E-01  7.87352E-01  6.42434E-01  4.49069E-01  2.20892E-01 -2.69787E-02 -2.79453E-01
  5.07729E-01  2.54979E-01  2.72205E-02 -1.69154E-01 -3.29616E-01 -4.50283E-01 -5.26583E-01 -5.52182E-01 -5.18549E-01 -4.15431E-01 -2.32296E-01  3.93789E-02  4.03357E-01  8.55922E-01  1.38376E+00  1.96300E+00  2.55968E+00  3.13197E+00  3.63380E+00  4.01963E+00  4.24972E+00  4.29513E+00  4.14181E+00  3.79290E+00  3.26913E+00  2.60693E+00  1.85451E+00  1.06644E+00  2.97466E-01 -4.03631E-01 -9.99147E-01 -1.46590E+00 -1.79648E+00 -1.99825E+00 -2.09028E+00 -2.09891E+00 -2.05266E+00 -1.97738E+00 -1.89249E+00 -1.80875E+00 -1.72788E+00 -1.64385E+00 -1.54547E+00 -1.41962E+00 -1.25448E+00 -1.04221E+00 -7.80631E-01 -4.73792E-01 -1.31497E-01  2.31946E-01  5.99404E-01  9.52707E-01  1.27426E+00  1.54838E+00  1.76225E+00  1.90660E+00  1.97618E+00  1.97001E+00  1.89142E+00  1.74784E+00  1.55026E+00  1.31237E+00  1.04935E+00  7.76447E-01  5.07729E-01
  1.06398E+00  8.07292E-01  5.88877E-01  4.16608E-01  2.97725E-01  2.39744E-01  2.51012E-01  3.40579E-01  5.17205E-01  7.87494E-01  1.15345E+00  1.60986E+00  2.14217E+00  2.72533E+00  3.32418E+00  3.89555E+00  4.39191E+00  4.76639E+00  4.97820E+00  4.99797E+00  4.81192E+00  4.42430E+00  3.85762E+00  3.15057E+00  2.35378E+00  1.52417E+00  7.18457E-01 -1.30973E-02 -6.31922E-01 -1.11459E+00 -1.45405E+00 -1.65862E+00 -1.74885E+00 -1.75302E+00 -1.70182E+00 -1.62332E+00 -1.53878E+00 -1.46014E+00 -1.38923E+00 -1.31894E+00 -1.23576E+00 -1.12328E+00 -9.65888E-01 -7.52038E-01 -4.76512E-01 -1.41488E-01  2.43682E-01  6.63727E-01  1.09940E+00  1.52969E+00  1.93386E+00  2.29314E+00  2.59194E+00  2.81846E+00  2.96507E+00  3.02837E+00  3.00911E+00  2.91204E+00  2.74565E+00  2.52165E+00  2.25424E+00  1.95916E+00  1.65248E+00  1.34954E+00  1.06398E+00
  1.40525E+00  1.18272E+00  1.02091E+00  9.29298E-01  9.16573E-01  9.90655E-01  1.15813E+00  1.42301E+00  1.78490E+00  2.23692E+00  2.76372E+00  3.34037E+00  3.93237E+00  4.49731E+00  4.98819E+00  5.35797E+00  5.56512E+00  5.57895E+00  5.38420E+00  4.98387E+00  4.39983E+00  3.67095E+00  2.84890E+00  1.99237E+00  1.16019E+00  4.04789E-01 -2.33502E-01 -7.30128E-01 -1.07775E+00 -1.28521E+00 -1.37436E+00 -1.37526E+00 -1.32070E+00 -1.24079E+00 -1.15849E+00 -1.08680E+00 -1.02774E+00 -9.73324E-01 -9.08149E-01 -8.13006E-01 -6.68896E-01 -4.60735E-01 -1.80160E-01  1.72918E-01  5.90162E-01  1.05589E+00  1.54911E+00  2.04597E+00  2.52237E+00  2.95602E+00  3.32813E+00  3.62430E+00  3.83490E+00  3.95496E+00  3.98391E+00  3.92521E+00  3.78590E+00  3.57626E+00  3.30933E+00  3.00030E+00  2.66579E+00  2.32290E+00  1.98840E+00  1.67787E+00  1.40525E+00
  1.64719E+00  1.52081E+00  1.48055E+00  1.53436E+00  1.68765E+00  1.94243E+00  2.29603E+00  2.73959E+00  3.25662E+00  3.82205E+00  4.40228E+00  4.95646E+00  5.43933E+00  5.80525E+00  6.01327E+00  6.03225E+00  5.84551E+00  5.45396E+00  4.87716E+00  4.15196E+00  3.32881E+00  2.46610E+00  1.62341E+00  8.54645E-01  2.02047E-01 -3.07947E-01 -6.66532E-01 -8.81783E-01 -9.75572E-01 -9.78748E-01 -9.25414E-01 -8.47242E-01 -7.68701E-01 -7.03881E-01 -6.55283E-01 -6.14620E-01 -5.65335E-01 -4.86306E-01 -3.56046E-01 -1.56696E-01  1.22801E-01  4.84766E-01  9.22264E-01  1.41995E+00  1.95599E+00  2.50462E+00  3.03895E+00  3.53351E+00  3.96627E+00  4.31994E+00  4.58260E+00  4.74772E+00  4.81378E+00  4.78367E+00  4.66410E+00  4.46500E+00  4.19902E+00  3.88107E+00  3.52773E+00  3.15672E+00  2.78612E+00  2.43375E+00  2.11647E+00  1.84971E+00  1.64719E+00
  1.96405E+00  1.99534E+00  2.12946E+00  2.36751E+00  2.70567E+00  3.13405E+00  3.63558E+00  4.18539E+00  4.75087E+00  5.29277E+00  5.76773E+00  6.13180E+00  6.34506E+00  6.37643E+00  6.20816E+00  5.83913E+00  5.28623E+00  4.58349E+00  3.77890E+00  2.92915E+00  2.09314E+00  1.32505E+00  6.68264E-01  1.50758E-01 -2.17041E-01 -4.41879E-01 -5.44822E-01 -5.56502E-01 -5.11322E-01 -4.41568E-01 -3.72388E-01 -3.18372E-01 -2.82149E-01 -2.55084E-01 -2.19791E-01 -1.53904E-01 -3.44166E-02  1.58154E-01  4.36398E-01  8.03893E-01  1.25453E+00  1.77319E+00  2.33767E+00  2.92115E+00  3.49516E+00  4.03223E+00  4.50813E+00  4.90344E+00  5.20433E+00  5.40278E+00  5.49623E+00  5.48697E+00  5.38143E+00  5.18951E+00  4.92392E+00  4.59968E+00  4.23361E+00  3.84380E+00  3.44905E+00  3.06824E+00  2.71969E+00  2.42056E+00  2.18634E+00  2.03049E+00  1.96405E+00
  2.51664E+00  2.73609E+00  3.05430E+00  3.46093E+00  3.93916E+00  4.46520E+00  5.00836E+00  5.53199E+00  5.99542E+00  6.35706E+00  6.57841E+00  6.62850E+00  6.48825E+00  6.15388E+00  5.63872E+00  4.97302E+00  4.20128E+00  3.37764E+00  2.55969E+00  1.80161E+00  1.14783E+00  6.28093E-01  2.54718E-01  2.25782E-02 -8.83768E-02 -1.08471E-01 -7.23900E-02 -1.30329E-02  4.38489E-02  8.33887E-02  1.03209E-01  1.12785E-01  1.30835E-01  1.81333E-01  2.88902E-01  4.74387E-01  7.51287E-01  1.12353E+00  1.58478E+00  2.11925E+00  2.70364E+00  3.30991E+00  3.90826E+00  4.47000E+00  4.96983E+00  5.38748E+00  5.70851E+00  5.92451E+00  6.03267E+00  6.03515E+00  5.93831E+00  5.75190E+00  5.48845E+00  5.16277E+00  4.79150E+00  4.39268E+00  3.98528E+00  3.58867E+00  3.22190E+00  2.90309E+00  2.64873E+00  2.47305E+00  2.38758E+00  2.40058E+00  2.51664E+00
  3.37743E+00  3.76122E+00  4.21301E+00  4.70996E+00  5.22341E+00  5.71979E+00  6.16216E+00  6.51268E+00  6.73586E+00  6.80228E+00  6.69246E+00  6.40016E+00  5.93450E+00  5.32042E+00  4.59699E+00  3.81371E+00  3.02509E+00  2.28427E+00  1.63661E+00  1.11431E+00  7.32998E-01  4.90808E-01  3.70206E-01  3.42168E-01  3.71992E-01  4.25704E-01  4.75935E-01  5.06268E-01  5.13401E-01  5.06842E-01  5.06371E-01  5.37840E-01  6.28145E-01  8.00307E-01  1.06946E+00  1.44029E+00  1.90629E+00  2.45061E+00  3.04830E+00  3.66940E+00  4.28228E+00  4.85673E+00  5.36650E+00  5.79096E+00  6.11586E+00  6.33338E+00  6.44162E+00  6.44369E+00  6.34676E+00  6.16117E+00  5.89967E+00  5.57686E+00  5.20882E+00  4.81283E+00  4.40702E+00  4.01000E+00  3.64042E+00  3.31630E+00  3.05433E+00  2.86917E+00  2.77269E+00  2.77329E+00  2.87531E+00  3.07848E+00  3.37743E+00
  4.48541E+00  4.95186E+00  5.43323E+00  5.89822E+00  6.31302E+00  6.64343E+00  6.85765E+00  6.92926E+00  6.84038E+00  6.58439E+00  6.16778E+00  5.61084E+00  4.94660E+00  4.21815E+00  3.47431E+00  2.76431E+00  2.13201E+00  1.61071E+00  1.21929E+00  9.60495E-01  8.21629E-01  7.77711E-01  7.96487E-01  8.44502E-01  8.93143E-01  9.23571E-01  9.29705E-01  9.18760E-01  9.09325E-01  9.27442E-01  1.00146E+00  1.15668E+00  1.41067E+00  1.77013E+00  2.22965E+00  2.77235E+00  3.37225E+00  3.99763E+00  4.61487E+00  5.19201E+00  5.70155E+00  6.12238E+00  6.44051E+00  6.64902E+00  6.74727E+00  6.73980E+00  6.63519E+00  6.44490E+00  6.18247E+00  5.86289E+00  5.50215E+00  5.11692E+00  4.72437E+00  4.34177E+00  3.98626E+00  3.67434E+00  3.42141E+00  3.24112E+00  3.14473E+00  3.14044E+00  3.23260E+00  3.42111E+00  3.70082E+00  4.06106E+00  4.48541E+00
  5.65374E+00  6.08371E+00  6.46758E+00  6.77394E+00  6.97360E+00  7.04246E+00  6.96426E+00  6.73296E+00  6.35423E+00  5.84589E+00  5.23696E+00  4.56531E+00  3.87405E+00  3.20708E+00  2.60424E+00  2.09688E+00  1.70434E+00  1.43213E+00  1.27207E+00  1.20442E+00  1.20185E+00  1.23454E+00  1.27554E+00  1.30559E+00  1.31644E+00  1.31210E+00  1.30785E+00  1.32710E+00  1.39691E+00  1.54269E+00  1.78338E+00  2.12771E+00  2.57230E+00  3.10176E+00  3.69066E+00  4.30689E+00  4.91569E+00  5.48370E+00  5.98228E+00  6.38973E+00  6.69233E+00  6.88414E+00  6.96605E+00  6.94432E+00  6.82906E+00  6.63291E+00  6.37008E+00  6.05569E+00  5.70552E+00  5.33571E+00  4.96265E+00  4.60268E+00  4.27169E+00  3.98470E+00  3.75528E+00  3.59514E+00  3.51357E+00  3.51702E+00  3.60864E+00  3.78781E+00  4.04961E+00  4.38438E+00  4.77740E+00  5.20876E+00  5.65374E+00
  6.63095E+00  6.90593E+00  7.08508E+00  7.14624E+00  7.07387E+00  6.86144E+00  6.51311E+00  6.04428E+00  5.48089E+00  4.85723E+00  4.21264E+00  3.58728E+00  3.01772E+00  2.53286E+00  2.15082E+00  1.87735E+00  1.70603E+00  1.62020E+00  1.59644E+00  1.60896E+00  1.63429E+00  1.65541E+00  1.66468E+00  1.66511E+00  1.66967E+00  1.69873E+00  1.77629E+00  1.92539E+00  2.16364E+00  2.49968E+00  2.93102E+00  3.44373E+00  4.01390E+00  4.61056E+00  5.19948E+00  5.74725E+00  6.22485E+00  6.61028E+00  6.88994E+00  7.05868E+00  7.11888E+00  7.07872E+00  6.95031E+00  6.74794E+00  6.48678E+00  6.18205E+00  5.84877E+00  5.50176E+00  5.15577E+00  4.82548E+00  4.52533E+00  4.26909E+00  4.06918E+00  3.93603E+00  3.87745E+00  3.89810E+00  3.99924E+00  4.17849E+00  4.42976E+00  4.74317E+00  5.10499E+00  5.49757E+00  5.89954E+00  6.28630E+00  6.63095E+00
  7.19259E+00  7.23538E+00  7.16002E+00  6.96008E+00  6.63791E+00  6.20556E+00  5.68464E+00  5.10492E+00  4.50165E+00  3.91182E+00  3.37003E+00  2.90432E+00  2.53298E+00  2.26267E+00  2.08832E+00  1.99489E+00  1.96071E+00  1.96175E+00  1.97625E+00  1.98869E+00  1.99262E+00  1.99167E+00  1.99870E+00  2.03327E+00  2.11786E+00  2.27355E+00  2.51590E+00  2.85175E+00  3.27741E+00  3.77854E+00  4.33156E+00  4.90645E+00  5.47026E+00  5.99089E+00  6.44049E+00  6.79799E+00  7.05053E+00  7.19376E+00  7.23099E+00  7.17168E+00  7.02949E+00  6.82033E+00  6.56074E+00  6.26676E+00  5.95337E+00  5.63439E+00  5.32269E+00  5.03050E+00  4.76962E+00  4.55132E+00  4.38602E+00  4.28269E+00  4.24817E+00  4.28639E+00  4.39789E+00  4.57948E+00  4.82416E+00  5.12129E+00  5.45690E+00  5.81406E+00  6.17334E+00  6.51336E+00  6.81155E+00  7.04513E+00  7.19259E+00
  7.22507E+00  7.02608E+00  6.72008E+00  6.31718E+00  5.83524E+00  5.29904E+00  4.73846E+00  4.18571E+00  3.67200E+00  3.22391E+00  2.86021E+00  2.58962E+00  2.41010E+00  2.30976E+00  2.26952E+00  2.26695E+00  2.28073E+00  2.29489E+00  2.30194E+00  2.30439E+00  2.31424E+00  2.35063E+00  2.43595E+00  2.59136E+00  2.83235E+00  3.16539E+00  3.58602E+00  4.07885E+00  4.61931E+00  5.17669E+00  5.71801E+00  6.21189E+00  6.63190E+00  6.95890E+00  7.18213E+00  7.29921E+00  7.31506E+00  7.24029E+00  7.08926E+00  6.87833E+00  6.62430E+00  6.34335E+00  6.05046E+00  5.75914E+00  5.48152E+00  5.22844E+00  5.00966E+00  4.83393E+00  4.70886E+00  4.64071E+00  4.63399E+00  4.69103E+00  4.81149E+00  4.99198E+00  5.22585E+00  5.50312E+00  5.81068E+00  6.13267E+00  6.45107E+00  6.74647E+00  6.99893E+00  7.18907E+00  7.29918E+00  7.31461E+00  7.22507E+00
  6.76604E+00  6.38391E+00  5.93290E+00  5.43445E+00  4.91421E+00  4.39980E+00  3.91820E+00  3.49295E+00  3.14149E+00  2.87320E+00  2.68849E+00  2.57909E+00  2.52990E+00  2.52188E+00  2.53580E+00  2.55601E+00  2.57376E+00  2.58906E+00  2.61100E+00  2.65607E+00  2.74496E+00  2.89832E+00  3.13222E+00  3.45440E+00  3.86181E+00  4.34010E+00  4.86501E+00  5.40549E+00  5.92781E+00  6.39991E+00  6.79523E+00  7.09539E+00  7.29136E+00  7.38321E+00  7.37858E+00  7.29048E+00  7.13493E+00  6.92887E+00  6.68860E+00  6.42901E+00  6.16336E+00  5.90345E+00  5.65994E+00  5.44262E+00  5.26045E+00  5.12135E+00  5.03183E+00  4.99658E+00  5.01807E+00  5.09631E+00  5.22871E+00  5.41016E+00  5.63312E+00  5.88782E+00  6.16243E+00  6.44328E+00  6.71517E+00  6.96182E+00  7.16645E+00  7.31270E+00  7.38567E+00  7.37312E+00  7.26676E+00  7.06345E+00  6.76604E+00
  5.98444E+00  5.52128E+00  5.03847E+00  4.56009E+00  4.10999E+00  3.70926E+00  3.37394E+00  3.11326E+00  2.92874E+00  2.81441E+00  2.75818E+00  2.74424E+00  2.75611E+00  2.77986E+00  2.80697E+00  2.83622E+00  2.87417E+00  2.93415E+00  3.03372E+00  3.19114E+00  3.42136E+00  3.73235E+00  4.12249E+00  4.57954E+00  5.08146E+00  5.59894E+00  6.09916E+00  6.55019E+00  6.92508E+00  7.20502E+00  7.38103E+00  7.45403E+00  7.43339E+00  7.33448E+00  7.17575E+00  6.97601E+00  6.75237E+00  6.51912E+00  6.28758E+00  6.06664E+00  5.86369E+00  5.68555E+00  5.53894E+00  5.43062E+00  5.36682E+00  5.35255E+00  5.39062E+00  5.48097E+00  5.62028E+00  5.80201E+00  6.01688E+00  6.25355E+00  6.49935E+00  6.74102E+00  6.96521E+00  7.15880E+00  7.30920E+00  7.40457E+00  7.43427E+00  7.38953E+00  7.26429E+00  7.05620E+00  6.76753E+00  6.40591E+00  5.98444E+00
  5.11120E+00  4.67383E+00  4.25923E+00  3.88575E+00  3.56830E+00  3.31651E+00  3.13362E+00  3.01626E+00  2.95530E+00  2.93770E+00  2.94916E+00  2.97703E+00  3.01295E+00  3.05480E+00  3.10739E+00  3.18168E+00  3.29272E+00  3.45652E+00  3.68643E+00  3.98977E+00  4.36526E+00  4.80193E+00  5.27963E+00  5.77121E+00  6.24587E+00  6.67320E+00  7.02720E+00  7.28942E+00  7.45092E+00  7.51260E+00  7.48412E+00  7.38158E+00  7.22458E+00  7.03329E+00  6.82596E+00  6.61739E+00  6.41839E+00  6.23616E+00  6.07536E+00  5.93939E+00  5.83149E+00  5.75540E+00  5.71540E+00  5.71572E+00  5.75962E+00  5.84827E+00  5.97987E+00  6.14916E+00  6.34744E+00  6.56316E+00  6.78284E+00  6.99226E+00  7.17753E+00  7.32605E+00  7.42702E+00  7.47183E+00  7.45407E+00  7.36956E+00  7.21644E+00  6.99532E+00  6.70970E+00  6.36635E+00  5.97565E+00  5.55155E+00  5.11120E+00
  4.35303E+00  4.01760E+00  3.72831E+00  3.49333E+00  3.31656E+00  3.19719E+00  3.12983E+00  3.10554E+00  3.11352E+00  3.14335E+00  3.18728E+00  3.24216E+00  3.31044E+00  3.40012E+00  3.52328E+00  3.69351E+00  3.92280E+00  4.21816E+00  4.57909E+00  4.99612E+00  5.45098E+00  5.91844E+00  6.36942E+00  6.77488E+00  7.10979E+00  7.35641E+00  7.50627E+00  7.56069E+00  7.52970E+00  7.42976E+00  7.28083E+00  7.10332E+00  6.91555E+00  6.73207E+00  6.56304E+00  6.41454E+00  6.28964E+00  6.18967E+00  6.11550E+00  6.06842E+00  6.05045E+00  6.06407E+00  6.11151E+00  6.19383E+00  6.31003E+00  6.45631E+00  6.62587E+00  6.80903E+00  6.99390E+00  7.16726E+00  7.31566E+00  7.42657E+00  7.48927E+00  7.49564E+00  7.44051E+00  7.32185E+00  7.14068E+00  6.90081E+00  6.60856E+00  6.27249E+00  5.90310E+00  5.51260E+00  5.11450E+00  4.72317E+00  4.35303E+00
  3.82804E+00  3.62260E+00  3.46567E+00  3.35594E+00  3.28944E+00  3.26024E+00  3.26144E+00  3.28646E+00  3.33039E+00  3.39128E+00  3.47090E+00  3.57489E+00  3.71190E+00  3.89201E+00  4.12431E+00  4.41436E+00  4.76179E+00  5.15874E+00  5.58958E+00  6.03201E+00  6.45963E+00  6.84530E+00  7.16499E+00  7.40117E+00  7.54512E+00  7.59782E+00  7.56915E+00  7.47579E+00  7.33813E+00  7.17700E+00  7.01084E+00  6.85375E+00  6.71477E+00  6.59826E+00  6.50518E+00  6.43468E+00  6.38572E+00  6.35806E+00  6.35270E+00  6.37155E+00  6.41663E+00  6.48900E+00  6.58780E+00  6.70961E+00  6.84827E+00  6.99512E+00  7.13972E+00  7.27064E+00  7.37644E+00  7.44651E+00  7.47179E+00  7.44533E+00  7.36269E+00  7.22222E+00  7.02516E+00  6.77570E+00  6.48078E+00  6.14975E+00  5.79388E+00  5.42570E+00  5.05818E+00  4.70402E+00  4.37480E+00  4.08033E+00  3.82804E+00
  3.54903E+00  3.45917E+00  3.40663E+00  3.38529E+00  3.38909E+00  3.41317E+00  3.45491E+00  3.51459E+00  3.59551E+00  3.70370E+00  3.84695E+00  4.03333E+00  4.26941E+00  4.55834E+00  4.89815E+00  5.28073E+00  5.69160E+00  6.11085E+00  6.51505E+00  6.88007E+00  7.18423E+00  7.41132E+00  7.55285E+00  7.60915E+00  7.58905E+00  7.50815E+00  7.38613E+00  7.24356E+00  7.09893E+00  6.96635E+00  6.85447E+00  6.76660E+00  6.70193E+00  6.65731E+00  6.62922E+00  6.61534E+00  6.61529E+00  6.63061E+00  6.66386E+00  6.71730E+00  6.79157E+00  6.88462E+00  6.99128E+00  7.10346E+00  7.21100E+00  7.30283E+00  7.36825E+00  7.39796E+00  7.38480E+00  7.32410E+00  7.21367E+00  7.05367E+00  6.84634E+00  6.59593E+00  6.30851E+00  5.99202E+00  5.65607E+00  5.31167E+00  4.97063E+00  4.64484E+00  4.34527E+00  4.08102E+00  3.85857E+00  3.68122E+00  3.54903E+00
  3.45487E+00  3.44601E+00  3.46135E+00  3.49547E+00  3.54515E+00  3.61020E+00  3.69383E+00  3.80221E+00  3.94345E+00  4.12591E+00  4.35628E+00  4.63762E+00  4.96773E+00  5.33829E+00  5.73492E+00  6.13824E+00  6.52592E+00  6.87537E+00  7.16666E+00  7.38521E+00  7.52376E+00  7.58323E+00  7.57231E+00  7.50587E+00  7.40250E+00  7.28155E+00  7.16037E+00  7.05213E+00  6.96470E+00  6.90062E+00  6.85811E+00  6.83279E+00  6.81965E+00  6.81476E+00  6.81630E+00  6.82486E+00  6.84283E+00  6.87313E+00  6.91785E+00  6.97685E+00  7.04696E+00  7.12186E+00  7.19262E+00  7.24882E+00  7.27997E+00  7.27688E+00  7.23274E+00  7.14368E+00  7.00894E+00  6.83047E+00  6.61239E+00  6.36040E+00  6.08120E+00  5.78223E+00  5.47147E+00  5.15744E+00  4.84906E+00  4.55543E+00  4.28539E+00  4.04684E+00  3.84600E+00  3.68675E+00  3.57011E+00  3.49426E+00  3.45487E+00
  3.46714E+00  3.50966E+00  3.57028E+00  3.64766E+00  3.74299E+00  3.86014E+00  4.00510E+00  4.18490E+00  4.40594E+00  4.67213E+00  4.98302E+00  5.33260E+00  5.70882E+00  6.09430E+00  6.46800E+00  6.80793E+00  7.09413E+00  7.31162E+00  7.45265E+00  7.51779E+00  7.51559E+00  7.46103E+00  7.37277E+00  7.27010E+00  7.16993E+00  7.08455E+00  7.02047E+00  6.97857E+00  6.95533E+00  6.94472E+00  6.94045E+00  6.93772E+00  6.93438E+00  6.93111E+00  6.93078E+00  6.93709E+00  6.95309E+00  6.97975E+00  7.01512E+00  7.05412E+00  7.08905E+00  7.11068E+00  7.10954E+00  7.07730E+00  7.00783E+00  6.89785E+00  6.74705E+00  6.55794E+00  6.33519E+00  6.08507E+00  5.81473E+00  5.53175E+00  5.24373E+00  4.95815E+00  4.68214E+00  4.42250E+00  4.18543E+00  3.97639E+00  3.79974E+00  3.65845E+00  3.55381E+00  3.48528E+00  3.45057E+00  3.44600E+00  3.46714E+00
