rho, ne (10^19 m^-3), Te (keV), Ti (keV)
         0    4.6357    4.3759    1.5724
    0.0101    4.6354    4.3737    1.5721
    0.0202    4.6344    4.3674    1.5713
    0.0303    4.6328    4.3568    1.5700
    0.0404    4.6305    4.3421    1.5681
    0.0505    4.6276    4.3233    1.5657
    0.0606    4.6241    4.3005    1.5628
    0.0707    4.6199    4.2737    1.5593
    0.0808    4.6152    4.2430    1.5554
    0.0909    4.6099    4.2087    1.5510
    0.1010    4.6040    4.1708    1.5461
    0.1111    4.5975    4.1294    1.5407
    0.1212    4.5905    4.0847    1.5349
    0.1313    4.5830    4.0369    1.5286
    0.1414    4.5750    3.9861    1.5219
    0.1515    4.5665    3.9325    1.5148
    0.1616    4.5576    3.8763    1.5074
    0.1717    4.5482    3.8177    1.4995
    0.1818    4.5385    3.7569    1.4913
    0.1919    4.5284    3.6940    1.4827
    0.2020    4.5180    3.6294    1.4739
    0.2121    4.5073    3.5630    1.4647
    0.2222    4.4962    3.4952    1.4552
    0.2323    4.4850    3.4262    1.4455
    0.2424    4.4735    3.3561    1.4355
    0.2525    4.4618    3.2851    1.4253
    0.2626    4.4500    3.2134    1.4148
    0.2727    4.4381    3.1411    1.4041
    0.2828    4.4260    3.0685    1.3933
    0.2929    4.4139    2.9957    1.3822
    0.3030    4.4017    2.9228    1.3710
    0.3131    4.3896    2.8500    1.3596
    0.3232    4.3774    2.7774    1.3481
    0.3333    4.3653    2.7052    1.3364
    0.3434    4.3532    2.6334    1.3245
    0.3535    4.3412    2.5622    1.3125
    0.3636    4.3293    2.4917    1.3004
    0.3737    4.3176    2.4219    1.2881
    0.3838    4.3059    2.3530    1.2756
    0.3939    4.2945    2.2850    1.2630
    0.4040    4.2832    2.2180    1.2503
    0.4141    4.2721    2.1521    1.2374
    0.4242    4.2611    2.0872    1.2242
    0.4343    4.2504    2.0235    1.2109
    0.4444    4.2399    1.9610    1.1974
    0.4545    4.2296    1.8996    1.1837
    0.4646    4.2194    1.8395    1.1697
    0.4747    4.2095    1.7806    1.1555
    0.4848    4.1997    1.7230    1.1409
    0.4949    4.1901    1.6666    1.1261
    0.5051    4.1807    1.6115    1.1108
    0.5152    4.1714    1.5576    1.0953
    0.5253    4.1622    1.5049    1.0793
    0.5354    4.1530    1.4535    1.0629
    0.5455    4.1439    1.4032    1.0460
    0.5556    4.1348    1.3541    1.0286
    0.5657    4.1257    1.3062    1.0107
    0.5758    4.1164    1.2594    0.9923
    0.5859    4.1070    1.2137    0.9732
    0.5960    4.0974    1.1691    0.9535
    0.6061    4.0875    1.1255    0.9332
    0.6162    4.0773    1.0830    0.9122
    0.6263    4.0666    1.0414    0.8905
    0.6364    4.0554    1.0008    0.8681
    0.6465    4.0436    0.9611    0.8450
    0.6566    4.0311    0.9224    0.8212
    0.6667    4.0178    0.8844    0.7966
    0.6768    4.0035    0.8474    0.7713
    0.6869    3.9882    0.8111    0.7452
    0.6970    3.9718    0.7756    0.7185
    0.7071    3.9540    0.7410    0.6912
    0.7172    3.9349    0.7070    0.6632
    0.7273    3.9141    0.6738    0.6346
    0.7374    3.8917    0.6413    0.6056
    0.7475    3.8674    0.6095    0.5761
    0.7576    3.8410    0.5785    0.5463
    0.7677    3.8125    0.5481    0.5163
    0.7778    3.7817    0.5184    0.4862
    0.7879    3.7484    0.4894    0.4560
    0.7980    3.7124    0.4612    0.4259
    0.8081    3.6737    0.4336    0.3961
    0.8182    3.6320    0.4068    0.3667
    0.8283    3.5872    0.3807    0.3379
    0.8384    3.5392    0.3553    0.3097
    0.8485    3.4879    0.3308    0.2823
    0.8586    3.4331    0.3070    0.2558
    0.8687    3.3747    0.2841    0.2304
    0.8788    3.3127    0.2620    0.2063
    0.8889    3.2470    0.2408    0.1834
    0.8990    3.1775    0.2204    0.1619
    0.9091    3.1043    0.2010    0.1418
    0.9192    3.0273    0.1826    0.1233
    0.9293    2.9466    0.1651    0.1063
    0.9394    2.8623    0.1486    0.0909
    0.9495    2.7744    0.1331    0.0770
    0.9596    2.6832    0.1186    0.0646
    0.9697    2.5888    0.1051    0.0537
    0.9798    2.4915    0.0926    0.0441
    0.9899    2.3914    0.0811    0.0359
    1.0000    2.2890    0.0706    0.0288

