x/a=sqrt(s)   E_r[V/m]    <Q_i\dot\nabla x>[W/m^2] <Q_e\dot\nabla x>[W/m^2] ... <Gamma_i\dot\nabla x>[1/m^2] <Gamma_e\dot\nabla x>[1/m^2] ... 
  1.79245E-02  1.48437E+03  1.31424E+03  8.51912E+03
  5.37736E-02  2.40234E+03  3.39631E+03  1.82172E+04
  8.96227E-02  2.91797E+03  4.64508E+03  2.43152E+04
  1.25472E-01  3.52734E+03  5.08674E+03  2.88619E+04
  1.61321E-01  4.01953E+03  5.51080E+03  3.03115E+04
  1.97170E-01  4.39453E+03  5.98930E+03  3.08754E+04
  2.33019E-01  4.79931E+03  6.18374E+03  2.97497E+04
  2.68868E-01  4.90813E+03  5.77640E+03  2.58774E+04
  3.04717E-01  4.44745E+03  5.15447E+03  2.12934E+04
  3.40566E-01 -7.90934E+02  8.80357E+03  2.09921E+04
  3.76415E-01 -1.19711E+03  6.55309E+03  1.39254E+04  6.12181E-01  6.09050E-01
  4.12264E-01 -1.69509E+03  4.69215E+03  8.51832E+03  4.24851E-01  4.29266E-01
  4.48113E-01 -2.21451E+03  3.65379E+03  5.42467E+03  3.11460E-01  3.08297E-01
  4.83962E-01 -2.85883E+03  2.89455E+03  3.39357E+03  2.17966E-01  2.19904E-01
  5.19812E-01 -3.50605E+03  2.47392E+03  2.12612E+03  1.58011E-01  1.58546E-01
  5.55660E-01 -4.14836E+03  2.21905E+03  1.33382E+03  1.17778E-01  1.15664E-01
  5.91509E-01 -4.78862E+03  2.01597E+03  8.44271E+02  8.68506E-02  8.61417E-02
  6.27359E-01 -5.38414E+03  1.84103E+03  5.43082E+02  6.57531E-02  6.62033E-02
  6.63207E-01 -5.75561E+03  1.51409E+03  3.29272E+02  4.95818E-02  5.02018E-02
  6.99057E-01 -6.15772E+03  1.33364E+03  2.19790E+02  4.21287E-02  4.11745E-02
  7.34905E-01 -6.47518E+03  1.12059E+03  1.48841E+02  3.56849E-02  3.47660E-02
  7.70755E-01 -6.52365E+03  8.68149E+02  1.00544E+02  2.95910E-02  2.97326E-02
  8.06604E-01 -6.23864E+03  6.13665E+02  6.19284E+01  2.49858E-02  2.44986E-02
  8.42453E-01 -5.63215E+03  3.87389E+02  3.94599E+01  2.03124E-02  2.04717E-02
  8.78302E-01 -4.67166E+03  2.16621E+02  2.35340E+01  1.72327E-02  1.63660E-02
  9.14151E-01 -3.49919E+03  1.02038E+02  1.27342E+01  1.15681E-02  1.22882E-02
  9.50000E-01 -2.20231E+03  3.99752E+01  6.04487E+00  8.67776E-03  8.29226E-03
