0   2.37957E-02 -4.22187E-15  1.90736E-03  6.35063E-04  1.37357E+07
0   2.37957E-02 -4.22187E-15  5.98512E-03  6.35063E-04  1.37357E+07
0   1.18979E-02  0.00000E+00  3.07893E-04  6.35063E-04  1.37357E+07   32   64   32  3.99956E-04
1   3.59495E+02  0.00000E+00  2.88155E+01  4.48604E+00  5.48776E+12
1   1.25201E+02  0.00000E+00  1.00355E+01  4.48604E+00  5.48776E+12
1   3.93253E+01  0.00000E+00  3.15215E+00  4.48604E+00  5.48776E+12
1   1.36453E+01  0.00000E+00  1.09375E+00  4.48604E+00  5.48776E+12
1   4.27012E+00  0.00000E+00  3.42274E-01  4.48604E+00  5.48776E+12
1   1.47706E+00  0.00000E+00  1.18395E-01  4.48604E+00  5.48776E+12
1   4.60770E-01  0.00000E+00  3.69333E-02  4.48604E+00  5.48776E+12
1   1.58959E-01  0.00000E+00  1.27414E-02  4.48604E+00  5.48776E+12
2   4.94528E-02  0.00000E+00  5.98512E-03  4.48604E+00  5.48776E+12
2   1.70212E-02  0.00000E+00  5.98512E-03  4.48604E+00  5.48776E+12
2   5.28286E-03  0.00000E+00  5.98512E-03  4.48604E+00  5.48776E+12
2   1.81464E-03  0.00000E+00  5.98512E-03  4.48604E+00  5.48776E+12
4   2.81022E-04  0.00000E+00  1.30355E-02  4.48604E+00  5.48776E+12   32   64   32  5.98512E-03
4   9.63586E-05  0.00000E+00  3.80170E-02  4.48604E+00  5.48776E+12   32   64   32  5.98512E-03
4   2.97901E-05  0.00000E+00  1.22969E-01  4.48604E+00  5.48776E+12   32   64   32  5.98512E-03
4   1.01985E-05  0.00000E+00  3.59196E-01  4.48604E+00  5.48776E+12   32   64   32  5.98512E-03
4   3.14781E-06  0.00000E+00  1.16375E+00  4.48604E+00  5.48776E+12   32   64   32  5.98512E-03
4   1.07611E-06  0.00000E+00  3.40416E+00  4.48604E+00  5.48776E+12   32   64   32  5.98512E-03
1   3.59495E+02  1.00000E-05  2.05093E+01  4.48604E+00  5.48776E+12
1   1.25201E+02  1.00000E-05  9.52539E+00  4.48604E+00  5.48776E+12
1   3.93253E+01  1.00000E-05  3.13434E+00  4.48604E+00  5.48776E+12
1   1.36453E+01  1.00000E-05  1.09276E+00  4.48604E+00  5.48776E+12
1   4.27012E+00  1.00000E-05  3.42230E-01  4.48604E+00  5.48776E+12
1   1.47706E+00  1.00000E-05  1.18393E-01  4.48604E+00  5.48776E+12
1   4.60770E-01  1.00000E-05  3.69332E-02  4.48604E+00  5.48776E+12
1   1.58959E-01  1.00000E-05  1.27414E-02  4.48604E+00  5.48776E+12
2   4.94528E-02  1.00000E-05  5.98512E-03  4.48604E+00  5.48776E+12
2   1.70212E-02  1.00000E-05  5.98512E-03  4.48604E+00  5.48776E+12
2   5.28286E-03  1.00000E-05  5.98512E-03  4.48604E+00  5.48776E+12
2   1.81464E-03  1.00000E-05  5.98512E-03  4.48604E+00  5.48776E+12
4   2.81022E-04  1.00000E-05  1.30335E-02  4.48604E+00  5.48776E+12   32   64   32  5.98512E-03
4   9.63586E-05  1.00000E-05  3.79887E-02  4.48604E+00  5.48776E+12   32   64   32  5.98512E-03
4   2.97901E-05  1.00000E-05  1.22285E-01  4.48604E+00  5.48776E+12   32   64   32  5.98512E-03
4   1.01985E-05  1.00000E-05  3.45133E-01  4.48604E+00  5.48776E+12   32   64   32  5.98512E-03
4   3.14781E-06  1.00000E-05  8.50354E-01  4.48604E+00  5.48776E+12   32   64   32  5.98512E-03
4   1.07611E-06  1.00000E-05  8.91908E-01  4.48604E+00  5.48776E+12   32   64   32  5.98512E-03
1   3.59495E+02  3.00000E-05  9.08626E+00  4.48604E+00  5.48776E+12
1   1.25201E+02  3.00000E-05  6.97599E+00  4.48604E+00  5.48776E+12
1   3.93253E+01  3.00000E-05  3.00875E+00  4.48604E+00  5.48776E+12
1   1.36453E+01  3.00000E-05  1.08709E+00  4.48604E+00  5.48776E+12
1   4.27012E+00  3.00000E-05  3.41993E-01  4.48604E+00  5.48776E+12
1   1.47706E+00  3.00000E-05  1.18379E-01  4.48604E+00  5.48776E+12
1   4.60770E-01  3.00000E-05  3.69327E-02  4.48604E+00  5.48776E+12
1   1.58959E-01  3.00000E-05  1.27414E-02  4.48604E+00  5.48776E+12
2   4.94528E-02  3.00000E-05  5.98512E-03  4.48604E+00  5.48776E+12
2   1.70212E-02  3.00000E-05  5.98512E-03  4.48604E+00  5.48776E+12
2   5.28286E-03  3.00000E-05  5.98512E-03  4.48604E+00  5.48776E+12
2   1.81464E-03  3.00000E-05  5.98512E-03  4.48604E+00  5.48776E+12
4   2.81022E-04  3.00000E-05  1.30253E-02  4.48604E+00  5.48776E+12   32   64   32  5.98512E-03
4   9.63586E-05  3.00000E-05  3.78324E-02  4.48604E+00  5.48776E+12   32   64   32  5.98512E-03
4   2.97901E-05  3.00000E-05  1.17918E-01  4.48604E+00  5.48776E+12   32   64   32  5.98512E-03
4   1.01985E-05  3.00000E-05  2.72354E-01  4.48604E+00  5.48776E+12   32   64   32  5.98512E-03
4   3.14781E-06  3.00000E-05  2.94384E-01  4.48604E+00  5.48776E+12   32   64   32  5.98512E-03
4   1.07611E-06  3.00000E-05  1.65651E-01  4.48604E+00  5.48776E+12   32   64   32  5.98512E-03
1   3.59495E+02  1.00000E-04  4.92675E+00  4.48604E+00  5.48776E+12
1   1.25201E+02  1.00000E-04  2.83867E+00  4.48604E+00  5.48776E+12
1   3.93253E+01  1.00000E-04  2.13497E+00  4.48604E+00  5.48776E+12
1   1.36453E+01  1.00000E-04  1.02854E+00  4.48604E+00  5.48776E+12
1   4.27012E+00  1.00000E-04  3.40019E-01  4.48604E+00  5.48776E+12
1   1.47706E+00  1.00000E-04  1.18273E-01  4.48604E+00  5.48776E+12
1   4.60770E-01  1.00000E-04  3.69279E-02  4.48604E+00  5.48776E+12
1   1.58959E-01  1.00000E-04  1.27412E-02  4.48604E+00  5.48776E+12
2   4.94528E-02  1.00000E-04  5.98512E-03  4.48604E+00  5.48776E+12
2   1.70212E-02  1.00000E-04  5.98512E-03  4.48604E+00  5.48776E+12
2   5.28286E-03  1.00000E-04  5.98512E-03  4.48604E+00  5.48776E+12
2   1.81464E-03  1.00000E-04  5.98512E-03  4.48604E+00  5.48776E+12
4   2.81022E-04  1.00000E-04  1.29550E-02  4.48604E+00  5.48776E+12   32   64   32  5.98512E-03
4   9.63586E-05  1.00000E-04  3.63689E-02  4.48604E+00  5.48776E+12   32   64   32  5.98512E-03
4   2.97901E-05  1.00000E-04  8.72797E-02  4.48604E+00  5.48776E+12   32   64   32  5.98512E-03
4   1.01985E-05  1.00000E-04  8.73026E-02  4.48604E+00  5.48776E+12   32   64   32  5.98512E-03
4   3.14781E-06  1.00000E-04  4.60882E-02  4.48604E+00  5.48776E+12   32   64   32  5.98512E-03
4   1.07611E-06  1.00000E-04  2.37429E-02  4.48604E+00  5.48776E+12   32   64   32  5.98512E-03
1   3.59495E+02  3.00000E-04  2.50636E+00  4.48604E+00  5.48776E+12
1   1.25201E+02  3.00000E-04  1.68832E+00  4.48604E+00  5.48776E+12
1   3.93253E+01  3.00000E-04  9.30003E-01  4.48604E+00  5.48776E+12
1   1.36453E+01  3.00000E-04  7.23443E-01  4.48604E+00  5.48776E+12
1   4.27012E+00  3.00000E-04  3.24117E-01  4.48604E+00  5.48776E+12
1   1.47706E+00  3.00000E-04  1.17559E-01  4.48604E+00  5.48776E+12
1   4.60770E-01  3.00000E-04  3.68991E-02  4.48604E+00  5.48776E+12
1   1.58959E-01  3.00000E-04  1.27394E-02  4.48604E+00  5.48776E+12
2   4.94528E-02  3.00000E-04  5.98512E-03  4.48604E+00  5.48776E+12
2   1.70212E-02  3.00000E-04  5.98512E-03  4.48604E+00  5.48776E+12
2   5.28286E-03  3.00000E-04  5.98512E-03  4.48604E+00  5.48776E+12
2   1.81464E-03  3.00000E-04  5.98512E-03  4.48604E+00  5.48776E+12
4   2.81022E-04  3.00000E-04  1.24411E-02  4.48604E+00  5.48776E+12   32   64   32  5.98512E-03
4   9.63586E-05  3.00000E-04  2.80608E-02  4.48604E+00  5.48776E+12   32   64   32  5.98512E-03
4   2.97901E-05  3.00000E-04  2.87765E-02  4.48604E+00  5.48776E+12   32   64   32  5.98512E-03
4   1.01985E-05  3.00000E-04  1.60611E-02  4.48604E+00  5.48776E+12   32   64   32  5.98512E-03
4   3.14781E-06  3.00000E-04  7.78744E-03  4.48604E+00  5.48776E+12   32   64   32  5.98512E-03
4   1.07611E-06  3.00000E-04  3.90432E-03  4.48604E+00  5.48776E+12   32   64   32  5.98512E-03
1   3.59495E+02  1.00000E-03  4.08776E-01  4.48604E+00  5.48776E+12
1   1.25201E+02  1.00000E-03  7.40271E-01  4.48604E+00  5.48776E+12
1   3.93253E+01  1.00000E-03  5.21248E-01  4.48604E+00  5.48776E+12
1   1.36453E+01  1.00000E-03  2.91919E-01  4.48604E+00  5.48776E+12
1   4.27012E+00  1.00000E-03  2.20592E-01  4.48604E+00  5.48776E+12
1   1.47706E+00  1.00000E-03  1.10232E-01  4.48604E+00  5.48776E+12
1   4.60770E-01  1.00000E-03  3.66525E-02  4.48604E+00  5.48776E+12
1   1.58959E-01  1.00000E-03  1.27267E-02  4.48604E+00  5.48776E+12
2   4.94528E-02  1.00000E-03  5.98512E-03  4.48604E+00  5.48776E+12
2   1.70212E-02  1.00000E-03  5.98512E-03  4.48604E+00  5.48776E+12
2   5.28286E-03  1.00000E-03  5.98512E-03  4.48604E+00  5.48776E+12
2   1.81464E-03  1.00000E-03  5.98512E-03  4.48604E+00  5.48776E+12
4   2.81022E-04  1.00000E-03  8.94982E-03  4.48604E+00  5.48776E+12   32   64   32  5.98512E-03
4   9.63586E-05  1.00000E-03  8.52088E-03  4.48604E+00  5.48776E+12   32   64   32  5.98512E-03
4   2.97901E-05  1.00000E-03  4.46348E-03  4.48604E+00  5.48776E+12   32   64   32  5.98512E-03
4   1.01985E-05  1.00000E-03  2.29414E-03  4.48604E+00  5.48776E+12   32   64   32  5.98512E-03
4   3.14781E-06  1.00000E-03  1.07257E-03  4.48604E+00  5.48776E+12   32   64   32  5.98512E-03
4   1.07611E-06  1.00000E-03  4.89109E-04  4.48604E+00  5.48776E+12   32   64   32  5.98512E-03
1   3.59495E+02  3.00000E-03  4.99901E-02  4.48604E+00  5.48776E+12
1   1.25201E+02  3.00000E-03  1.31378E-01  4.48604E+00  5.48776E+12
1   3.93253E+01  3.00000E-03  2.48924E-01  4.48604E+00  5.48776E+12
1   1.36453E+01  3.00000E-03  1.78110E-01  4.48604E+00  5.48776E+12
1   4.27012E+00  3.00000E-03  9.52968E-02  4.48604E+00  5.48776E+12
1   1.47706E+00  3.00000E-03  7.45251E-02  4.48604E+00  5.48776E+12
1   4.60770E-01  3.00000E-03  3.46781E-02  4.48604E+00  5.48776E+12
1   1.58959E-01  3.00000E-03  1.26381E-02  4.48604E+00  5.48776E+12
2   4.94528E-02  3.00000E-03  5.98512E-03  4.48604E+00  5.48776E+12
2   1.70212E-02  3.00000E-03  5.98512E-03  4.48604E+00  5.48776E+12
2   5.28286E-03  3.00000E-03  5.98512E-03  4.48604E+00  5.48776E+12
2   1.81464E-03  3.00000E-03  5.98512E-03  4.48604E+00  5.48776E+12
4   2.81022E-04  3.00000E-03  2.80454E-03  4.48604E+00  5.48776E+12   32   64   32  5.98512E-03
4   9.63586E-05  3.00000E-03  1.55433E-03  4.48604E+00  5.48776E+12   32   64   32  5.98512E-03
4   2.97901E-05  3.00000E-03  7.51791E-04  4.48604E+00  5.48776E+12   32   64   32  5.98512E-03
4   1.01985E-05  3.00000E-03  3.76625E-04  4.48604E+00  5.48776E+12   32   64   32  5.98512E-03
4   3.14781E-06  3.00000E-03  1.59942E-04  4.48604E+00  5.48776E+12   32   64   32  5.98512E-03
4   1.07611E-06  3.00000E-03  8.23670E-05  4.48604E+00  5.48776E+12   32   64   32  5.98512E-03
1   3.59495E+02  1.00000E-02  4.71720E-03  4.48604E+00  5.48776E+12
1   1.25201E+02  1.00000E-02  1.30004E-02  4.48604E+00  5.48776E+12
1   3.93253E+01  1.00000E-02  3.79153E-02  4.48604E+00  5.48776E+12
1   1.36453E+01  1.00000E-02  7.26704E-02  4.48604E+00  5.48776E+12
1   4.27012E+00  1.00000E-02  5.48229E-02  4.48604E+00  5.48776E+12
1   1.47706E+00  1.00000E-02  3.00500E-02  4.48604E+00  5.48776E+12
1   4.60770E-01  1.00000E-02  2.26580E-02  4.48604E+00  5.48776E+12
1   1.58959E-01  1.00000E-02  1.17380E-02  4.48604E+00  5.48776E+12
2   4.94528E-02  1.00000E-02  5.98512E-03  4.48604E+00  5.48776E+12
2   1.70212E-02  1.00000E-02  5.98512E-03  4.48604E+00  5.48776E+12
2   5.28286E-03  1.00000E-02  5.98512E-03  4.48604E+00  5.48776E+12
2   1.81464E-03  1.00000E-02  5.98512E-03  4.48604E+00  5.48776E+12
4   2.81022E-04  1.00000E-02  4.31375E-04  4.48604E+00  5.48776E+12   32   64   32  5.98512E-03
4   9.63586E-05  1.00000E-02  2.21247E-04  4.48604E+00  5.48776E+12   32   64   32  5.98512E-03
4   2.97901E-05  1.00000E-02  1.03294E-04  4.48604E+00  5.48776E+12   32   64   32  5.98512E-03
4   1.01985E-05  1.00000E-02  4.69608E-05  4.48604E+00  5.48776E+12   32   64   32  5.98512E-03
4   3.14781E-06  1.00000E-02  2.36903E-05  4.48604E+00  5.48776E+12   32   64   32  5.98512E-03
4   1.07611E-06  1.00000E-02  2.46935E-05  4.48604E+00  5.48776E+12   32   64   32  5.98512E-03
1   3.59495E+02  3.00000E-02  5.56255E-04  4.48604E+00  5.48776E+12
1   1.25201E+02  3.00000E-02  1.50783E-03  4.48604E+00  5.48776E+12
1   3.93253E+01  3.00000E-02  4.58756E-03  4.48604E+00  5.48776E+12
1   1.36453E+01  3.00000E-02  1.22125E-02  4.48604E+00  5.48776E+12
1   4.27012E+00  3.00000E-02  2.45709E-02  4.48604E+00  5.48776E+12
1   1.47706E+00  3.00000E-02  1.86833E-02  4.48604E+00  5.48776E+12
1   4.60770E-01  3.00000E-02  9.77469E-03  4.48604E+00  5.48776E+12
1   1.58959E-01  3.00000E-02  7.63675E-03  4.48604E+00  5.48776E+12
2   4.94528E-02  3.00000E-02  5.98512E-03  4.48604E+00  5.48776E+12
2   1.70212E-02  3.00000E-02  5.98512E-03  4.48604E+00  5.48776E+12
2   5.28286E-03  3.00000E-02  5.98512E-03  4.48604E+00  5.48776E+12
2   1.81464E-03  3.00000E-02  5.98512E-03  4.48604E+00  5.48776E+12
4   2.81022E-04  3.00000E-02  7.24312E-05  4.48604E+00  5.48776E+12   32   64   32  5.98512E-03
4   9.63586E-05  3.00000E-02  3.62458E-05  4.48604E+00  5.48776E+12   32   64   32  5.98512E-03
4   2.97901E-05  3.00000E-02  1.53415E-05  4.48604E+00  5.48776E+12   32   64   32  5.98512E-03
4   1.01985E-05  3.00000E-02  8.08425E-06  4.48604E+00  5.48776E+12   32   64   32  5.98512E-03
4   3.14781E-06  3.00000E-02  8.29508E-06  4.48604E+00  5.48776E+12   32   64   32  5.98512E-03
4   1.07611E-06  3.00000E-02  1.42888E-05  4.48604E+00  5.48776E+12   32   64   32  5.98512E-03
