 0.10000E+01	 0.00000E+00	 0.00000E+00	 0.11494E+00	 0.75523E+00	 0.75523E+00	 0.44774E-03	 0.44774E-03	 0.71868E-03	 0.71868E-03	 0.45723E+01	 0.10005E+04	 0.21891E+06	 0.76621E-13	 0.32290E+00	-0.74350E+00	 0.00000E+00	-0.11250E+02	 0.94074E+00
 0.10000E+00	 0.00000E+00	 0.00000E+00	 0.11494E+00	 0.83682E-01	 0.83682E-01	 0.80574E-02	 0.80574E-02	 0.16868E+00	 0.16868E+00	 0.45723E+01	 0.10005E+04	 0.21891E+06	 0.14101E-13	 0.32290E+00	-0.74350E+00	 0.00000E+00	-0.11250E+02	 0.94074E+00
 0.10000E+02	 0.00000E+00	 0.00000E+00	 0.11494E+00	 0.75340E+01	 0.75340E+01	 0.48272E-05	 0.48272E-05	 0.78046E-06	 0.78046E-06	 0.45723E+01	 0.10005E+04	 0.21891E+06	 0.39891E-11	 0.32290E+00	-0.74350E+00	 0.00000E+00	-0.11250E+02	 0.94074E+00
 0.10000E-01	 0.00000E+00	 0.00000E+00	 0.11494E+00	 0.36963E-01	 0.36963E-01	-0.10701E+00	-0.10701E+00	 0.11145E+02	 0.11145E+02	 0.45723E+01	 0.10005E+04	 0.21891E+06	 0.24246E-12	 0.32290E+00	-0.74350E+00	 0.00000E+00	-0.11250E+02	 0.94074E+00
 0.10000E+03	 0.00000E+00	 0.00000E+00	 0.11494E+00	 0.75338E+02	 0.75338E+02	 0.48310E-07	 0.48310E-07	 0.78115E-09	 0.78115E-09	 0.45723E+01	 0.10005E+04	 0.21891E+06	 0.52381E-09	 0.32290E+00	-0.74350E+00	 0.00000E+00	-0.11250E+02	 0.94074E+00
 0.10000E-02	 0.00000E+00	 0.00000E+00	 0.11494E+00	 0.48370E-01	 0.47948E-01	-0.11924E+01	-0.11932E+01	 0.22385E+03	 0.22294E+03	 0.45723E+01	 0.10005E+04	 0.21891E+06	 0.11226E-10	 0.32290E+00	-0.74350E+00	 0.00000E+00	-0.11250E+02	 0.94074E+00
 0.10000E-03	 0.00000E+00	 0.00000E+00	 0.11494E+00	 0.17704E+00	 0.12997E+00	-0.25556E+01	-0.24554E+01	 0.29284E+04	 0.27333E+04	 0.45723E+01	 0.10005E+04	 0.21891E+06	 0.17325E-08	 0.32290E+00	-0.74350E+00	 0.00000E+00	-0.11250E+02	 0.94074E+00
 0.10000E-04	 0.00000E+00	 0.00000E+00	 0.11494E+00	 0.16820E+01	 0.60008E+00	-0.29896E+01	-0.29366E+01	 0.33996E+05	 0.28246E+05	 0.45723E+01	 0.10005E+04	 0.21891E+06	 0.77938E-07	 0.32290E+00	-0.74350E+00	 0.00000E+00	-0.11250E+02	 0.94074E+00
 0.10000E-05	 0.00000E+00	 0.00000E+00	 0.11494E+00	 0.16809E+02	 0.56802E+00	 0.74955E+00	-0.48761E+01	 0.39052E+06	 0.28282E+06	 0.45723E+01	 0.10005E+04	 0.21891E+06	 0.57568E-05	 0.32290E+00	-0.74350E+00	 0.00000E+00	-0.11250E+02	 0.94074E+00
 0.30000E+01	 0.00000E+00	 0.00000E+00	 0.11494E+00	 0.22608E+01	 0.22608E+01	 0.53206E-04	 0.53206E-04	 0.28648E-04	 0.28648E-04	 0.45723E+01	 0.10005E+04	 0.21891E+06	 0.61980E-12	 0.32290E+00	-0.74350E+00	 0.00000E+00	-0.11250E+02	 0.94074E+00
 0.30000E+00	 0.00000E+00	 0.00000E+00	 0.11494E+00	 0.23054E+00	 0.23054E+00	 0.30135E-02	 0.30135E-02	 0.16224E-01	 0.16224E-01	 0.45723E+01	 0.10005E+04	 0.21891E+06	 0.15381E-13	 0.32290E+00	-0.74350E+00	 0.00000E+00	-0.11250E+02	 0.94074E+00
 0.30000E+02	 0.00000E+00	 0.00000E+00	 0.11494E+00	 0.22601E+02	 0.22601E+02	 0.53674E-06	 0.53674E-06	 0.28929E-07	 0.28929E-07	 0.45723E+01	 0.10005E+04	 0.21891E+06	 0.58476E-10	 0.32290E+00	-0.74350E+00	 0.00000E+00	-0.11250E+02	 0.94074E+00
 0.30000E-01	 0.00000E+00	 0.00000E+00	 0.11494E+00	 0.40784E-01	 0.40784E-01	-0.23148E-02	-0.23148E-02	 0.17619E+01	 0.17619E+01	 0.45723E+01	 0.10005E+04	 0.21891E+06	 0.82632E-12	 0.32290E+00	-0.74350E+00	 0.00000E+00	-0.11250E+02	 0.94074E+00
 0.30000E+03	 0.00000E+00	 0.00000E+00	 0.11494E+00	 0.22601E+03	 0.22601E+03	 0.53679E-08	 0.53679E-08	 0.28932E-10	 0.28932E-10	 0.45723E+01	 0.10005E+04	 0.21891E+06	 0.60265E-08	 0.32290E+00	-0.74350E+00	 0.00000E+00	-0.11250E+02	 0.94074E+00
 0.30000E-02	 0.00000E+00	 0.00000E+00	 0.11494E+00	 0.40668E-01	 0.40665E-01	-0.47973E+00	-0.47976E+00	 0.58064E+02	 0.58061E+02	 0.45723E+01	 0.10005E+04	 0.21891E+06	 0.13300E-11	 0.32290E+00	-0.74350E+00	 0.00000E+00	-0.11250E+02	 0.94074E+00
 0.30000E-03	 0.00000E+00	 0.00000E+00	 0.11494E+00	 0.75854E-01	 0.67770E-01	-0.20683E+01	-0.20506E+01	 0.88419E+03	 0.85737E+03	 0.45723E+01	 0.10005E+04	 0.21891E+06	 0.11780E-09	 0.32290E+00	-0.74350E+00	 0.00000E+00	-0.11250E+02	 0.94074E+00
 0.30000E-04	 0.00000E+00	 0.00000E+00	 0.11494E+00	 0.56334E+00	 0.30207E+00	-0.29219E+01	-0.26633E+01	 0.10603E+05	 0.93566E+04	 0.45723E+01	 0.10005E+04	 0.21891E+06	 0.11758E-07	 0.32290E+00	-0.74350E+00	 0.00000E+00	-0.11250E+02	 0.94074E+00
 0.30000E-05	 0.00000E+00	 0.00000E+00	 0.11494E+00	 0.56033E+01	 0.96824E+00	-0.21864E+01	-0.39591E+01	 0.12159E+06	 0.94260E+05	 0.45723E+01	 0.10005E+04	 0.21891E+06	 0.58935E-06	 0.32290E+00	-0.74350E+00	 0.00000E+00	-0.11250E+02	 0.94074E+00
 0.10000E+01	 0.10000E+00	-0.13450E+00	 0.11494E+00	 0.48198E-02	 0.48198E-02	 0.66138E-03	 0.66138E-03	 0.75641E-03	 0.75641E-03	 0.45723E+01	 0.10005E+04	 0.21891E+06	 0.10602E-13	 0.32290E+00	-0.74350E+00	 0.00000E+00	-0.11250E+02	 0.94074E+00
 0.10000E+00	 0.10000E+00	-0.13450E+00	 0.11494E+00	 0.77982E-02	 0.77982E-02	 0.12387E-01	 0.12387E-01	 0.17020E+00	 0.17020E+00	 0.45723E+01	 0.10005E+04	 0.21891E+06	 0.25524E-13	 0.32290E+00	-0.74350E+00	 0.00000E+00	-0.11250E+02	 0.94074E+00
 0.10000E+02	 0.10000E+00	-0.13450E+00	 0.11494E+00	 0.10619E-01	 0.10619E-01	 0.17433E-04	 0.17433E-04	 0.84628E-06	 0.84628E-06	 0.45723E+01	 0.10005E+04	 0.21891E+06	 0.60027E-12	 0.32290E+00	-0.74350E+00	 0.00000E+00	-0.11250E+02	 0.94074E+00
 0.10000E-01	 0.10000E+00	-0.13450E+00	 0.11494E+00	 0.78641E-02	 0.78641E-02	 0.94736E-01	 0.94736E-01	 0.95878E+01	 0.95878E+01	 0.45723E+01	 0.10005E+04	 0.21891E+06	 0.14647E-12	 0.32290E+00	-0.74350E+00	 0.00000E+00	-0.11250E+02	 0.94074E+00
 0.10000E+03	 0.10000E+00	-0.13450E+00	 0.11494E+00	 0.16152E-02	 0.16152E-02	 0.22828E-06	 0.22828E-06	 0.85261E-09	 0.85261E-09	 0.45723E+01	 0.10005E+04	 0.21891E+06	 0.16820E-10	 0.32290E+00	-0.74350E+00	 0.00000E+00	-0.11250E+02	 0.94074E+00
 0.10000E-02	 0.10000E+00	-0.13450E+00	 0.11494E+00	 0.18988E-02	 0.18970E-02	 0.17586E+00	 0.17448E+00	 0.16301E+03	 0.16181E+03	 0.45723E+01	 0.10005E+04	 0.21891E+06	 0.33515E-10	 0.32290E+00	-0.74350E+00	 0.00000E+00	-0.11250E+02	 0.94074E+00
 0.10000E-03	 0.10000E+00	-0.13450E+00	 0.11494E+00	 0.23714E-03	 0.21779E-03	 0.21850E+00	 0.19142E+00	 0.20780E+04	 0.17652E+04	 0.45723E+01	 0.10005E+04	 0.21891E+06	 0.95684E-08	 0.32290E+00	-0.74350E+00	 0.00000E+00	-0.11250E+02	 0.94074E+00
 0.10000E-04	 0.10000E+00	-0.13450E+00	 0.11494E+00	 0.83400E-04	 0.21937E-04	 0.21659E+00	 0.19202E+00	 0.25955E+05	 0.17695E+05	 0.45723E+01	 0.10005E+04	 0.21891E+06	 0.43161E-06	 0.32290E+00	-0.74350E+00	 0.00000E+00	-0.11250E+02	 0.94074E+00
 0.10000E-05	 0.10000E+00	-0.13450E+00	 0.11494E+00	 0.51876E-03	 0.21939E-05	-0.11792E+00	 0.19203E+00	 0.32524E+06	 0.17696E+06	 0.45723E+01	 0.10005E+04	 0.21891E+06	 0.22609E-03	 0.32290E+00	-0.74350E+00	 0.00000E+00	-0.11250E+02	 0.94074E+00
 0.30000E+01	 0.10000E+00	-0.13450E+00	 0.11494E+00	 0.86183E-02	 0.86183E-02	 0.10380E-03	 0.10380E-03	 0.30698E-04	 0.30698E-04	 0.45723E+01	 0.10005E+04	 0.21891E+06	 0.74187E-13	 0.32290E+00	-0.74350E+00	 0.00000E+00	-0.11250E+02	 0.94074E+00
 0.30000E+00	 0.10000E+00	-0.13450E+00	 0.11494E+00	 0.53037E-02	 0.53037E-02	 0.38478E-02	 0.38478E-02	 0.16598E-01	 0.16598E-01	 0.45723E+01	 0.10005E+04	 0.21891E+06	 0.11090E-12	 0.32290E+00	-0.74350E+00	 0.00000E+00	-0.11250E+02	 0.94074E+00
 0.30000E+02	 0.10000E+00	-0.13450E+00	 0.11494E+00	 0.50888E-02	 0.50888E-02	 0.24436E-05	 0.24436E-05	 0.31544E-07	 0.31544E-07	 0.45723E+01	 0.10005E+04	 0.21891E+06	 0.18389E-11	 0.32290E+00	-0.74350E+00	 0.00000E+00	-0.11250E+02	 0.94074E+00
 0.30000E-01	 0.10000E+00	-0.13450E+00	 0.11494E+00	 0.95923E-02	 0.95923E-02	 0.44273E-01	 0.44273E-01	 0.16349E+01	 0.16349E+01	 0.45723E+01	 0.10005E+04	 0.21891E+06	 0.67385E-13	 0.32290E+00	-0.74350E+00	 0.00000E+00	-0.11250E+02	 0.94074E+00
 0.30000E+03	 0.10000E+00	-0.13450E+00	 0.11494E+00	 0.54127E-03	 0.54127E-03	 0.25453E-07	 0.25453E-07	 0.31581E-10	 0.31581E-10	 0.45723E+01	 0.10005E+04	 0.21891E+06	 0.11165E-09	 0.32290E+00	-0.74350E+00	 0.00000E+00	-0.11250E+02	 0.94074E+00
 0.30000E-02	 0.10000E+00	-0.13450E+00	 0.11494E+00	 0.43354E-02	 0.43354E-02	 0.14435E+00	 0.14434E+00	 0.45947E+02	 0.45943E+02	 0.45723E+01	 0.10005E+04	 0.21891E+06	 0.22131E-11	 0.32290E+00	-0.74350E+00	 0.00000E+00	-0.11250E+02	 0.94074E+00
 0.30000E-03	 0.10000E+00	-0.13450E+00	 0.11494E+00	 0.64218E-03	 0.63396E-03	 0.20143E+00	 0.18844E+00	 0.62032E+03	 0.57979E+03	 0.45723E+01	 0.10005E+04	 0.21891E+06	 0.42518E-09	 0.32290E+00	-0.74350E+00	 0.00000E+00	-0.11250E+02	 0.94074E+00
 0.30000E-04	 0.10000E+00	-0.13450E+00	 0.11494E+00	 0.97935E-04	 0.65767E-04	 0.22627E+00	 0.19197E+00	 0.77868E+04	 0.58973E+04	 0.45723E+01	 0.10005E+04	 0.21891E+06	 0.28785E-07	 0.32290E+00	-0.74350E+00	 0.00000E+00	-0.11250E+02	 0.94074E+00
 0.30000E-05	 0.10000E+00	-0.13450E+00	 0.11494E+00	 0.18281E-03	 0.65815E-05	 0.13499E+00	 0.19203E+00	 0.97028E+05	 0.58986E+05	 0.45723E+01	 0.10005E+04	 0.21891E+06	 0.11163E-04	 0.32290E+00	-0.74350E+00	 0.00000E+00	-0.11250E+02	 0.94074E+00
 0.10000E+01	 0.10000E-01	-0.13450E-01	 0.11494E+00	 0.77931E-01	 0.77931E-01	 0.59869E-03	 0.59869E-03	 0.71903E-03	 0.71903E-03	 0.45723E+01	 0.10005E+04	 0.21891E+06	 0.58710E-14	 0.32290E+00	-0.74350E+00	 0.00000E+00	-0.11250E+02	 0.94074E+00
 0.10000E+00	 0.10000E-01	-0.13450E-01	 0.11494E+00	 0.80525E-01	 0.80525E-01	 0.75947E-02	 0.75947E-02	 0.16881E+00	 0.16881E+00	 0.45723E+01	 0.10005E+04	 0.21891E+06	 0.35372E-13	 0.32290E+00	-0.74350E+00	 0.00000E+00	-0.11250E+02	 0.94074E+00
 0.10000E+02	 0.10000E-01	-0.13450E-01	 0.11494E+00	 0.38002E-01	 0.38002E-01	 0.70641E-05	 0.70641E-05	 0.78102E-06	 0.78102E-06	 0.45723E+01	 0.10005E+04	 0.21891E+06	 0.43757E-12	 0.32290E+00	-0.74350E+00	 0.00000E+00	-0.11250E+02	 0.94074E+00
 0.10000E-01	 0.10000E-01	-0.13450E-01	 0.11494E+00	 0.35563E-01	 0.35563E-01	-0.93051E-01	-0.93051E-01	 0.11023E+02	 0.11023E+02	 0.45723E+01	 0.10005E+04	 0.21891E+06	 0.18775E-12	 0.32290E+00	-0.74350E+00	 0.00000E+00	-0.11250E+02	 0.94074E+00
 0.10000E+03	 0.10000E-01	-0.13450E-01	 0.11494E+00	 0.10388E+00	 0.10388E+00	 0.17150E-06	 0.17150E-06	 0.78181E-09	 0.78181E-09	 0.45723E+01	 0.10005E+04	 0.21891E+06	 0.12236E-10	 0.32290E+00	-0.74350E+00	 0.00000E+00	-0.11250E+02	 0.94074E+00
 0.10000E-02	 0.10000E-01	-0.13450E-01	 0.11494E+00	 0.21846E-01	 0.21697E-01	-0.66633E+00	-0.66730E+00	 0.21461E+03	 0.21359E+03	 0.45723E+01	 0.10005E+04	 0.21891E+06	 0.19416E-10	 0.32290E+00	-0.74350E+00	 0.00000E+00	-0.11250E+02	 0.94074E+00
 0.10000E-03	 0.10000E-01	-0.13450E-01	 0.11494E+00	 0.57611E-02	 0.40533E-02	-0.11802E+01	-0.10975E+01	 0.29639E+04	 0.27183E+04	 0.45723E+01	 0.10005E+04	 0.21891E+06	 0.13348E-08	 0.32290E+00	-0.74350E+00	 0.00000E+00	-0.11250E+02	 0.94074E+00
 0.10000E-04	 0.10000E-01	-0.13450E-01	 0.11494E+00	 0.15160E-02	 0.43533E-03	-0.13242E+01	-0.11404E+01	 0.34765E+05	 0.27838E+05	 0.45723E+01	 0.10005E+04	 0.21891E+06	 0.30595E-05	 0.32290E+00	-0.74350E+00	 0.00000E+00	-0.11250E+02	 0.94074E+00
 0.10000E-05	 0.10000E-01	-0.13450E-01	 0.11494E+00	 0.45165E-03	 0.43576E-04	-0.14565E+01	-0.11411E+01	 0.39795E+06	 0.27848E+06	 0.45723E+01	 0.10005E+04	 0.21891E+06	 0.67121E-03	 0.32290E+00	-0.74350E+00	 0.00000E+00	-0.11250E+02	 0.94074E+00
 0.30000E+01	 0.10000E-01	-0.13450E-01	 0.11494E+00	 0.36367E-01	 0.36367E-01	 0.74509E-04	 0.74509E-04	 0.28668E-04	 0.28668E-04	 0.45723E+01	 0.10005E+04	 0.21891E+06	 0.52799E-13	 0.32290E+00	-0.74350E+00	 0.00000E+00	-0.11250E+02	 0.94074E+00
 0.30000E+00	 0.10000E-01	-0.13450E-01	 0.11494E+00	 0.13040E+00	 0.13040E+00	 0.32834E-02	 0.32834E-02	 0.16228E-01	 0.16228E-01	 0.45723E+01	 0.10005E+04	 0.21891E+06	 0.33212E-14	 0.32290E+00	-0.74350E+00	 0.00000E+00	-0.11250E+02	 0.94074E+00
 0.30000E+02	 0.10000E-01	-0.13450E-01	 0.11494E+00	 0.79786E-01	 0.79786E-01	 0.10090E-05	 0.10090E-05	 0.28950E-07	 0.28950E-07	 0.45723E+01	 0.10005E+04	 0.21891E+06	 0.18220E-11	 0.32290E+00	-0.74350E+00	 0.00000E+00	-0.11250E+02	 0.94074E+00
 0.30000E-01	 0.10000E-01	-0.13450E-01	 0.11494E+00	 0.41683E-01	 0.41683E-01	-0.24475E-02	-0.24475E-02	 0.17594E+01	 0.17594E+01	 0.45723E+01	 0.10005E+04	 0.21891E+06	 0.75013E-12	 0.32290E+00	-0.74350E+00	 0.00000E+00	-0.11250E+02	 0.94074E+00
 0.30000E+03	 0.10000E-01	-0.13450E-01	 0.11494E+00	 0.50672E-01	 0.50672E-01	 0.24369E-07	 0.24369E-07	 0.28958E-10	 0.28958E-10	 0.45723E+01	 0.10005E+04	 0.21891E+06	 0.18722E-10	 0.32290E+00	-0.74350E+00	 0.00000E+00	-0.11250E+02	 0.94074E+00
 0.30000E-02	 0.10000E-01	-0.13450E-01	 0.11494E+00	 0.31514E-01	 0.31512E-01	-0.35325E+00	-0.35328E+00	 0.56308E+02	 0.56304E+02	 0.45723E+01	 0.10005E+04	 0.21891E+06	 0.13421E-11	 0.32290E+00	-0.74350E+00	 0.00000E+00	-0.11250E+02	 0.94074E+00
 0.30000E-03	 0.10000E-01	-0.13450E-01	 0.11494E+00	 0.10953E-01	 0.99682E-02	-0.97596E+00	-0.96361E+00	 0.87493E+03	 0.84334E+03	 0.45723E+01	 0.10005E+04	 0.21891E+06	 0.12358E-09	 0.32290E+00	-0.74350E+00	 0.00000E+00	-0.11250E+02	 0.94074E+00
 0.30000E-04	 0.10000E-01	-0.13450E-01	 0.11494E+00	 0.30870E-02	 0.12959E-02	-0.12978E+01	-0.11351E+01	 0.10832E+05	 0.92553E+04	 0.45723E+01	 0.10005E+04	 0.21891E+06	 0.14513E-06	 0.32290E+00	-0.74350E+00	 0.00000E+00	-0.11250E+02	 0.94074E+00
 0.30000E-05	 0.10000E-01	-0.13450E-01	 0.11494E+00	 0.66195E-03	 0.13072E-03	-0.13762E+01	-0.11410E+01	 0.12415E+06	 0.92824E+05	 0.45723E+01	 0.10005E+04	 0.21891E+06	 0.40846E-04	 0.32290E+00	-0.74350E+00	 0.00000E+00	-0.11250E+02	 0.94074E+00
 0.10000E+01	 0.10000E-02	-0.13450E-02	 0.11494E+00	 0.69191E+00	 0.69191E+00	 0.46176E-03	 0.46176E-03	 0.71868E-03	 0.71868E-03	 0.45723E+01	 0.10005E+04	 0.21891E+06	 0.57566E-13	 0.32290E+00	-0.74350E+00	 0.00000E+00	-0.11250E+02	 0.94074E+00
 0.10000E+00	 0.10000E-02	-0.13450E-02	 0.11494E+00	 0.83650E-01	 0.83650E-01	 0.80525E-02	 0.80525E-02	 0.16868E+00	 0.16868E+00	 0.45723E+01	 0.10005E+04	 0.21891E+06	 0.25593E-13	 0.32290E+00	-0.74350E+00	 0.00000E+00	-0.11250E+02	 0.94074E+00
 0.10000E+02	 0.10000E-02	-0.13450E-02	 0.11494E+00	 0.76690E+00	 0.76690E+00	 0.65789E-05	 0.65789E-05	 0.78047E-06	 0.78047E-06	 0.45723E+01	 0.10005E+04	 0.21891E+06	 0.15488E-11	 0.32290E+00	-0.74350E+00	 0.00000E+00	-0.11250E+02	 0.94074E+00
 0.10000E-01	 0.10000E-02	-0.13450E-02	 0.11494E+00	 0.36946E-01	 0.36946E-01	-0.10685E+00	-0.10685E+00	 0.11143E+02	 0.11143E+02	 0.45723E+01	 0.10005E+04	 0.21891E+06	 0.26660E-12	 0.32290E+00	-0.74350E+00	 0.00000E+00	-0.11250E+02	 0.94074E+00
 0.10000E+03	 0.10000E-02	-0.13450E-02	 0.11494E+00	 0.37895E+00	 0.37895E+00	 0.70680E-07	 0.70680E-07	 0.78116E-09	 0.78116E-09	 0.45723E+01	 0.10005E+04	 0.21891E+06	 0.52431E-10	 0.32290E+00	-0.74350E+00	 0.00000E+00	-0.11250E+02	 0.94074E+00
 0.10000E-02	 0.10000E-02	-0.13450E-02	 0.11494E+00	 0.47522E-01	 0.47110E-01	-0.11746E+01	-0.11754E+01	 0.22348E+03	 0.22257E+03	 0.45723E+01	 0.10005E+04	 0.21891E+06	 0.16590E-10	 0.32290E+00	-0.74350E+00	 0.00000E+00	-0.11250E+02	 0.94074E+00
 0.10000E-03	 0.10000E-02	-0.13450E-02	 0.11494E+00	 0.94857E-01	 0.71557E-01	-0.18998E+01	-0.18165E+01	 0.29154E+04	 0.27140E+04	 0.45723E+01	 0.10005E+04	 0.21891E+06	 0.19665E-08	 0.32290E+00	-0.74350E+00	 0.00000E+00	-0.11250E+02	 0.94074E+00
 0.10000E-04	 0.10000E-02	-0.13450E-02	 0.11494E+00	 0.58344E-01	 0.15032E-01	-0.17141E+01	-0.13799E+01	 0.33954E+05	 0.27928E+05	 0.45723E+01	 0.10005E+04	 0.21891E+06	 0.14245E-05	 0.32290E+00	-0.74350E+00	 0.00000E+00	-0.11250E+02	 0.94074E+00
 0.10000E-05	 0.10000E-02	-0.13450E-02	 0.11494E+00	 0.17375E-01	 0.15354E-02	-0.16942E+01	-0.13636E+01	 0.39031E+06	 0.27942E+06	 0.45723E+01	 0.10005E+04	 0.21891E+06	 0.43656E-02	 0.32290E+00	-0.74350E+00	 0.00000E+00	-0.11250E+02	 0.94074E+00
 0.30000E+01	 0.10000E-02	-0.13450E-02	 0.11494E+00	 0.12393E+01	 0.12393E+01	 0.62802E-04	 0.62802E-04	 0.28649E-04	 0.28649E-04	 0.45723E+01	 0.10005E+04	 0.21891E+06	 0.44392E-12	 0.32290E+00	-0.74350E+00	 0.00000E+00	-0.11250E+02	 0.94074E+00
 0.30000E+00	 0.10000E-02	-0.13450E-02	 0.11494E+00	 0.22876E+00	 0.22876E+00	 0.30183E-02	 0.30183E-02	 0.16224E-01	 0.16224E-01	 0.45723E+01	 0.10005E+04	 0.21891E+06	 0.16390E-13	 0.32290E+00	-0.74350E+00	 0.00000E+00	-0.11250E+02	 0.94074E+00
 0.30000E+02	 0.10000E-02	-0.13450E-02	 0.11494E+00	 0.36040E+00	 0.36040E+00	 0.75316E-06	 0.75316E-06	 0.28929E-07	 0.28929E-07	 0.45723E+01	 0.10005E+04	 0.21891E+06	 0.29705E-11	 0.32290E+00	-0.74350E+00	 0.00000E+00	-0.11250E+02	 0.94074E+00
 0.30000E-01	 0.10000E-02	-0.13450E-02	 0.11494E+00	 0.40792E-01	 0.40792E-01	-0.23158E-02	-0.23158E-02	 0.17619E+01	 0.17619E+01	 0.45723E+01	 0.10005E+04	 0.21891E+06	 0.61635E-12	 0.32290E+00	-0.74350E+00	 0.00000E+00	-0.11250E+02	 0.94074E+00
 0.30000E+03	 0.10000E-02	-0.13450E-02	 0.11494E+00	 0.79724E+00	 0.79724E+00	 0.10087E-07	 0.10087E-07	 0.28932E-10	 0.28932E-10	 0.45723E+01	 0.10005E+04	 0.21891E+06	 0.16877E-09	 0.32290E+00	-0.74350E+00	 0.00000E+00	-0.11250E+02	 0.94074E+00
 0.30000E-02	 0.10000E-02	-0.13450E-02	 0.11494E+00	 0.40523E-01	 0.40520E-01	-0.47773E+00	-0.47776E+00	 0.58036E+02	 0.58033E+02	 0.45723E+01	 0.10005E+04	 0.21891E+06	 0.16808E-11	 0.32290E+00	-0.74350E+00	 0.00000E+00	-0.11250E+02	 0.94074E+00
 0.30000E-03	 0.10000E-02	-0.13450E-02	 0.11494E+00	 0.67590E-01	 0.60553E-01	-0.19125E+01	-0.18974E+01	 0.88047E+03	 0.85320E+03	 0.45723E+01	 0.10005E+04	 0.21891E+06	 0.21277E-09	 0.32290E+00	-0.74350E+00	 0.00000E+00	-0.11250E+02	 0.94074E+00
 0.30000E-04	 0.10000E-02	-0.13450E-02	 0.11494E+00	 0.75162E-01	 0.39920E-01	-0.17371E+01	-0.14713E+01	 0.10580E+05	 0.92744E+04	 0.45723E+01	 0.10005E+04	 0.21891E+06	 0.19387E-07	 0.32290E+00	-0.74350E+00	 0.00000E+00	-0.11250E+02	 0.94074E+00
 0.30000E-05	 0.10000E-02	-0.13450E-02	 0.11494E+00	 0.35297E-01	 0.45978E-02	-0.16745E+01	-0.13650E+01	 0.12149E+06	 0.93137E+05	 0.45723E+01	 0.10005E+04	 0.21891E+06	 0.30916E-03	 0.32290E+00	-0.74350E+00	 0.00000E+00	-0.11250E+02	 0.94074E+00
 0.10000E+01	 0.10000E-03	-0.13450E-03	 0.11494E+00	 0.75454E+00	 0.75454E+00	 0.44789E-03	 0.44789E-03	 0.71868E-03	 0.71868E-03	 0.45723E+01	 0.10005E+04	 0.21891E+06	 0.11144E-12	 0.32290E+00	-0.74350E+00	 0.00000E+00	-0.11250E+02	 0.94074E+00
 0.10000E+00	 0.10000E-03	-0.13450E-03	 0.11494E+00	 0.83682E-01	 0.83682E-01	 0.80574E-02	 0.80574E-02	 0.16868E+00	 0.16868E+00	 0.45723E+01	 0.10005E+04	 0.21891E+06	 0.15732E-13	 0.32290E+00	-0.74350E+00	 0.00000E+00	-0.11250E+02	 0.94074E+00
 0.10000E+02	 0.10000E-03	-0.13450E-03	 0.11494E+00	 0.68990E+01	 0.68990E+01	 0.49907E-05	 0.49907E-05	 0.78046E-06	 0.78046E-06	 0.45723E+01	 0.10005E+04	 0.21891E+06	 0.52715E-11	 0.32290E+00	-0.74350E+00	 0.00000E+00	-0.11250E+02	 0.94074E+00
 0.10000E-01	 0.10000E-03	-0.13450E-03	 0.11494E+00	 0.36963E-01	 0.36963E-01	-0.10701E+00	-0.10701E+00	 0.11145E+02	 0.11145E+02	 0.45723E+01	 0.10005E+04	 0.21891E+06	 0.28481E-12	 0.32290E+00	-0.74350E+00	 0.00000E+00	-0.11250E+02	 0.94074E+00
 0.10000E+03	 0.10000E-03	-0.13450E-03	 0.11494E+00	 0.76677E+01	 0.76677E+01	 0.65855E-07	 0.65855E-07	 0.78115E-09	 0.78115E-09	 0.45723E+01	 0.10005E+04	 0.21891E+06	 0.11188E-09	 0.32290E+00	-0.74350E+00	 0.00000E+00	-0.11250E+02	 0.94074E+00
 0.10000E-02	 0.10000E-03	-0.13450E-03	 0.11494E+00	 0.48361E-01	 0.47940E-01	-0.11923E+01	-0.11930E+01	 0.22384E+03	 0.22293E+03	 0.45723E+01	 0.10005E+04	 0.21891E+06	 0.89934E-11	 0.32290E+00	-0.74350E+00	 0.00000E+00	-0.11250E+02	 0.94074E+00
 0.10000E-03	 0.10000E-03	-0.13450E-03	 0.11494E+00	 0.17538E+00	 0.12882E+00	-0.25385E+01	-0.24391E+01	 0.29279E+04	 0.27325E+04	 0.45723E+01	 0.10005E+04	 0.21891E+06	 0.23532E-08	 0.32290E+00	-0.74350E+00	 0.00000E+00	-0.11250E+02	 0.94074E+00
 0.10000E-04	 0.10000E-03	-0.13450E-03	 0.11494E+00	 0.10062E+01	 0.38633E+00	-0.24573E+01	-0.27372E+01	 0.33979E+05	 0.28163E+05	 0.45723E+01	 0.10005E+04	 0.21891E+06	 0.47618E-06	 0.32290E+00	-0.74350E+00	 0.00000E+00	-0.11250E+02	 0.94074E+00
 0.10000E-05	 0.10000E-03	-0.13450E-03	 0.11494E+00	 0.84763E+00	 0.86554E-01	-0.51668E+00	-0.33377E+01	 0.39044E+06	 0.28191E+06	 0.45723E+01	 0.10005E+04	 0.21891E+06	 0.12813E+00	 0.32290E+00	-0.74350E+00	 0.00000E+00	-0.11250E+02	 0.94074E+00
 0.30000E+01	 0.10000E-03	-0.13450E-03	 0.11494E+00	 0.22422E+01	 0.22422E+01	 0.53380E-04	 0.53380E-04	 0.28648E-04	 0.28648E-04	 0.45723E+01	 0.10005E+04	 0.21891E+06	 0.98725E-12	 0.32290E+00	-0.74350E+00	 0.00000E+00	-0.11250E+02	 0.94074E+00
 0.30000E+00	 0.10000E-03	-0.13450E-03	 0.11494E+00	 0.23052E+00	 0.23052E+00	 0.30136E-02	 0.30136E-02	 0.16224E-01	 0.16224E-01	 0.45723E+01	 0.10005E+04	 0.21891E+06	 0.16801E-13	 0.32290E+00	-0.74350E+00	 0.00000E+00	-0.11250E+02	 0.94074E+00
 0.30000E+02	 0.10000E-03	-0.13450E-03	 0.11494E+00	 0.12386E+02	 0.12386E+02	 0.63442E-06	 0.63442E-06	 0.28929E-07	 0.28929E-07	 0.45723E+01	 0.10005E+04	 0.21891E+06	 0.23680E-10	 0.32290E+00	-0.74350E+00	 0.00000E+00	-0.11250E+02	 0.94074E+00
 0.30000E-01	 0.10000E-03	-0.13450E-03	 0.11494E+00	 0.40784E-01	 0.40784E-01	-0.23148E-02	-0.23148E-02	 0.17619E+01	 0.17619E+01	 0.45723E+01	 0.10005E+04	 0.21891E+06	 0.48640E-12	 0.32290E+00	-0.74350E+00	 0.00000E+00	-0.11250E+02	 0.94074E+00
 0.30000E+03	 0.10000E-03	-0.13450E-03	 0.11494E+00	 0.36037E+01	 0.36037E+01	 0.75324E-08	 0.75324E-08	 0.28932E-10	 0.28932E-10	 0.45723E+01	 0.10005E+04	 0.21891E+06	 0.39904E-09	 0.32290E+00	-0.74350E+00	 0.00000E+00	-0.11250E+02	 0.94074E+00
 0.30000E-02	 0.10000E-03	-0.13450E-03	 0.11494E+00	 0.40667E-01	 0.40663E-01	-0.47971E+00	-0.47974E+00	 0.58064E+02	 0.58061E+02	 0.45723E+01	 0.10005E+04	 0.21891E+06	 0.15817E-11	 0.32290E+00	-0.74350E+00	 0.00000E+00	-0.11250E+02	 0.94074E+00
 0.30000E-03	 0.10000E-03	-0.13450E-03	 0.11494E+00	 0.75758E-01	 0.67687E-01	-0.20664E+01	-0.20487E+01	 0.88414E+03	 0.85731E+03	 0.45723E+01	 0.10005E+04	 0.21891E+06	 0.73537E-10	 0.32290E+00	-0.74350E+00	 0.00000E+00	-0.11250E+02	 0.94074E+00
 0.30000E-04	 0.10000E-03	-0.13450E-03	 0.11494E+00	 0.51634E+00	 0.27961E+00	-0.27711E+01	-0.25489E+01	 0.10597E+05	 0.93420E+04	 0.45723E+01	 0.10005E+04	 0.21891E+06	 0.14357E-07	 0.32290E+00	-0.74350E+00	 0.00000E+00	-0.11250E+02	 0.94074E+00
 0.30000E-05	 0.10000E-03	-0.13450E-03	 0.11494E+00	 0.10226E+01	 0.23380E+00	-0.14859E+01	-0.32213E+01	 0.12155E+06	 0.93961E+05	 0.45723E+01	 0.10005E+04	 0.21891E+06	 0.68795E-04	 0.32290E+00	-0.74350E+00	 0.00000E+00	-0.11250E+02	 0.94074E+00
 0.10000E+01	 0.10000E-04	-0.13450E-04	 0.11494E+00	 0.75522E+00	 0.75522E+00	 0.44774E-03	 0.44774E-03	 0.71868E-03	 0.71868E-03	 0.45723E+01	 0.10005E+04	 0.21891E+06	 0.75143E-13	 0.32290E+00	-0.74350E+00	 0.00000E+00	-0.11250E+02	 0.94074E+00
 0.10000E+00	 0.10000E-04	-0.13450E-04	 0.11494E+00	 0.83682E-01	 0.83682E-01	 0.80574E-02	 0.80574E-02	 0.16868E+00	 0.16868E+00	 0.45723E+01	 0.10005E+04	 0.21891E+06	 0.15662E-13	 0.32290E+00	-0.74350E+00	 0.00000E+00	-0.11250E+02	 0.94074E+00
 0.10000E+02	 0.10000E-04	-0.13450E-04	 0.11494E+00	 0.75270E+01	 0.75270E+01	 0.48290E-05	 0.48290E-05	 0.78046E-06	 0.78046E-06	 0.45723E+01	 0.10005E+04	 0.21891E+06	 0.87483E-11	 0.32290E+00	-0.74350E+00	 0.00000E+00	-0.11250E+02	 0.94074E+00
 0.10000E-01	 0.10000E-04	-0.13450E-04	 0.11494E+00	 0.36963E-01	 0.36963E-01	-0.10701E+00	-0.10701E+00	 0.11145E+02	 0.11145E+02	 0.45723E+01	 0.10005E+04	 0.21891E+06	 0.24896E-12	 0.32290E+00	-0.74350E+00	 0.00000E+00	-0.11250E+02	 0.94074E+00
 0.10000E+03	 0.10000E-04	-0.13450E-04	 0.11494E+00	 0.68988E+02	 0.68988E+02	 0.49948E-07	 0.49948E-07	 0.78115E-09	 0.78115E-09	 0.45723E+01	 0.10005E+04	 0.21891E+06	 0.56282E-09	 0.32290E+00	-0.74350E+00	 0.00000E+00	-0.11250E+02	 0.94074E+00
 0.10000E-02	 0.10000E-04	-0.13450E-04	 0.11494E+00	 0.48370E-01	 0.47948E-01	-0.11924E+01	-0.11932E+01	 0.22385E+03	 0.22294E+03	 0.45723E+01	 0.10005E+04	 0.21891E+06	 0.10137E-10	 0.32290E+00	-0.74350E+00	 0.00000E+00	-0.11250E+02	 0.94074E+00
 0.10000E-03	 0.10000E-04	-0.13450E-04	 0.11494E+00	 0.17702E+00	 0.12996E+00	-0.25554E+01	-0.24553E+01	 0.29284E+04	 0.27333E+04	 0.45723E+01	 0.10005E+04	 0.21891E+06	 0.24813E-08	 0.32290E+00	-0.74350E+00	 0.00000E+00	-0.11250E+02	 0.94074E+00
 0.10000E-04	 0.10000E-04	-0.13450E-04	 0.11494E+00	 0.16700E+01	 0.59652E+00	-0.29750E+01	-0.29314E+01	 0.33996E+05	 0.28244E+05	 0.45723E+01	 0.10005E+04	 0.21891E+06	 0.83099E-07	 0.32290E+00	-0.74350E+00	 0.00000E+00	-0.11250E+02	 0.94074E+00
 0.10000E-05	 0.10000E-04	-0.13450E-04	 0.11494E+00	 0.12497E+02	 0.53460E+00	 0.85590E+00	-0.47521E+01	 0.39052E+06	 0.28279E+06	 0.45723E+01	 0.10005E+04	 0.21891E+06	 0.92258E-02	 0.32290E+00	-0.74350E+00	 0.00000E+00	-0.11250E+02	 0.94074E+00
 0.30000E+01	 0.10000E-04	-0.13450E-04	 0.11494E+00	 0.22606E+01	 0.22606E+01	 0.53208E-04	 0.53208E-04	 0.28648E-04	 0.28648E-04	 0.45723E+01	 0.10005E+04	 0.21891E+06	 0.81849E-12	 0.32290E+00	-0.74350E+00	 0.00000E+00	-0.11250E+02	 0.94074E+00
 0.30000E+00	 0.10000E-04	-0.13450E-04	 0.11494E+00	 0.23054E+00	 0.23054E+00	 0.30135E-02	 0.30135E-02	 0.16224E-01	 0.16224E-01	 0.45723E+01	 0.10005E+04	 0.21891E+06	 0.12612E-13	 0.32290E+00	-0.74350E+00	 0.00000E+00	-0.11250E+02	 0.94074E+00
 0.30000E+02	 0.10000E-04	-0.13450E-04	 0.11494E+00	 0.22416E+02	 0.22416E+02	 0.53851E-06	 0.53851E-06	 0.28929E-07	 0.28929E-07	 0.45723E+01	 0.10005E+04	 0.21891E+06	 0.10518E-09	 0.32290E+00	-0.74350E+00	 0.00000E+00	-0.11250E+02	 0.94074E+00
 0.30000E-01	 0.10000E-04	-0.13450E-04	 0.11494E+00	 0.40784E-01	 0.40784E-01	-0.23148E-02	-0.23148E-02	 0.17619E+01	 0.17619E+01	 0.45723E+01	 0.10005E+04	 0.21891E+06	 0.10296E-11	 0.32290E+00	-0.74350E+00	 0.00000E+00	-0.11250E+02	 0.94074E+00
 0.30000E+03	 0.10000E-04	-0.13450E-04	 0.11494E+00	 0.12386E+03	 0.12386E+03	 0.63448E-08	 0.63448E-08	 0.28932E-10	 0.28932E-10	 0.45723E+01	 0.10005E+04	 0.21891E+06	 0.30162E-08	 0.32290E+00	-0.74350E+00	 0.00000E+00	-0.11250E+02	 0.94074E+00
 0.30000E-02	 0.10000E-04	-0.13450E-04	 0.11494E+00	 0.40668E-01	 0.40665E-01	-0.47973E+00	-0.47976E+00	 0.58064E+02	 0.58061E+02	 0.45723E+01	 0.10005E+04	 0.21891E+06	 0.23466E-11	 0.32290E+00	-0.74350E+00	 0.00000E+00	-0.11250E+02	 0.94074E+00
 0.30000E-03	 0.10000E-04	-0.13450E-04	 0.11494E+00	 0.75853E-01	 0.67770E-01	-0.20683E+01	-0.20506E+01	 0.88419E+03	 0.85737E+03	 0.45723E+01	 0.10005E+04	 0.21891E+06	 0.14689E-09	 0.32290E+00	-0.74350E+00	 0.00000E+00	-0.11250E+02	 0.94074E+00
 0.30000E-04	 0.10000E-04	-0.13450E-04	 0.11494E+00	 0.56282E+00	 0.30182E+00	-0.29200E+01	-0.26620E+01	 0.10603E+05	 0.93564E+04	 0.45723E+01	 0.10005E+04	 0.21891E+06	 0.90621E-08	 0.32290E+00	-0.74350E+00	 0.00000E+00	-0.11250E+02	 0.94074E+00
 0.30000E-05	 0.10000E-04	-0.13450E-04	 0.11494E+00	 0.52787E+01	 0.93540E+00	-0.20887E+01	-0.39156E+01	 0.12159E+06	 0.94252E+05	 0.45723E+01	 0.10005E+04	 0.21891E+06	 0.83755E-05	 0.32290E+00	-0.74350E+00	 0.00000E+00	-0.11250E+02	 0.94074E+00
 0.10000E+01	 0.30000E-01	-0.40350E-01	 0.11494E+00	 0.12936E-01	 0.12936E-01	 0.61708E-03	 0.61708E-03	 0.72205E-03	 0.72205E-03	 0.45723E+01	 0.10005E+04	 0.21891E+06	 0.35709E-13	 0.32290E+00	-0.74350E+00	 0.00000E+00	-0.11250E+02	 0.94074E+00
 0.10000E+00	 0.30000E-01	-0.40350E-01	 0.11494E+00	 0.58132E-01	 0.58132E-01	 0.58176E-02	 0.58176E-02	 0.16984E+00	 0.16984E+00	 0.45723E+01	 0.10005E+04	 0.21891E+06	 0.27291E-13	 0.32290E+00	-0.74350E+00	 0.00000E+00	-0.11250E+02	 0.94074E+00
 0.10000E+02	 0.30000E-01	-0.40350E-01	 0.11494E+00	 0.26765E-01	 0.26765E-01	 0.91035E-05	 0.91035E-05	 0.78561E-06	 0.78561E-06	 0.45723E+01	 0.10005E+04	 0.21891E+06	 0.16606E-12	 0.32290E+00	-0.74350E+00	 0.00000E+00	-0.11250E+02	 0.94074E+00
 0.10000E-01	 0.30000E-01	-0.40350E-01	 0.11494E+00	 0.34213E-01	 0.34213E-01	-0.47329E-01	-0.47329E-01	 0.10542E+02	 0.10542E+02	 0.45723E+01	 0.10005E+04	 0.21891E+06	 0.40312E-12	 0.32290E+00	-0.74350E+00	 0.00000E+00	-0.11250E+02	 0.94074E+00
 0.10000E+03	 0.30000E-01	-0.40350E-01	 0.11494E+00	 0.16897E-01	 0.16897E-01	 0.21937E-06	 0.21937E-06	 0.78751E-09	 0.78751E-09	 0.45723E+01	 0.10005E+04	 0.21891E+06	 0.22286E-11	 0.32290E+00	-0.74350E+00	 0.00000E+00	-0.11250E+02	 0.94074E+00
 0.10000E-02	 0.30000E-01	-0.40350E-01	 0.11494E+00	 0.18211E-01	 0.18156E-01	-0.85344E+00	-0.85414E+00	 0.23251E+03	 0.23135E+03	 0.45723E+01	 0.10005E+04	 0.21891E+06	 0.11631E-10	 0.32290E+00	-0.74350E+00	 0.00000E+00	-0.11250E+02	 0.94074E+00
 0.10000E-03	 0.30000E-01	-0.40350E-01	 0.11494E+00	 0.39044E-02	 0.34936E-02	-0.18883E+01	-0.18782E+01	 0.35239E+04	 0.32069E+04	 0.45723E+01	 0.10005E+04	 0.21891E+06	 0.32682E-08	 0.32290E+00	-0.74350E+00	 0.00000E+00	-0.11250E+02	 0.94074E+00
 0.10000E-04	 0.30000E-01	-0.40350E-01	 0.11494E+00	 0.57800E-03	 0.37443E-03	-0.21365E+01	-0.20175E+01	 0.41110E+05	 0.33023E+05	 0.45723E+01	 0.10005E+04	 0.21891E+06	 0.13672E-05	 0.32290E+00	-0.74350E+00	 0.00000E+00	-0.11250E+02	 0.94074E+00
 0.10000E-05	 0.30000E-01	-0.40350E-01	 0.11494E+00	 0.25993E-03	 0.37489E-04	-0.22977E+01	-0.20199E+01	 0.45468E+06	 0.33039E+06	 0.45723E+01	 0.10005E+04	 0.21891E+06	 0.18681E-03	 0.32290E+00	-0.74350E+00	 0.00000E+00	-0.11250E+02	 0.94074E+00
 0.30000E+01	 0.30000E-01	-0.40350E-01	 0.11494E+00	 0.12328E-01	 0.12328E-01	 0.77348E-04	 0.77348E-04	 0.28824E-04	 0.28824E-04	 0.45723E+01	 0.10005E+04	 0.21891E+06	 0.14306E-12	 0.32290E+00	-0.74350E+00	 0.00000E+00	-0.11250E+02	 0.94074E+00
 0.30000E+00	 0.30000E-01	-0.40350E-01	 0.11494E+00	 0.30820E-01	 0.30820E-01	 0.35760E-02	 0.35760E-02	 0.16268E-01	 0.16268E-01	 0.45723E+01	 0.10005E+04	 0.21891E+06	 0.90113E-14	 0.32290E+00	-0.74350E+00	 0.00000E+00	-0.11250E+02	 0.94074E+00
 0.30000E+02	 0.30000E-01	-0.40350E-01	 0.11494E+00	 0.35663E-01	 0.35663E-01	 0.18210E-05	 0.18210E-05	 0.29145E-07	 0.29145E-07	 0.45723E+01	 0.10005E+04	 0.21891E+06	 0.54471E-12	 0.32290E+00	-0.74350E+00	 0.00000E+00	-0.11250E+02	 0.94074E+00
 0.30000E-01	 0.30000E-01	-0.40350E-01	 0.11494E+00	 0.49769E-01	 0.49769E-01	-0.48188E-02	-0.48188E-02	 0.17443E+01	 0.17443E+01	 0.45723E+01	 0.10005E+04	 0.21891E+06	 0.13459E-12	 0.32290E+00	-0.74350E+00	 0.00000E+00	-0.11250E+02	 0.94074E+00
 0.30000E+03	 0.30000E-01	-0.40350E-01	 0.11494E+00	 0.59667E-02	 0.59667E-02	 0.25334E-07	 0.25334E-07	 0.29170E-10	 0.29170E-10	 0.45723E+01	 0.10005E+04	 0.21891E+06	 0.11381E-10	 0.32290E+00	-0.74350E+00	 0.00000E+00	-0.11250E+02	 0.94074E+00
 0.30000E-02	 0.30000E-01	-0.40350E-01	 0.11494E+00	 0.25290E-01	 0.25289E-01	-0.27448E+00	-0.27449E+00	 0.55106E+02	 0.55102E+02	 0.45723E+01	 0.10005E+04	 0.21891E+06	 0.18337E-11	 0.32290E+00	-0.74350E+00	 0.00000E+00	-0.11250E+02	 0.94074E+00
 0.30000E-03	 0.30000E-01	-0.40350E-01	 0.11494E+00	 0.90431E-02	 0.87712E-02	-0.15408E+01	-0.15423E+01	 0.10177E+04	 0.97915E+03	 0.45723E+01	 0.10005E+04	 0.21891E+06	 0.15685E-09	 0.32290E+00	-0.74350E+00	 0.00000E+00	-0.11250E+02	 0.94074E+00
 0.30000E-04	 0.30000E-01	-0.40350E-01	 0.11494E+00	 0.14676E-02	 0.11134E-02	-0.20558E+01	-0.19995E+01	 0.12954E+05	 0.10969E+05	 0.45723E+01	 0.10005E+04	 0.21891E+06	 0.43216E-07	 0.32290E+00	-0.74350E+00	 0.00000E+00	-0.11250E+02	 0.94074E+00
 0.30000E-05	 0.30000E-01	-0.40350E-01	 0.11494E+00	 0.25322E-03	 0.11245E-03	-0.22072E+01	-0.20197E+01	 0.14416E+06	 0.11013E+06	 0.45723E+01	 0.10005E+04	 0.21891E+06	 0.31852E-04	 0.32290E+00	-0.74350E+00	 0.00000E+00	-0.11250E+02	 0.94074E+00
 0.10000E+01	 0.30000E-02	-0.40350E-02	 0.11494E+00	 0.41508E+00	 0.41508E+00	 0.52311E-03	 0.52311E-03	 0.71870E-03	 0.71870E-03	 0.45723E+01	 0.10005E+04	 0.21891E+06	 0.47996E-13	 0.32290E+00	-0.74350E+00	 0.00000E+00	-0.11250E+02	 0.94074E+00
 0.10000E+00	 0.30000E-02	-0.40350E-02	 0.11494E+00	 0.83397E-01	 0.83397E-01	 0.80130E-02	 0.80130E-02	 0.16869E+00	 0.16869E+00	 0.45723E+01	 0.10005E+04	 0.21891E+06	 0.91140E-14	 0.32290E+00	-0.74350E+00	 0.00000E+00	-0.11250E+02	 0.94074E+00
 0.10000E+02	 0.30000E-02	-0.40350E-02	 0.11494E+00	 0.12022E+00	 0.12022E+00	 0.67725E-05	 0.67725E-05	 0.78051E-06	 0.78051E-06	 0.45723E+01	 0.10005E+04	 0.21891E+06	 0.26648E-12	 0.32290E+00	-0.74350E+00	 0.00000E+00	-0.11250E+02	 0.94074E+00
 0.10000E-01	 0.30000E-02	-0.40350E-02	 0.11494E+00	 0.36814E-01	 0.36814E-01	-0.10560E+00	-0.10560E+00	 0.11132E+02	 0.11132E+02	 0.45723E+01	 0.10005E+04	 0.21891E+06	 0.38332E-12	 0.32290E+00	-0.74350E+00	 0.00000E+00	-0.11250E+02	 0.94074E+00
 0.10000E+03	 0.30000E-02	-0.40350E-02	 0.11494E+00	 0.26576E+00	 0.26576E+00	 0.90787E-07	 0.90787E-07	 0.78121E-09	 0.78121E-09	 0.45723E+01	 0.10005E+04	 0.21891E+06	 0.97961E-10	 0.32290E+00	-0.74350E+00	 0.00000E+00	-0.11250E+02	 0.94074E+00
 0.10000E-02	 0.30000E-02	-0.40350E-02	 0.11494E+00	 0.41953E-01	 0.41602E-01	-0.10591E+01	-0.10600E+01	 0.22116E+03	 0.22022E+03	 0.45723E+01	 0.10005E+04	 0.21891E+06	 0.10289E-10	 0.32290E+00	-0.74350E+00	 0.00000E+00	-0.11250E+02	 0.94074E+00
 0.10000E-03	 0.30000E-02	-0.40350E-02	 0.11494E+00	 0.25363E-01	 0.18609E-01	-0.13776E+01	-0.12898E+01	 0.29072E+04	 0.26937E+04	 0.45723E+01	 0.10005E+04	 0.21891E+06	 0.16617E-08	 0.32290E+00	-0.74350E+00	 0.00000E+00	-0.11250E+02	 0.94074E+00
 0.10000E-04	 0.30000E-02	-0.40350E-02	 0.11494E+00	 0.10748E-01	 0.24352E-02	-0.14430E+01	-0.11865E+01	 0.33974E+05	 0.27687E+05	 0.45723E+01	 0.10005E+04	 0.21891E+06	 0.35949E-05	 0.32290E+00	-0.74350E+00	 0.00000E+00	-0.11250E+02	 0.94074E+00
 0.10000E-05	 0.30000E-02	-0.40350E-02	 0.11494E+00	 0.24383E-02	 0.24541E-03	-0.14937E+01	-0.11830E+01	 0.39065E+06	 0.27699E+06	 0.45723E+01	 0.10005E+04	 0.21891E+06	 0.22410E-02	 0.32290E+00	-0.74350E+00	 0.00000E+00	-0.11250E+02	 0.94074E+00
 0.30000E+01	 0.30000E-02	-0.40350E-02	 0.11494E+00	 0.27608E+00	 0.27608E+00	 0.71921E-04	 0.71921E-04	 0.28650E-04	 0.28650E-04	 0.45723E+01	 0.10005E+04	 0.21891E+06	 0.84179E-13	 0.32290E+00	-0.74350E+00	 0.00000E+00	-0.11250E+02	 0.94074E+00
 0.30000E+00	 0.30000E-02	-0.40350E-02	 0.11494E+00	 0.21552E+00	 0.21552E+00	 0.30537E-02	 0.30537E-02	 0.16224E-01	 0.16224E-01	 0.45723E+01	 0.10005E+04	 0.21891E+06	 0.12788E-13	 0.32290E+00	-0.74350E+00	 0.00000E+00	-0.11250E+02	 0.94074E+00
 0.30000E+02	 0.30000E-02	-0.40350E-02	 0.11494E+00	 0.11981E+00	 0.11981E+00	 0.77911E-06	 0.77911E-06	 0.28931E-07	 0.28931E-07	 0.45723E+01	 0.10005E+04	 0.21891E+06	 0.22625E-11	 0.32290E+00	-0.74350E+00	 0.00000E+00	-0.11250E+02	 0.94074E+00
 0.30000E-01	 0.30000E-02	-0.40350E-02	 0.11494E+00	 0.40863E-01	 0.40863E-01	-0.23244E-02	-0.23244E-02	 0.17617E+01	 0.17617E+01	 0.45723E+01	 0.10005E+04	 0.21891E+06	 0.16291E-11	 0.32290E+00	-0.74350E+00	 0.00000E+00	-0.11250E+02	 0.94074E+00
 0.30000E+03	 0.30000E-02	-0.40350E-02	 0.11494E+00	 0.35581E+00	 0.35581E+00	 0.18179E-07	 0.18179E-07	 0.28934E-10	 0.28934E-10	 0.45723E+01	 0.10005E+04	 0.21891E+06	 0.19712E-09	 0.32290E+00	-0.74350E+00	 0.00000E+00	-0.11250E+02	 0.94074E+00
 0.30000E-02	 0.30000E-02	-0.40350E-02	 0.11494E+00	 0.39423E-01	 0.39420E-01	-0.46251E+00	-0.46254E+00	 0.57825E+02	 0.57822E+02	 0.45723E+01	 0.10005E+04	 0.21891E+06	 0.21707E-11	 0.32290E+00	-0.74350E+00	 0.00000E+00	-0.11250E+02	 0.94074E+00
 0.30000E-03	 0.30000E-02	-0.40350E-02	 0.11494E+00	 0.38298E-01	 0.34672E-01	-0.14101E+01	-0.14005E+01	 0.87086E+03	 0.84221E+03	 0.45723E+01	 0.10005E+04	 0.21891E+06	 0.15567E-09	 0.32290E+00	-0.74350E+00	 0.00000E+00	-0.11250E+02	 0.94074E+00
 0.30000E-04	 0.30000E-02	-0.40350E-02	 0.11494E+00	 0.16367E-01	 0.69412E-02	-0.14469E+01	-0.12086E+01	 0.10580E+05	 0.91973E+04	 0.45723E+01	 0.10005E+04	 0.21891E+06	 0.39763E-07	 0.32290E+00	-0.74350E+00	 0.00000E+00	-0.11250E+02	 0.94074E+00
 0.30000E-05	 0.30000E-02	-0.40350E-02	 0.11494E+00	 0.51614E-02	 0.73576E-03	-0.14302E+01	-0.11833E+01	 0.12159E+06	 0.92328E+05	 0.45723E+01	 0.10005E+04	 0.21891E+06	 0.35936E-04	 0.32290E+00	-0.74350E+00	 0.00000E+00	-0.11250E+02	 0.94074E+00
 0.10000E+01	 0.30000E-03	-0.40350E-03	 0.11494E+00	 0.74905E+00	 0.74905E+00	 0.44911E-03	 0.44911E-03	 0.71868E-03	 0.71868E-03	 0.45723E+01	 0.10005E+04	 0.21891E+06	 0.99668E-13	 0.32290E+00	-0.74350E+00	 0.00000E+00	-0.11250E+02	 0.94074E+00
 0.10000E+00	 0.30000E-03	-0.40350E-03	 0.11494E+00	 0.83679E-01	 0.83679E-01	 0.80570E-02	 0.80570E-02	 0.16868E+00	 0.16868E+00	 0.45723E+01	 0.10005E+04	 0.21891E+06	 0.15534E-13	 0.32290E+00	-0.74350E+00	 0.00000E+00	-0.11250E+02	 0.94074E+00
 0.10000E+02	 0.30000E-03	-0.40350E-03	 0.11494E+00	 0.41289E+01	 0.41289E+01	 0.57050E-05	 0.57050E-05	 0.78046E-06	 0.78046E-06	 0.45723E+01	 0.10005E+04	 0.21891E+06	 0.19065E-11	 0.32290E+00	-0.74350E+00	 0.00000E+00	-0.11250E+02	 0.94074E+00
 0.10000E-01	 0.30000E-03	-0.40350E-03	 0.11494E+00	 0.36961E-01	 0.36961E-01	-0.10700E+00	-0.10700E+00	 0.11145E+02	 0.11145E+02	 0.45723E+01	 0.10005E+04	 0.21891E+06	 0.29451E-12	 0.32290E+00	-0.74350E+00	 0.00000E+00	-0.11250E+02	 0.94074E+00
 0.10000E+03	 0.30000E-03	-0.40350E-03	 0.11494E+00	 0.12012E+01	 0.12012E+01	 0.67791E-07	 0.67791E-07	 0.78116E-09	 0.78116E-09	 0.45723E+01	 0.10005E+04	 0.21891E+06	 0.72793E-10	 0.32290E+00	-0.74350E+00	 0.00000E+00	-0.11250E+02	 0.94074E+00
 0.10000E-02	 0.30000E-03	-0.40350E-03	 0.11494E+00	 0.48292E-01	 0.47871E-01	-0.11908E+01	-0.11915E+01	 0.22381E+03	 0.22290E+03	 0.45723E+01	 0.10005E+04	 0.21891E+06	 0.92109E-11	 0.32290E+00	-0.74350E+00	 0.00000E+00	-0.11250E+02	 0.94074E+00
 0.10000E-03	 0.30000E-03	-0.40350E-03	 0.11494E+00	 0.16334E+00	 0.12046E+00	-0.24249E+01	-0.23294E+01	 0.29248E+04	 0.27283E+04	 0.45723E+01	 0.10005E+04	 0.21891E+06	 0.12755E-08	 0.32290E+00	-0.74350E+00	 0.00000E+00	-0.11250E+02	 0.94074E+00
 0.10000E-04	 0.30000E-03	-0.40350E-03	 0.11494E+00	 0.29833E+00	 0.10870E+00	-0.20101E+01	-0.19215E+01	 0.33969E+05	 0.28086E+05	 0.45723E+01	 0.10005E+04	 0.21891E+06	 0.23402E-05	 0.32290E+00	-0.74350E+00	 0.00000E+00	-0.11250E+02	 0.94074E+00
 0.10000E-05	 0.30000E-03	-0.40350E-03	 0.11494E+00	 0.14708E+00	 0.12376E-01	-0.15547E+01	-0.18881E+01	 0.39039E+06	 0.28105E+06	 0.45723E+01	 0.10005E+04	 0.21891E+06	 0.16575E-01	 0.32290E+00	-0.74350E+00	 0.00000E+00	-0.11250E+02	 0.94074E+00
 0.30000E+01	 0.30000E-03	-0.40350E-03	 0.11494E+00	 0.21040E+01	 0.21040E+01	 0.54677E-04	 0.54677E-04	 0.28648E-04	 0.28648E-04	 0.45723E+01	 0.10005E+04	 0.21891E+06	 0.11727E-11	 0.32290E+00	-0.74350E+00	 0.00000E+00	-0.11250E+02	 0.94074E+00
 0.30000E+00	 0.30000E-03	-0.40350E-03	 0.11494E+00	 0.23038E+00	 0.23038E+00	 0.30139E-02	 0.30139E-02	 0.16224E-01	 0.16224E-01	 0.45723E+01	 0.10005E+04	 0.21891E+06	 0.22233E-13	 0.32290E+00	-0.74350E+00	 0.00000E+00	-0.11250E+02	 0.94074E+00
 0.30000E+02	 0.30000E-03	-0.40350E-03	 0.11494E+00	 0.27562E+01	 0.27562E+01	 0.72717E-06	 0.72717E-06	 0.28929E-07	 0.28929E-07	 0.45723E+01	 0.10005E+04	 0.21891E+06	 0.62117E-11	 0.32290E+00	-0.74350E+00	 0.00000E+00	-0.11250E+02	 0.94074E+00
 0.30000E-01	 0.30000E-03	-0.40350E-03	 0.11494E+00	 0.40784E-01	 0.40784E-01	-0.23149E-02	-0.23149E-02	 0.17619E+01	 0.17619E+01	 0.45723E+01	 0.10005E+04	 0.21891E+06	 0.46998E-12	 0.32290E+00	-0.74350E+00	 0.00000E+00	-0.11250E+02	 0.94074E+00
 0.30000E+03	 0.30000E-03	-0.40350E-03	 0.11494E+00	 0.11977E+01	 0.11977E+01	 0.77916E-08	 0.77916E-08	 0.28932E-10	 0.28932E-10	 0.45723E+01	 0.10005E+04	 0.21891E+06	 0.28829E-09	 0.32290E+00	-0.74350E+00	 0.00000E+00	-0.11250E+02	 0.94074E+00
 0.30000E-02	 0.30000E-03	-0.40350E-03	 0.11494E+00	 0.40655E-01	 0.40652E-01	-0.47955E+00	-0.47958E+00	 0.58062E+02	 0.58058E+02	 0.45723E+01	 0.10005E+04	 0.21891E+06	 0.10451E-11	 0.32290E+00	-0.74350E+00	 0.00000E+00	-0.11250E+02	 0.94074E+00
 0.30000E-03	 0.30000E-03	-0.40350E-03	 0.11494E+00	 0.75003E-01	 0.67028E-01	-0.20516E+01	-0.20342E+01	 0.88376E+03	 0.85689E+03	 0.45723E+01	 0.10005E+04	 0.21891E+06	 0.15936E-09	 0.32290E+00	-0.74350E+00	 0.00000E+00	-0.11250E+02	 0.94074E+00
 0.30000E-04	 0.30000E-03	-0.40350E-03	 0.11494E+00	 0.31768E+00	 0.17980E+00	-0.22978E+01	-0.21038E+01	 0.10590E+05	 0.93203E+04	 0.45723E+01	 0.10005E+04	 0.21891E+06	 0.23712E-07	 0.32290E+00	-0.74350E+00	 0.00000E+00	-0.11250E+02	 0.94074E+00
 0.30000E-05	 0.30000E-03	-0.40350E-03	 0.11494E+00	 0.24305E+00	 0.36695E-01	-0.16812E+01	-0.18908E+01	 0.12153E+06	 0.93677E+05	 0.45723E+01	 0.10005E+04	 0.21891E+06	 0.14334E-03	 0.32290E+00	-0.74350E+00	 0.00000E+00	-0.11250E+02	 0.94074E+00
 0.10000E+01	 0.30000E-04	-0.40350E-04	 0.11494E+00	 0.75517E+00	 0.75517E+00	 0.44775E-03	 0.44775E-03	 0.71868E-03	 0.71868E-03	 0.45723E+01	 0.10005E+04	 0.21891E+06	 0.55221E-13	 0.32290E+00	-0.74350E+00	 0.00000E+00	-0.11250E+02	 0.94074E+00
 0.10000E+00	 0.30000E-04	-0.40350E-04	 0.11494E+00	 0.83682E-01	 0.83682E-01	 0.80574E-02	 0.80574E-02	 0.16868E+00	 0.16868E+00	 0.45723E+01	 0.10005E+04	 0.21891E+06	 0.12736E-13	 0.32290E+00	-0.74350E+00	 0.00000E+00	-0.11250E+02	 0.94074E+00
 0.10000E+02	 0.30000E-04	-0.40350E-04	 0.11494E+00	 0.74720E+01	 0.74720E+01	 0.48432E-05	 0.48432E-05	 0.78046E-06	 0.78046E-06	 0.45723E+01	 0.10005E+04	 0.21891E+06	 0.63865E-11	 0.32290E+00	-0.74350E+00	 0.00000E+00	-0.11250E+02	 0.94074E+00
 0.10000E-01	 0.30000E-04	-0.40350E-04	 0.11494E+00	 0.36963E-01	 0.36963E-01	-0.10701E+00	-0.10701E+00	 0.11145E+02	 0.11145E+02	 0.45723E+01	 0.10005E+04	 0.21891E+06	 0.26231E-12	 0.32290E+00	-0.74350E+00	 0.00000E+00	-0.11250E+02	 0.94074E+00
 0.10000E+03	 0.30000E-04	-0.40350E-04	 0.11494E+00	 0.41286E+02	 0.41286E+02	 0.57103E-07	 0.57103E-07	 0.78115E-09	 0.78115E-09	 0.45723E+01	 0.10005E+04	 0.21891E+06	 0.97156E-10	 0.32290E+00	-0.74350E+00	 0.00000E+00	-0.11250E+02	 0.94074E+00
 0.10000E-02	 0.30000E-04	-0.40350E-04	 0.11494E+00	 0.48369E-01	 0.47948E-01	-0.11924E+01	-0.11932E+01	 0.22385E+03	 0.22294E+03	 0.45723E+01	 0.10005E+04	 0.21891E+06	 0.12994E-10	 0.32290E+00	-0.74350E+00	 0.00000E+00	-0.11250E+02	 0.94074E+00
 0.10000E-03	 0.30000E-04	-0.40350E-04	 0.11494E+00	 0.17689E+00	 0.12987E+00	-0.25540E+01	-0.24539E+01	 0.29284E+04	 0.27332E+04	 0.45723E+01	 0.10005E+04	 0.21891E+06	 0.12886E-08	 0.32290E+00	-0.74350E+00	 0.00000E+00	-0.11250E+02	 0.94074E+00
 0.10000E-04	 0.30000E-04	-0.40350E-04	 0.11494E+00	 0.15807E+01	 0.56985E+00	-0.28777E+01	-0.29019E+01	 0.33992E+05	 0.28229E+05	 0.45723E+01	 0.10005E+04	 0.21891E+06	 0.13230E-06	 0.32290E+00	-0.74350E+00	 0.00000E+00	-0.11250E+02	 0.94074E+00
 0.10000E-05	 0.30000E-04	-0.40350E-04	 0.11494E+00	 0.45868E+01	 0.36718E+00	 0.88118E+00	-0.43231E+01	 0.39050E+06	 0.28262E+06	 0.45723E+01	 0.10005E+04	 0.21891E+06	 0.11383E-01	 0.32290E+00	-0.74350E+00	 0.00000E+00	-0.11250E+02	 0.94074E+00
 0.30000E+01	 0.30000E-04	-0.40350E-04	 0.11494E+00	 0.22591E+01	 0.22591E+01	 0.53222E-04	 0.53222E-04	 0.28648E-04	 0.28648E-04	 0.45723E+01	 0.10005E+04	 0.21891E+06	 0.81911E-12	 0.32290E+00	-0.74350E+00	 0.00000E+00	-0.11250E+02	 0.94074E+00
 0.30000E+00	 0.30000E-04	-0.40350E-04	 0.11494E+00	 0.23053E+00	 0.23053E+00	 0.30135E-02	 0.30135E-02	 0.16224E-01	 0.16224E-01	 0.45723E+01	 0.10005E+04	 0.21891E+06	 0.21631E-13	 0.32290E+00	-0.74350E+00	 0.00000E+00	-0.11250E+02	 0.94074E+00
 0.30000E+02	 0.30000E-04	-0.40350E-04	 0.11494E+00	 0.21033E+02	 0.21033E+02	 0.55172E-06	 0.55172E-06	 0.28929E-07	 0.28929E-07	 0.45723E+01	 0.10005E+04	 0.21891E+06	 0.75030E-10	 0.32290E+00	-0.74350E+00	 0.00000E+00	-0.11250E+02	 0.94074E+00
 0.30000E-01	 0.30000E-04	-0.40350E-04	 0.11494E+00	 0.40784E-01	 0.40784E-01	-0.23148E-02	-0.23148E-02	 0.17619E+01	 0.17619E+01	 0.45723E+01	 0.10005E+04	 0.21891E+06	 0.13332E-11	 0.32290E+00	-0.74350E+00	 0.00000E+00	-0.11250E+02	 0.94074E+00
 0.30000E+03	 0.30000E-04	-0.40350E-04	 0.11494E+00	 0.27562E+02	 0.27562E+02	 0.72725E-08	 0.72725E-08	 0.28932E-10	 0.28932E-10	 0.45723E+01	 0.10005E+04	 0.21891E+06	 0.62066E-09	 0.32290E+00	-0.74350E+00	 0.00000E+00	-0.11250E+02	 0.94074E+00
 0.30000E-02	 0.30000E-04	-0.40350E-04	 0.11494E+00	 0.40668E-01	 0.40665E-01	-0.47973E+00	-0.47976E+00	 0.58064E+02	 0.58061E+02	 0.45723E+01	 0.10005E+04	 0.21891E+06	 0.21850E-11	 0.32290E+00	-0.74350E+00	 0.00000E+00	-0.11250E+02	 0.94074E+00
 0.30000E-03	 0.30000E-04	-0.40350E-04	 0.11494E+00	 0.75845E-01	 0.67763E-01	-0.20682E+01	-0.20504E+01	 0.88419E+03	 0.85736E+03	 0.45723E+01	 0.10005E+04	 0.21891E+06	 0.63342E-10	 0.32290E+00	-0.74350E+00	 0.00000E+00	-0.11250E+02	 0.94074E+00
 0.30000E-04	 0.30000E-04	-0.40350E-04	 0.11494E+00	 0.55870E+00	 0.29986E+00	-0.29050E+01	-0.26515E+01	 0.10602E+05	 0.93545E+04	 0.45723E+01	 0.10005E+04	 0.21891E+06	 0.97832E-08	 0.32290E+00	-0.74350E+00	 0.00000E+00	-0.11250E+02	 0.94074E+00
 0.30000E-05	 0.30000E-04	-0.40350E-04	 0.11494E+00	 0.36563E+01	 0.74020E+00	-0.16889E+01	-0.37709E+01	 0.12158E+06	 0.94197E+05	 0.45723E+01	 0.10005E+04	 0.21891E+06	 0.44827E-04	 0.32290E+00	-0.74350E+00	 0.00000E+00	-0.11250E+02	 0.94074E+00
