 &datain
 nzperiod=  3,
 lalpha= 20, lfout=20, nrun =  1,
 cmul = 3.0000,
 efield = 0.0000,
 mpolb = 10,  ntorb = 16,  ibbi = 1,
 chip =  0.2986,  psip =  0.4573,
 btheta =  0.0288, bzeta =  2.3647,
 borbi(0,0)=  0.16345E+01,
 borbi(0,1)=  -.18212E+00,
 borbi(0,2)=  -.58979E-01,
 borbi(1,2)=  0.31648E-01,
 borbi(2,3)=  -.16073E-01,
 borbi(1,0)=  0.12003E-01,
 borbi(3,3)=  0.97901E-02,
 borbi(1,4)=  -.95339E-02,
 borbi(-1,2)=  -.81424E-02,
 borbi(2,2)=  -.77869E-02,
 borbi(-3,1)=  0.57178E-02,
 borbi(-1,3)=  -.53848E-02,
 borbi(1,1)=  -.51949E-02,
 borbi(-2,1)=  -.50107E-02,
 borbi(2,0)=  -.49981E-02,
 borbi(3,2)=  -.49409E-02,
 borbi(3,4)=  0.47682E-02,
 borbi(1,3)=  0.33047E-02,
 borbi(4,2)=  -.30689E-02,
 borbi(1,6)=  -.30493E-02,
 borbi(3,0)=  -.30412E-02,
 borbi(-1,1)=  -.29979E-02,
 borbi(-4,3)=  0.29332E-02,
 borbi(0,3)=  0.27419E-02,
 borbi(4,0)=  -.27400E-02,
 borbi(-2,4)=  -.27316E-02,
 borbi(4,3)=  0.24603E-02,
 borbi(-2,2)=  0.23625E-02,
 borbi(5,1)=  0.23581E-02,
 borbi(-3,4)=  -.21014E-02,
 borbi(3,5)=  0.18174E-02,
 borbi(-2,5)=  -.17248E-02,
 borbi(5,2)=  0.17223E-02,
 borbi(-3,3)=  -.16263E-02,
 borbi(-1,5)=  -.15724E-02,
 borbi(2,4)=  -.15571E-02,
 borbi(2,5)=  0.15137E-02,
 borbi(2,1)=  0.15034E-02,
 borbi(4,5)=  -.15000E-02,
 borbi(0,5)=  0.14133E-02,
 borbi(4,4)=  -.11303E-02,
 borbi(6,1)=  -.10402E-02,
 borbi(-4,1)=  -.10164E-02,
 borbi(-4,2)=  0.10109E-02,
 borbi(6,0)=  0.95459E-03,
 borbi(-3,5)=  -.93424E-03,
 borbi(2,7)=  0.89079E-03,
 borbi(-6,2)=  0.88584E-03,
 borbi(0,4)=  -.85800E-03,
 borbi(4,1)=  0.82766E-03,
 borbi(5,0)=  0.80956E-03,
 borbi(-4,5)=  0.76386E-03,
 borbi(-1,4)=  0.71444E-03,
 borbi(-2,6)=  -.70039E-03,
 borbi(-2,7)=  -.68680E-03,
 borbi(7,1)=  0.64672E-03,
 borbi(2,6)=  0.64533E-03,
 borbi(6,4)=  -.57817E-03,
 borbi(1,7)=  -.56424E-03,
 borbi(-5,1)=  0.56383E-03,
 borbi(4,6)=  -.54387E-03,
 borbi(3,7)=  -.52060E-03,
 borbi(-3,6)=  -.49534E-03,
 borbi(-5,3)=  -.46667E-03,
 borbi(7,2)=  -.44911E-03,
 borbi(3,8)=  -.44774E-03,
 borbi(0,7)=  -.43215E-03,
 borbi(-5,2)=  0.42709E-03,
 borbi(-6,3)=  -.41337E-03,
 borbi(-7,1)=  0.40253E-03,
 borbi(-2,3)=  -.40036E-03,
 borbi(3,6)=  0.38563E-03,
 borbi(0,6)=  0.38508E-03,
 borbi(5,7)=  -.38152E-03,
 borbi(-3,2)=  -.37961E-03,
 borbi(1,8)=  -.37739E-03,
 borbi(2,8)=  -.37670E-03,
 borbi(-2,8)=  -.37497E-03,
 borbi(7,0)=  -.34976E-03,
 borbi(0,9)=  -.34267E-03,
 borbi(5,4)=  -.33880E-03,
 borbi(5,6)=  -.32647E-03,
 borbi(6,3)=  -.31512E-03,
 borbi(6,2)=  -.30897E-03,
 borbi(-1,8)=  0.30524E-03,
 borbi(-4,6)=  0.30156E-03,
 borbi(1,5)=  -.29743E-03,
 borbi(4,8)=  0.27863E-03,
 borbi(5,9)=  -.27346E-03,
 borbi(5,8)=  -.24057E-03,
 borbi(8,2)=  0.23366E-03,
 borbi(3,1)=  0.22329E-03,
 borbi(-7,2)=  -.22142E-03,
 borbi(-1,7)=  0.21195E-03,
 borbi(0,8)=  -.21191E-03,
 borbi(4,9)=  0.18695E-03,
 borbi(7,5)=  -.18462E-03,
 borbi(1,9)=  0.17742E-03,
 borbi(7,4)=  0.17734E-03,
 borbi(8,1)=  -.16975E-03,
 mmnn(1,1)=  0, 45,  0,  1,  2,  3,  4,  5,  6,  7,  8,  9, 10, 11, 12,
  13, 14, 15, 16, 17, 18, 19, 20, 21, 22, 23, 24, 25, 26, 27, 28, 29, 30,
  31, 32, 33, 34, 35, 36, 37, 38, 39, 40, 41, 42, 43, 44,
 mmnn(1,2)=  1, 46,  0,  1,  2,  3,  4,  5,  6,  7,  8,  9, 10, 11, 12,
  13, 14, 15, 16, 17, 18, 19, 20, 21, 22, 23, 24, 25, 26, 27, 28, 29, 30,
  31, 32, 33, 34, 35, 36, 37, 38, 39, 40, 41, 42, 43, 44, 45,
 mmnn(1,3)=  2, 46,  0,  1,  2,  3,  4,  5,  6,  7,  8,  9, 10, 11, 12,
  13, 14, 15, 16, 17, 18, 19, 20, 21, 22, 23, 24, 25, 26, 27, 28, 29, 30,
  31, 32, 33, 34, 35, 36, 37, 38, 39, 40, 41, 42, 43, 44, 45,
 mmnn(1,4)=  3, 45,  0,  1,  2,  3,  4,  5,  6,  7,  8,  9, 10, 11, 12,
  13, 14, 15, 16, 17, 18, 19, 20, 21, 22, 23, 24, 25, 26, 27, 28, 29, 30,
  31, 32, 33, 34, 35, 36, 37, 38, 39, 40, 41, 42, 43, 44,
 mmnn(1,5)=  4, 46,  0,  1,  2,  3,  4,  5,  6,  7,  8,  9, 10, 11, 12,
  13, 14, 15, 16, 17, 18, 19, 20, 21, 22, 23, 24, 25, 26, 27, 28, 29, 30,
  31, 32, 33, 34, 35, 36, 37, 38, 39, 40, 41, 42, 43, 44, 45,
 mmnn(1,6)=  5, 46,  0,  1,  2,  3,  4,  5,  6,  7,  8,  9, 10, 11, 12,
  13, 14, 15, 16, 17, 18, 19, 20, 21, 22, 23, 24, 25, 26, 27, 28, 29, 30,
  31, 32, 33, 34, 35, 36, 37, 38, 39, 40, 41, 42, 43, 44, 45,
 mmnn(1,7)=  6, 46,  0,  1,  2,  3,  4,  5,  6,  7,  8,  9, 10, 11, 12,
  13, 14, 15, 16, 17, 18, 19, 20, 21, 22, 23, 24, 25, 26, 27, 28, 29, 30,
  31, 32, 33, 34, 35, 36, 37, 38, 39, 40, 41, 42, 43, 44, 45,
 mmnn(1,8)=  7, 45,  0,  1,  2,  3,  4,  5,  6,  7,  8,  9, 10, 11, 12,
  13, 14, 15, 16, 17, 18, 19, 20, 21, 22, 23, 24, 25, 26, 27, 28, 29, 30,
  31, 32, 33, 34, 35, 36, 37, 38, 39, 40, 41, 42, 43, 44,
 mmnn(1,9)=  8, 46,  0,  1,  2,  3,  4,  5,  6,  7,  8,  9, 10, 11, 12,
  13, 14, 15, 16, 17, 18, 19, 20, 21, 22, 23, 24, 25, 26, 27, 28, 29, 30,
  31, 32, 33, 34, 35, 36, 37, 38, 39, 40, 41, 42, 43, 44, 45,
 mmnn(1,10)=  9, 46,  0,  1,  2,  3,  4,  5,  6,  7,  8,  9, 10, 11, 12,
  13, 14, 15, 16, 17, 18, 19, 20, 21, 22, 23, 24, 25, 26, 27, 28, 29, 30,
  31, 32, 33, 34, 35, 36, 37, 38, 39, 40, 41, 42, 43, 44, 45,
 mmnn(1,11)= 10, 46,  0,  1,  2,  3,  4,  5,  6,  7,  8,  9, 10, 11, 12,
  13, 14, 15, 16, 17, 18, 19, 20, 21, 22, 23, 24, 25, 26, 27, 28, 29, 30,
  31, 32, 33, 34, 35, 36, 37, 38, 39, 40, 41, 42, 43, 44, 45,
 mmnn(1,12)= 11, 42,  0,  1,  2,  3,  4,  5,  6,  7,  8,  9, 10, 11, 12,
  13, 14, 15, 16, 17, 18, 19, 20, 21, 22, 23, 24, 25, 26, 27, 28, 29, 30,
  31, 32, 33, 34, 35, 36, 37, 38, 39, 40, 41,
 mmnn(1,13)= 12, 42,  0,  1,  2,  3,  4,  5,  6,  7,  8,  9, 10, 11, 12,
  13, 14, 15, 16, 17, 18, 19, 20, 21, 22, 23, 24, 25, 26, 27, 28, 29, 30,
  31, 32, 33, 34, 35, 36, 37, 38, 39, 40, 41,
 mmnn(1,14)= 13, 39,  0,  1,  2,  3,  4,  5,  6,  7,  8,  9, 10, 11, 12,
  13, 14, 15, 16, 17, 18, 19, 20, 21, 22, 23, 24, 25, 26, 27, 28, 29, 30,
  31, 32, 33, 34, 35, 36, 37, 38,
 mmnn(1,15)= 14, 38,  0,  1,  2,  3,  4,  5,  6,  7,  8,  9, 10, 11, 12,
  13, 14, 15, 16, 17, 18, 19, 20, 21, 22, 23, 24, 25, 26, 27, 28, 29, 30,
  31, 32, 33, 34, 35, 36, 37,
 mmnn(1,16)= 15, 37,  0,  1,  2,  3,  4,  5,  6,  7,  8,  9, 10, 11, 12,
  13, 14, 15, 16, 17, 18, 19, 20, 21, 22, 23, 24, 25, 26, 27, 28, 29, 30,
  31, 32, 33, 34, 35, 36,
 mmnn(1,17)= 16, 33,  0,  1,  2,  3,  4,  5,  6,  7,  8,  9, 10, 11, 12,
  13, 14, 15, 16, 17, 18, 19, 20, 21, 22, 23, 24, 25, 26, 27, 28, 29, 30,
  31, 32,
 mmnn(1,18)= 17, 33,  0,  1,  2,  3,  4,  5,  6,  7,  8,  9, 10, 11, 12,
  13, 14, 15, 16, 17, 18, 19, 20, 21, 22, 23, 24, 25, 26, 27, 28, 29, 30,
  31, 32,
 mmnn(1,19)= 18, 30,  0,  1,  2,  3,  4,  5,  6,  7,  8,  9, 10, 11, 12,
  13, 14, 15, 16, 17, 18, 19, 20, 21, 22, 23, 24, 25, 26, 27, 28, 29,
 mmnn(1,20)= 19, 29,  0,  1,  2,  3,  4,  5,  6,  7,  8,  9, 10, 11, 12,
  13, 14, 15, 16, 17, 18, 19, 20, 21, 22, 23, 24, 25, 26, 27, 28,
 mmnn(1,21)= 20, 26,  0,  1,  2,  3,  4,  5,  6,  7,  8,  9, 10, 11, 12,
  13, 14, 15, 16, 17, 18, 19, 20, 21, 22, 23, 24, 25,
 mmnn(1,22)= 21, 25,  0,  1,  2,  3,  4,  5,  6,  7,  8,  9, 10, 11, 12,
  13, 14, 15, 16, 17, 18, 19, 20, 21, 22, 23, 24,
 mmnn(1,23)= 22, 22,  0,  1,  2,  3,  4,  5,  6,  7,  8,  9, 10, 11, 12,
  13, 14, 15, 16, 17, 18, 19, 20, 21,
 mmnn(1,24)= 23, 19,  0,  1,  2,  3,  4,  5,  6,  7,  8,  9, 10, 11, 12,
  13, 14, 15, 16, 17, 18,
 mmnn(1,25)= 24, 16,  0,  1,  2,  3,  4,  5,  6,  7,  8,  9, 10, 11, 12,
  13, 14, 15,
 mmnn(1,26)= -1, 35,  1,  2,  3,  4,  5,  6,  7,  8,  9, 10, 11, 12, 13,
  14, 15, 16, 17, 18, 19, 20, 21, 22, 23, 24, 25, 26, 27, 28, 29, 30, 31,
  32, 33, 34, 35,
 mmnn(1,27)= -2, 34,  1,  2,  3,  4,  5,  6,  7,  8,  9, 10, 11, 12, 13,
  14, 15, 16, 17, 18, 19, 20, 21, 22, 23, 24, 25, 26, 27, 28, 29, 30, 31,
  32, 33, 34,
 mmnn(1,28)= -3, 33,  1,  2,  3,  4,  5,  6,  7,  8,  9, 10, 11, 12, 13,
  14, 15, 16, 17, 18, 19, 20, 21, 22, 23, 24, 25, 26, 27, 28, 29, 30, 31,
  32, 33,
 mmnn(1,29)= -4, 32,  1,  2,  3,  4,  5,  6,  7,  8,  9, 10, 11, 12, 13,
  14, 15, 16, 17, 18, 19, 20, 21, 22, 23, 24, 25, 26, 27, 28, 29, 30, 31,
  32,
 mmnn(1,30)= -5, 30,  1,  2,  3,  4,  5,  6,  7,  8,  9, 10, 11, 12, 13,
  14, 15, 16, 17, 18, 19, 20, 21, 22, 23, 24, 25, 26, 27, 28, 29, 30,
 mmnn(1,31)= -6, 29,  1,  2,  3,  4,  5,  6,  7,  8,  9, 10, 11, 12, 13,
  14, 15, 16, 17, 18, 19, 20, 21, 22, 23, 24, 25, 26, 27, 28, 29,
 mmnn(1,32)= -7, 28,  1,  2,  3,  4,  5,  6,  7,  8,  9, 10, 11, 12, 13,
  14, 15, 16, 17, 18, 19, 20, 21, 22, 23, 24, 25, 26, 27, 28,
 mmnn(1,33)= -8, 25,  1,  2,  3,  4,  5,  6,  7,  8,  9, 10, 11, 12, 13,
  14, 15, 16, 17, 18, 19, 20, 21, 22, 23, 24, 25,
 mmnn(1,34)= -9, 20,  1,  2,  3,  4,  5,  6,  7,  8,  9, 10, 11, 12, 13,
  14, 15, 16, 17, 18, 19, 20,
 mmnn(1,35)=-10, 20,  1,  2,  3,  4,  5,  6,  7,  8,  9, 10, 11, 12, 13,
  14, 15, 16, 17, 18, 19, 20,
 mmnn(1,36)=-11, 18,  1,  2,  3,  4,  5,  6,  7,  8,  9, 10, 11, 12, 13,
  14, 15, 16, 17, 18,
 mmnn(1,37)=-12, 18,  1,  2,  3,  4,  5,  6,  7,  8,  9, 10, 11, 12, 13,
  14, 15, 16, 17, 18,
 mmnn(1,38)=-13, 18,  1,  2,  3,  4,  5,  6,  7,  8,  9, 10, 11, 12, 13,
  14, 15, 16, 17, 18,
 mmnn(1,39)=-14, 18,  1,  2,  3,  4,  5,  6,  7,  8,  9, 10, 11, 12, 13,
  14, 15, 16, 17, 18,
 mmnn(1,40)=-15, 17,  1,  2,  3,  4,  5,  6,  7,  8,  9, 10, 11, 12, 13,
  14, 15, 16, 17,
 mmnn(1,41)=-16, 17,  1,  2,  3,  4,  5,  6,  7,  8,  9, 10, 11, 12, 13,
  14, 15, 16, 17,
 mmnn(1,42)=-17, 17,  1,  2,  3,  4,  5,  6,  7,  8,  9, 10, 11, 12, 13,
  14, 15, 16, 17,
 mmnn(1,43)=-18, 15,  1,  2,  3,  4,  5,  6,  7,  8,  9, 10, 11, 12, 13,
  14, 15,
 mmnn(1,44)=-19, 15,  1,  2,  3,  4,  5,  6,  7,  8,  9, 10, 11, 12, 13,
  14, 15,
 mmnn(1,45)=-20, 13,  1,  2,  3,  4,  5,  6,  7,  8,  9, 10, 11, 12, 13,
 mmnn(1,46)=-21, 12,  1,  2,  3,  4,  5,  6,  7,  8,  9, 10, 11, 12,
 mmnn(1,47)=-22, 11,  1,  2,  3,  4,  5,  6,  7,  8,  9, 10, 11,
 mmnn(1,48)=-23,  9,  1,  2,  3,  4,  5,  6,  7,  8,  9,
 mmnn(1,49)=-24,  6,  1,  2,  3,  4,  5,  6,
 mpol=46, ntor= 49 /
