 0.10000E+02	 0.00000E+00	 0.00000E+00	 0.88654E+00	 0.17961E+02	 0.17961E+02	 0.12200E-03	 0.12200E-03	 0.82406E-05	 0.82406E-05	 0.45723E+01	 0.10005E+04	 0.21891E+06	 0.19180E-11	-0.11000E+00	 0.70200E-01	 0.00000E+00	 0.16905E+01	 0.12915E+00
 0.10000E+03	 0.00000E+00	 0.00000E+00	 0.88654E+00	 0.17944E+03	 0.17944E+03	 0.12343E-05	 0.12343E-05	 0.84851E-08	 0.84851E-08	 0.45723E+01	 0.10005E+04	 0.21891E+06	 0.14370E-09	-0.11000E+00	 0.70200E-01	 0.00000E+00	 0.16905E+01	 0.12915E+00
 0.10000E+01	 0.00000E+00	 0.00000E+00	 0.88654E+00	 0.19371E+01	 0.19371E+01	 0.86858E-02	 0.86858E-02	 0.39576E-02	 0.39576E-02	 0.45723E+01	 0.10005E+04	 0.21891E+06	 0.44576E-13	-0.11000E+00	 0.70200E-01	 0.00000E+00	 0.16905E+01	 0.12915E+00
 0.10000E+00	 0.00000E+00	 0.00000E+00	 0.88654E+00	 0.78910E+00	 0.78910E+00	 0.13011E+00	 0.13011E+00	 0.56307E+00	 0.56306E+00	 0.45723E+01	 0.10005E+04	 0.21891E+06	 0.20183E-12	-0.11000E+00	 0.70200E-01	 0.00000E+00	 0.16905E+01	 0.12915E+00
 0.10000E-01	 0.00000E+00	 0.00000E+00	 0.88654E+00	 0.16771E+01	 0.16770E+01	 0.47523E+00	 0.47513E+00	 0.19356E+02	 0.19356E+02	 0.45723E+01	 0.10005E+04	 0.21891E+06	 0.11037E-10	-0.11000E+00	 0.70200E-01	 0.00000E+00	 0.16905E+01	 0.12915E+00
 0.10000E-02	 0.00000E+00	 0.00000E+00	 0.88654E+00	 0.94526E+01	 0.91178E+01	-0.14997E+01	-0.19252E+01	 0.26797E+03	 0.26640E+03	 0.45723E+01	 0.10005E+04	 0.21891E+06	 0.11008E-08	-0.11000E+00	 0.70200E-01	 0.00000E+00	 0.16905E+01	 0.12915E+00
 0.10000E-03	 0.00000E+00	 0.00000E+00	 0.88654E+00	 0.82958E+02	 0.63382E+02	-0.16249E+02	-0.11677E+02	 0.31006E+04	 0.29240E+04	 0.45723E+01	 0.10005E+04	 0.21891E+06	 0.84556E-07	-0.11000E+00	 0.70200E-01	 0.00000E+00	 0.16905E+01	 0.12915E+00
 0.30000E+02	 0.00000E+00	 0.00000E+00	 0.88654E+00	 0.53838E+02	 0.53838E+02	 0.13697E-04	 0.13697E-04	 0.31329E-06	 0.31329E-06	 0.45723E+01	 0.10005E+04	 0.21891E+06	 0.15396E-10	-0.11000E+00	 0.70200E-01	 0.00000E+00	 0.16905E+01	 0.12915E+00
 0.30000E+03	 0.00000E+00	 0.00000E+00	 0.88654E+00	 0.53833E+03	 0.53833E+03	 0.13716E-06	 0.13716E-06	 0.31435E-09	 0.31435E-09	 0.45723E+01	 0.10005E+04	 0.21891E+06	 0.86354E-09	-0.11000E+00	 0.70200E-01	 0.00000E+00	 0.16905E+01	 0.12915E+00
 0.30000E+01	 0.00000E+00	 0.00000E+00	 0.88654E+00	 0.54367E+01	 0.54367E+01	 0.12484E-02	 0.12484E-02	 0.24759E-03	 0.24759E-03	 0.45723E+01	 0.10005E+04	 0.21891E+06	 0.12600E-12	-0.11000E+00	 0.70200E-01	 0.00000E+00	 0.16905E+01	 0.12915E+00
 0.30000E+00	 0.00000E+00	 0.00000E+00	 0.88654E+00	 0.89152E+00	 0.89152E+00	 0.45940E-01	 0.45940E-01	 0.62518E-01	 0.62518E-01	 0.45723E+01	 0.10005E+04	 0.21891E+06	 0.56212E-13	-0.11000E+00	 0.70200E-01	 0.00000E+00	 0.16905E+01	 0.12915E+00
 0.30000E-01	 0.00000E+00	 0.00000E+00	 0.88654E+00	 0.10035E+01	 0.10035E+01	 0.32014E+00	 0.32014E+00	 0.42427E+01	 0.42427E+01	 0.45723E+01	 0.10005E+04	 0.21891E+06	 0.14651E-11	-0.11000E+00	 0.70200E-01	 0.00000E+00	 0.16905E+01	 0.12915E+00
 0.30000E-02	 0.00000E+00	 0.00000E+00	 0.88654E+00	 0.38147E+01	 0.38012E+01	 0.88097E-01	 0.63406E-01	 0.80116E+02	 0.80048E+02	 0.45723E+01	 0.10005E+04	 0.21891E+06	 0.77496E-09	-0.11000E+00	 0.70200E-01	 0.00000E+00	 0.16905E+01	 0.12915E+00
 0.30000E-03	 0.00000E+00	 0.00000E+00	 0.88654E+00	 0.28571E+02	 0.24997E+02	-0.58382E+01	-0.68131E+01	 0.96762E+03	 0.94727E+03	 0.45723E+01	 0.10005E+04	 0.21891E+06	 0.90708E-08	-0.11000E+00	 0.70200E-01	 0.00000E+00	 0.16905E+01	 0.12915E+00
 0.30000E-04	 0.00000E+00	 0.00000E+00	 0.88654E+00	 0.27324E+03	 0.16486E+03	-0.44117E+02	-0.21790E+02	 0.11194E+05	 0.98482E+04	 0.45723E+01	 0.10005E+04	 0.21891E+06	 0.76939E-06	-0.11000E+00	 0.70200E-01	 0.00000E+00	 0.16905E+01	 0.12915E+00
 0.10000E+02	 0.10000E+01	 0.14245E+02	 0.88654E+00	 0.17503E-02	 0.17503E-02	 0.79147E-04	 0.79147E-04	 0.19801E-03	 0.19801E-03	 0.45723E+01	 0.10005E+04	 0.21891E+06	 0.15939E-09	-0.11000E+00	 0.70200E-01	 0.00000E+00	 0.16905E+01	 0.12915E+00
 0.10000E+03	 0.10000E+01	 0.14245E+02	 0.88654E+00	 0.25463E-03	 0.25463E-03	 0.24131E-05	 0.24131E-05	 0.61367E-06	 0.61367E-06	 0.45723E+01	 0.10005E+04	 0.21891E+06	 0.17191E-08	-0.11000E+00	 0.70200E-01	 0.00000E+00	 0.16905E+01	 0.12915E+00
 0.10000E+01	 0.10000E+01	 0.14245E+02	 0.88654E+00	 0.17932E-02	 0.17932E-02	 0.16779E-03	 0.16779E-03	 0.44763E-02	 0.44763E-02	 0.45723E+01	 0.10005E+04	 0.21891E+06	 0.27360E-09	-0.11000E+00	 0.70200E-01	 0.00000E+00	 0.16905E+01	 0.12915E+00
 0.10000E+00	 0.10000E+01	 0.14245E+02	 0.88654E+00	 0.11868E-02	 0.11868E-02	 0.70004E-03	 0.69997E-03	 0.19384E+00	 0.19383E+00	 0.45723E+01	 0.10005E+04	 0.21891E+06	 0.38937E-07	-0.11000E+00	 0.70200E-01	 0.00000E+00	 0.16905E+01	 0.12915E+00
 0.10000E-01	 0.10000E+01	 0.14245E+02	 0.88654E+00	 0.11391E-02	 0.11390E-02	 0.55489E-02	 0.55488E-02	 0.81633E+01	 0.81631E+01	 0.45723E+01	 0.10005E+04	 0.21891E+06	 0.31582E-06	-0.11000E+00	 0.70200E-01	 0.00000E+00	 0.16905E+01	 0.12915E+00
 0.10000E-02	 0.10000E+01	 0.14245E+02	 0.88654E+00	 0.73380E-03	 0.73215E-03	 0.23830E-01	 0.23454E-01	 0.17049E+03	 0.16449E+03	 0.45723E+01	 0.10005E+04	 0.21891E+06	 0.12853E-05	-0.11000E+00	 0.70200E-01	 0.00000E+00	 0.16905E+01	 0.12915E+00
 0.10000E-03	 0.10000E+01	 0.14245E+02	 0.88654E+00	 0.23953E-03	 0.21477E-03	 0.50560E-01	 0.29675E-01	 0.29671E+04	 0.21946E+04	 0.45723E+01	 0.10005E+04	 0.21891E+06	 0.97363E-04	-0.11000E+00	 0.70200E-01	 0.00000E+00	 0.16905E+01	 0.12915E+00
 0.30000E+02	 0.10000E+01	 0.14245E+02	 0.88654E+00	 0.78751E-03	 0.78751E-03	 0.21611E-04	 0.21611E-04	 0.18311E-04	 0.18311E-04	 0.45723E+01	 0.10005E+04	 0.21891E+06	 0.19632E-09	-0.11000E+00	 0.70200E-01	 0.00000E+00	 0.16905E+01	 0.12915E+00
 0.30000E+03	 0.10000E+01	 0.14245E+02	 0.88654E+00	 0.85613E-04	 0.85613E-04	 0.27481E-06	 0.27481E-06	 0.23294E-07	 0.23294E-07	 0.45723E+01	 0.10005E+04	 0.21891E+06	 0.79933E-08	-0.11000E+00	 0.70200E-01	 0.00000E+00	 0.16905E+01	 0.12915E+00
 0.30000E+01	 0.10000E+01	 0.14245E+02	 0.88654E+00	 0.23003E-02	 0.23003E-02	 0.12998E-03	 0.12998E-03	 0.10538E-02	 0.10538E-02	 0.45723E+01	 0.10005E+04	 0.21891E+06	 0.14968E-09	-0.11000E+00	 0.70200E-01	 0.00000E+00	 0.16905E+01	 0.12915E+00
 0.30000E+00	 0.10000E+01	 0.14245E+02	 0.88654E+00	 0.13696E-02	 0.13696E-02	 0.28094E-03	 0.28094E-03	 0.28756E-01	 0.28756E-01	 0.45723E+01	 0.10005E+04	 0.21891E+06	 0.31345E-08	-0.11000E+00	 0.70200E-01	 0.00000E+00	 0.16905E+01	 0.12915E+00
 0.30000E-01	 0.10000E+01	 0.14245E+02	 0.88654E+00	 0.11516E-02	 0.11516E-02	 0.20440E-02	 0.20440E-02	 0.15408E+01	 0.15408E+01	 0.45723E+01	 0.10005E+04	 0.21891E+06	 0.57187E-07	-0.11000E+00	 0.70200E-01	 0.00000E+00	 0.16905E+01	 0.12915E+00
 0.30000E-02	 0.10000E+01	 0.14245E+02	 0.88654E+00	 0.10450E-02	 0.10449E-02	 0.13952E-01	 0.13942E-01	 0.41912E+02	 0.41772E+02	 0.45723E+01	 0.10005E+04	 0.21891E+06	 0.18454E-06	-0.11000E+00	 0.70200E-01	 0.00000E+00	 0.16905E+01	 0.12915E+00
 0.30000E-03	 0.10000E+01	 0.14245E+02	 0.88654E+00	 0.42213E-03	 0.40931E-03	 0.38056E-01	 0.31672E-01	 0.75001E+03	 0.66109E+03	 0.45723E+01	 0.10005E+04	 0.21891E+06	 0.46740E-05	-0.11000E+00	 0.70200E-01	 0.00000E+00	 0.16905E+01	 0.12915E+00
 0.30000E-04	 0.10000E+01	 0.14245E+02	 0.88654E+00	 0.11019E-03	 0.86944E-04	 0.49482E-01	 0.27656E-01	 0.14648E+05	 0.76204E+04	 0.45723E+01	 0.10005E+04	 0.21891E+06	 0.10863E-02	-0.11000E+00	 0.70200E-01	 0.00000E+00	 0.16905E+01	 0.12915E+00
 0.10000E+02	 0.10000E+00	 0.14245E+01	 0.88654E+00	 0.53369E-01	 0.53369E-01	 0.23789E-03	 0.23789E-03	 0.14243E-04	 0.14243E-04	 0.45723E+01	 0.10005E+04	 0.21891E+06	 0.24799E-12	-0.11000E+00	 0.70200E-01	 0.00000E+00	 0.16905E+01	 0.12915E+00
 0.10000E+03	 0.10000E+00	 0.14245E+01	 0.88654E+00	 0.10116E-01	 0.10116E-01	 0.24468E-05	 0.24468E-05	 0.14701E-07	 0.14701E-07	 0.45723E+01	 0.10005E+04	 0.21891E+06	 0.29465E-10	-0.11000E+00	 0.70200E-01	 0.00000E+00	 0.16905E+01	 0.12915E+00
 0.10000E+01	 0.10000E+00	 0.14245E+01	 0.88654E+00	 0.17150E+00	 0.17150E+00	 0.95608E-02	 0.95608E-02	 0.54868E-02	 0.54868E-02	 0.45723E+01	 0.10005E+04	 0.21891E+06	 0.19681E-12	-0.11000E+00	 0.70200E-01	 0.00000E+00	 0.16905E+01	 0.12915E+00
 0.10000E+00	 0.10000E+00	 0.14245E+01	 0.88654E+00	 0.17756E+00	 0.17756E+00	 0.87537E-01	 0.87537E-01	 0.41594E+00	 0.41592E+00	 0.45723E+01	 0.10005E+04	 0.21891E+06	 0.29138E-11	-0.11000E+00	 0.70200E-01	 0.00000E+00	 0.16905E+01	 0.12915E+00
 0.10000E-01	 0.10000E+00	 0.14245E+01	 0.88654E+00	 0.11858E+00	 0.11858E+00	 0.42991E+00	 0.42989E+00	 0.20379E+02	 0.20376E+02	 0.45723E+01	 0.10005E+04	 0.21891E+06	 0.20236E-10	-0.11000E+00	 0.70200E-01	 0.00000E+00	 0.16905E+01	 0.12915E+00
 0.10000E-02	 0.10000E+00	 0.14245E+01	 0.88654E+00	 0.60592E-01	 0.59984E-01	 0.44976E+00	 0.44898E+00	 0.36645E+03	 0.36014E+03	 0.45723E+01	 0.10005E+04	 0.21891E+06	 0.16742E-08	-0.11000E+00	 0.70200E-01	 0.00000E+00	 0.16905E+01	 0.12915E+00
 0.10000E-03	 0.10000E+00	 0.14245E+01	 0.88654E+00	 0.22212E-01	 0.16516E-01	 0.27702E+00	 0.29576E+00	 0.48983E+04	 0.44941E+04	 0.45723E+01	 0.10005E+04	 0.21891E+06	 0.11731E-06	-0.11000E+00	 0.70200E-01	 0.00000E+00	 0.16905E+01	 0.12915E+00
 0.30000E+02	 0.10000E+00	 0.14245E+01	 0.88654E+00	 0.22964E-01	 0.22964E-01	 0.26879E-04	 0.26879E-04	 0.54211E-06	 0.54211E-06	 0.45723E+01	 0.10005E+04	 0.21891E+06	 0.21239E-11	-0.11000E+00	 0.70200E-01	 0.00000E+00	 0.16905E+01	 0.12915E+00
 0.30000E+03	 0.10000E+00	 0.14245E+01	 0.88654E+00	 0.40000E-02	 0.40000E-02	 0.27493E-06	 0.27493E-06	 0.54484E-09	 0.54484E-09	 0.45723E+01	 0.10005E+04	 0.21891E+06	 0.60430E-10	-0.11000E+00	 0.70200E-01	 0.00000E+00	 0.16905E+01	 0.12915E+00
 0.30000E+01	 0.10000E+00	 0.14245E+01	 0.88654E+00	 0.12708E+00	 0.12708E+00	 0.21361E-02	 0.21361E-02	 0.42435E-03	 0.42435E-03	 0.45723E+01	 0.10005E+04	 0.21891E+06	 0.13094E-12	-0.11000E+00	 0.70200E-01	 0.00000E+00	 0.16905E+01	 0.12915E+00
 0.30000E+00	 0.10000E+00	 0.14245E+01	 0.88654E+00	 0.18313E+00	 0.18313E+00	 0.32138E-01	 0.32138E-01	 0.53582E-01	 0.53582E-01	 0.45723E+01	 0.10005E+04	 0.21891E+06	 0.67525E-12	-0.11000E+00	 0.70200E-01	 0.00000E+00	 0.16905E+01	 0.12915E+00
 0.30000E-01	 0.10000E+00	 0.14245E+01	 0.88654E+00	 0.15249E+00	 0.15249E+00	 0.23547E+00	 0.23547E+00	 0.36743E+01	 0.36743E+01	 0.45723E+01	 0.10005E+04	 0.21891E+06	 0.73958E-11	-0.11000E+00	 0.70200E-01	 0.00000E+00	 0.16905E+01	 0.12915E+00
 0.30000E-02	 0.10000E+00	 0.14245E+01	 0.88654E+00	 0.82614E-01	 0.82576E-01	 0.50808E+00	 0.50768E+00	 0.97706E+02	 0.97360E+02	 0.45723E+01	 0.10005E+04	 0.21891E+06	 0.29090E-09	-0.11000E+00	 0.70200E-01	 0.00000E+00	 0.16905E+01	 0.12915E+00
 0.30000E-03	 0.10000E+00	 0.14245E+01	 0.88654E+00	 0.38797E-01	 0.35536E-01	 0.35050E+00	 0.35297E+00	 0.14583E+04	 0.13945E+04	 0.45723E+01	 0.10005E+04	 0.21891E+06	 0.12338E-07	-0.11000E+00	 0.70200E-01	 0.00000E+00	 0.16905E+01	 0.12915E+00
 0.30000E-04	 0.10000E+00	 0.14245E+01	 0.88654E+00	 0.11612E-01	 0.56624E-02	 0.21093E+00	 0.25105E+00	 0.17646E+05	 0.15385E+05	 0.45723E+01	 0.10005E+04	 0.21891E+06	 0.70714E-06	-0.11000E+00	 0.70200E-01	 0.00000E+00	 0.16905E+01	 0.12915E+00
 0.10000E+02	 0.10000E-01	 0.14245E+00	 0.88654E+00	 0.15256E+01	 0.15256E+01	 0.11735E-03	 0.11735E-03	 0.82941E-05	 0.82941E-05	 0.45723E+01	 0.10005E+04	 0.21891E+06	 0.33482E-12	-0.11000E+00	 0.70200E-01	 0.00000E+00	 0.16905E+01	 0.12915E+00
 0.10000E+03	 0.10000E-01	 0.14245E+00	 0.88654E+00	 0.49682E+00	 0.49682E+00	 0.23327E-05	 0.23327E-05	 0.85463E-08	 0.85463E-08	 0.45723E+01	 0.10005E+04	 0.21891E+06	 0.17575E-11	-0.11000E+00	 0.70200E-01	 0.00000E+00	 0.16905E+01	 0.12915E+00
 0.10000E+01	 0.10000E-01	 0.14245E+00	 0.88654E+00	 0.15862E+01	 0.15862E+01	 0.77644E-02	 0.77644E-02	 0.39790E-02	 0.39790E-02	 0.45723E+01	 0.10005E+04	 0.21891E+06	 0.25613E-13	-0.11000E+00	 0.70200E-01	 0.00000E+00	 0.16905E+01	 0.12915E+00
 0.10000E+00	 0.10000E-01	 0.14245E+00	 0.88654E+00	 0.74136E+00	 0.74136E+00	 0.14281E+00	 0.14281E+00	 0.55807E+00	 0.55806E+00	 0.45723E+01	 0.10005E+04	 0.21891E+06	 0.13139E-12	-0.11000E+00	 0.70200E-01	 0.00000E+00	 0.16905E+01	 0.12915E+00
 0.10000E-01	 0.10000E-01	 0.14245E+00	 0.88654E+00	 0.49822E+00	 0.49820E+00	 0.53906E+00	 0.53898E+00	 0.20038E+02	 0.20037E+02	 0.45723E+01	 0.10005E+04	 0.21891E+06	 0.13768E-10	-0.11000E+00	 0.70200E-01	 0.00000E+00	 0.16905E+01	 0.12915E+00
 0.10000E-02	 0.10000E-01	 0.14245E+00	 0.88654E+00	 0.15575E+00	 0.15096E+00	 0.13100E+00	 0.69344E-01	 0.29677E+03	 0.29282E+03	 0.45723E+01	 0.10005E+04	 0.21891E+06	 0.98422E-09	-0.11000E+00	 0.70200E-01	 0.00000E+00	 0.16905E+01	 0.12915E+00
 0.10000E-03	 0.10000E-01	 0.14245E+00	 0.88654E+00	 0.38920E-01	 0.32645E-01	-0.40475E+00	-0.62016E+00	 0.35862E+04	 0.32437E+04	 0.45723E+01	 0.10005E+04	 0.21891E+06	 0.44453E-06	-0.11000E+00	 0.70200E-01	 0.00000E+00	 0.16905E+01	 0.12915E+00
 0.30000E+02	 0.10000E-01	 0.14245E+00	 0.88654E+00	 0.10191E+01	 0.10191E+01	 0.19599E-04	 0.19599E-04	 0.31545E-06	 0.31545E-06	 0.45723E+01	 0.10005E+04	 0.21891E+06	 0.96019E-12	-0.11000E+00	 0.70200E-01	 0.00000E+00	 0.16905E+01	 0.12915E+00
 0.30000E+03	 0.10000E-01	 0.14245E+00	 0.88654E+00	 0.22131E+00	 0.22131E+00	 0.26844E-06	 0.26844E-06	 0.31664E-09	 0.31664E-09	 0.45723E+01	 0.10005E+04	 0.21891E+06	 0.87218E-11	-0.11000E+00	 0.70200E-01	 0.00000E+00	 0.16905E+01	 0.12915E+00
 0.30000E+01	 0.10000E-01	 0.14245E+00	 0.88654E+00	 0.21226E+01	 0.21226E+01	 0.89467E-03	 0.89467E-03	 0.24909E-03	 0.24909E-03	 0.45723E+01	 0.10005E+04	 0.21891E+06	 0.69198E-13	-0.11000E+00	 0.70200E-01	 0.00000E+00	 0.16905E+01	 0.12915E+00
 0.30000E+00	 0.10000E-01	 0.14245E+00	 0.88654E+00	 0.88907E+00	 0.88907E+00	 0.46764E-01	 0.46764E-01	 0.62428E-01	 0.62428E-01	 0.45723E+01	 0.10005E+04	 0.21891E+06	 0.56025E-13	-0.11000E+00	 0.70200E-01	 0.00000E+00	 0.16905E+01	 0.12915E+00
 0.30000E-01	 0.10000E-01	 0.14245E+00	 0.88654E+00	 0.65491E+00	 0.65491E+00	 0.37215E+00	 0.37215E+00	 0.42524E+01	 0.42524E+01	 0.45723E+01	 0.10005E+04	 0.21891E+06	 0.96646E-12	-0.11000E+00	 0.70200E-01	 0.00000E+00	 0.16905E+01	 0.12915E+00
 0.30000E-02	 0.10000E-01	 0.14245E+00	 0.88654E+00	 0.28924E+00	 0.28819E+00	 0.34463E+00	 0.33736E+00	 0.86811E+02	 0.86689E+02	 0.45723E+01	 0.10005E+04	 0.21891E+06	 0.12286E-09	-0.11000E+00	 0.70200E-01	 0.00000E+00	 0.16905E+01	 0.12915E+00
 0.30000E-03	 0.10000E-01	 0.14245E+00	 0.88654E+00	 0.73640E-01	 0.66505E-01	-0.10240E+00	-0.26678E+00	 0.11081E+04	 0.10507E+04	 0.45723E+01	 0.10005E+04	 0.21891E+06	 0.19740E-07	-0.11000E+00	 0.70200E-01	 0.00000E+00	 0.16905E+01	 0.12915E+00
 0.30000E-04	 0.10000E-01	 0.14245E+00	 0.88654E+00	 0.28106E-01	 0.17630E-01	-0.12312E+01	-0.12232E+01	 0.12786E+05	 0.10919E+05	 0.45723E+01	 0.10005E+04	 0.21891E+06	 0.76192E-05	-0.11000E+00	 0.70200E-01	 0.00000E+00	 0.16905E+01	 0.12915E+00
 0.10000E+02	 0.10000E-02	 0.14245E-01	 0.88654E+00	 0.13668E+02	 0.13668E+02	 0.11087E-03	 0.11087E-03	 0.82408E-05	 0.82408E-05	 0.45723E+01	 0.10005E+04	 0.21891E+06	 0.11868E-11	-0.11000E+00	 0.70200E-01	 0.00000E+00	 0.16905E+01	 0.12915E+00
 0.10000E+03	 0.10000E-02	 0.14245E-01	 0.88654E+00	 0.15109E+02	 0.15109E+02	 0.11669E-05	 0.11669E-05	 0.84856E-08	 0.84856E-08	 0.45723E+01	 0.10005E+04	 0.21891E+06	 0.23114E-10	-0.11000E+00	 0.70200E-01	 0.00000E+00	 0.16905E+01	 0.12915E+00
 0.10000E+01	 0.10000E-02	 0.14245E-01	 0.88654E+00	 0.19154E+01	 0.19154E+01	 0.87143E-02	 0.87143E-02	 0.39577E-02	 0.39577E-02	 0.45723E+01	 0.10005E+04	 0.21891E+06	 0.24033E-13	-0.11000E+00	 0.70200E-01	 0.00000E+00	 0.16905E+01	 0.12915E+00
 0.10000E+00	 0.10000E-02	 0.14245E-01	 0.88654E+00	 0.78833E+00	 0.78833E+00	 0.13030E+00	 0.13030E+00	 0.56300E+00	 0.56299E+00	 0.45723E+01	 0.10005E+04	 0.21891E+06	 0.17890E-12	-0.11000E+00	 0.70200E-01	 0.00000E+00	 0.16905E+01	 0.12915E+00
 0.10000E-01	 0.10000E-02	 0.14245E-01	 0.88654E+00	 0.15191E+01	 0.15190E+01	 0.54057E+00	 0.54047E+00	 0.19319E+02	 0.19319E+02	 0.45723E+01	 0.10005E+04	 0.21891E+06	 0.14341E-10	-0.11000E+00	 0.70200E-01	 0.00000E+00	 0.16905E+01	 0.12915E+00
 0.10000E-02	 0.10000E-02	 0.14245E-01	 0.88654E+00	 0.22228E+01	 0.21561E+01	 0.86851E+00	 0.70381E+00	 0.26631E+03	 0.26438E+03	 0.45723E+01	 0.10005E+04	 0.21891E+06	 0.11992E-08	-0.11000E+00	 0.70200E-01	 0.00000E+00	 0.16905E+01	 0.12915E+00
 0.10000E-03	 0.10000E-02	 0.14245E-01	 0.88654E+00	 0.92878E+00	 0.57234E+00	-0.10755E+00	 0.13694E+00	 0.30924E+04	 0.28967E+04	 0.45723E+01	 0.10005E+04	 0.21891E+06	 0.16311E-04	-0.11000E+00	 0.70200E-01	 0.00000E+00	 0.16905E+01	 0.12915E+00
 0.30000E+02	 0.10000E-02	 0.14245E-01	 0.88654E+00	 0.20327E+02	 0.20327E+02	 0.94190E-05	 0.94190E-05	 0.31331E-06	 0.31331E-06	 0.45723E+01	 0.10005E+04	 0.21891E+06	 0.46954E-11	-0.11000E+00	 0.70200E-01	 0.00000E+00	 0.16905E+01	 0.12915E+00
 0.30000E+03	 0.10000E-02	 0.14245E-01	 0.88654E+00	 0.10156E+02	 0.10156E+02	 0.19548E-06	 0.19548E-06	 0.31437E-09	 0.31437E-09	 0.45723E+01	 0.10005E+04	 0.21891E+06	 0.62219E-10	-0.11000E+00	 0.70200E-01	 0.00000E+00	 0.16905E+01	 0.12915E+00
 0.30000E+01	 0.10000E-02	 0.14245E-01	 0.88654E+00	 0.50724E+01	 0.50724E+01	 0.12668E-02	 0.12668E-02	 0.24759E-03	 0.24759E-03	 0.45723E+01	 0.10005E+04	 0.21891E+06	 0.13525E-12	-0.11000E+00	 0.70200E-01	 0.00000E+00	 0.16905E+01	 0.12915E+00
 0.30000E+00	 0.10000E-02	 0.14245E-01	 0.88654E+00	 0.89185E+00	 0.89185E+00	 0.45947E-01	 0.45947E-01	 0.62516E-01	 0.62516E-01	 0.45723E+01	 0.10005E+04	 0.21891E+06	 0.42726E-13	-0.11000E+00	 0.70200E-01	 0.00000E+00	 0.16905E+01	 0.12915E+00
 0.30000E-01	 0.10000E-02	 0.14245E-01	 0.88654E+00	 0.98819E+00	 0.98819E+00	 0.32517E+00	 0.32517E+00	 0.42406E+01	 0.42406E+01	 0.45723E+01	 0.10005E+04	 0.21891E+06	 0.15881E-11	-0.11000E+00	 0.70200E-01	 0.00000E+00	 0.16905E+01	 0.12915E+00
 0.30000E-02	 0.10000E-02	 0.14245E-01	 0.88654E+00	 0.22663E+01	 0.22587E+01	 0.73715E+00	 0.71930E+00	 0.79684E+02	 0.79607E+02	 0.45723E+01	 0.10005E+04	 0.21891E+06	 0.93548E-10	-0.11000E+00	 0.70200E-01	 0.00000E+00	 0.16905E+01	 0.12915E+00
 0.30000E-03	 0.10000E-02	 0.14245E-01	 0.88654E+00	 0.15053E+01	 0.12714E+01	 0.60094E+00	 0.34402E+00	 0.96349E+03	 0.93891E+03	 0.45723E+01	 0.10005E+04	 0.21891E+06	 0.44576E-07	-0.11000E+00	 0.70200E-01	 0.00000E+00	 0.16905E+01	 0.12915E+00
 0.30000E-04	 0.10000E-02	 0.14245E-01	 0.88654E+00	 0.49369E+00	 0.19180E+00	-0.12193E+01	 0.80280E-02	 0.11169E+05	 0.97355E+04	 0.45723E+01	 0.10005E+04	 0.21891E+06	 0.23111E-04	-0.11000E+00	 0.70200E-01	 0.00000E+00	 0.16905E+01	 0.12915E+00
 0.10000E+02	 0.10000E-03	 0.14245E-02	 0.88654E+00	 0.17719E+02	 0.17719E+02	 0.12262E-03	 0.12262E-03	 0.82406E-05	 0.82406E-05	 0.45723E+01	 0.10005E+04	 0.21891E+06	 0.63604E-12	-0.11000E+00	 0.70200E-01	 0.00000E+00	 0.16905E+01	 0.12915E+00
 0.10000E+03	 0.10000E-03	 0.14245E-02	 0.88654E+00	 0.13645E+03	 0.13645E+03	 0.11218E-05	 0.11218E-05	 0.84851E-08	 0.84851E-08	 0.45723E+01	 0.10005E+04	 0.21891E+06	 0.15590E-09	-0.11000E+00	 0.70200E-01	 0.00000E+00	 0.16905E+01	 0.12915E+00
 0.10000E+01	 0.10000E-03	 0.14245E-02	 0.88654E+00	 0.19368E+01	 0.19368E+01	 0.86862E-02	 0.86862E-02	 0.39576E-02	 0.39576E-02	 0.45723E+01	 0.10005E+04	 0.21891E+06	 0.24513E-13	-0.11000E+00	 0.70200E-01	 0.00000E+00	 0.16905E+01	 0.12915E+00
 0.10000E+00	 0.10000E-03	 0.14245E-02	 0.88654E+00	 0.78909E+00	 0.78909E+00	 0.13011E+00	 0.13011E+00	 0.56307E+00	 0.56306E+00	 0.45723E+01	 0.10005E+04	 0.21891E+06	 0.23965E-12	-0.11000E+00	 0.70200E-01	 0.00000E+00	 0.16905E+01	 0.12915E+00
 0.10000E-01	 0.10000E-03	 0.14245E-02	 0.88654E+00	 0.16752E+01	 0.16751E+01	 0.47605E+00	 0.47594E+00	 0.19355E+02	 0.19355E+02	 0.45723E+01	 0.10005E+04	 0.21891E+06	 0.11315E-10	-0.11000E+00	 0.70200E-01	 0.00000E+00	 0.16905E+01	 0.12915E+00
 0.10000E-02	 0.10000E-03	 0.14245E-02	 0.88654E+00	 0.88321E+01	 0.85178E+01	-0.12321E+01	-0.16361E+01	 0.26781E+03	 0.26621E+03	 0.45723E+01	 0.10005E+04	 0.21891E+06	 0.76346E-09	-0.11000E+00	 0.70200E-01	 0.00000E+00	 0.16905E+01	 0.12915E+00
 0.10000E-03	 0.10000E-03	 0.14245E-02	 0.88654E+00	 0.21438E+02	 0.15967E+02	-0.38545E+01	-0.24111E+01	 0.30960E+04	 0.29161E+04	 0.45723E+01	 0.10005E+04	 0.21891E+06	 0.92055E-06	-0.11000E+00	 0.70200E-01	 0.00000E+00	 0.16905E+01	 0.12915E+00
 0.30000E+02	 0.10000E-03	 0.14245E-02	 0.88654E+00	 0.50162E+02	 0.50162E+02	 0.13949E-04	 0.13949E-04	 0.31329E-06	 0.31329E-06	 0.45723E+01	 0.10005E+04	 0.21891E+06	 0.22485E-10	-0.11000E+00	 0.70200E-01	 0.00000E+00	 0.16905E+01	 0.12915E+00
 0.30000E+03	 0.10000E-03	 0.14245E-02	 0.88654E+00	 0.20318E+03	 0.20318E+03	 0.94263E-07	 0.94263E-07	 0.31435E-09	 0.31435E-09	 0.45723E+01	 0.10005E+04	 0.21891E+06	 0.34318E-09	-0.11000E+00	 0.70200E-01	 0.00000E+00	 0.16905E+01	 0.12915E+00
 0.30000E+01	 0.10000E-03	 0.14245E-02	 0.88654E+00	 0.54292E+01	 0.54292E+01	 0.12489E-02	 0.12489E-02	 0.24759E-03	 0.24759E-03	 0.45723E+01	 0.10005E+04	 0.21891E+06	 0.23076E-12	-0.11000E+00	 0.70200E-01	 0.00000E+00	 0.16905E+01	 0.12915E+00
 0.30000E+00	 0.10000E-03	 0.14245E-02	 0.88654E+00	 0.89152E+00	 0.89152E+00	 0.45940E-01	 0.45940E-01	 0.62518E-01	 0.62518E-01	 0.45723E+01	 0.10005E+04	 0.21891E+06	 0.40845E-13	-0.11000E+00	 0.70200E-01	 0.00000E+00	 0.16905E+01	 0.12915E+00
 0.30000E-01	 0.10000E-03	 0.14245E-02	 0.88654E+00	 0.10034E+01	 0.10034E+01	 0.32020E+00	 0.32020E+00	 0.42427E+01	 0.42427E+01	 0.45723E+01	 0.10005E+04	 0.21891E+06	 0.13953E-11	-0.11000E+00	 0.70200E-01	 0.00000E+00	 0.16905E+01	 0.12915E+00
 0.30000E-02	 0.10000E-03	 0.14245E-02	 0.88654E+00	 0.37770E+01	 0.37635E+01	 0.10544E+00	 0.80855E-01	 0.80105E+02	 0.80037E+02	 0.45723E+01	 0.10005E+04	 0.21891E+06	 0.90060E-09	-0.11000E+00	 0.70200E-01	 0.00000E+00	 0.16905E+01	 0.12915E+00
 0.30000E-03	 0.10000E-03	 0.14245E-02	 0.88654E+00	 0.18433E+02	 0.16173E+02	-0.28218E+01	-0.35079E+01	 0.96629E+03	 0.94514E+03	 0.45723E+01	 0.10005E+04	 0.21891E+06	 0.14583E-07	-0.11000E+00	 0.70200E-01	 0.00000E+00	 0.16905E+01	 0.12915E+00
 0.30000E-04	 0.10000E-03	 0.14245E-02	 0.88654E+00	 0.17723E+02	 0.86582E+01	-0.76297E+01	-0.23852E+01	 0.11178E+05	 0.98109E+04	 0.45723E+01	 0.10005E+04	 0.21891E+06	 0.42576E-04	-0.11000E+00	 0.70200E-01	 0.00000E+00	 0.16905E+01	 0.12915E+00
 0.10000E+02	 0.10000E-04	 0.14245E-03	 0.88654E+00	 0.17958E+02	 0.17958E+02	 0.12200E-03	 0.12200E-03	 0.82406E-05	 0.82406E-05	 0.45723E+01	 0.10005E+04	 0.21891E+06	 0.11613E-11	-0.11000E+00	 0.70200E-01	 0.00000E+00	 0.16905E+01	 0.12915E+00
 0.10000E+03	 0.10000E-04	 0.14245E-03	 0.88654E+00	 0.17702E+03	 0.17702E+03	 0.12407E-05	 0.12407E-05	 0.84851E-08	 0.84851E-08	 0.45723E+01	 0.10005E+04	 0.21891E+06	 0.10919E-09	-0.11000E+00	 0.70200E-01	 0.00000E+00	 0.16905E+01	 0.12915E+00
 0.10000E+01	 0.10000E-04	 0.14245E-03	 0.88654E+00	 0.19371E+01	 0.19371E+01	 0.86858E-02	 0.86858E-02	 0.39576E-02	 0.39576E-02	 0.45723E+01	 0.10005E+04	 0.21891E+06	 0.18296E-13	-0.11000E+00	 0.70200E-01	 0.00000E+00	 0.16905E+01	 0.12915E+00
 0.10000E+00	 0.10000E-04	 0.14245E-03	 0.88654E+00	 0.78910E+00	 0.78910E+00	 0.13011E+00	 0.13011E+00	 0.56307E+00	 0.56306E+00	 0.45723E+01	 0.10005E+04	 0.21891E+06	 0.23097E-12	-0.11000E+00	 0.70200E-01	 0.00000E+00	 0.16905E+01	 0.12915E+00
 0.10000E-01	 0.10000E-04	 0.14245E-03	 0.88654E+00	 0.16771E+01	 0.16770E+01	 0.47524E+00	 0.47514E+00	 0.19356E+02	 0.19356E+02	 0.45723E+01	 0.10005E+04	 0.21891E+06	 0.10288E-10	-0.11000E+00	 0.70200E-01	 0.00000E+00	 0.16905E+01	 0.12915E+00
 0.10000E-02	 0.10000E-04	 0.14245E-03	 0.88654E+00	 0.94455E+01	 0.91109E+01	-0.14966E+01	-0.19218E+01	 0.26797E+03	 0.26640E+03	 0.45723E+01	 0.10005E+04	 0.21891E+06	 0.84976E-09	-0.11000E+00	 0.70200E-01	 0.00000E+00	 0.16905E+01	 0.12915E+00
 0.10000E-03	 0.10000E-04	 0.14245E-03	 0.88654E+00	 0.78627E+02	 0.59958E+02	-0.15114E+02	-0.10631E+02	 0.31002E+04	 0.29230E+04	 0.45723E+01	 0.10005E+04	 0.21891E+06	 0.10098E-06	-0.11000E+00	 0.70200E-01	 0.00000E+00	 0.16905E+01	 0.12915E+00
 0.30000E+02	 0.10000E-04	 0.14245E-03	 0.88654E+00	 0.53763E+02	 0.53763E+02	 0.13704E-04	 0.13704E-04	 0.31329E-06	 0.31329E-06	 0.45723E+01	 0.10005E+04	 0.21891E+06	 0.81600E-11	-0.11000E+00	 0.70200E-01	 0.00000E+00	 0.16905E+01	 0.12915E+00
 0.30000E+03	 0.10000E-04	 0.14245E-03	 0.88654E+00	 0.50156E+03	 0.50156E+03	 0.13969E-06	 0.13969E-06	 0.31435E-09	 0.31435E-09	 0.45723E+01	 0.10005E+04	 0.21891E+06	 0.17850E-08	-0.11000E+00	 0.70200E-01	 0.00000E+00	 0.16905E+01	 0.12915E+00
 0.30000E+01	 0.10000E-04	 0.14245E-03	 0.88654E+00	 0.54365E+01	 0.54365E+01	 0.12484E-02	 0.12484E-02	 0.24759E-03	 0.24759E-03	 0.45723E+01	 0.10005E+04	 0.21891E+06	 0.10143E-12	-0.11000E+00	 0.70200E-01	 0.00000E+00	 0.16905E+01	 0.12915E+00
 0.30000E+00	 0.10000E-04	 0.14245E-03	 0.88654E+00	 0.89152E+00	 0.89152E+00	 0.45940E-01	 0.45940E-01	 0.62518E-01	 0.62518E-01	 0.45723E+01	 0.10005E+04	 0.21891E+06	 0.43270E-13	-0.11000E+00	 0.70200E-01	 0.00000E+00	 0.16905E+01	 0.12915E+00
 0.30000E-01	 0.10000E-04	 0.14245E-03	 0.88654E+00	 0.10035E+01	 0.10035E+01	 0.32014E+00	 0.32014E+00	 0.42427E+01	 0.42427E+01	 0.45723E+01	 0.10005E+04	 0.21891E+06	 0.15330E-11	-0.11000E+00	 0.70200E-01	 0.00000E+00	 0.16905E+01	 0.12915E+00
 0.30000E-02	 0.10000E-04	 0.14245E-03	 0.88654E+00	 0.38144E+01	 0.38008E+01	 0.88274E-01	 0.63584E-01	 0.80116E+02	 0.80048E+02	 0.45723E+01	 0.10005E+04	 0.21891E+06	 0.38969E-09	-0.11000E+00	 0.70200E-01	 0.00000E+00	 0.16905E+01	 0.12915E+00
 0.30000E-03	 0.10000E-04	 0.14245E-03	 0.88654E+00	 0.28369E+02	 0.24817E+02	-0.57698E+01	-0.67341E+01	 0.96758E+03	 0.94720E+03	 0.45723E+01	 0.10005E+04	 0.21891E+06	 0.97862E-08	-0.11000E+00	 0.70200E-01	 0.00000E+00	 0.16905E+01	 0.12915E+00
 0.30000E-04	 0.10000E-04	 0.14245E-03	 0.88654E+00	 0.19080E+03	 0.11353E+03	-0.29973E+02	-0.12782E+02	 0.11190E+05	 0.98399E+04	 0.45723E+01	 0.10005E+04	 0.21891E+06	 0.18504E-05	-0.11000E+00	 0.70200E-01	 0.00000E+00	 0.16905E+01	 0.12915E+00
 0.10000E+02	 0.30000E+00	 0.42735E+01	 0.88654E+00	 0.89571E-02	 0.89571E-02	 0.20347E-03	 0.20347E-03	 0.53866E-04	 0.53866E-04	 0.45723E+01	 0.10005E+04	 0.21891E+06	 0.19227E-11	-0.11000E+00	 0.70200E-01	 0.00000E+00	 0.16905E+01	 0.12915E+00
 0.10000E+03	 0.30000E+00	 0.42735E+01	 0.88654E+00	 0.14610E-02	 0.14610E-02	 0.24707E-05	 0.24707E-05	 0.64359E-07	 0.64359E-07	 0.45723E+01	 0.10005E+04	 0.21891E+06	 0.53824E-10	-0.11000E+00	 0.70200E-01	 0.00000E+00	 0.16905E+01	 0.12915E+00
 0.10000E+01	 0.30000E+00	 0.42735E+01	 0.88654E+00	 0.20184E-01	 0.20184E-01	 0.20184E-02	 0.20184E-02	 0.51240E-02	 0.51240E-02	 0.45723E+01	 0.10005E+04	 0.21891E+06	 0.39347E-11	-0.11000E+00	 0.70200E-01	 0.00000E+00	 0.16905E+01	 0.12915E+00
 0.10000E+00	 0.30000E+00	 0.42735E+01	 0.88654E+00	 0.11034E-01	 0.11033E-01	 0.42316E-02	 0.42314E-02	 0.25194E+00	 0.25193E+00	 0.45723E+01	 0.10005E+04	 0.21891E+06	 0.13358E-09	-0.11000E+00	 0.70200E-01	 0.00000E+00	 0.16905E+01	 0.12915E+00
 0.10000E-01	 0.30000E+00	 0.42735E+01	 0.88654E+00	 0.57414E-02	 0.57413E-02	 0.20712E-01	 0.20709E-01	 0.13477E+02	 0.13476E+02	 0.45723E+01	 0.10005E+04	 0.21891E+06	 0.74824E-08	-0.11000E+00	 0.70200E-01	 0.00000E+00	 0.16905E+01	 0.12915E+00
 0.10000E-02	 0.30000E+00	 0.42735E+01	 0.88654E+00	 0.28248E-02	 0.28033E-02	 0.38447E-01	 0.37164E-01	 0.34095E+03	 0.32598E+03	 0.45723E+01	 0.10005E+04	 0.21891E+06	 0.34055E-07	-0.11000E+00	 0.70200E-01	 0.00000E+00	 0.16905E+01	 0.12915E+00
 0.10000E-03	 0.30000E+00	 0.42735E+01	 0.88654E+00	 0.89974E-03	 0.70319E-03	-0.50539E-01	-0.65147E-01	 0.52001E+04	 0.42771E+04	 0.45723E+01	 0.10005E+04	 0.21891E+06	 0.11310E-05	-0.11000E+00	 0.70200E-01	 0.00000E+00	 0.16905E+01	 0.12915E+00
 0.30000E+02	 0.30000E+00	 0.42735E+01	 0.88654E+00	 0.41627E-02	 0.41627E-02	 0.26605E-04	 0.26605E-04	 0.23312E-05	 0.23312E-05	 0.45723E+01	 0.10005E+04	 0.21891E+06	 0.25130E-10	-0.11000E+00	 0.70200E-01	 0.00000E+00	 0.16905E+01	 0.12915E+00
 0.30000E+03	 0.30000E+00	 0.42735E+01	 0.88654E+00	 0.49848E-03	 0.49848E-03	 0.27556E-06	 0.27556E-06	 0.23886E-08	 0.23886E-08	 0.45723E+01	 0.10005E+04	 0.21891E+06	 0.16923E-08	-0.11000E+00	 0.70200E-01	 0.00000E+00	 0.16905E+01	 0.12915E+00
 0.30000E+01	 0.30000E+00	 0.42735E+01	 0.88654E+00	 0.16522E-01	 0.16522E-01	 0.10108E-02	 0.10108E-02	 0.86131E-03	 0.86131E-03	 0.45723E+01	 0.10005E+04	 0.21891E+06	 0.30590E-11	-0.11000E+00	 0.70200E-01	 0.00000E+00	 0.16905E+01	 0.12915E+00
 0.30000E+00	 0.30000E+00	 0.42735E+01	 0.88654E+00	 0.16422E-01	 0.16422E-01	 0.30152E-02	 0.30152E-02	 0.35921E-01	 0.35921E-01	 0.45723E+01	 0.10005E+04	 0.21891E+06	 0.26275E-10	-0.11000E+00	 0.70200E-01	 0.00000E+00	 0.16905E+01	 0.12915E+00
 0.30000E-01	 0.30000E+00	 0.42735E+01	 0.88654E+00	 0.74181E-02	 0.74181E-02	 0.90797E-02	 0.90797E-02	 0.21711E+01	 0.21711E+01	 0.45723E+01	 0.10005E+04	 0.21891E+06	 0.18752E-08	-0.11000E+00	 0.70200E-01	 0.00000E+00	 0.16905E+01	 0.12915E+00
 0.30000E-02	 0.30000E+00	 0.42735E+01	 0.88654E+00	 0.43337E-02	 0.43299E-02	 0.40814E-01	 0.40697E-01	 0.80138E+02	 0.79576E+02	 0.45723E+01	 0.10005E+04	 0.21891E+06	 0.11773E-07	-0.11000E+00	 0.70200E-01	 0.00000E+00	 0.16905E+01	 0.12915E+00
 0.30000E-03	 0.30000E+00	 0.42735E+01	 0.88654E+00	 0.14980E-02	 0.14289E-02	-0.38155E-02	-0.15709E-01	 0.14665E+04	 0.13104E+04	 0.45723E+01	 0.10005E+04	 0.21891E+06	 0.18451E-06	-0.11000E+00	 0.70200E-01	 0.00000E+00	 0.16905E+01	 0.12915E+00
 0.30000E-04	 0.30000E+00	 0.42735E+01	 0.88654E+00	 0.98086E-03	 0.30882E-03	-0.55279E-01	-0.98110E-01	 0.19725E+05	 0.14654E+05	 0.45723E+01	 0.10005E+04	 0.21891E+06	 0.82672E-05	-0.11000E+00	 0.70200E-01	 0.00000E+00	 0.16905E+01	 0.12915E+00
 0.10000E+02	 0.30000E-01	 0.42735E+00	 0.88654E+00	 0.34896E+00	 0.34896E+00	 0.17997E-03	 0.17997E-03	 0.87643E-05	 0.87643E-05	 0.45723E+01	 0.10005E+04	 0.21891E+06	 0.15628E-12	-0.11000E+00	 0.70200E-01	 0.00000E+00	 0.16905E+01	 0.12915E+00
 0.10000E+03	 0.30000E-01	 0.42735E+00	 0.88654E+00	 0.74004E-01	 0.74004E-01	 0.24168E-05	 0.24168E-05	 0.90422E-08	 0.90422E-08	 0.45723E+01	 0.10005E+04	 0.21891E+06	 0.34756E-11	-0.11000E+00	 0.70200E-01	 0.00000E+00	 0.16905E+01	 0.12915E+00
 0.10000E+01	 0.30000E-01	 0.42735E+00	 0.88654E+00	 0.92922E+00	 0.92922E+00	 0.70002E-02	 0.70002E-02	 0.42627E-02	 0.42627E-02	 0.45723E+01	 0.10005E+04	 0.21891E+06	 0.26929E-13	-0.11000E+00	 0.70200E-01	 0.00000E+00	 0.16905E+01	 0.12915E+00
 0.10000E+00	 0.30000E-01	 0.42735E+00	 0.88654E+00	 0.80536E+00	 0.80536E+00	 0.11004E+00	 0.11004E+00	 0.54779E+00	 0.54778E+00	 0.45723E+01	 0.10005E+04	 0.21891E+06	 0.17886E-12	-0.11000E+00	 0.70200E-01	 0.00000E+00	 0.16905E+01	 0.12915E+00
 0.10000E-01	 0.30000E-01	 0.42735E+00	 0.88654E+00	 0.46564E+00	 0.46561E+00	-0.17437E+00	-0.17431E+00	 0.25934E+02	 0.25929E+02	 0.45723E+01	 0.10005E+04	 0.21891E+06	 0.20871E-10	-0.11000E+00	 0.70200E-01	 0.00000E+00	 0.16905E+01	 0.12915E+00
 0.10000E-02	 0.30000E-01	 0.42735E+00	 0.88654E+00	 0.11520E+00	 0.11309E+00	-0.11948E+01	-0.11892E+01	 0.44858E+03	 0.43899E+03	 0.45723E+01	 0.10005E+04	 0.21891E+06	 0.82576E-09	-0.11000E+00	 0.70200E-01	 0.00000E+00	 0.16905E+01	 0.12915E+00
 0.10000E-03	 0.30000E-01	 0.42735E+00	 0.88654E+00	 0.18022E-01	 0.14430E-01	-0.16258E+01	-0.16483E+01	 0.52285E+04	 0.48368E+04	 0.45723E+01	 0.10005E+04	 0.21891E+06	 0.84430E-07	-0.11000E+00	 0.70200E-01	 0.00000E+00	 0.16905E+01	 0.12915E+00
 0.30000E+02	 0.30000E-01	 0.42735E+00	 0.88654E+00	 0.18054E+00	 0.18054E+00	 0.25760E-04	 0.25760E-04	 0.33366E-06	 0.33366E-06	 0.45723E+01	 0.10005E+04	 0.21891E+06	 0.46686E-12	-0.11000E+00	 0.70200E-01	 0.00000E+00	 0.16905E+01	 0.12915E+00
 0.30000E+03	 0.30000E-01	 0.42735E+00	 0.88654E+00	 0.35723E-01	 0.35723E-01	 0.27132E-06	 0.27132E-06	 0.33506E-09	 0.33506E-09	 0.45723E+01	 0.10005E+04	 0.21891E+06	 0.11917E-10	-0.11000E+00	 0.70200E-01	 0.00000E+00	 0.16905E+01	 0.12915E+00
 0.30000E+01	 0.30000E-01	 0.42735E+00	 0.88654E+00	 0.57440E+00	 0.57440E+00	 0.13186E-02	 0.13186E-02	 0.26467E-03	 0.26467E-03	 0.45723E+01	 0.10005E+04	 0.21891E+06	 0.24207E-13	-0.11000E+00	 0.70200E-01	 0.00000E+00	 0.16905E+01	 0.12915E+00
 0.30000E+00	 0.30000E-01	 0.42735E+00	 0.88654E+00	 0.10478E+01	 0.10478E+01	 0.29459E-01	 0.29459E-01	 0.63779E-01	 0.63779E-01	 0.45723E+01	 0.10005E+04	 0.21891E+06	 0.69813E-13	-0.11000E+00	 0.70200E-01	 0.00000E+00	 0.16905E+01	 0.12915E+00
 0.30000E-01	 0.30000E-01	 0.42735E+00	 0.88654E+00	 0.61218E+00	 0.61218E+00	 0.14617E+00	 0.14617E+00	 0.46497E+01	 0.46497E+01	 0.45723E+01	 0.10005E+04	 0.21891E+06	 0.18406E-11	-0.11000E+00	 0.70200E-01	 0.00000E+00	 0.16905E+01	 0.12915E+00
 0.30000E-02	 0.30000E-01	 0.42735E+00	 0.88654E+00	 0.25682E+00	 0.25632E+00	-0.77947E+00	-0.77959E+00	 0.12621E+03	 0.12566E+03	 0.45723E+01	 0.10005E+04	 0.21891E+06	 0.14272E-09	-0.11000E+00	 0.70200E-01	 0.00000E+00	 0.16905E+01	 0.12915E+00
 0.30000E-03	 0.30000E-01	 0.42735E+00	 0.88654E+00	 0.43446E-01	 0.40098E-01	-0.15216E+01	-0.15011E+01	 0.16621E+04	 0.15728E+04	 0.45723E+01	 0.10005E+04	 0.21891E+06	 0.60643E-08	-0.11000E+00	 0.70200E-01	 0.00000E+00	 0.16905E+01	 0.12915E+00
 0.30000E-04	 0.30000E-01	 0.42735E+00	 0.88654E+00	 0.11129E-01	 0.45249E-02	-0.15556E+01	-0.16579E+01	 0.17898E+05	 0.16247E+05	 0.45723E+01	 0.10005E+04	 0.21891E+06	 0.41351E-05	-0.11000E+00	 0.70200E-01	 0.00000E+00	 0.16905E+01	 0.12915E+00
 0.10000E+02	 0.30000E-02	 0.42735E-01	 0.88654E+00	 0.67999E+01	 0.67999E+01	 0.84270E-04	 0.84270E-04	 0.82443E-05	 0.82443E-05	 0.45723E+01	 0.10005E+04	 0.21891E+06	 0.66540E-12	-0.11000E+00	 0.70200E-01	 0.00000E+00	 0.16905E+01	 0.12915E+00
 0.10000E+03	 0.30000E-02	 0.42735E-01	 0.88654E+00	 0.33863E+01	 0.33863E+01	 0.17597E-05	 0.17597E-05	 0.84903E-08	 0.84903E-08	 0.45723E+01	 0.10005E+04	 0.21891E+06	 0.49488E-11	-0.11000E+00	 0.70200E-01	 0.00000E+00	 0.16905E+01	 0.12915E+00
 0.10000E+01	 0.30000E-02	 0.42735E-01	 0.88654E+00	 0.18269E+01	 0.18269E+01	 0.87695E-02	 0.87695E-02	 0.39586E-02	 0.39586E-02	 0.45723E+01	 0.10005E+04	 0.21891E+06	 0.30155E-13	-0.11000E+00	 0.70200E-01	 0.00000E+00	 0.16905E+01	 0.12915E+00
 0.10000E+00	 0.30000E-02	 0.42735E-01	 0.88654E+00	 0.78264E+00	 0.78264E+00	 0.13171E+00	 0.13171E+00	 0.56242E+00	 0.56241E+00	 0.45723E+01	 0.10005E+04	 0.21891E+06	 0.18935E-12	-0.11000E+00	 0.70200E-01	 0.00000E+00	 0.16905E+01	 0.12915E+00
 0.10000E-01	 0.30000E-02	 0.42735E-01	 0.88654E+00	 0.10368E+01	 0.10368E+01	 0.70619E+00	 0.70610E+00	 0.19225E+02	 0.19224E+02	 0.45723E+01	 0.10005E+04	 0.21891E+06	 0.97819E-11	-0.11000E+00	 0.70200E-01	 0.00000E+00	 0.16905E+01	 0.12915E+00
 0.10000E-02	 0.30000E-02	 0.42735E-01	 0.88654E+00	 0.58048E+00	 0.56094E+00	 0.81537E+00	 0.73899E+00	 0.26739E+03	 0.26508E+03	 0.45723E+01	 0.10005E+04	 0.21891E+06	 0.85020E-09	-0.11000E+00	 0.70200E-01	 0.00000E+00	 0.16905E+01	 0.12915E+00
 0.10000E-03	 0.30000E-02	 0.42735E-01	 0.88654E+00	 0.15810E+00	 0.99664E-01	 0.17425E+00	 0.24744E+00	 0.31437E+04	 0.29105E+04	 0.45723E+01	 0.10005E+04	 0.21891E+06	 0.41926E-05	-0.11000E+00	 0.70200E-01	 0.00000E+00	 0.16905E+01	 0.12915E+00
 0.30000E+02	 0.30000E-02	 0.42735E-01	 0.88654E+00	 0.52614E+01	 0.52614E+01	 0.12512E-04	 0.12512E-04	 0.31347E-06	 0.31347E-06	 0.45723E+01	 0.10005E+04	 0.21891E+06	 0.26350E-11	-0.11000E+00	 0.70200E-01	 0.00000E+00	 0.16905E+01	 0.12915E+00
 0.30000E+03	 0.30000E-02	 0.42735E-01	 0.88654E+00	 0.17894E+01	 0.17894E+01	 0.25633E-06	 0.25633E-06	 0.31455E-09	 0.31455E-09	 0.45723E+01	 0.10005E+04	 0.21891E+06	 0.18036E-10	-0.11000E+00	 0.70200E-01	 0.00000E+00	 0.16905E+01	 0.12915E+00
 0.30000E+01	 0.30000E-02	 0.42735E-01	 0.88654E+00	 0.43024E+01	 0.43024E+01	 0.11601E-02	 0.11601E-02	 0.24766E-03	 0.24766E-03	 0.45723E+01	 0.10005E+04	 0.21891E+06	 0.18054E-12	-0.11000E+00	 0.70200E-01	 0.00000E+00	 0.16905E+01	 0.12915E+00
 0.30000E+00	 0.30000E-02	 0.42735E-01	 0.88654E+00	 0.89390E+00	 0.89390E+00	 0.46019E-01	 0.46019E-01	 0.62499E-01	 0.62499E-01	 0.45723E+01	 0.10005E+04	 0.21891E+06	 0.91365E-13	-0.11000E+00	 0.70200E-01	 0.00000E+00	 0.16905E+01	 0.12915E+00
 0.30000E-01	 0.30000E-02	 0.42735E-01	 0.88654E+00	 0.90012E+00	 0.90012E+00	 0.35236E+00	 0.35236E+00	 0.42296E+01	 0.42296E+01	 0.45723E+01	 0.10005E+04	 0.21891E+06	 0.16010E-11	-0.11000E+00	 0.70200E-01	 0.00000E+00	 0.16905E+01	 0.12915E+00
 0.30000E-02	 0.30000E-02	 0.42735E-01	 0.88654E+00	 0.89977E+00	 0.89722E+00	 0.96807E+00	 0.95820E+00	 0.79500E+02	 0.79411E+02	 0.45723E+01	 0.10005E+04	 0.21891E+06	 0.75403E-10	-0.11000E+00	 0.70200E-01	 0.00000E+00	 0.16905E+01	 0.12915E+00
 0.30000E-03	 0.30000E-02	 0.42735E-01	 0.88654E+00	 0.30734E+00	 0.25383E+00	 0.54557E+00	 0.42603E+00	 0.97519E+03	 0.94435E+03	 0.45723E+01	 0.10005E+04	 0.21891E+06	 0.36675E-07	-0.11000E+00	 0.70200E-01	 0.00000E+00	 0.16905E+01	 0.12915E+00
 0.30000E-04	 0.30000E-02	 0.42735E-01	 0.88654E+00	 0.77622E-01	 0.31394E-01	-0.66540E+00	 0.15536E+00	 0.11401E+05	 0.97725E+04	 0.45723E+01	 0.10005E+04	 0.21891E+06	 0.27215E-04	-0.11000E+00	 0.70200E-01	 0.00000E+00	 0.16905E+01	 0.12915E+00
 0.10000E+02	 0.30000E-03	 0.42735E-02	 0.88654E+00	 0.16736E+02	 0.16736E+02	 0.12419E-03	 0.12419E-03	 0.82406E-05	 0.82406E-05	 0.45723E+01	 0.10005E+04	 0.21891E+06	 0.19700E-11	-0.11000E+00	 0.70200E-01	 0.00000E+00	 0.16905E+01	 0.12915E+00
 0.10000E+03	 0.30000E-03	 0.42735E-02	 0.88654E+00	 0.67728E+02	 0.67728E+02	 0.84832E-06	 0.84832E-06	 0.84851E-08	 0.84851E-08	 0.45723E+01	 0.10005E+04	 0.21891E+06	 0.58140E-10	-0.11000E+00	 0.70200E-01	 0.00000E+00	 0.16905E+01	 0.12915E+00
 0.10000E+01	 0.30000E-03	 0.42735E-02	 0.88654E+00	 0.19348E+01	 0.19348E+01	 0.86887E-02	 0.86887E-02	 0.39576E-02	 0.39576E-02	 0.45723E+01	 0.10005E+04	 0.21891E+06	 0.26847E-13	-0.11000E+00	 0.70200E-01	 0.00000E+00	 0.16905E+01	 0.12915E+00
 0.10000E+00	 0.30000E-03	 0.42735E-02	 0.88654E+00	 0.78903E+00	 0.78903E+00	 0.13013E+00	 0.13013E+00	 0.56306E+00	 0.56305E+00	 0.45723E+01	 0.10005E+04	 0.21891E+06	 0.16445E-12	-0.11000E+00	 0.70200E-01	 0.00000E+00	 0.16905E+01	 0.12915E+00
 0.10000E-01	 0.30000E-03	 0.42735E-02	 0.88654E+00	 0.16598E+01	 0.16597E+01	 0.48242E+00	 0.48232E+00	 0.19352E+02	 0.19351E+02	 0.45723E+01	 0.10005E+04	 0.21891E+06	 0.12029E-10	-0.11000E+00	 0.70200E-01	 0.00000E+00	 0.16905E+01	 0.12915E+00
 0.10000E-02	 0.30000E-03	 0.42735E-02	 0.88654E+00	 0.62545E+01	 0.60436E+01	-0.21964E+00	-0.53838E+00	 0.26723E+03	 0.26551E+03	 0.45723E+01	 0.10005E+04	 0.21891E+06	 0.15432E-08	-0.11000E+00	 0.70200E-01	 0.00000E+00	 0.16905E+01	 0.12915E+00
 0.10000E-03	 0.30000E-03	 0.42735E-02	 0.88654E+00	 0.54345E+01	 0.37266E+01	-0.12659E+01	-0.63822E+00	 0.30926E+04	 0.29083E+04	 0.45723E+01	 0.10005E+04	 0.21891E+06	 0.99618E-06	-0.11000E+00	 0.70200E-01	 0.00000E+00	 0.16905E+01	 0.12915E+00
 0.30000E+02	 0.30000E-03	 0.42735E-02	 0.88654E+00	 0.42295E+02	 0.42295E+02	 0.12748E-04	 0.12748E-04	 0.31329E-06	 0.31329E-06	 0.45723E+01	 0.10005E+04	 0.21891E+06	 0.77233E-11	-0.11000E+00	 0.70200E-01	 0.00000E+00	 0.16905E+01	 0.12915E+00
 0.30000E+03	 0.30000E-03	 0.42735E-02	 0.88654E+00	 0.52561E+02	 0.52561E+02	 0.12506E-06	 0.12506E-06	 0.31435E-09	 0.31435E-09	 0.45723E+01	 0.10005E+04	 0.21891E+06	 0.14812E-09	-0.11000E+00	 0.70200E-01	 0.00000E+00	 0.16905E+01	 0.12915E+00
 0.30000E+01	 0.30000E-03	 0.42735E-02	 0.88654E+00	 0.53770E+01	 0.53770E+01	 0.12529E-02	 0.12529E-02	 0.24759E-03	 0.24759E-03	 0.45723E+01	 0.10005E+04	 0.21891E+06	 0.16926E-12	-0.11000E+00	 0.70200E-01	 0.00000E+00	 0.16905E+01	 0.12915E+00
 0.30000E+00	 0.30000E-03	 0.42735E-02	 0.88654E+00	 0.89154E+00	 0.89154E+00	 0.45941E-01	 0.45941E-01	 0.62518E-01	 0.62518E-01	 0.45723E+01	 0.10005E+04	 0.21891E+06	 0.62457E-13	-0.11000E+00	 0.70200E-01	 0.00000E+00	 0.16905E+01	 0.12915E+00
 0.30000E-01	 0.30000E-03	 0.42735E-02	 0.88654E+00	 0.10021E+01	 0.10021E+01	 0.32062E+00	 0.32062E+00	 0.42425E+01	 0.42425E+01	 0.45723E+01	 0.10005E+04	 0.21891E+06	 0.16108E-11	-0.11000E+00	 0.70200E-01	 0.00000E+00	 0.16905E+01	 0.12915E+00
 0.30000E-02	 0.30000E-03	 0.42735E-02	 0.88654E+00	 0.35195E+01	 0.35067E+01	 0.22328E+00	 0.19958E+00	 0.80030E+02	 0.79961E+02	 0.45723E+01	 0.10005E+04	 0.21891E+06	 0.23975E-09	-0.11000E+00	 0.70200E-01	 0.00000E+00	 0.16905E+01	 0.12915E+00
 0.30000E-03	 0.30000E-03	 0.42735E-02	 0.88654E+00	 0.69806E+01	 0.61152E+01	-0.18976E+00	-0.69369E+00	 0.96478E+03	 0.94274E+03	 0.45723E+01	 0.10005E+04	 0.21891E+06	 0.10292E-06	-0.11000E+00	 0.70200E-01	 0.00000E+00	 0.16905E+01	 0.12915E+00
 0.30000E-04	 0.30000E-03	 0.42735E-02	 0.88654E+00	 0.35938E+01	 0.14712E+01	-0.37904E+01	-0.83279E+00	 0.11168E+05	 0.97774E+04	 0.45723E+01	 0.10005E+04	 0.21891E+06	 0.41350E-04	-0.11000E+00	 0.70200E-01	 0.00000E+00	 0.16905E+01	 0.12915E+00
 0.10000E+02	 0.30000E-04	 0.42735E-03	 0.88654E+00	 0.17936E+02	 0.17936E+02	 0.12206E-03	 0.12206E-03	 0.82406E-05	 0.82406E-05	 0.45723E+01	 0.10005E+04	 0.21891E+06	 0.20939E-11	-0.11000E+00	 0.70200E-01	 0.00000E+00	 0.16905E+01	 0.12915E+00
 0.10000E+03	 0.30000E-04	 0.42735E-03	 0.88654E+00	 0.16719E+03	 0.16719E+03	 0.12570E-05	 0.12570E-05	 0.84851E-08	 0.84851E-08	 0.45723E+01	 0.10005E+04	 0.21891E+06	 0.19087E-09	-0.11000E+00	 0.70200E-01	 0.00000E+00	 0.16905E+01	 0.12915E+00
 0.10000E+01	 0.30000E-04	 0.42735E-03	 0.88654E+00	 0.19370E+01	 0.19370E+01	 0.86859E-02	 0.86859E-02	 0.39576E-02	 0.39576E-02	 0.45723E+01	 0.10005E+04	 0.21891E+06	 0.23286E-13	-0.11000E+00	 0.70200E-01	 0.00000E+00	 0.16905E+01	 0.12915E+00
 0.10000E+00	 0.30000E-04	 0.42735E-03	 0.88654E+00	 0.78910E+00	 0.78910E+00	 0.13011E+00	 0.13011E+00	 0.56307E+00	 0.56306E+00	 0.45723E+01	 0.10005E+04	 0.21891E+06	 0.25703E-12	-0.11000E+00	 0.70200E-01	 0.00000E+00	 0.16905E+01	 0.12915E+00
 0.10000E-01	 0.30000E-04	 0.42735E-03	 0.88654E+00	 0.16769E+01	 0.16769E+01	 0.47531E+00	 0.47520E+00	 0.19356E+02	 0.19356E+02	 0.45723E+01	 0.10005E+04	 0.21891E+06	 0.10359E-10	-0.11000E+00	 0.70200E-01	 0.00000E+00	 0.16905E+01	 0.12915E+00
 0.10000E-02	 0.30000E-04	 0.42735E-03	 0.88654E+00	 0.93898E+01	 0.90568E+01	-0.14723E+01	-0.18956E+01	 0.26795E+03	 0.26638E+03	 0.45723E+01	 0.10005E+04	 0.21891E+06	 0.80663E-09	-0.11000E+00	 0.70200E-01	 0.00000E+00	 0.16905E+01	 0.12915E+00
 0.10000E-03	 0.30000E-04	 0.42735E-03	 0.88654E+00	 0.58522E+02	 0.44522E+02	-0.10623E+02	-0.70115E+01	 0.30986E+04	 0.29204E+04	 0.45723E+01	 0.10005E+04	 0.21891E+06	 0.77794E-07	-0.11000E+00	 0.70200E-01	 0.00000E+00	 0.16905E+01	 0.12915E+00
 0.30000E+02	 0.30000E-04	 0.42735E-03	 0.88654E+00	 0.53236E+02	 0.53236E+02	 0.13756E-04	 0.13756E-04	 0.31329E-06	 0.31329E-06	 0.45723E+01	 0.10005E+04	 0.21891E+06	 0.78400E-11	-0.11000E+00	 0.70200E-01	 0.00000E+00	 0.16905E+01	 0.12915E+00
 0.30000E+03	 0.30000E-04	 0.42735E-03	 0.88654E+00	 0.42288E+03	 0.42288E+03	 0.12766E-06	 0.12766E-06	 0.31435E-09	 0.31435E-09	 0.45723E+01	 0.10005E+04	 0.21891E+06	 0.55447E-09	-0.11000E+00	 0.70200E-01	 0.00000E+00	 0.16905E+01	 0.12915E+00
 0.30000E+01	 0.30000E-04	 0.42735E-03	 0.88654E+00	 0.54359E+01	 0.54359E+01	 0.12484E-02	 0.12484E-02	 0.24759E-03	 0.24759E-03	 0.45723E+01	 0.10005E+04	 0.21891E+06	 0.14741E-12	-0.11000E+00	 0.70200E-01	 0.00000E+00	 0.16905E+01	 0.12915E+00
 0.30000E+00	 0.30000E-04	 0.42735E-03	 0.88654E+00	 0.89152E+00	 0.89152E+00	 0.45940E-01	 0.45940E-01	 0.62518E-01	 0.62518E-01	 0.45723E+01	 0.10005E+04	 0.21891E+06	 0.72383E-13	-0.11000E+00	 0.70200E-01	 0.00000E+00	 0.16905E+01	 0.12915E+00
 0.30000E-01	 0.30000E-04	 0.42735E-03	 0.88654E+00	 0.10035E+01	 0.10035E+01	 0.32015E+00	 0.32015E+00	 0.42427E+01	 0.42427E+01	 0.45723E+01	 0.10005E+04	 0.21891E+06	 0.15604E-11	-0.11000E+00	 0.70200E-01	 0.00000E+00	 0.16905E+01	 0.12915E+00
 0.30000E-02	 0.30000E-04	 0.42735E-03	 0.88654E+00	 0.38113E+01	 0.37977E+01	 0.89688E-01	 0.65005E-01	 0.80115E+02	 0.80047E+02	 0.45723E+01	 0.10005E+04	 0.21891E+06	 0.39513E-09	-0.11000E+00	 0.70200E-01	 0.00000E+00	 0.16905E+01	 0.12915E+00
 0.30000E-03	 0.30000E-04	 0.42735E-03	 0.88654E+00	 0.26922E+02	 0.23541E+02	-0.52922E+01	-0.61862E+01	 0.96734E+03	 0.94679E+03	 0.45723E+01	 0.10005E+04	 0.21891E+06	 0.11977E-07	-0.11000E+00	 0.70200E-01	 0.00000E+00	 0.16905E+01	 0.12915E+00
 0.30000E-04	 0.30000E-04	 0.42735E-03	 0.88654E+00	 0.78154E+02	 0.44567E+02	-0.15417E+02	-0.57037E+01	 0.11185E+05	 0.98308E+04	 0.45723E+01	 0.10005E+04	 0.21891E+06	 0.34362E-05	-0.11000E+00	 0.70200E-01	 0.00000E+00	 0.16905E+01	 0.12915E+00
