 &datain
 nzperiod=  4,
 lalpha= 20, lfout=20, nrun =  1,
 cmul = 3.0000,
 efield = 0.0000,
 mpolb =  8,  ntorb = 36,  ibbi = 1,
 chip = -0.2480,  psip =  0.1516,
 btheta =  0.0000, bzeta =  1.6905,
 borbi(0,0)=  0.10009E+01,
 borbi(-1,1)=  -.12802E+00,
 borbi(0,1)=  -.11047E+00,
 borbi(-2,1)=  0.68925E-01,
 borbi(8,0)=  -.60942E-01,
 borbi(1,0)=  0.32551E-01,
 borbi(-10,2)=  0.31946E-01,
 borbi(6,2)=  0.26906E-01,
 borbi(-3,2)=  -.25541E-01,
 borbi(7,1)=  0.24292E-01,
 borbi(7,0)=  0.22928E-01,
 borbi(-9,1)=  -.16690E-01,
 borbi(-4,3)=  0.13802E-01,
 borbi(5,2)=  -.13104E-01,
 borbi(-3,3)=  -.11542E-01,
 borbi(-3,1)=  -.10309E-01,
 borbi(-8,1)=  -.10306E-01,
 borbi(5,3)=  -.10176E-01,
 borbi(-2,2)=  0.95731E-02,
 borbi(8,1)=  -.87397E-02,
 borbi(-10,1)=  0.85901E-02,
 borbi(-4,4)=  0.80207E-02,
 borbi(-5,4)=  -.78919E-02,
 borbi(-9,2)=  -.74545E-02,
 borbi(-1,2)=  -.66596E-02,
 borbi(1,1)=  0.64962E-02,
 borbi(9,0)=  0.64664E-02,
 borbi(-10,3)=  0.62361E-02,
 borbi(3,0)=  -.61325E-02,
 borbi(-11,2)=  -.59779E-02,
 borbi(6,0)=  -.56247E-02,
 borbi(-12,4)=  -.46511E-02,
 borbi(4,2)=  0.43426E-02,
 borbi(4,3)=  0.38580E-02,
 borbi(-6,5)=  0.37863E-02,
 borbi(-4,2)=  0.36181E-02,
 borbi(2,1)=  -.36083E-02,
 borbi(-2,3)=  -.35696E-02,
 borbi(-5,5)=  -.35503E-02,
 borbi(4,0)=  -.34863E-02,
 borbi(-5,3)=  -.30985E-02,
 borbi(-1,3)=  -.26935E-02,
 borbi(1,2)=  -.23800E-02,
 borbi(-17,1)=  -.23121E-02,
 borbi(-6,4)=  0.22272E-02,
 borbi(-5,2)=  -.21896E-02,
 borbi(-19,3)=  0.21683E-02,
 borbi(2,0)=  -.21212E-02,
 borbi(-5,1)=  -.20667E-02,
 borbi(-6,1)=  -.20153E-02,
 borbi(0,2)=  0.18442E-02,
 borbi(-7,6)=  -.17793E-02,
 borbi(-3,4)=  0.17003E-02,
 borbi(6,3)=  0.15955E-02,
 borbi(8,2)=  0.15627E-02,
 borbi(-17,2)=  -.14398E-02,
 borbi(7,2)=  -.14196E-02,
 borbi(-13,4)=  0.13848E-02,
 borbi(3,3)=  -.13564E-02,
 borbi(7,3)=  0.13520E-02,
 borbi(-6,6)=  0.13474E-02,
 borbi(6,1)=  0.13310E-02,
 borbi(4,1)=  0.13294E-02,
 borbi(15,1)=  0.12087E-02,
 borbi(-7,5)=  -.11643E-02,
 borbi(-12,3)=  -.11404E-02,
 borbi(-13,5)=  0.11192E-02,
 borbi(-18,2)=  0.11051E-02,
 borbi(-20,3)=  -.10919E-02,
 borbi(-7,2)=  -.10637E-02,
 borbi(6,4)=  -.10574E-02,
 borbi(-4,5)=  -.98468E-03,
 borbi(-8,7)=  0.95045E-03,
 borbi(-6,3)=  0.89786E-03,
 borbi(-4,1)=  0.89696E-03,
 borbi(-15,2)=  0.86359E-03,
 borbi(-5,6)=  0.78062E-03,
 borbi(-8,3)=  -.76839E-03,
 borbi(15,0)=  0.76493E-03,
 borbi(-18,1)=  0.75963E-03,
 borbi(-12,5)=  -.73874E-03,
 borbi(-11,4)=  0.73455E-03,
 borbi(-14,2)=  0.71955E-03,
 borbi(-12,2)=  0.71901E-03,
 borbi(-19,4)=  0.71668E-03,
 borbi(-7,1)=  0.69089E-03,
 borbi(12,3)=  -.68574E-03,
 borbi(13,0)=  -.67607E-03,
 borbi(-12,1)=  0.66460E-03,
 borbi(9,2)=  -.63621E-03,
 borbi(10,0)=  -.63567E-03,
 borbi(-8,6)=  0.60933E-03,
 borbi(0,3)=  -.60877E-03,
 borbi(-16,2)=  -.60166E-03,
 borbi(-7,7)=  -.58828E-03,
 borbi(2,2)=  0.58790E-03,
 borbi(10,1)=  -.56714E-03,
 borbi(-11,1)=  -.56480E-03,
 borbi(-7,4)=  -.55397E-03,
 borbi(-17,3)=  -.54854E-03,
 mmnn(1,1)=  0, 22,  0,  1,  2,  3,  4,  5,  6,  7,  8,  9, 10, 11, 12,
  13, 14, 15, 16, 17, 18, 19, 20, 21,
 mmnn(1,2)=  1, 23,  0,  1,  2,  3,  4,  5,  6,  7,  8,  9, 10, 11, 12,
  13, 14, 15, 16, 17, 18, 19, 20, 21, 22,
 mmnn(1,3)=  2, 23,  0,  1,  2,  3,  4,  5,  6,  7,  8,  9, 10, 11, 12,
  13, 14, 15, 16, 17, 18, 19, 20, 21, 22,
 mmnn(1,4)=  3, 23,  0,  1,  2,  3,  4,  5,  6,  7,  8,  9, 10, 11, 12,
  13, 14, 15, 16, 17, 18, 19, 20, 21, 22,
 mmnn(1,5)=  4, 24,  0,  1,  2,  3,  4,  5,  6,  7,  8,  9, 10, 11, 12,
  13, 14, 15, 16, 17, 18, 19, 20, 21, 22, 23,
 mmnn(1,6)=  5, 24,  0,  1,  2,  3,  4,  5,  6,  7,  8,  9, 10, 11, 12,
  13, 14, 15, 16, 17, 18, 19, 20, 21, 22, 23,
 mmnn(1,7)=  6, 25,  0,  1,  2,  3,  4,  5,  6,  7,  8,  9, 10, 11, 12,
  13, 14, 15, 16, 17, 18, 19, 20, 21, 22, 23, 24,
 mmnn(1,8)=  7, 25,  0,  1,  2,  3,  4,  5,  6,  7,  8,  9, 10, 11, 12,
  13, 14, 15, 16, 17, 18, 19, 20, 21, 22, 23, 24,
 mmnn(1,9)=  8, 25,  0,  1,  2,  3,  4,  5,  6,  7,  8,  9, 10, 11, 12,
  13, 14, 15, 16, 17, 18, 19, 20, 21, 22, 23, 24,
 mmnn(1,10)=  9, 25,  0,  1,  2,  3,  4,  5,  6,  7,  8,  9, 10, 11, 12,
  13, 14, 15, 16, 17, 18, 19, 20, 21, 22, 23, 24,
 mmnn(1,11)= 10, 24,  0,  1,  2,  3,  4,  5,  6,  7,  8,  9, 10, 11, 12,
  13, 14, 15, 16, 17, 18, 19, 20, 21, 22, 23,
 mmnn(1,12)= 11, 24,  0,  1,  2,  3,  4,  5,  6,  7,  8,  9, 10, 11, 12,
  13, 14, 15, 16, 17, 18, 19, 20, 21, 22, 23,
 mmnn(1,13)= 12, 23,  0,  1,  2,  3,  4,  5,  6,  7,  8,  9, 10, 11, 12,
  13, 14, 15, 16, 17, 18, 19, 20, 21, 22,
 mmnn(1,14)= 13, 23,  0,  1,  2,  3,  4,  5,  6,  7,  8,  9, 10, 11, 12,
  13, 14, 15, 16, 17, 18, 19, 20, 21, 22,
 mmnn(1,15)= 14, 24,  0,  1,  2,  3,  4,  5,  6,  7,  8,  9, 10, 11, 12,
  13, 14, 15, 16, 17, 18, 19, 20, 21, 22, 23,
 mmnn(1,16)= 15, 24,  0,  1,  2,  3,  4,  5,  6,  7,  8,  9, 10, 11, 12,
  13, 14, 15, 16, 17, 18, 19, 20, 21, 22, 23,
 mmnn(1,17)= 16, 24,  0,  1,  2,  3,  4,  5,  6,  7,  8,  9, 10, 11, 12,
  13, 14, 15, 16, 17, 18, 19, 20, 21, 22, 23,
 mmnn(1,18)= 17, 23,  0,  1,  2,  3,  4,  5,  6,  7,  8,  9, 10, 11, 12,
  13, 14, 15, 16, 17, 18, 19, 20, 21, 22,
 mmnn(1,19)= 18, 23,  0,  1,  2,  3,  4,  5,  6,  7,  8,  9, 10, 11, 12,
  13, 14, 15, 16, 17, 18, 19, 20, 21, 22,
 mmnn(1,20)= 19, 24,  0,  1,  2,  3,  4,  5,  6,  7,  8,  9, 10, 11, 12,
  13, 14, 15, 16, 17, 18, 19, 20, 21, 22, 23,
 mmnn(1,21)= 20, 24,  0,  1,  2,  3,  4,  5,  6,  7,  8,  9, 10, 11, 12,
  13, 14, 15, 16, 17, 18, 19, 20, 21, 22, 23,
 mmnn(1,22)= 21, 25,  0,  1,  2,  3,  4,  5,  6,  7,  8,  9, 10, 11, 12,
  13, 14, 15, 16, 17, 18, 19, 20, 21, 22, 23, 24,
 mmnn(1,23)= 22, 25,  0,  1,  2,  3,  4,  5,  6,  7,  8,  9, 10, 11, 12,
  13, 14, 15, 16, 17, 18, 19, 20, 21, 22, 23, 24,
 mmnn(1,24)= 23, 25,  0,  1,  2,  3,  4,  5,  6,  7,  8,  9, 10, 11, 12,
  13, 14, 15, 16, 17, 18, 19, 20, 21, 22, 23, 24,
 mmnn(1,25)= 24, 25,  0,  1,  2,  3,  4,  5,  6,  7,  8,  9, 10, 11, 12,
  13, 14, 15, 16, 17, 18, 19, 20, 21, 22, 23, 24,
 mmnn(1,26)= 25, 22,  0,  1,  2,  3,  4,  5,  6,  7,  8,  9, 10, 11, 12,
  13, 14, 15, 16, 17, 18, 19, 20, 21,
 mmnn(1,27)= 26, 23,  0,  1,  2,  3,  4,  5,  6,  7,  8,  9, 10, 11, 12,
  13, 14, 15, 16, 17, 18, 19, 20, 21, 22,
 mmnn(1,28)= 27, 23,  0,  1,  2,  3,  4,  5,  6,  7,  8,  9, 10, 11, 12,
  13, 14, 15, 16, 17, 18, 19, 20, 21, 22,
 mmnn(1,29)= 28, 23,  0,  1,  2,  3,  4,  5,  6,  7,  8,  9, 10, 11, 12,
  13, 14, 15, 16, 17, 18, 19, 20, 21, 22,
 mmnn(1,30)= 29, 23,  0,  1,  2,  3,  4,  5,  6,  7,  8,  9, 10, 11, 12,
  13, 14, 15, 16, 17, 18, 19, 20, 21, 22,
 mmnn(1,31)= 30, 20,  0,  1,  2,  3,  4,  5,  6,  7,  8,  9, 10, 11, 12,
  13, 14, 15, 16, 17, 18, 19,
 mmnn(1,32)= 31, 21,  0,  1,  2,  3,  4,  5,  6,  7,  8,  9, 10, 11, 12,
  13, 14, 15, 16, 17, 18, 19, 20,
 mmnn(1,33)= 32, 21,  0,  1,  2,  3,  4,  5,  6,  7,  8,  9, 10, 11, 12,
  13, 14, 15, 16, 17, 18, 19, 20,
 mmnn(1,34)= 33, 21,  0,  1,  2,  3,  4,  5,  6,  7,  8,  9, 10, 11, 12,
  13, 14, 15, 16, 17, 18, 19, 20,
 mmnn(1,35)= 34, 21,  0,  1,  2,  3,  4,  5,  6,  7,  8,  9, 10, 11, 12,
  13, 14, 15, 16, 17, 18, 19, 20,
 mmnn(1,36)= 35, 18,  0,  1,  2,  3,  4,  5,  6,  7,  8,  9, 10, 11, 12,
  13, 14, 15, 16, 17,
 mmnn(1,37)= 36, 19,  0,  1,  2,  3,  4,  5,  6,  7,  8,  9, 10, 11, 12,
  13, 14, 15, 16, 17, 18,
 mmnn(1,38)= 37, 19,  0,  1,  2,  3,  4,  5,  6,  7,  8,  9, 10, 11, 12,
  13, 14, 15, 16, 17, 18,
 mmnn(1,39)= 38, 19,  0,  1,  2,  3,  4,  5,  6,  7,  8,  9, 10, 11, 12,
  13, 14, 15, 16, 17, 18,
 mmnn(1,40)= 39, 19,  0,  1,  2,  3,  4,  5,  6,  7,  8,  9, 10, 11, 12,
  13, 14, 15, 16, 17, 18,
 mmnn(1,41)= 40, 16,  0,  1,  2,  3,  4,  5,  6,  7,  8,  9, 10, 11, 12,
  13, 14, 15,
 mmnn(1,42)= 41, 16,  0,  1,  2,  3,  4,  5,  6,  7,  8,  9, 10, 11, 12,
  13, 14, 15,
 mmnn(1,43)= 42, 13,  0,  1,  2,  3,  4,  5,  6,  7,  8,  9, 10, 11, 12,
 mmnn(1,44)= 43, 13,  0,  1,  2,  3,  4,  5,  6,  7,  8,  9, 10, 11, 12,
 mmnn(1,45)= 44, 10,  0,  1,  2,  3,  4,  5,  6,  7,  8,  9,
 mmnn(1,46)= 45, 10,  0,  1,  2,  3,  4,  5,  6,  7,  8,  9,
 mmnn(1,47)= -1, 21,  1,  2,  3,  4,  5,  6,  7,  8,  9, 10, 11, 12, 13,
  14, 15, 16, 17, 18, 19, 20, 21,
 mmnn(1,48)= -2, 20,  1,  2,  3,  4,  5,  6,  7,  8,  9, 10, 11, 12, 13,
  14, 15, 16, 17, 18, 19, 20,
 mmnn(1,49)= -3, 20,  1,  2,  3,  4,  5,  6,  7,  8,  9, 10, 11, 12, 13,
  14, 15, 16, 17, 18, 19, 20,
 mmnn(1,50)= -4, 20,  1,  2,  3,  4,  5,  6,  7,  8,  9, 10, 11, 12, 13,
  14, 15, 16, 17, 18, 19, 20,
 mmnn(1,51)= -5, 21,  1,  2,  3,  4,  5,  6,  7,  8,  9, 10, 11, 12, 13,
  14, 15, 16, 17, 18, 19, 20, 21,
 mmnn(1,52)= -6, 21,  1,  2,  3,  4,  5,  6,  7,  8,  9, 10, 11, 12, 13,
  14, 15, 16, 17, 18, 19, 20, 21,
 mmnn(1,53)= -7, 21,  1,  2,  3,  4,  5,  6,  7,  8,  9, 10, 11, 12, 13,
  14, 15, 16, 17, 18, 19, 20, 21,
 mmnn(1,54)= -8, 20,  1,  2,  3,  4,  5,  6,  7,  8,  9, 10, 11, 12, 13,
  14, 15, 16, 17, 18, 19, 20,
 mmnn(1,55)= -9, 18,  1,  2,  3,  4,  5,  6,  7,  8,  9, 10, 11, 12, 13,
  14, 15, 16, 17, 18,
 mmnn(1,56)=-10, 19,  1,  2,  3,  4,  5,  6,  7,  8,  9, 10, 11, 12, 13,
  14, 15, 16, 17, 18, 19,
 mmnn(1,57)=-11, 19,  1,  2,  3,  4,  5,  6,  7,  8,  9, 10, 11, 12, 13,
  14, 15, 16, 17, 18, 19,
 mmnn(1,58)=-12, 19,  1,  2,  3,  4,  5,  6,  7,  8,  9, 10, 11, 12, 13,
  14, 15, 16, 17, 18, 19,
 mmnn(1,59)=-13, 18,  1,  2,  3,  4,  5,  6,  7,  8,  9, 10, 11, 12, 13,
  14, 15, 16, 17, 18,
 mmnn(1,60)=-14, 17,  1,  2,  3,  4,  5,  6,  7,  8,  9, 10, 11, 12, 13,
  14, 15, 16, 17,
 mmnn(1,61)=-15, 18,  1,  2,  3,  4,  5,  6,  7,  8,  9, 10, 11, 12, 13,
  14, 15, 16, 17, 18,
 mmnn(1,62)=-16, 18,  1,  2,  3,  4,  5,  6,  7,  8,  9, 10, 11, 12, 13,
  14, 15, 16, 17, 18,
 mmnn(1,63)=-17, 19,  1,  2,  3,  4,  5,  6,  7,  8,  9, 10, 11, 12, 13,
  14, 15, 16, 17, 18, 19,
 mmnn(1,64)=-18, 19,  1,  2,  3,  4,  5,  6,  7,  8,  9, 10, 11, 12, 13,
  14, 15, 16, 17, 18, 19,
 mmnn(1,65)=-19, 20,  1,  2,  3,  4,  5,  6,  7,  8,  9, 10, 11, 12, 13,
  14, 15, 16, 17, 18, 19, 20,
 mmnn(1,66)=-20, 20,  1,  2,  3,  4,  5,  6,  7,  8,  9, 10, 11, 12, 13,
  14, 15, 16, 17, 18, 19, 20,
 mmnn(1,67)=-21, 21,  1,  2,  3,  4,  5,  6,  7,  8,  9, 10, 11, 12, 13,
  14, 15, 16, 17, 18, 19, 20, 21,
 mmnn(1,68)=-22, 21,  1,  2,  3,  4,  5,  6,  7,  8,  9, 10, 11, 12, 13,
  14, 15, 16, 17, 18, 19, 20, 21,
 mmnn(1,69)=-23, 21,  1,  2,  3,  4,  5,  6,  7,  8,  9, 10, 11, 12, 13,
  14, 15, 16, 17, 18, 19, 20, 21,
 mmnn(1,70)=-24, 21,  1,  2,  3,  4,  5,  6,  7,  8,  9, 10, 11, 12, 13,
  14, 15, 16, 17, 18, 19, 20, 21,
 mmnn(1,71)=-25, 18,  1,  2,  3,  4,  5,  6,  7,  8,  9, 10, 11, 12, 13,
  14, 15, 16, 17, 18,
 mmnn(1,72)=-26, 19,  1,  2,  3,  4,  5,  6,  7,  8,  9, 10, 11, 12, 13,
  14, 15, 16, 17, 18, 19,
 mmnn(1,73)=-27, 19,  1,  2,  3,  4,  5,  6,  7,  8,  9, 10, 11, 12, 13,
  14, 15, 16, 17, 18, 19,
 mmnn(1,74)=-28, 19,  1,  2,  3,  4,  5,  6,  7,  8,  9, 10, 11, 12, 13,
  14, 15, 16, 17, 18, 19,
 mmnn(1,75)=-29, 19,  1,  2,  3,  4,  5,  6,  7,  8,  9, 10, 11, 12, 13,
  14, 15, 16, 17, 18, 19,
 mmnn(1,76)=-30, 16,  1,  2,  3,  4,  5,  6,  7,  8,  9, 10, 11, 12, 13,
  14, 15, 16,
 mmnn(1,77)=-31, 17,  1,  2,  3,  4,  5,  6,  7,  8,  9, 10, 11, 12, 13,
  14, 15, 16, 17,
 mmnn(1,78)=-32, 17,  1,  2,  3,  4,  5,  6,  7,  8,  9, 10, 11, 12, 13,
  14, 15, 16, 17,
 mmnn(1,79)=-33, 17,  1,  2,  3,  4,  5,  6,  7,  8,  9, 10, 11, 12, 13,
  14, 15, 16, 17,
 mmnn(1,80)=-34, 17,  1,  2,  3,  4,  5,  6,  7,  8,  9, 10, 11, 12, 13,
  14, 15, 16, 17,
 mmnn(1,81)=-35, 14,  1,  2,  3,  4,  5,  6,  7,  8,  9, 10, 11, 12, 13,
  14,
 mmnn(1,82)=-36, 15,  1,  2,  3,  4,  5,  6,  7,  8,  9, 10, 11, 12, 13,
  14, 15,
 mmnn(1,83)=-37, 15,  1,  2,  3,  4,  5,  6,  7,  8,  9, 10, 11, 12, 13,
  14, 15,
 mmnn(1,84)=-38, 15,  1,  2,  3,  4,  5,  6,  7,  8,  9, 10, 11, 12, 13,
  14, 15,
 mmnn(1,85)=-39, 15,  1,  2,  3,  4,  5,  6,  7,  8,  9, 10, 11, 12, 13,
  14, 15,
 mmnn(1,86)=-40, 12,  1,  2,  3,  4,  5,  6,  7,  8,  9, 10, 11, 12,
 mmnn(1,87)=-41, 12,  1,  2,  3,  4,  5,  6,  7,  8,  9, 10, 11, 12,
 mmnn(1,88)=-42,  9,  1,  2,  3,  4,  5,  6,  7,  8,  9,
 mmnn(1,89)=-43,  9,  1,  2,  3,  4,  5,  6,  7,  8,  9,
 mmnn(1,90)=-44,  6,  1,  2,  3,  4,  5,  6,
 mmnn(1,91)=-45,  6,  1,  2,  3,  4,  5,  6,
 mpol=25, ntor= 91 /
