 0.10000E+02	 0.00000E+00	 0.00000E+00	 0.92414E+00	 0.27974E+02	 0.27974E+02	 0.54892E-03	 0.54892E-03	 0.18486E-03	 0.18486E-03	 0.45723E+01	 0.10005E+04	 0.21891E+06	 0.79031E-12	-0.24800E+00	 0.15160E+00	 0.00000E+00	 0.16905E+01	 0.27433E+00
 0.10000E+03	 0.00000E+00	 0.00000E+00	 0.92414E+00	 0.27864E+03	 0.27864E+03	 0.56008E-05	 0.56008E-05	 0.19380E-06	 0.19380E-06	 0.45723E+01	 0.10005E+04	 0.21891E+06	 0.63479E-10	-0.24800E+00	 0.15160E+00	 0.00000E+00	 0.16905E+01	 0.27433E+00
 0.10000E+01	 0.00000E+00	 0.00000E+00	 0.92414E+00	 0.32834E+01	 0.32834E+01	 0.23632E-01	 0.23632E-01	 0.53326E-01	 0.53326E-01	 0.45723E+01	 0.10005E+04	 0.21891E+06	 0.53056E-13	-0.24800E+00	 0.15160E+00	 0.00000E+00	 0.16905E+01	 0.27433E+00
 0.10000E+00	 0.00000E+00	 0.00000E+00	 0.92414E+00	 0.17489E+01	 0.17477E+01	 0.95538E-01	 0.96700E-01	 0.22398E+01	 0.22341E+01	 0.45723E+01	 0.10005E+04	 0.21891E+06	 0.17351E-11	-0.24800E+00	 0.15160E+00	 0.00000E+00	 0.16905E+01	 0.27433E+00
 0.10000E-01	 0.00000E+00	 0.00000E+00	 0.92414E+00	 0.71267E+01	 0.69030E+01	-0.31619E+00	-0.27056E+00	 0.36691E+02	 0.36069E+02	 0.45723E+01	 0.10005E+04	 0.21891E+06	 0.18759E-09	-0.24800E+00	 0.15160E+00	 0.00000E+00	 0.16905E+01	 0.27433E+00
 0.10000E-02	 0.00000E+00	 0.00000E+00	 0.92414E+00	 0.58514E+02	 0.34825E+02	-0.45810E+01	-0.63679E+01	 0.46778E+03	 0.40369E+03	 0.45723E+01	 0.10005E+04	 0.21891E+06	 0.10088E-07	-0.24800E+00	 0.15160E+00	 0.00000E+00	 0.16905E+01	 0.27433E+00
 0.10000E-03	 0.00000E+00	 0.00000E+00	 0.92414E+00	 0.57748E+03	 0.34633E+02	-0.16211E+02	-0.12568E+02	 0.64218E+04	 0.41132E+04	 0.45723E+01	 0.10005E+04	 0.21891E+06	 0.20686E-06	-0.24800E+00	 0.15160E+00	 0.00000E+00	 0.16905E+01	 0.27433E+00
 0.30000E+02	 0.00000E+00	 0.00000E+00	 0.92414E+00	 0.83627E+02	 0.83627E+02	 0.62104E-04	 0.62104E-04	 0.71417E-05	 0.71417E-05	 0.45723E+01	 0.10005E+04	 0.21891E+06	 0.13833E-10	-0.24800E+00	 0.15160E+00	 0.00000E+00	 0.16905E+01	 0.27433E+00
 0.30000E+03	 0.00000E+00	 0.00000E+00	 0.92414E+00	 0.83589E+03	 0.83589E+03	 0.62241E-06	 0.62242E-06	 0.71810E-08	 0.71810E-08	 0.45723E+01	 0.10005E+04	 0.21891E+06	 0.53761E-09	-0.24800E+00	 0.15160E+00	 0.00000E+00	 0.16905E+01	 0.27433E+00
 0.30000E+01	 0.00000E+00	 0.00000E+00	 0.92414E+00	 0.86519E+01	 0.86519E+01	 0.50825E-02	 0.50825E-02	 0.49134E-02	 0.49134E-02	 0.45723E+01	 0.10005E+04	 0.21891E+06	 0.85506E-13	-0.24800E+00	 0.15160E+00	 0.00000E+00	 0.16905E+01	 0.27433E+00
 0.30000E+00	 0.00000E+00	 0.00000E+00	 0.92414E+00	 0.16522E+01	 0.16522E+01	 0.64183E-01	 0.64184E-01	 0.43684E+00	 0.43683E+00	 0.45723E+01	 0.10005E+04	 0.21891E+06	 0.24053E-12	-0.24800E+00	 0.15160E+00	 0.00000E+00	 0.16905E+01	 0.27433E+00
 0.30000E-01	 0.00000E+00	 0.00000E+00	 0.92414E+00	 0.32188E+01	 0.32046E+01	 0.41200E-01	 0.58227E-01	 0.10429E+02	 0.10363E+02	 0.45723E+01	 0.10005E+04	 0.21891E+06	 0.17926E-10	-0.24800E+00	 0.15160E+00	 0.00000E+00	 0.16905E+01	 0.27433E+00
 0.30000E-02	 0.00000E+00	 0.00000E+00	 0.92414E+00	 0.20366E+02	 0.17194E+02	-0.15988E+01	-0.21115E+01	 0.13830E+03	 0.12995E+03	 0.45723E+01	 0.10005E+04	 0.21891E+06	 0.13704E-08	-0.24800E+00	 0.15160E+00	 0.00000E+00	 0.16905E+01	 0.27433E+00
 0.30000E-03	 0.00000E+00	 0.00000E+00	 0.92414E+00	 0.19290E+03	 0.43024E+02	-0.11250E+02	-0.11418E+02	 0.18699E+04	 0.13662E+04	 0.45723E+01	 0.10005E+04	 0.21891E+06	 0.66449E-06	-0.24800E+00	 0.15160E+00	 0.00000E+00	 0.16905E+01	 0.27433E+00
 0.30000E-04	 0.00000E+00	 0.00000E+00	 0.92414E+00	 0.19242E+04	 0.20544E+02	-0.17475E+02	-0.12642E+02	 0.22137E+05	 0.13722E+05	 0.45723E+01	 0.10005E+04	 0.21891E+06	 0.41799E-06	-0.24800E+00	 0.15160E+00	 0.00000E+00	 0.16905E+01	 0.27433E+00
 0.10000E+02	 0.10000E+01	 0.65963E+01	 0.92414E+00	 0.26119E-01	 0.26119E-01	 0.56392E-03	 0.56392E-03	 0.62884E-03	 0.62884E-03	 0.45723E+01	 0.10005E+04	 0.21891E+06	 0.26936E-10	-0.24800E+00	 0.15160E+00	 0.00000E+00	 0.16905E+01	 0.27433E+00
 0.10000E+03	 0.10000E+01	 0.65963E+01	 0.92414E+00	 0.49249E-02	 0.49249E-02	 0.91199E-05	 0.91199E-05	 0.10970E-05	 0.10970E-05	 0.45723E+01	 0.10005E+04	 0.21891E+06	 0.21095E-09	-0.24800E+00	 0.15160E+00	 0.00000E+00	 0.16905E+01	 0.27433E+00
 0.10000E+01	 0.10000E+01	 0.65963E+01	 0.92414E+00	 0.37096E-01	 0.37095E-01	 0.47548E-02	 0.47546E-02	 0.57695E-01	 0.57695E-01	 0.45723E+01	 0.10005E+04	 0.21891E+06	 0.19487E-09	-0.24800E+00	 0.15160E+00	 0.00000E+00	 0.16905E+01	 0.27433E+00
 0.10000E+00	 0.10000E+01	 0.65963E+01	 0.92414E+00	 0.32393E-01	 0.32343E-01	 0.30229E-01	 0.30045E-01	 0.26485E+01	 0.26438E+01	 0.45723E+01	 0.10005E+04	 0.21891E+06	 0.30773E-08	-0.24800E+00	 0.15160E+00	 0.00000E+00	 0.16905E+01	 0.27433E+00
 0.10000E-01	 0.10000E+01	 0.65963E+01	 0.92414E+00	 0.14742E-01	 0.13963E-01	 0.31048E-01	 0.21592E-01	 0.51772E+02	 0.49662E+02	 0.45723E+01	 0.10005E+04	 0.21891E+06	 0.91811E-07	-0.24800E+00	 0.15160E+00	 0.00000E+00	 0.16905E+01	 0.27433E+00
 0.10000E-02	 0.10000E+01	 0.65963E+01	 0.92414E+00	 0.11482E-01	 0.32740E-02	 0.71441E-02	-0.13564E-01	 0.63279E+03	 0.55147E+03	 0.45723E+01	 0.10005E+04	 0.21891E+06	 0.83605E-05	-0.24800E+00	 0.15160E+00	 0.00000E+00	 0.16905E+01	 0.27433E+00
 0.10000E-03	 0.10000E+01	 0.65963E+01	 0.92414E+00	 0.69333E-01	 0.48140E-03	 0.17545E+00	-0.12857E-01	 0.66448E+04	 0.55515E+04	 0.45723E+01	 0.10005E+04	 0.21891E+06	 0.47814E-04	-0.24800E+00	 0.15160E+00	 0.00000E+00	 0.16905E+01	 0.27433E+00
 0.30000E+02	 0.10000E+01	 0.65963E+01	 0.92414E+00	 0.13819E-01	 0.13819E-01	 0.91101E-04	 0.91100E-04	 0.35562E-04	 0.35562E-04	 0.45723E+01	 0.10005E+04	 0.21891E+06	 0.40918E-10	-0.24800E+00	 0.15160E+00	 0.00000E+00	 0.16905E+01	 0.27433E+00
 0.30000E+03	 0.10000E+01	 0.65963E+01	 0.92414E+00	 0.17047E-02	 0.17047E-02	 0.10293E-05	 0.10292E-05	 0.41434E-07	 0.41434E-07	 0.45723E+01	 0.10005E+04	 0.21891E+06	 0.80999E-09	-0.24800E+00	 0.15160E+00	 0.00000E+00	 0.16905E+01	 0.27433E+00
 0.30000E+01	 0.10000E+01	 0.65963E+01	 0.92414E+00	 0.35117E-01	 0.35116E-01	 0.21406E-02	 0.21406E-02	 0.78579E-02	 0.78579E-02	 0.45723E+01	 0.10005E+04	 0.21891E+06	 0.42117E-10	-0.24800E+00	 0.15160E+00	 0.00000E+00	 0.16905E+01	 0.27433E+00
 0.30000E+00	 0.10000E+01	 0.65963E+01	 0.92414E+00	 0.38841E-01	 0.38836E-01	 0.13327E-01	 0.13324E-01	 0.46994E+00	 0.46993E+00	 0.45723E+01	 0.10005E+04	 0.21891E+06	 0.48596E-09	-0.24800E+00	 0.15160E+00	 0.00000E+00	 0.16905E+01	 0.27433E+00
 0.30000E-01	 0.10000E+01	 0.65963E+01	 0.92414E+00	 0.23212E-01	 0.23057E-01	 0.41377E-01	 0.39759E-01	 0.13816E+02	 0.13699E+02	 0.45723E+01	 0.10005E+04	 0.21891E+06	 0.15014E-07	-0.24800E+00	 0.15160E+00	 0.00000E+00	 0.16905E+01	 0.27433E+00
 0.30000E-02	 0.10000E+01	 0.65963E+01	 0.92414E+00	 0.97536E-02	 0.68412E-02	 0.79376E-02	-0.33192E-02	 0.19609E+03	 0.17928E+03	 0.45723E+01	 0.10005E+04	 0.21891E+06	 0.10615E-05	-0.24800E+00	 0.15160E+00	 0.00000E+00	 0.16905E+01	 0.27433E+00
 0.30000E-03	 0.10000E+01	 0.65963E+01	 0.92414E+00	 0.26003E-01	 0.13069E-02	 0.60102E-01	-0.13900E-01	 0.21932E+04	 0.18492E+04	 0.45723E+01	 0.10005E+04	 0.21891E+06	 0.30782E-04	-0.24800E+00	 0.15160E+00	 0.00000E+00	 0.16905E+01	 0.27433E+00
 0.30000E-04	 0.10000E+01	 0.65963E+01	 0.92414E+00	 0.57098E-02	 0.14709E-03	 0.36596E+01	-0.12645E-01	 0.22159E+05	 0.18507E+05	 0.45723E+01	 0.10005E+04	 0.21891E+06	 0.35666E-04	-0.24800E+00	 0.15160E+00	 0.00000E+00	 0.16905E+01	 0.27433E+00
 0.10000E+02	 0.10000E+00	 0.65963E+00	 0.92414E+00	 0.22305E+00	 0.22305E+00	 0.56665E-03	 0.56665E-03	 0.19190E-03	 0.19190E-03	 0.45723E+01	 0.10005E+04	 0.21891E+06	 0.78453E-12	-0.24800E+00	 0.15160E+00	 0.00000E+00	 0.16905E+01	 0.27433E+00
 0.10000E+03	 0.10000E+00	 0.65963E+00	 0.92414E+00	 0.18916E+00	 0.18916E+00	 0.68228E-05	 0.68228E-05	 0.20282E-06	 0.20282E-06	 0.45723E+01	 0.10005E+04	 0.21891E+06	 0.40715E-11	-0.24800E+00	 0.15160E+00	 0.00000E+00	 0.16905E+01	 0.27433E+00
 0.10000E+01	 0.10000E+00	 0.65963E+00	 0.92414E+00	 0.55105E+00	 0.55105E+00	 0.17681E-01	 0.17681E-01	 0.53775E-01	 0.53775E-01	 0.45723E+01	 0.10005E+04	 0.21891E+06	 0.19608E-12	-0.24800E+00	 0.15160E+00	 0.00000E+00	 0.16905E+01	 0.27433E+00
 0.10000E+00	 0.10000E+00	 0.65963E+00	 0.92414E+00	 0.86379E+00	 0.86229E+00	 0.96995E-01	 0.96771E-01	 0.22748E+01	 0.22679E+01	 0.45723E+01	 0.10005E+04	 0.21891E+06	 0.17386E-11	-0.24800E+00	 0.15160E+00	 0.00000E+00	 0.16905E+01	 0.27433E+00
 0.10000E-01	 0.10000E+00	 0.65963E+00	 0.92414E+00	 0.46832E+00	 0.44713E+00	-0.18755E+00	-0.17403E+00	 0.49872E+02	 0.46295E+02	 0.45723E+01	 0.10005E+04	 0.21891E+06	 0.88201E-10	-0.24800E+00	 0.15160E+00	 0.00000E+00	 0.16905E+01	 0.27433E+00
 0.10000E-02	 0.10000E+00	 0.65963E+00	 0.92414E+00	 0.11381E+00	 0.75140E-01	-0.75406E+00	-0.71412E+00	 0.63364E+03	 0.53447E+03	 0.45723E+01	 0.10005E+04	 0.21891E+06	 0.20823E-08	-0.24800E+00	 0.15160E+00	 0.00000E+00	 0.16905E+01	 0.27433E+00
 0.10000E-03	 0.10000E+00	 0.65963E+00	 0.92414E+00	 0.21975E+00	 0.82948E-02	-0.10018E+01	-0.84329E+00	 0.66120E+04	 0.54139E+04	 0.45723E+01	 0.10005E+04	 0.21891E+06	 0.29760E-06	-0.24800E+00	 0.15160E+00	 0.00000E+00	 0.16905E+01	 0.27433E+00
 0.30000E+02	 0.10000E+00	 0.65963E+00	 0.92414E+00	 0.18442E+00	 0.18442E+00	 0.70103E-04	 0.70103E-04	 0.74584E-05	 0.74584E-05	 0.45723E+01	 0.10005E+04	 0.21891E+06	 0.16666E-11	-0.24800E+00	 0.15160E+00	 0.00000E+00	 0.16905E+01	 0.27433E+00
 0.30000E+03	 0.10000E+00	 0.65963E+00	 0.92414E+00	 0.12282E+00	 0.12282E+00	 0.95304E-06	 0.95298E-06	 0.75226E-08	 0.75227E-08	 0.45723E+01	 0.10005E+04	 0.21891E+06	 0.14786E-10	-0.24800E+00	 0.15160E+00	 0.00000E+00	 0.16905E+01	 0.27433E+00
 0.30000E+01	 0.10000E+00	 0.65963E+00	 0.92414E+00	 0.33195E+00	 0.33195E+00	 0.35009E-02	 0.35009E-02	 0.49858E-02	 0.49858E-02	 0.45723E+01	 0.10005E+04	 0.21891E+06	 0.16108E-12	-0.24800E+00	 0.15160E+00	 0.00000E+00	 0.16905E+01	 0.27433E+00
 0.30000E+00	 0.10000E+00	 0.65963E+00	 0.92414E+00	 0.78647E+00	 0.78647E+00	 0.66146E-01	 0.66146E-01	 0.44151E+00	 0.44150E+00	 0.45723E+01	 0.10005E+04	 0.21891E+06	 0.62459E-12	-0.24800E+00	 0.15160E+00	 0.00000E+00	 0.16905E+01	 0.27433E+00
 0.30000E-01	 0.10000E+00	 0.65963E+00	 0.92414E+00	 0.72499E+00	 0.71630E+00	 0.74546E-01	 0.73218E-01	 0.12254E+02	 0.11989E+02	 0.45723E+01	 0.10005E+04	 0.21891E+06	 0.17115E-10	-0.24800E+00	 0.15160E+00	 0.00000E+00	 0.16905E+01	 0.27433E+00
 0.30000E-02	 0.10000E+00	 0.65963E+00	 0.92414E+00	 0.22425E+00	 0.19372E+00	-0.57493E+00	-0.52292E+00	 0.19850E+03	 0.17251E+03	 0.45723E+01	 0.10005E+04	 0.21891E+06	 0.35610E-09	-0.24800E+00	 0.15160E+00	 0.00000E+00	 0.16905E+01	 0.27433E+00
 0.30000E-03	 0.10000E+00	 0.65963E+00	 0.92414E+00	 0.10734E+00	 0.24274E-01	-0.99043E+00	-0.81542E+00	 0.21688E+04	 0.18002E+04	 0.45723E+01	 0.10005E+04	 0.21891E+06	 0.14636E-07	-0.24800E+00	 0.15160E+00	 0.00000E+00	 0.16905E+01	 0.27433E+00
 0.30000E-04	 0.10000E+00	 0.65963E+00	 0.92414E+00	 0.64858E+00	 0.25019E-02	-0.60373E+00	-0.84825E+00	 0.22196E+05	 0.18055E+05	 0.45723E+01	 0.10005E+04	 0.21891E+06	 0.12937E-06	-0.24800E+00	 0.15160E+00	 0.00000E+00	 0.16905E+01	 0.27433E+00
 0.10000E+02	 0.10000E-01	 0.65963E-01	 0.92414E+00	 0.40426E+01	 0.40426E+01	 0.27248E-03	 0.27248E-03	 0.18466E-03	 0.18466E-03	 0.45723E+01	 0.10005E+04	 0.21891E+06	 0.20376E-12	-0.24800E+00	 0.15160E+00	 0.00000E+00	 0.16905E+01	 0.27433E+00
 0.10000E+03	 0.10000E-01	 0.65963E-01	 0.92414E+00	 0.20817E+01	 0.20817E+01	 0.55044E-05	 0.55044E-05	 0.19387E-06	 0.19387E-06	 0.45723E+01	 0.10005E+04	 0.21891E+06	 0.28067E-11	-0.24800E+00	 0.15160E+00	 0.00000E+00	 0.16905E+01	 0.27433E+00
 0.10000E+01	 0.10000E-01	 0.65963E-01	 0.92414E+00	 0.18608E+01	 0.18608E+01	 0.35339E-01	 0.35339E-01	 0.53087E-01	 0.53087E-01	 0.45723E+01	 0.10005E+04	 0.21891E+06	 0.34705E-13	-0.24800E+00	 0.15160E+00	 0.00000E+00	 0.16905E+01	 0.27433E+00
 0.10000E+00	 0.10000E-01	 0.65963E-01	 0.92414E+00	 0.15292E+01	 0.15281E+01	 0.13857E+00	 0.13923E+00	 0.22257E+01	 0.22202E+01	 0.45723E+01	 0.10005E+04	 0.21891E+06	 0.11633E-11	-0.24800E+00	 0.15160E+00	 0.00000E+00	 0.16905E+01	 0.27433E+00
 0.10000E-01	 0.10000E-01	 0.65963E-01	 0.92414E+00	 0.14914E+01	 0.14169E+01	 0.46647E+00	 0.45641E+00	 0.36420E+02	 0.35777E+02	 0.45723E+01	 0.10005E+04	 0.21891E+06	 0.67831E-10	-0.24800E+00	 0.15160E+00	 0.00000E+00	 0.16905E+01	 0.27433E+00
 0.10000E-02	 0.10000E-01	 0.65963E-01	 0.92414E+00	 0.60654E+00	 0.30673E+00	-0.17820E+00	-0.97981E-01	 0.46705E+03	 0.39999E+03	 0.45723E+01	 0.10005E+04	 0.21891E+06	 0.18223E-06	-0.24800E+00	 0.15160E+00	 0.00000E+00	 0.16905E+01	 0.27433E+00
 0.10000E-03	 0.10000E-01	 0.65963E-01	 0.92414E+00	-0.44999E+00	 0.32706E-01	-0.10469E+01	-0.18268E+00	 0.64196E+04	 0.40438E+04	 0.45723E+01	 0.10005E+04	 0.21891E+06	 0.21640E-05	-0.24800E+00	 0.15160E+00	 0.00000E+00	 0.16905E+01	 0.27433E+00
 0.30000E+02	 0.10000E-01	 0.65963E-01	 0.92414E+00	 0.28440E+01	 0.28440E+01	 0.33019E-04	 0.33019E-04	 0.71419E-05	 0.71419E-05	 0.45723E+01	 0.10005E+04	 0.21891E+06	 0.76455E-12	-0.24800E+00	 0.15160E+00	 0.00000E+00	 0.16905E+01	 0.27433E+00
 0.30000E+03	 0.10000E-01	 0.65963E-01	 0.92414E+00	 0.17961E+01	 0.17961E+01	 0.69963E-06	 0.69961E-06	 0.71842E-08	 0.71842E-08	 0.45723E+01	 0.10005E+04	 0.21891E+06	 0.27786E-10	-0.24800E+00	 0.15160E+00	 0.00000E+00	 0.16905E+01	 0.27433E+00
 0.30000E+01	 0.10000E-01	 0.65963E-01	 0.92414E+00	 0.33865E+01	 0.33865E+01	 0.65636E-02	 0.65635E-02	 0.48952E-02	 0.48952E-02	 0.45723E+01	 0.10005E+04	 0.21891E+06	 0.71111E-13	-0.24800E+00	 0.15160E+00	 0.00000E+00	 0.16905E+01	 0.27433E+00
 0.30000E+00	 0.10000E-01	 0.65963E-01	 0.92414E+00	 0.14315E+01	 0.14315E+01	 0.83303E-01	 0.83301E-01	 0.43495E+00	 0.43494E+00	 0.45723E+01	 0.10005E+04	 0.21891E+06	 0.20309E-12	-0.24800E+00	 0.15160E+00	 0.00000E+00	 0.16905E+01	 0.27433E+00
 0.30000E-01	 0.10000E-01	 0.65963E-01	 0.92414E+00	 0.16830E+01	 0.16745E+01	 0.31157E+00	 0.31517E+00	 0.10331E+02	 0.10267E+02	 0.45723E+01	 0.10005E+04	 0.21891E+06	 0.85007E-11	-0.24800E+00	 0.15160E+00	 0.00000E+00	 0.16905E+01	 0.27433E+00
 0.30000E-02	 0.10000E-01	 0.65963E-01	 0.92414E+00	 0.10082E+01	 0.74777E+00	 0.28825E+00	 0.15355E+00	 0.13790E+03	 0.12921E+03	 0.45723E+01	 0.10005E+04	 0.21891E+06	 0.92587E-09	-0.24800E+00	 0.15160E+00	 0.00000E+00	 0.16905E+01	 0.27433E+00
 0.30000E-03	 0.10000E-01	 0.65963E-01	 0.92414E+00	 0.16545E+00	 0.97383E-01	-0.77128E+00	-0.17277E+00	 0.18670E+04	 0.13462E+04	 0.45723E+01	 0.10005E+04	 0.21891E+06	 0.89828E-06	-0.24800E+00	 0.15160E+00	 0.00000E+00	 0.16905E+01	 0.27433E+00
 0.30000E-04	 0.10000E-01	 0.65963E-01	 0.92414E+00	-0.19662E+01	 0.98212E-02	-0.11060E+01	-0.18397E+00	 0.22136E+05	 0.13482E+05	 0.45723E+01	 0.10005E+04	 0.21891E+06	 0.19866E-05	-0.24800E+00	 0.15160E+00	 0.00000E+00	 0.16905E+01	 0.27433E+00
 0.10000E+02	 0.10000E-02	 0.65963E-02	 0.92414E+00	 0.15631E+02	 0.15631E+02	 0.96763E-03	 0.96763E-03	 0.18483E-03	 0.18483E-03	 0.45723E+01	 0.10005E+04	 0.21891E+06	 0.40195E-12	-0.24800E+00	 0.15160E+00	 0.00000E+00	 0.16905E+01	 0.27433E+00
 0.10000E+03	 0.10000E-02	 0.65963E-02	 0.92414E+00	 0.40203E+02	 0.40203E+02	 0.28301E-05	 0.28301E-05	 0.19380E-06	 0.19380E-06	 0.45723E+01	 0.10005E+04	 0.21891E+06	 0.44295E-10	-0.24800E+00	 0.15160E+00	 0.00000E+00	 0.16905E+01	 0.27433E+00
 0.10000E+01	 0.10000E-02	 0.65963E-02	 0.92414E+00	 0.31922E+01	 0.31922E+01	 0.24466E-01	 0.24466E-01	 0.53316E-01	 0.53316E-01	 0.45723E+01	 0.10005E+04	 0.21891E+06	 0.42481E-13	-0.24800E+00	 0.15160E+00	 0.00000E+00	 0.16905E+01	 0.27433E+00
 0.10000E+00	 0.10000E-02	 0.65963E-02	 0.92414E+00	 0.17451E+01	 0.17439E+01	 0.96108E-01	 0.97266E-01	 0.22396E+01	 0.22339E+01	 0.45723E+01	 0.10005E+04	 0.21891E+06	 0.14832E-11	-0.24800E+00	 0.15160E+00	 0.00000E+00	 0.16905E+01	 0.27433E+00
 0.10000E-01	 0.10000E-02	 0.65963E-02	 0.92414E+00	 0.64863E+01	 0.62791E+01	-0.20982E+00	-0.17318E+00	 0.36655E+02	 0.36032E+02	 0.45723E+01	 0.10005E+04	 0.21891E+06	 0.21437E-09	-0.24800E+00	 0.15160E+00	 0.00000E+00	 0.16905E+01	 0.27433E+00
 0.10000E-02	 0.10000E-02	 0.65963E-02	 0.92414E+00	 0.15029E+02	 0.91230E+01	-0.82574E+00	-0.17777E+01	 0.46673E+03	 0.40148E+03	 0.45723E+01	 0.10005E+04	 0.21891E+06	 0.11525E-07	-0.24800E+00	 0.15160E+00	 0.00000E+00	 0.16905E+01	 0.27433E+00
 0.10000E-03	 0.10000E-02	 0.65963E-02	 0.92414E+00	 0.60707E+03	 0.14279E+01	-0.10393E+02	-0.21482E+01	 0.64205E+04	 0.40768E+04	 0.45723E+01	 0.10005E+04	 0.21891E+06	 0.31907E-06	-0.24800E+00	 0.15160E+00	 0.00000E+00	 0.16905E+01	 0.27433E+00
 0.30000E+02	 0.10000E-02	 0.65963E-02	 0.92414E+00	 0.32676E+02	 0.32676E+02	 0.88470E-04	 0.88470E-04	 0.71413E-05	 0.71413E-05	 0.45723E+01	 0.10005E+04	 0.21891E+06	 0.28615E-11	-0.24800E+00	 0.15160E+00	 0.00000E+00	 0.16905E+01	 0.27433E+00
 0.30000E+03	 0.10000E-02	 0.65963E-02	 0.92414E+00	 0.28379E+02	 0.28379E+02	 0.33025E-06	 0.33024E-06	 0.71810E-08	 0.71810E-08	 0.45723E+01	 0.10005E+04	 0.21891E+06	 0.11236E-09	-0.24800E+00	 0.15160E+00	 0.00000E+00	 0.16905E+01	 0.27433E+00
 0.30000E+01	 0.10000E-02	 0.65963E-02	 0.92414E+00	 0.72104E+01	 0.72104E+01	 0.65001E-02	 0.65000E-02	 0.49115E-02	 0.49115E-02	 0.45723E+01	 0.10005E+04	 0.21891E+06	 0.68072E-13	-0.24800E+00	 0.15160E+00	 0.00000E+00	 0.16905E+01	 0.27433E+00
 0.30000E+00	 0.10000E-02	 0.65963E-02	 0.92414E+00	 0.16475E+01	 0.16475E+01	 0.64430E-01	 0.64430E-01	 0.43682E+00	 0.43680E+00	 0.45723E+01	 0.10005E+04	 0.21891E+06	 0.27618E-12	-0.24800E+00	 0.15160E+00	 0.00000E+00	 0.16905E+01	 0.27433E+00
 0.30000E-01	 0.10000E-02	 0.65963E-02	 0.92414E+00	 0.31645E+01	 0.31507E+01	 0.50276E-01	 0.66834E-01	 0.10426E+02	 0.10360E+02	 0.45723E+01	 0.10005E+04	 0.21891E+06	 0.40202E-10	-0.24800E+00	 0.15160E+00	 0.00000E+00	 0.16905E+01	 0.27433E+00
 0.30000E-02	 0.10000E-02	 0.65963E-02	 0.92414E+00	 0.12602E+02	 0.10525E+02	-0.57076E+00	-0.10307E+01	 0.13796E+03	 0.12950E+03	 0.45723E+01	 0.10005E+04	 0.21891E+06	 0.12079E-08	-0.24800E+00	 0.15160E+00	 0.00000E+00	 0.16905E+01	 0.27433E+00
 0.30000E-03	 0.10000E-02	 0.65963E-02	 0.92414E+00	-0.38013E+02	 0.40060E+01	-0.22115E+00	-0.21112E+01	 0.18678E+04	 0.13558E+04	 0.45723E+01	 0.10005E+04	 0.21891E+06	 0.63832E-05	-0.24800E+00	 0.15160E+00	 0.00000E+00	 0.16905E+01	 0.27433E+00
 0.30000E-04	 0.10000E-02	 0.65963E-02	 0.92414E+00	 0.12561E+04	 0.43246E+00	-0.78354E+01	-0.21494E+01	 0.22136E+05	 0.13594E+05	 0.45723E+01	 0.10005E+04	 0.21891E+06	 0.34795E-05	-0.24800E+00	 0.15160E+00	 0.00000E+00	 0.16905E+01	 0.27433E+00
 0.10000E+02	 0.10000E-03	 0.65963E-03	 0.92414E+00	 0.27215E+02	 0.27215E+02	 0.57594E-03	 0.57594E-03	 0.18486E-03	 0.18486E-03	 0.45723E+01	 0.10005E+04	 0.21891E+06	 0.99360E-12	-0.24800E+00	 0.15160E+00	 0.00000E+00	 0.16905E+01	 0.27433E+00
 0.10000E+03	 0.10000E-03	 0.65963E-03	 0.92414E+00	 0.15578E+03	 0.15578E+03	 0.99972E-05	 0.99972E-05	 0.19380E-06	 0.19380E-06	 0.45723E+01	 0.10005E+04	 0.21891E+06	 0.32901E-10	-0.24800E+00	 0.15160E+00	 0.00000E+00	 0.16905E+01	 0.27433E+00
 0.10000E+01	 0.10000E-03	 0.65963E-03	 0.92414E+00	 0.32792E+01	 0.32792E+01	 0.23639E-01	 0.23639E-01	 0.53326E-01	 0.53326E-01	 0.45723E+01	 0.10005E+04	 0.21891E+06	 0.52783E-13	-0.24800E+00	 0.15160E+00	 0.00000E+00	 0.16905E+01	 0.27433E+00
 0.10000E+00	 0.10000E-03	 0.65963E-03	 0.92414E+00	 0.17488E+01	 0.17476E+01	 0.95544E-01	 0.96706E-01	 0.22398E+01	 0.22341E+01	 0.45723E+01	 0.10005E+04	 0.21891E+06	 0.18703E-11	-0.24800E+00	 0.15160E+00	 0.00000E+00	 0.16905E+01	 0.27433E+00
 0.10000E-01	 0.10000E-03	 0.65963E-03	 0.92414E+00	 0.71190E+01	 0.68954E+01	-0.31495E+00	-0.26944E+00	 0.36691E+02	 0.36068E+02	 0.45723E+01	 0.10005E+04	 0.21891E+06	 0.14937E-09	-0.24800E+00	 0.15160E+00	 0.00000E+00	 0.16905E+01	 0.27433E+00
 0.10000E-02	 0.10000E-03	 0.65963E-03	 0.92414E+00	 0.55186E+02	 0.33074E+02	-0.41852E+01	-0.60098E+01	 0.46770E+03	 0.40353E+03	 0.45723E+01	 0.10005E+04	 0.21891E+06	 0.75846E-08	-0.24800E+00	 0.15160E+00	 0.00000E+00	 0.16905E+01	 0.27433E+00
 0.10000E-03	 0.10000E-03	 0.65963E-03	 0.92414E+00	 0.46928E+03	 0.20696E+02	-0.12754E+02	-0.10611E+02	 0.64214E+04	 0.41056E+04	 0.45723E+01	 0.10005E+04	 0.21891E+06	 0.11459E-06	-0.24800E+00	 0.15160E+00	 0.00000E+00	 0.16905E+01	 0.27433E+00
 0.30000E+02	 0.10000E-03	 0.65963E-03	 0.92414E+00	 0.69926E+02	 0.69926E+02	 0.82226E-04	 0.82226E-04	 0.71416E-05	 0.71416E-05	 0.45723E+01	 0.10005E+04	 0.21891E+06	 0.55980E-11	-0.24800E+00	 0.15160E+00	 0.00000E+00	 0.16905E+01	 0.27433E+00
 0.30000E+03	 0.10000E-03	 0.65963E-03	 0.92414E+00	 0.32663E+03	 0.32663E+03	 0.88844E-06	 0.88844E-06	 0.71810E-08	 0.71810E-08	 0.45723E+01	 0.10005E+04	 0.21891E+06	 0.14001E-09	-0.24800E+00	 0.15160E+00	 0.00000E+00	 0.16905E+01	 0.27433E+00
 0.30000E+01	 0.10000E-03	 0.65963E-03	 0.92414E+00	 0.86149E+01	 0.86149E+01	 0.51016E-02	 0.51016E-02	 0.49134E-02	 0.49134E-02	 0.45723E+01	 0.10005E+04	 0.21891E+06	 0.84768E-13	-0.24800E+00	 0.15160E+00	 0.00000E+00	 0.16905E+01	 0.27433E+00
 0.30000E+00	 0.10000E-03	 0.65963E-03	 0.92414E+00	 0.16520E+01	 0.16519E+01	 0.64187E-01	 0.64187E-01	 0.43684E+00	 0.43683E+00	 0.45723E+01	 0.10005E+04	 0.21891E+06	 0.22368E-12	-0.24800E+00	 0.15160E+00	 0.00000E+00	 0.16905E+01	 0.27433E+00
 0.30000E-01	 0.10000E-03	 0.65963E-03	 0.92414E+00	 0.32182E+01	 0.32041E+01	 0.41293E-01	 0.58315E-01	 0.10429E+02	 0.10363E+02	 0.45723E+01	 0.10005E+04	 0.21891E+06	 0.34315E-10	-0.24800E+00	 0.15160E+00	 0.00000E+00	 0.16905E+01	 0.27433E+00
 0.30000E-02	 0.10000E-03	 0.65963E-03	 0.92414E+00	 0.20190E+02	 0.17043E+02	-0.15744E+01	-0.20880E+01	 0.13829E+03	 0.12994E+03	 0.45723E+01	 0.10005E+04	 0.21891E+06	 0.13451E-08	-0.24800E+00	 0.15160E+00	 0.00000E+00	 0.16905E+01	 0.27433E+00
 0.30000E-03	 0.10000E-03	 0.65963E-03	 0.92414E+00	 0.19168E+03	 0.35981E+02	-0.10792E+02	-0.97447E+01	 0.18696E+04	 0.13644E+04	 0.45723E+01	 0.10005E+04	 0.21891E+06	 0.14483E-06	-0.24800E+00	 0.15160E+00	 0.00000E+00	 0.16905E+01	 0.27433E+00
 0.30000E-04	 0.10000E-03	 0.65963E-03	 0.92414E+00	 0.13981E+04	 0.74257E+01	-0.11998E+02	-0.10464E+02	 0.22137E+05	 0.13693E+05	 0.45723E+01	 0.10005E+04	 0.21891E+06	 0.19828E-06	-0.24800E+00	 0.15160E+00	 0.00000E+00	 0.16905E+01	 0.27433E+00
 0.10000E+02	 0.10000E-04	 0.65963E-04	 0.92414E+00	 0.27939E+02	 0.27939E+02	 0.54908E-03	 0.54908E-03	 0.18486E-03	 0.18486E-03	 0.45723E+01	 0.10005E+04	 0.21891E+06	 0.85889E-12	-0.24800E+00	 0.15160E+00	 0.00000E+00	 0.16905E+01	 0.27433E+00
 0.10000E+03	 0.10000E-04	 0.65963E-04	 0.92414E+00	 0.27110E+03	 0.27110E+03	 0.58828E-05	 0.58828E-05	 0.19380E-06	 0.19380E-06	 0.45723E+01	 0.10005E+04	 0.21891E+06	 0.60170E-10	-0.24800E+00	 0.15160E+00	 0.00000E+00	 0.16905E+01	 0.27433E+00
 0.10000E+01	 0.10000E-04	 0.65963E-04	 0.92414E+00	 0.32833E+01	 0.32833E+01	 0.23632E-01	 0.23632E-01	 0.53326E-01	 0.53326E-01	 0.45723E+01	 0.10005E+04	 0.21891E+06	 0.58107E-13	-0.24800E+00	 0.15160E+00	 0.00000E+00	 0.16905E+01	 0.27433E+00
 0.10000E+00	 0.10000E-04	 0.65963E-04	 0.92414E+00	 0.17489E+01	 0.17477E+01	 0.95538E-01	 0.96700E-01	 0.22398E+01	 0.22341E+01	 0.45723E+01	 0.10005E+04	 0.21891E+06	 0.19843E-11	-0.24800E+00	 0.15160E+00	 0.00000E+00	 0.16905E+01	 0.27433E+00
 0.10000E-01	 0.10000E-04	 0.65963E-04	 0.92414E+00	 0.71266E+01	 0.69029E+01	-0.31617E+00	-0.27054E+00	 0.36691E+02	 0.36069E+02	 0.45723E+01	 0.10005E+04	 0.21891E+06	 0.38393E-09	-0.24800E+00	 0.15160E+00	 0.00000E+00	 0.16905E+01	 0.27433E+00
 0.10000E-02	 0.10000E-04	 0.65963E-04	 0.92414E+00	 0.58477E+02	 0.34806E+02	-0.45765E+01	-0.63640E+01	 0.46778E+03	 0.40369E+03	 0.45723E+01	 0.10005E+04	 0.21891E+06	 0.86148E-08	-0.24800E+00	 0.15160E+00	 0.00000E+00	 0.16905E+01	 0.27433E+00
 0.10000E-03	 0.10000E-04	 0.65963E-04	 0.92414E+00	 0.57515E+03	 0.34125E+02	-0.16146E+02	-0.12629E+02	 0.64218E+04	 0.41130E+04	 0.45723E+01	 0.10005E+04	 0.21891E+06	 0.15257E-06	-0.24800E+00	 0.15160E+00	 0.00000E+00	 0.16905E+01	 0.27433E+00
 0.30000E+02	 0.10000E-04	 0.65963E-04	 0.92414E+00	 0.83274E+02	 0.83274E+02	 0.62371E-04	 0.62371E-04	 0.71417E-05	 0.71417E-05	 0.45723E+01	 0.10005E+04	 0.21891E+06	 0.73828E-11	-0.24800E+00	 0.15160E+00	 0.00000E+00	 0.16905E+01	 0.27433E+00
 0.30000E+03	 0.10000E-04	 0.65963E-04	 0.92414E+00	 0.69899E+03	 0.69899E+03	 0.82469E-06	 0.82470E-06	 0.71810E-08	 0.71810E-08	 0.45723E+01	 0.10005E+04	 0.21891E+06	 0.64060E-09	-0.24800E+00	 0.15160E+00	 0.00000E+00	 0.16905E+01	 0.27433E+00
 0.30000E+01	 0.10000E-04	 0.65963E-04	 0.92414E+00	 0.86503E+01	 0.86503E+01	 0.50825E-02	 0.50825E-02	 0.49134E-02	 0.49134E-02	 0.45723E+01	 0.10005E+04	 0.21891E+06	 0.11838E-12	-0.24800E+00	 0.15160E+00	 0.00000E+00	 0.16905E+01	 0.27433E+00
 0.30000E+00	 0.10000E-04	 0.65963E-04	 0.92414E+00	 0.16522E+01	 0.16522E+01	 0.64183E-01	 0.64184E-01	 0.43684E+00	 0.43683E+00	 0.45723E+01	 0.10005E+04	 0.21891E+06	 0.20958E-12	-0.24800E+00	 0.15160E+00	 0.00000E+00	 0.16905E+01	 0.27433E+00
 0.30000E-01	 0.10000E-04	 0.65963E-04	 0.92414E+00	 0.32188E+01	 0.32046E+01	 0.41201E-01	 0.58228E-01	 0.10429E+02	 0.10363E+02	 0.45723E+01	 0.10005E+04	 0.21891E+06	 0.16672E-10	-0.24800E+00	 0.15160E+00	 0.00000E+00	 0.16905E+01	 0.27433E+00
 0.30000E-02	 0.10000E-04	 0.65963E-04	 0.92414E+00	 0.20364E+02	 0.17192E+02	-0.15986E+01	-0.21113E+01	 0.13830E+03	 0.12995E+03	 0.45723E+01	 0.10005E+04	 0.21891E+06	 0.14179E-08	-0.24800E+00	 0.15160E+00	 0.00000E+00	 0.16905E+01	 0.27433E+00
 0.30000E-03	 0.10000E-04	 0.65963E-04	 0.92414E+00	 0.19287E+03	 0.42931E+02	-0.11243E+02	-0.11397E+02	 0.18699E+04	 0.13662E+04	 0.45723E+01	 0.10005E+04	 0.21891E+06	 0.11357E-05	-0.24800E+00	 0.15160E+00	 0.00000E+00	 0.16905E+01	 0.27433E+00
 0.30000E-04	 0.10000E-04	 0.65963E-04	 0.92414E+00	 0.19003E+04	 0.19394E+02	-0.17282E+02	-0.12906E+02	 0.22137E+05	 0.13720E+05	 0.45723E+01	 0.10005E+04	 0.21891E+06	 0.41604E-06	-0.24800E+00	 0.15160E+00	 0.00000E+00	 0.16905E+01	 0.27433E+00
 0.10000E+02	 0.30000E+00	 0.19789E+01	 0.92414E+00	 0.73397E-01	 0.73397E-01	 0.55948E-03	 0.55948E-03	 0.25021E-03	 0.25021E-03	 0.45723E+01	 0.10005E+04	 0.21891E+06	 0.19085E-11	-0.24800E+00	 0.15160E+00	 0.00000E+00	 0.16905E+01	 0.27433E+00
 0.10000E+03	 0.30000E+00	 0.19789E+01	 0.92414E+00	 0.41563E-01	 0.41563E-01	 0.86421E-05	 0.86420E-05	 0.27670E-06	 0.27670E-06	 0.45723E+01	 0.10005E+04	 0.21891E+06	 0.23005E-10	-0.24800E+00	 0.15160E+00	 0.00000E+00	 0.16905E+01	 0.27433E+00
 0.10000E+01	 0.30000E+00	 0.19789E+01	 0.92414E+00	 0.12263E+00	 0.12263E+00	 0.12793E-01	 0.12793E-01	 0.61244E-01	 0.61244E-01	 0.45723E+01	 0.10005E+04	 0.21891E+06	 0.79987E-11	-0.24800E+00	 0.15160E+00	 0.00000E+00	 0.16905E+01	 0.27433E+00
 0.10000E+00	 0.30000E+00	 0.19789E+01	 0.92414E+00	 0.78711E-01	 0.78543E-01	 0.75325E-01	 0.75060E-01	 0.24459E+01	 0.24395E+01	 0.45723E+01	 0.10005E+04	 0.21891E+06	 0.12592E-09	-0.24800E+00	 0.15160E+00	 0.00000E+00	 0.16905E+01	 0.27433E+00
 0.10000E-01	 0.30000E+00	 0.19789E+01	 0.92414E+00	 0.37181E-01	 0.35048E-01	 0.28307E+00	 0.28307E+00	 0.47564E+02	 0.45638E+02	 0.45723E+01	 0.10005E+04	 0.21891E+06	 0.16191E-08	-0.24800E+00	 0.15160E+00	 0.00000E+00	 0.16905E+01	 0.27433E+00
 0.10000E-02	 0.30000E+00	 0.19789E+01	 0.92414E+00	 0.21166E-01	 0.95982E-02	 0.37100E+00	 0.44822E+00	 0.60082E+03	 0.53450E+03	 0.45723E+01	 0.10005E+04	 0.21891E+06	 0.24460E-07	-0.24800E+00	 0.15160E+00	 0.00000E+00	 0.16905E+01	 0.27433E+00
 0.10000E-03	 0.30000E+00	 0.19789E+01	 0.92414E+00	 0.10513E+00	 0.13469E-02	 0.60287E+00	 0.48056E+00	 0.66186E+04	 0.54248E+04	 0.45723E+01	 0.10005E+04	 0.21891E+06	 0.32539E-05	-0.24800E+00	 0.15160E+00	 0.00000E+00	 0.16905E+01	 0.27433E+00
 0.30000E+02	 0.30000E+00	 0.19789E+01	 0.92414E+00	 0.68382E-01	 0.68382E-01	 0.74209E-04	 0.74209E-04	 0.10073E-04	 0.10073E-04	 0.45723E+01	 0.10005E+04	 0.21891E+06	 0.36739E-11	-0.24800E+00	 0.15160E+00	 0.00000E+00	 0.16905E+01	 0.27433E+00
 0.30000E+03	 0.30000E+00	 0.19789E+01	 0.92414E+00	 0.17265E-01	 0.17265E-01	 0.10209E-05	 0.10209E-05	 0.10271E-07	 0.10271E-07	 0.45723E+01	 0.10005E+04	 0.21891E+06	 0.19945E-09	-0.24800E+00	 0.15160E+00	 0.00000E+00	 0.16905E+01	 0.27433E+00
 0.30000E+01	 0.30000E+00	 0.19789E+01	 0.92414E+00	 0.94265E-01	 0.94265E-01	 0.42356E-02	 0.42356E-02	 0.61193E-02	 0.61193E-02	 0.45723E+01	 0.10005E+04	 0.21891E+06	 0.41928E-11	-0.24800E+00	 0.15160E+00	 0.00000E+00	 0.16905E+01	 0.27433E+00
 0.30000E+00	 0.30000E+00	 0.19789E+01	 0.92414E+00	 0.10670E+00	 0.10670E+00	 0.27802E-01	 0.27801E-01	 0.47277E+00	 0.47275E+00	 0.45723E+01	 0.10005E+04	 0.21891E+06	 0.22217E-10	-0.24800E+00	 0.15160E+00	 0.00000E+00	 0.16905E+01	 0.27433E+00
 0.30000E-01	 0.30000E+00	 0.19789E+01	 0.92414E+00	 0.56075E-01	 0.55115E-01	 0.18638E+00	 0.18297E+00	 0.12449E+02	 0.12286E+02	 0.45723E+01	 0.10005E+04	 0.21891E+06	 0.16400E-09	-0.24800E+00	 0.15160E+00	 0.00000E+00	 0.16905E+01	 0.27433E+00
 0.30000E-02	 0.30000E+00	 0.19789E+01	 0.92414E+00	 0.23632E-01	 0.19155E-01	 0.33361E+00	 0.37899E+00	 0.18418E+03	 0.17050E+03	 0.45723E+01	 0.10005E+04	 0.21891E+06	 0.12741E-07	-0.24800E+00	 0.15160E+00	 0.00000E+00	 0.16905E+01	 0.27433E+00
 0.30000E-03	 0.30000E+00	 0.19789E+01	 0.92414E+00	 0.39516E-01	 0.35813E-02	 0.49019E+00	 0.47961E+00	 0.21425E+04	 0.18046E+04	 0.45723E+01	 0.10005E+04	 0.21891E+06	 0.93942E-06	-0.24800E+00	 0.15160E+00	 0.00000E+00	 0.16905E+01	 0.27433E+00
 0.30000E-04	 0.30000E+00	 0.19789E+01	 0.92414E+00	 0.33953E+00	 0.45662E-03	 0.52773E+00	 0.47331E+00	 0.22202E+05	 0.18091E+05	 0.45723E+01	 0.10005E+04	 0.21891E+06	 0.35291E-05	-0.24800E+00	 0.15160E+00	 0.00000E+00	 0.16905E+01	 0.27433E+00
 0.10000E+02	 0.30000E-01	 0.19789E+00	 0.92414E+00	 0.96420E+00	 0.96420E+00	 0.29741E-03	 0.29741E-03	 0.18492E-03	 0.18492E-03	 0.45723E+01	 0.10005E+04	 0.21891E+06	 0.16985E-12	-0.24800E+00	 0.15160E+00	 0.00000E+00	 0.16905E+01	 0.27433E+00
 0.10000E+03	 0.30000E-01	 0.19789E+00	 0.92414E+00	 0.59999E+00	 0.59999E+00	 0.62987E-05	 0.62987E-05	 0.19457E-06	 0.19457E-06	 0.45723E+01	 0.10005E+04	 0.21891E+06	 0.23443E-11	-0.24800E+00	 0.15160E+00	 0.00000E+00	 0.16905E+01	 0.27433E+00
 0.10000E+01	 0.30000E-01	 0.19789E+00	 0.92414E+00	 0.13793E+01	 0.13793E+01	 0.26513E-01	 0.26513E-01	 0.52619E-01	 0.52619E-01	 0.45723E+01	 0.10005E+04	 0.21891E+06	 0.42355E-13	-0.24800E+00	 0.15160E+00	 0.00000E+00	 0.16905E+01	 0.27433E+00
 0.10000E+00	 0.30000E-01	 0.19789E+00	 0.92414E+00	 0.84488E+00	 0.84394E+00	 0.23515E+00	 0.23476E+00	 0.21923E+01	 0.21871E+01	 0.45723E+01	 0.10005E+04	 0.21891E+06	 0.72403E-12	-0.24800E+00	 0.15160E+00	 0.00000E+00	 0.16905E+01	 0.27433E+00
 0.10000E-01	 0.30000E-01	 0.19789E+00	 0.92414E+00	 0.49718E+00	 0.47149E+00	 0.51400E+00	 0.48539E+00	 0.38590E+02	 0.37868E+02	 0.45723E+01	 0.10005E+04	 0.21891E+06	 0.96472E-10	-0.24800E+00	 0.15160E+00	 0.00000E+00	 0.16905E+01	 0.27433E+00
 0.10000E-02	 0.30000E-01	 0.19789E+00	 0.92414E+00	 0.28380E+00	 0.22151E+00	 0.28851E+00	 0.32827E+00	 0.49383E+03	 0.43000E+03	 0.45723E+01	 0.10005E+04	 0.21891E+06	 0.35418E-07	-0.24800E+00	 0.15160E+00	 0.00000E+00	 0.16905E+01	 0.27433E+00
 0.10000E-03	 0.30000E-01	 0.19789E+00	 0.92414E+00	 0.53998E+00	 0.24527E+00	 0.32076E+00	 0.57999E+00	 0.64531E+04	 0.43379E+04	 0.45723E+01	 0.10005E+04	 0.21891E+06	 0.37304E-06	-0.24800E+00	 0.15160E+00	 0.00000E+00	 0.16905E+01	 0.27433E+00
 0.30000E+02	 0.30000E-01	 0.19789E+00	 0.92414E+00	 0.71850E+00	 0.71850E+00	 0.59228E-04	 0.59228E-04	 0.71653E-05	 0.71653E-05	 0.45723E+01	 0.10005E+04	 0.21891E+06	 0.93023E-12	-0.24800E+00	 0.15160E+00	 0.00000E+00	 0.16905E+01	 0.27433E+00
 0.30000E+03	 0.30000E-01	 0.19789E+00	 0.92414E+00	 0.63288E+00	 0.63288E+00	 0.73969E-06	 0.73966E-06	 0.72109E-08	 0.72110E-08	 0.45723E+01	 0.10005E+04	 0.21891E+06	 0.86094E-11	-0.24800E+00	 0.15160E+00	 0.00000E+00	 0.16905E+01	 0.27433E+00
 0.30000E+01	 0.30000E-01	 0.19789E+00	 0.92414E+00	 0.14415E+01	 0.14415E+01	 0.25817E-02	 0.25817E-02	 0.48715E-02	 0.48715E-02	 0.45723E+01	 0.10005E+04	 0.21891E+06	 0.77676E-13	-0.24800E+00	 0.15160E+00	 0.00000E+00	 0.16905E+01	 0.27433E+00
 0.30000E+00	 0.30000E-01	 0.19789E+00	 0.92414E+00	 0.98186E+00	 0.98185E+00	 0.10239E+00	 0.10239E+00	 0.43113E+00	 0.43112E+00	 0.45723E+01	 0.10005E+04	 0.21891E+06	 0.15765E-12	-0.24800E+00	 0.15160E+00	 0.00000E+00	 0.16905E+01	 0.27433E+00
 0.30000E-01	 0.30000E-01	 0.19789E+00	 0.92414E+00	 0.67830E+00	 0.67208E+00	 0.44879E+00	 0.44255E+00	 0.10491E+02	 0.10416E+02	 0.45723E+01	 0.10005E+04	 0.21891E+06	 0.11722E-10	-0.24800E+00	 0.15160E+00	 0.00000E+00	 0.16905E+01	 0.27433E+00
 0.30000E-02	 0.30000E-01	 0.19789E+00	 0.92414E+00	 0.34571E+00	 0.29124E+00	 0.42602E+00	 0.36828E+00	 0.14788E+03	 0.13904E+03	 0.45723E+01	 0.10005E+04	 0.21891E+06	 0.15533E-08	-0.24800E+00	 0.15160E+00	 0.00000E+00	 0.16905E+01	 0.27433E+00
 0.30000E-03	 0.30000E-01	 0.19789E+00	 0.92414E+00	 0.35641E+00	 0.24695E+00	 0.27299E+00	 0.38961E+00	 0.19168E+04	 0.14445E+04	 0.45723E+01	 0.10005E+04	 0.21891E+06	 0.10464E-06	-0.24800E+00	 0.15160E+00	 0.00000E+00	 0.16905E+01	 0.27433E+00
 0.30000E-04	 0.30000E-01	 0.19789E+00	 0.92414E+00	 0.95573E+00	 0.12858E+00	 0.16876E+00	 0.78583E+00	 0.22147E+05	 0.14462E+05	 0.45723E+01	 0.10005E+04	 0.21891E+06	 0.79719E-06	-0.24800E+00	 0.15160E+00	 0.00000E+00	 0.16905E+01	 0.27433E+00
 0.10000E+02	 0.30000E-02	 0.19789E-01	 0.92414E+00	 0.10927E+02	 0.10927E+02	 0.77071E-03	 0.77071E-03	 0.18478E-03	 0.18478E-03	 0.45723E+01	 0.10005E+04	 0.21891E+06	 0.47467E-12	-0.24800E+00	 0.15160E+00	 0.00000E+00	 0.16905E+01	 0.27433E+00
 0.10000E+03	 0.30000E-02	 0.19789E-01	 0.92414E+00	 0.94615E+01	 0.94615E+01	 0.29721E-05	 0.29721E-05	 0.19380E-06	 0.19380E-06	 0.45723E+01	 0.10005E+04	 0.21891E+06	 0.18110E-10	-0.24800E+00	 0.15160E+00	 0.00000E+00	 0.16905E+01	 0.27433E+00
 0.10000E+01	 0.30000E-02	 0.19789E-01	 0.92414E+00	 0.27375E+01	 0.27375E+01	 0.28854E-01	 0.28854E-01	 0.53257E-01	 0.53257E-01	 0.45723E+01	 0.10005E+04	 0.21891E+06	 0.44205E-13	-0.24800E+00	 0.15160E+00	 0.00000E+00	 0.16905E+01	 0.27433E+00
 0.10000E+00	 0.30000E-02	 0.19789E-01	 0.92414E+00	 0.17215E+01	 0.17203E+01	 0.10039E+00	 0.10149E+00	 0.22383E+01	 0.22326E+01	 0.45723E+01	 0.10005E+04	 0.21891E+06	 0.17774E-11	-0.24800E+00	 0.15160E+00	 0.00000E+00	 0.16905E+01	 0.27433E+00
 0.10000E-01	 0.30000E-02	 0.19789E-01	 0.92414E+00	 0.43122E+01	 0.41587E+01	 0.14779E+00	 0.16032E+00	 0.36519E+02	 0.35894E+02	 0.45723E+01	 0.10005E+04	 0.21891E+06	 0.18098E-09	-0.24800E+00	 0.15160E+00	 0.00000E+00	 0.16905E+01	 0.27433E+00
 0.10000E-02	 0.30000E-02	 0.19789E-01	 0.92414E+00	 0.36259E+01	 0.19640E+01	-0.29188E+00	-0.62569E+00	 0.46602E+03	 0.39956E+03	 0.45723E+01	 0.10005E+04	 0.21891E+06	 0.45306E-06	-0.24800E+00	 0.15160E+00	 0.00000E+00	 0.16905E+01	 0.27433E+00
 0.10000E-03	 0.30000E-02	 0.19789E-01	 0.92414E+00	-0.21804E+02	 0.23088E+00	-0.13157E+01	-0.84818E+00	 0.64196E+04	 0.40467E+04	 0.45723E+01	 0.10005E+04	 0.21891E+06	 0.49514E-05	-0.24800E+00	 0.15160E+00	 0.00000E+00	 0.16905E+01	 0.27433E+00
 0.30000E+02	 0.30000E-02	 0.19789E-01	 0.92414E+00	 0.13628E+02	 0.13628E+02	 0.34183E-04	 0.34183E-04	 0.71408E-05	 0.71408E-05	 0.45723E+01	 0.10005E+04	 0.21891E+06	 0.98218E-12	-0.24800E+00	 0.15160E+00	 0.00000E+00	 0.16905E+01	 0.27433E+00
 0.30000E+03	 0.30000E-02	 0.19789E-01	 0.92414E+00	 0.71307E+01	 0.71307E+01	 0.58977E-06	 0.58975E-06	 0.71812E-08	 0.71813E-08	 0.45723E+01	 0.10005E+04	 0.21891E+06	 0.24634E-10	-0.24800E+00	 0.15160E+00	 0.00000E+00	 0.16905E+01	 0.27433E+00
 0.30000E+01	 0.30000E-02	 0.19789E-01	 0.92414E+00	 0.49825E+01	 0.49825E+01	 0.83518E-02	 0.83518E-02	 0.49075E-02	 0.49075E-02	 0.45723E+01	 0.10005E+04	 0.21891E+06	 0.91355E-13	-0.24800E+00	 0.15160E+00	 0.00000E+00	 0.16905E+01	 0.27433E+00
 0.30000E+00	 0.30000E-02	 0.19789E-01	 0.92414E+00	 0.16289E+01	 0.16289E+01	 0.66288E-01	 0.66287E-01	 0.43662E+00	 0.43661E+00	 0.45723E+01	 0.10005E+04	 0.21891E+06	 0.22987E-12	-0.24800E+00	 0.15160E+00	 0.00000E+00	 0.16905E+01	 0.27433E+00
 0.30000E-01	 0.30000E-02	 0.19789E-01	 0.92414E+00	 0.28308E+01	 0.28185E+01	 0.10824E+00	 0.12179E+00	 0.10409E+02	 0.10343E+02	 0.45723E+01	 0.10005E+04	 0.21891E+06	 0.12340E-10	-0.24800E+00	 0.15160E+00	 0.00000E+00	 0.16905E+01	 0.27433E+00
 0.30000E-02	 0.30000E-02	 0.19789E-01	 0.92414E+00	 0.47646E+01	 0.37842E+01	 0.17007E+00	-0.15271E+00	 0.13759E+03	 0.12898E+03	 0.45723E+01	 0.10005E+04	 0.21891E+06	 0.18145E-08	-0.24800E+00	 0.15160E+00	 0.00000E+00	 0.16905E+01	 0.27433E+00
 0.30000E-03	 0.30000E-02	 0.19789E-01	 0.92414E+00	-0.18321E+01	 0.67797E+00	-0.10964E+01	-0.82398E+00	 0.18666E+04	 0.13466E+04	 0.45723E+01	 0.10005E+04	 0.21891E+06	 0.16849E-05	-0.24800E+00	 0.15160E+00	 0.00000E+00	 0.16905E+01	 0.27433E+00
 0.30000E-04	 0.30000E-02	 0.19789E-01	 0.92414E+00	-0.84767E+02	 0.69462E-01	-0.13298E+01	-0.85071E+00	 0.22136E+05	 0.13492E+05	 0.45723E+01	 0.10005E+04	 0.21891E+06	 0.11774E-04	-0.24800E+00	 0.15160E+00	 0.00000E+00	 0.16905E+01	 0.27433E+00
 0.10000E+02	 0.30000E-03	 0.19789E-02	 0.92414E+00	 0.23381E+02	 0.23381E+02	 0.72298E-03	 0.72298E-03	 0.18485E-03	 0.18485E-03	 0.45723E+01	 0.10005E+04	 0.21891E+06	 0.47373E-12	-0.24800E+00	 0.15160E+00	 0.00000E+00	 0.16905E+01	 0.27433E+00
 0.10000E+03	 0.30000E-03	 0.19789E-02	 0.92414E+00	 0.10888E+03	 0.10888E+03	 0.79932E-05	 0.79932E-05	 0.19380E-06	 0.19380E-06	 0.45723E+01	 0.10005E+04	 0.21891E+06	 0.74021E-10	-0.24800E+00	 0.15160E+00	 0.00000E+00	 0.16905E+01	 0.27433E+00
 0.10000E+01	 0.30000E-03	 0.19789E-02	 0.92414E+00	 0.32695E+01	 0.32695E+01	 0.23708E-01	 0.23708E-01	 0.53325E-01	 0.53325E-01	 0.45723E+01	 0.10005E+04	 0.21891E+06	 0.46799E-13	-0.24800E+00	 0.15160E+00	 0.00000E+00	 0.16905E+01	 0.27433E+00
 0.10000E+00	 0.30000E-03	 0.19789E-02	 0.92414E+00	 0.17485E+01	 0.17472E+01	 0.95592E-01	 0.96754E-01	 0.22398E+01	 0.22341E+01	 0.45723E+01	 0.10005E+04	 0.21891E+06	 0.18456E-11	-0.24800E+00	 0.15160E+00	 0.00000E+00	 0.16905E+01	 0.27433E+00
 0.10000E-01	 0.30000E-03	 0.19789E-02	 0.92414E+00	 0.70585E+01	 0.68366E+01	-0.30519E+00	-0.26059E+00	 0.36688E+02	 0.36065E+02	 0.45723E+01	 0.10005E+04	 0.21891E+06	 0.12153E-09	-0.24800E+00	 0.15160E+00	 0.00000E+00	 0.16905E+01	 0.27433E+00
 0.10000E-02	 0.30000E-03	 0.19789E-02	 0.92414E+00	 0.40616E+02	 0.24987E+02	-0.26827E+01	-0.43999E+01	 0.46736E+03	 0.40287E+03	 0.45723E+01	 0.10005E+04	 0.21891E+06	 0.63140E-08	-0.24800E+00	 0.15160E+00	 0.00000E+00	 0.16905E+01	 0.27433E+00
 0.10000E-03	 0.30000E-03	 0.19789E-02	 0.92414E+00	 0.33188E+03	 0.81013E+01	-0.81643E+01	-0.58353E+01	 0.64210E+04	 0.40947E+04	 0.45723E+01	 0.10005E+04	 0.21891E+06	 0.14664E-06	-0.24800E+00	 0.15160E+00	 0.00000E+00	 0.16905E+01	 0.27433E+00
 0.30000E+02	 0.30000E-03	 0.19789E-02	 0.92414E+00	 0.48301E+02	 0.48301E+02	 0.10976E-03	 0.10976E-03	 0.71416E-05	 0.71416E-05	 0.45723E+01	 0.10005E+04	 0.21891E+06	 0.42656E-11	-0.24800E+00	 0.15160E+00	 0.00000E+00	 0.16905E+01	 0.27433E+00
 0.30000E+03	 0.30000E-03	 0.19789E-02	 0.92414E+00	 0.13620E+03	 0.13620E+03	 0.34343E-06	 0.34342E-06	 0.71810E-08	 0.71810E-08	 0.45723E+01	 0.10005E+04	 0.21891E+06	 0.23168E-09	-0.24800E+00	 0.15160E+00	 0.00000E+00	 0.16905E+01	 0.27433E+00
 0.30000E+01	 0.30000E-03	 0.19789E-02	 0.92414E+00	 0.84528E+01	 0.84528E+01	 0.52638E-02	 0.52637E-02	 0.49132E-02	 0.49132E-02	 0.45723E+01	 0.10005E+04	 0.21891E+06	 0.55909E-13	-0.24800E+00	 0.15160E+00	 0.00000E+00	 0.16905E+01	 0.27433E+00
 0.30000E+00	 0.30000E-03	 0.19789E-02	 0.92414E+00	 0.16507E+01	 0.16507E+01	 0.64210E-01	 0.64210E-01	 0.43684E+00	 0.43683E+00	 0.45723E+01	 0.10005E+04	 0.21891E+06	 0.28245E-12	-0.24800E+00	 0.15160E+00	 0.00000E+00	 0.16905E+01	 0.27433E+00
 0.30000E-01	 0.30000E-03	 0.19789E-02	 0.92414E+00	 0.32137E+01	 0.31996E+01	 0.42036E-01	 0.59020E-01	 0.10429E+02	 0.10363E+02	 0.45723E+01	 0.10005E+04	 0.21891E+06	 0.54053E-10	-0.24800E+00	 0.15160E+00	 0.00000E+00	 0.16905E+01	 0.27433E+00
 0.30000E-02	 0.30000E-03	 0.19789E-02	 0.92414E+00	 0.18968E+02	 0.15996E+02	-0.14024E+01	-0.19167E+01	 0.13824E+03	 0.12987E+03	 0.45723E+01	 0.10005E+04	 0.21891E+06	 0.12549E-08	-0.24800E+00	 0.15160E+00	 0.00000E+00	 0.16905E+01	 0.27433E+00
 0.30000E-03	 0.30000E-03	 0.19789E-02	 0.92414E+00	 0.24926E+03	 0.18675E+02	-0.12233E+02	-0.56995E+01	 0.18691E+04	 0.13611E+04	 0.45723E+01	 0.10005E+04	 0.21891E+06	 0.26347E-06	-0.24800E+00	 0.15160E+00	 0.00000E+00	 0.16905E+01	 0.27433E+00
 0.30000E-04	 0.30000E-03	 0.19789E-02	 0.92414E+00	 0.94048E+03	 0.25573E+01	-0.74446E+01	-0.57872E+01	 0.22137E+05	 0.13655E+05	 0.45723E+01	 0.10005E+04	 0.21891E+06	 0.35336E-06	-0.24800E+00	 0.15160E+00	 0.00000E+00	 0.16905E+01	 0.27433E+00
 0.10000E+02	 0.30000E-04	 0.19789E-03	 0.92414E+00	 0.27856E+02	 0.27856E+02	 0.55125E-03	 0.55125E-03	 0.18486E-03	 0.18486E-03	 0.45723E+01	 0.10005E+04	 0.21891E+06	 0.12728E-11	-0.24800E+00	 0.15160E+00	 0.00000E+00	 0.16905E+01	 0.27433E+00
 0.10000E+03	 0.30000E-04	 0.19789E-03	 0.92414E+00	 0.23300E+03	 0.23300E+03	 0.74205E-05	 0.74205E-05	 0.19380E-06	 0.19380E-06	 0.45723E+01	 0.10005E+04	 0.21891E+06	 0.40403E-10	-0.24800E+00	 0.15160E+00	 0.00000E+00	 0.16905E+01	 0.27433E+00
 0.10000E+01	 0.30000E-04	 0.19789E-03	 0.92414E+00	 0.32827E+01	 0.32827E+01	 0.23632E-01	 0.23632E-01	 0.53326E-01	 0.53326E-01	 0.45723E+01	 0.10005E+04	 0.21891E+06	 0.57561E-13	-0.24800E+00	 0.15160E+00	 0.00000E+00	 0.16905E+01	 0.27433E+00
 0.10000E+00	 0.30000E-04	 0.19789E-03	 0.92414E+00	 0.17489E+01	 0.17477E+01	 0.95539E-01	 0.96701E-01	 0.22398E+01	 0.22341E+01	 0.45723E+01	 0.10005E+04	 0.21891E+06	 0.16108E-11	-0.24800E+00	 0.15160E+00	 0.00000E+00	 0.16905E+01	 0.27433E+00
 0.10000E-01	 0.30000E-04	 0.19789E-03	 0.92414E+00	 0.71260E+01	 0.69023E+01	-0.31607E+00	-0.27046E+00	 0.36691E+02	 0.36069E+02	 0.45723E+01	 0.10005E+04	 0.21891E+06	 0.15925E-09	-0.24800E+00	 0.15160E+00	 0.00000E+00	 0.16905E+01	 0.27433E+00
 0.10000E-02	 0.30000E-04	 0.19789E-03	 0.92414E+00	 0.58184E+02	 0.34652E+02	-0.45409E+01	-0.63333E+01	 0.46777E+03	 0.40367E+03	 0.45723E+01	 0.10005E+04	 0.21891E+06	 0.94582E-08	-0.24800E+00	 0.15160E+00	 0.00000E+00	 0.16905E+01	 0.27433E+00
 0.10000E-03	 0.30000E-04	 0.19789E-03	 0.92414E+00	 0.55884E+03	 0.31197E+02	-0.15665E+02	-0.12675E+02	 0.64217E+04	 0.41116E+04	 0.45723E+01	 0.10005E+04	 0.21891E+06	 0.17945E-06	-0.24800E+00	 0.15160E+00	 0.00000E+00	 0.16905E+01	 0.27433E+00
 0.30000E+02	 0.30000E-04	 0.19789E-03	 0.92414E+00	 0.81744E+02	 0.81744E+02	 0.64649E-04	 0.64649E-04	 0.71417E-05	 0.71417E-05	 0.45723E+01	 0.10005E+04	 0.21891E+06	 0.50562E-11	-0.24800E+00	 0.15160E+00	 0.00000E+00	 0.16905E+01	 0.27433E+00
 0.30000E+03	 0.30000E-04	 0.19789E-03	 0.92414E+00	 0.48283E+03	 0.48283E+03	 0.11017E-05	 0.11017E-05	 0.71810E-08	 0.71810E-08	 0.45723E+01	 0.10005E+04	 0.21891E+06	 0.30671E-09	-0.24800E+00	 0.15160E+00	 0.00000E+00	 0.16905E+01	 0.27433E+00
 0.30000E+01	 0.30000E-04	 0.19789E-03	 0.92414E+00	 0.86424E+01	 0.86424E+01	 0.50834E-02	 0.50834E-02	 0.49134E-02	 0.49134E-02	 0.45723E+01	 0.10005E+04	 0.21891E+06	 0.88571E-13	-0.24800E+00	 0.15160E+00	 0.00000E+00	 0.16905E+01	 0.27433E+00
 0.30000E+00	 0.30000E-04	 0.19789E-03	 0.92414E+00	 0.16522E+01	 0.16522E+01	 0.64184E-01	 0.64184E-01	 0.43684E+00	 0.43683E+00	 0.45723E+01	 0.10005E+04	 0.21891E+06	 0.26096E-12	-0.24800E+00	 0.15160E+00	 0.00000E+00	 0.16905E+01	 0.27433E+00
 0.30000E-01	 0.30000E-04	 0.19789E-03	 0.92414E+00	 0.32188E+01	 0.32046E+01	 0.41209E-01	 0.58235E-01	 0.10429E+02	 0.10363E+02	 0.45723E+01	 0.10005E+04	 0.21891E+06	 0.17933E-10	-0.24800E+00	 0.15160E+00	 0.00000E+00	 0.16905E+01	 0.27433E+00
 0.30000E-02	 0.30000E-04	 0.19789E-03	 0.92414E+00	 0.20350E+02	 0.17180E+02	-0.15966E+01	-0.21094E+01	 0.13830E+03	 0.12995E+03	 0.45723E+01	 0.10005E+04	 0.21891E+06	 0.13927E-08	-0.24800E+00	 0.15160E+00	 0.00000E+00	 0.16905E+01	 0.27433E+00
 0.30000E-03	 0.30000E-04	 0.19789E-03	 0.92414E+00	 0.19261E+03	 0.42210E+02	-0.11188E+02	-0.11232E+02	 0.18699E+04	 0.13659E+04	 0.45723E+01	 0.10005E+04	 0.21891E+06	 0.74479E-06	-0.24800E+00	 0.15160E+00	 0.00000E+00	 0.16905E+01	 0.27433E+00
 0.30000E-04	 0.30000E-04	 0.19789E-03	 0.92414E+00	 0.17810E+04	 0.14869E+02	-0.16132E+02	-0.12988E+02	 0.22137E+05	 0.13715E+05	 0.45723E+01	 0.10005E+04	 0.21891E+06	 0.34186E-06	-0.24800E+00	 0.15160E+00	 0.00000E+00	 0.16905E+01	 0.27433E+00
