 &datain
 nzperiod=  3,
 lalpha= 20, lfout=20, nrun =  1,
 cmul = 3.0000,
 efield = 0.0000,
 mpolb = 11,  ntorb = 16,  ibbi = 1,
 chip =  0.3262,  psip =  0.4894,
 btheta =  0.0338, bzeta =  2.3715,
 borbi(0,0)=  0.16507E+01,
 borbi(0,1)=  -.19411E+00,
 borbi(0,2)=  -.66574E-01,
 borbi(1,2)=  0.39456E-01,
 borbi(2,3)=  -.19953E-01,
 borbi(1,0)=  0.13730E-01,
 borbi(1,4)=  -.11278E-01,
 borbi(3,3)=  0.10754E-01,
 borbi(-1,2)=  -.98530E-02,
 borbi(1,3)=  0.87255E-02,
 borbi(2,2)=  -.76931E-02,
 borbi(3,2)=  -.67735E-02,
 borbi(1,1)=  -.64587E-02,
 borbi(-1,3)=  -.63196E-02,
 borbi(-3,1)=  0.60099E-02,
 borbi(-2,1)=  -.55946E-02,
 borbi(1,6)=  -.54868E-02,
 borbi(3,4)=  0.54605E-02,
 borbi(2,0)=  -.43627E-02,
 borbi(-2,2)=  0.37590E-02,
 borbi(4,2)=  -.37547E-02,
 borbi(-4,3)=  0.34847E-02,
 borbi(4,3)=  0.33981E-02,
 borbi(-2,4)=  -.32522E-02,
 borbi(5,1)=  0.28888E-02,
 borbi(2,4)=  -.28852E-02,
 borbi(3,5)=  0.27125E-02,
 borbi(3,0)=  -.27023E-02,
 borbi(4,0)=  -.26394E-02,
 borbi(-1,5)=  -.22854E-02,
 borbi(5,2)=  0.21832E-02,
 borbi(2,1)=  0.21347E-02,
 borbi(-2,5)=  -.20842E-02,
 borbi(-3,4)=  -.20064E-02,
 borbi(0,3)=  0.19330E-02,
 borbi(-4,1)=  -.19052E-02,
 borbi(1,5)=  -.18894E-02,
 borbi(0,5)=  0.17073E-02,
 borbi(4,5)=  -.16309E-02,
 borbi(0,4)=  -.15593E-02,
 borbi(-4,2)=  0.14564E-02,
 borbi(4,1)=  0.13941E-02,
 borbi(2,7)=  0.13610E-02,
 borbi(2,6)=  0.13331E-02,
 borbi(-1,1)=  0.13219E-02,
 borbi(2,5)=  0.11992E-02,
 borbi(-2,7)=  -.11765E-02,
 borbi(-3,3)=  -.11710E-02,
 borbi(3,1)=  -.11570E-02,
 borbi(-6,2)=  0.11441E-02,
 borbi(6,0)=  0.11182E-02,
 borbi(-2,6)=  -.10613E-02,
 borbi(6,1)=  -.10440E-02,
 borbi(3,7)=  -.10325E-02,
 borbi(-5,3)=  -.92866E-03,
 borbi(2,8)=  -.92460E-03,
 borbi(-4,5)=  0.88280E-03,
 borbi(-2,3)=  0.87905E-03,
 borbi(6,4)=  -.83876E-03,
 borbi(4,6)=  -.82593E-03,
 borbi(-1,4)=  0.77545E-03,
 borbi(-2,8)=  -.76415E-03,
 borbi(-3,5)=  -.73110E-03,
 borbi(4,4)=  -.68236E-03,
 borbi(-5,2)=  0.67297E-03,
 borbi(7,1)=  0.67079E-03,
 borbi(1,8)=  -.65875E-03,
 borbi(2,10)=  -.64777E-03,
 borbi(3,6)=  0.64182E-03,
 borbi(0,7)=  -.61192E-03,
 borbi(4,7)=  0.60639E-03,
 borbi(3,8)=  -.59805E-03,
 borbi(4,8)=  0.58461E-03,
 borbi(7,2)=  -.55992E-03,
 borbi(1,7)=  -.54553E-03,
 borbi(5,6)=  -.53832E-03,
 borbi(0,9)=  -.53214E-03,
 borbi(-3,6)=  -.52407E-03,
 borbi(-7,1)=  0.51459E-03,
 borbi(5,9)=  -.49928E-03,
 borbi(-4,6)=  0.48278E-03,
 borbi(0,6)=  0.47917E-03,
 borbi(5,4)=  -.40868E-03,
 borbi(4,9)=  0.40158E-03,
 borbi(-6,1)=  0.39917E-03,
 borbi(-6,3)=  -.38518E-03,
 borbi(7,5)=  -.36251E-03,
 borbi(-7,2)=  -.36230E-03,
 borbi(-6,4)=  0.36065E-03,
 borbi(7,0)=  -.35174E-03,
 borbi(-2,9)=  -.35132E-03,
 borbi(-3,7)=  0.34587E-03,
 borbi(5,8)=  -.34160E-03,
 borbi(5,3)=  -.33888E-03,
 borbi(-1,8)=  0.32573E-03,
 borbi(2,9)=  -.31374E-03,
 borbi(-4,4)=  -.28154E-03,
 borbi(5,7)=  -.27932E-03,
 borbi(8,2)=  0.27779E-03,
 borbi(6,5)=  0.27162E-03,
 mmnn(1,1)=  0, 47,  0,  1,  2,  3,  4,  5,  6,  7,  8,  9, 10, 11, 12,
  13, 14, 15, 16, 17, 18, 19, 20, 21, 22, 23, 24, 25, 26, 27, 28, 29, 30,
  31, 32, 33, 34, 35, 36, 37, 38, 39, 40, 41, 42, 43, 44, 45, 46,
 mmnn(1,2)=  1, 46,  0,  1,  2,  3,  4,  5,  6,  7,  8,  9, 10, 11, 12,
  13, 14, 15, 16, 17, 18, 19, 20, 21, 22, 23, 24, 25, 26, 27, 28, 29, 30,
  31, 32, 33, 34, 35, 36, 37, 38, 39, 40, 41, 42, 43, 44, 45,
 mmnn(1,3)=  2, 47,  0,  1,  2,  3,  4,  5,  6,  7,  8,  9, 10, 11, 12,
  13, 14, 15, 16, 17, 18, 19, 20, 21, 22, 23, 24, 25, 26, 27, 28, 29, 30,
  31, 32, 33, 34, 35, 36, 37, 38, 39, 40, 41, 42, 43, 44, 45, 46,
 mmnn(1,4)=  3, 46,  0,  1,  2,  3,  4,  5,  6,  7,  8,  9, 10, 11, 12,
  13, 14, 15, 16, 17, 18, 19, 20, 21, 22, 23, 24, 25, 26, 27, 28, 29, 30,
  31, 32, 33, 34, 35, 36, 37, 38, 39, 40, 41, 42, 43, 44, 45,
 mmnn(1,5)=  4, 48,  0,  1,  2,  3,  4,  5,  6,  7,  8,  9, 10, 11, 12,
  13, 14, 15, 16, 17, 18, 19, 20, 21, 22, 23, 24, 25, 26, 27, 28, 29, 30,
  31, 32, 33, 34, 35, 36, 37, 38, 39, 40, 41, 42, 43, 44, 45, 46, 47,
 mmnn(1,6)=  5, 46,  0,  1,  2,  3,  4,  5,  6,  7,  8,  9, 10, 11, 12,
  13, 14, 15, 16, 17, 18, 19, 20, 21, 22, 23, 24, 25, 26, 27, 28, 29, 30,
  31, 32, 33, 34, 35, 36, 37, 38, 39, 40, 41, 42, 43, 44, 45,
 mmnn(1,7)=  6, 47,  0,  1,  2,  3,  4,  5,  6,  7,  8,  9, 10, 11, 12,
  13, 14, 15, 16, 17, 18, 19, 20, 21, 22, 23, 24, 25, 26, 27, 28, 29, 30,
  31, 32, 33, 34, 35, 36, 37, 38, 39, 40, 41, 42, 43, 44, 45, 46,
 mmnn(1,8)=  7, 47,  0,  1,  2,  3,  4,  5,  6,  7,  8,  9, 10, 11, 12,
  13, 14, 15, 16, 17, 18, 19, 20, 21, 22, 23, 24, 25, 26, 27, 28, 29, 30,
  31, 32, 33, 34, 35, 36, 37, 38, 39, 40, 41, 42, 43, 44, 45, 46,
 mmnn(1,9)=  8, 46,  0,  1,  2,  3,  4,  5,  6,  7,  8,  9, 10, 11, 12,
  13, 14, 15, 16, 17, 18, 19, 20, 21, 22, 23, 24, 25, 26, 27, 28, 29, 30,
  31, 32, 33, 34, 35, 36, 37, 38, 39, 40, 41, 42, 43, 44, 45,
 mmnn(1,10)=  9, 46,  0,  1,  2,  3,  4,  5,  6,  7,  8,  9, 10, 11, 12,
  13, 14, 15, 16, 17, 18, 19, 20, 21, 22, 23, 24, 25, 26, 27, 28, 29, 30,
  31, 32, 33, 34, 35, 36, 37, 38, 39, 40, 41, 42, 43, 44, 45,
 mmnn(1,11)= 10, 46,  0,  1,  2,  3,  4,  5,  6,  7,  8,  9, 10, 11, 12,
  13, 14, 15, 16, 17, 18, 19, 20, 21, 22, 23, 24, 25, 26, 27, 28, 29, 30,
  31, 32, 33, 34, 35, 36, 37, 38, 39, 40, 41, 42, 43, 44, 45,
 mmnn(1,12)= 11, 42,  0,  1,  2,  3,  4,  5,  6,  7,  8,  9, 10, 11, 12,
  13, 14, 15, 16, 17, 18, 19, 20, 21, 22, 23, 24, 25, 26, 27, 28, 29, 30,
  31, 32, 33, 34, 35, 36, 37, 38, 39, 40, 41,
 mmnn(1,13)= 12, 42,  0,  1,  2,  3,  4,  5,  6,  7,  8,  9, 10, 11, 12,
  13, 14, 15, 16, 17, 18, 19, 20, 21, 22, 23, 24, 25, 26, 27, 28, 29, 30,
  31, 32, 33, 34, 35, 36, 37, 38, 39, 40, 41,
 mmnn(1,14)= 13, 39,  0,  1,  2,  3,  4,  5,  6,  7,  8,  9, 10, 11, 12,
  13, 14, 15, 16, 17, 18, 19, 20, 21, 22, 23, 24, 25, 26, 27, 28, 29, 30,
  31, 32, 33, 34, 35, 36, 37, 38,
 mmnn(1,15)= 14, 38,  0,  1,  2,  3,  4,  5,  6,  7,  8,  9, 10, 11, 12,
  13, 14, 15, 16, 17, 18, 19, 20, 21, 22, 23, 24, 25, 26, 27, 28, 29, 30,
  31, 32, 33, 34, 35, 36, 37,
 mmnn(1,16)= 15, 37,  0,  1,  2,  3,  4,  5,  6,  7,  8,  9, 10, 11, 12,
  13, 14, 15, 16, 17, 18, 19, 20, 21, 22, 23, 24, 25, 26, 27, 28, 29, 30,
  31, 32, 33, 34, 35, 36,
 mmnn(1,17)= 16, 33,  0,  1,  2,  3,  4,  5,  6,  7,  8,  9, 10, 11, 12,
  13, 14, 15, 16, 17, 18, 19, 20, 21, 22, 23, 24, 25, 26, 27, 28, 29, 30,
  31, 32,
 mmnn(1,18)= 17, 33,  0,  1,  2,  3,  4,  5,  6,  7,  8,  9, 10, 11, 12,
  13, 14, 15, 16, 17, 18, 19, 20, 21, 22, 23, 24, 25, 26, 27, 28, 29, 30,
  31, 32,
 mmnn(1,19)= 18, 30,  0,  1,  2,  3,  4,  5,  6,  7,  8,  9, 10, 11, 12,
  13, 14, 15, 16, 17, 18, 19, 20, 21, 22, 23, 24, 25, 26, 27, 28, 29,
 mmnn(1,20)= 19, 29,  0,  1,  2,  3,  4,  5,  6,  7,  8,  9, 10, 11, 12,
  13, 14, 15, 16, 17, 18, 19, 20, 21, 22, 23, 24, 25, 26, 27, 28,
 mmnn(1,21)= 20, 26,  0,  1,  2,  3,  4,  5,  6,  7,  8,  9, 10, 11, 12,
  13, 14, 15, 16, 17, 18, 19, 20, 21, 22, 23, 24, 25,
 mmnn(1,22)= 21, 24,  0,  1,  2,  3,  4,  5,  6,  7,  8,  9, 10, 11, 12,
  13, 14, 15, 16, 17, 18, 19, 20, 21, 22, 24,
 mmnn(1,23)= 22, 21,  0,  1,  2,  3,  4,  5,  6,  7,  8,  9, 10, 11, 12,
  13, 14, 15, 16, 17, 18, 19, 21,
 mmnn(1,24)= 23, 18,  0,  1,  2,  3,  4,  5,  6,  7,  8,  9, 10, 11, 12,
  13, 14, 15, 16, 18,
 mmnn(1,25)= 24, 15,  0,  1,  2,  3,  4,  5,  6,  7,  8,  9, 10, 11, 12,
  13, 15,
 mmnn(1,26)= -1, 36,  1,  2,  3,  4,  5,  6,  7,  8,  9, 10, 11, 12, 13,
  14, 15, 16, 17, 18, 19, 20, 21, 22, 23, 24, 25, 26, 27, 28, 29, 30, 31,
  32, 33, 34, 35, 36,
 mmnn(1,27)= -2, 37,  1,  2,  3,  4,  5,  6,  7,  8,  9, 10, 11, 12, 13,
  14, 15, 16, 17, 18, 19, 20, 21, 22, 23, 24, 25, 26, 27, 28, 29, 30, 31,
  32, 33, 34, 35, 36, 37,
 mmnn(1,28)= -3, 35,  1,  2,  3,  4,  5,  6,  7,  8,  9, 10, 11, 12, 13,
  14, 15, 16, 17, 18, 19, 20, 21, 22, 23, 24, 25, 26, 27, 28, 29, 30, 31,
  32, 33, 34, 35,
 mmnn(1,29)= -4, 34,  1,  2,  3,  4,  5,  6,  7,  8,  9, 10, 11, 12, 13,
  14, 15, 16, 17, 18, 19, 20, 21, 22, 23, 24, 25, 26, 27, 28, 29, 30, 31,
  32, 33, 34,
 mmnn(1,30)= -5, 31,  1,  2,  3,  4,  5,  6,  7,  8,  9, 10, 11, 12, 13,
  14, 15, 16, 17, 18, 19, 20, 21, 22, 23, 24, 25, 26, 27, 28, 29, 30, 31,
 mmnn(1,31)= -6, 32,  1,  2,  3,  4,  5,  6,  7,  8,  9, 10, 11, 12, 13,
  14, 15, 16, 17, 18, 19, 20, 21, 22, 23, 24, 25, 26, 27, 28, 29, 30, 31,
  32,
 mmnn(1,32)= -7, 30,  1,  2,  3,  4,  5,  6,  7,  8,  9, 10, 11, 12, 13,
  14, 15, 16, 17, 18, 19, 20, 21, 22, 23, 24, 25, 26, 27, 28, 29, 30,
 mmnn(1,33)= -8, 26,  1,  2,  3,  4,  5,  6,  7,  8,  9, 10, 11, 12, 13,
  14, 15, 16, 17, 18, 19, 20, 21, 22, 23, 24, 25, 26,
 mmnn(1,34)= -9, 22,  1,  2,  3,  4,  5,  6,  7,  8,  9, 10, 11, 12, 13,
  14, 15, 16, 17, 18, 19, 20, 21, 22,
 mmnn(1,35)=-10, 22,  1,  2,  3,  4,  5,  6,  7,  8,  9, 10, 11, 12, 13,
  14, 15, 16, 17, 18, 19, 20, 21, 22,
 mmnn(1,36)=-11, 20,  1,  2,  3,  4,  5,  6,  7,  8,  9, 10, 11, 12, 13,
  14, 15, 16, 17, 18, 19, 20,
 mmnn(1,37)=-12, 19,  1,  2,  3,  4,  5,  6,  7,  8,  9, 10, 11, 12, 13,
  14, 15, 16, 17, 18, 19,
 mmnn(1,38)=-13, 19,  1,  2,  3,  4,  5,  6,  7,  8,  9, 10, 11, 12, 13,
  14, 15, 16, 17, 18, 19,
 mmnn(1,39)=-14, 18,  1,  2,  3,  4,  5,  6,  7,  8,  9, 10, 11, 12, 13,
  14, 15, 16, 17, 18,
 mmnn(1,40)=-15, 18,  1,  2,  3,  4,  5,  6,  7,  8,  9, 10, 11, 12, 13,
  14, 15, 16, 17, 18,
 mmnn(1,41)=-16, 18,  1,  2,  3,  4,  5,  6,  7,  8,  9, 10, 11, 12, 13,
  14, 15, 16, 17, 18,
 mmnn(1,42)=-17, 18,  1,  2,  3,  4,  5,  6,  7,  8,  9, 10, 11, 12, 13,
  14, 15, 16, 17, 18,
 mmnn(1,43)=-18, 16,  1,  2,  3,  4,  5,  6,  7,  8,  9, 10, 11, 12, 13,
  14, 15, 16,
 mmnn(1,44)=-19, 15,  1,  2,  3,  4,  5,  6,  7,  8,  9, 10, 11, 12, 13,
  14, 15,
 mmnn(1,45)=-20, 13,  1,  2,  3,  4,  5,  6,  7,  8,  9, 10, 11, 12, 13,
 mmnn(1,46)=-21, 13,  1,  2,  3,  4,  5,  6,  7,  8,  9, 10, 11, 12, 13,
 mmnn(1,47)=-22, 11,  1,  2,  3,  4,  5,  6,  7,  8,  9, 10, 11,
 mmnn(1,48)=-23,  7,  1,  2,  3,  4,  5,  6,  7,
 mmnn(1,49)=-24,  2,  1,  3,
 mpol=48, ntor= 49 /
