 0.10000E+02	 0.00000E+00	 0.00000E+00	 0.90296E+00	 0.20673E+02	 0.20673E+02	 0.28665E-03	 0.28665E-03	 0.40355E-04	 0.40355E-04	 0.45723E+01	 0.10005E+04	 0.21891E+06	 0.10567E-11	-0.17900E+00	 0.11230E+00	 0.00000E+00	 0.16905E+01	 0.20463E+00
 0.10000E+03	 0.00000E+00	 0.00000E+00	 0.90296E+00	 0.20641E+03	 0.20641E+03	 0.29265E-05	 0.29265E-05	 0.41879E-07	 0.41879E-07	 0.45723E+01	 0.10005E+04	 0.21891E+06	 0.10103E-09	-0.17900E+00	 0.11230E+00	 0.00000E+00	 0.16905E+01	 0.20463E+00
 0.10000E+01	 0.00000E+00	 0.00000E+00	 0.90296E+00	 0.22743E+01	 0.22743E+01	 0.15890E-01	 0.15890E-01	 0.15267E-01	 0.15267E-01	 0.45723E+01	 0.10005E+04	 0.21891E+06	 0.25564E-13	-0.17900E+00	 0.11230E+00	 0.00000E+00	 0.16905E+01	 0.20463E+00
 0.10000E+00	 0.00000E+00	 0.00000E+00	 0.90296E+00	 0.10391E+01	 0.10391E+01	 0.15719E+00	 0.15722E+00	 0.12697E+01	 0.12694E+01	 0.45723E+01	 0.10005E+04	 0.21891E+06	 0.54795E-12	-0.17900E+00	 0.11230E+00	 0.00000E+00	 0.16905E+01	 0.20463E+00
 0.10000E-01	 0.00000E+00	 0.00000E+00	 0.90296E+00	 0.31418E+01	 0.31349E+01	 0.10370E+00	 0.98944E-01	 0.28526E+02	 0.28511E+02	 0.45723E+01	 0.10005E+04	 0.21891E+06	 0.90001E-10	-0.17900E+00	 0.11230E+00	 0.00000E+00	 0.16905E+01	 0.20463E+00
 0.10000E-02	 0.00000E+00	 0.00000E+00	 0.90296E+00	 0.21152E+02	 0.18915E+02	-0.38123E+01	-0.45482E+01	 0.35637E+03	 0.34817E+03	 0.45723E+01	 0.10005E+04	 0.21891E+06	 0.36261E-08	-0.17900E+00	 0.11230E+00	 0.00000E+00	 0.16905E+01	 0.20463E+00
 0.10000E-03	 0.00000E+00	 0.00000E+00	 0.90296E+00	 0.19792E+03	 0.12190E+03	-0.22747E+02	-0.14470E+02	 0.41924E+04	 0.36541E+04	 0.45723E+01	 0.10005E+04	 0.21891E+06	 0.27450E-06	-0.17900E+00	 0.11230E+00	 0.00000E+00	 0.16905E+01	 0.20463E+00
 0.30000E+02	 0.00000E+00	 0.00000E+00	 0.90296E+00	 0.61933E+02	 0.61933E+02	 0.32445E-04	 0.32445E-04	 0.15450E-05	 0.15450E-05	 0.45723E+01	 0.10005E+04	 0.21891E+06	 0.12569E-10	-0.17900E+00	 0.11230E+00	 0.00000E+00	 0.16905E+01	 0.20463E+00
 0.30000E+03	 0.00000E+00	 0.00000E+00	 0.90296E+00	 0.61923E+03	 0.61923E+03	 0.32523E-06	 0.32523E-06	 0.15516E-08	 0.15516E-08	 0.45723E+01	 0.10005E+04	 0.21891E+06	 0.40292E-09	-0.17900E+00	 0.11230E+00	 0.00000E+00	 0.16905E+01	 0.20463E+00
 0.30000E+01	 0.00000E+00	 0.00000E+00	 0.90296E+00	 0.62857E+01	 0.62857E+01	 0.27368E-02	 0.27368E-02	 0.11435E-02	 0.11435E-02	 0.45723E+01	 0.10005E+04	 0.21891E+06	 0.22385E-12	-0.17900E+00	 0.11230E+00	 0.00000E+00	 0.16905E+01	 0.20463E+00
 0.30000E+00	 0.00000E+00	 0.00000E+00	 0.90296E+00	 0.10767E+01	 0.10767E+01	 0.67595E-01	 0.67595E-01	 0.18389E+00	 0.18389E+00	 0.45723E+01	 0.10005E+04	 0.21891E+06	 0.11870E-12	-0.17900E+00	 0.11230E+00	 0.00000E+00	 0.16905E+01	 0.20463E+00
 0.30000E-01	 0.00000E+00	 0.00000E+00	 0.90296E+00	 0.16049E+01	 0.16049E+01	 0.25639E+00	 0.25654E+00	 0.73815E+01	 0.73809E+01	 0.45723E+01	 0.10005E+04	 0.21891E+06	 0.62196E-11	-0.17900E+00	 0.11230E+00	 0.00000E+00	 0.16905E+01	 0.20463E+00
 0.30000E-02	 0.00000E+00	 0.00000E+00	 0.90296E+00	 0.79858E+01	 0.77610E+01	-0.10448E+01	-0.12354E+01	 0.10921E+03	 0.10857E+03	 0.45723E+01	 0.10005E+04	 0.21891E+06	 0.36095E-09	-0.17900E+00	 0.11230E+00	 0.00000E+00	 0.16905E+01	 0.20463E+00
 0.30000E-03	 0.00000E+00	 0.00000E+00	 0.90296E+00	 0.66856E+02	 0.51359E+02	-0.10136E+02	-0.89257E+01	 0.12904E+04	 0.12034E+04	 0.45723E+01	 0.10005E+04	 0.21891E+06	 0.27466E-07	-0.17900E+00	 0.11230E+00	 0.00000E+00	 0.16905E+01	 0.20463E+00
 0.30000E-04	 0.00000E+00	 0.00000E+00	 0.90296E+00	 0.65700E+03	 0.22021E+03	-0.54441E+02	-0.31104E+02	 0.15342E+05	 0.12229E+05	 0.45723E+01	 0.10005E+04	 0.21891E+06	 0.31500E-05	-0.17900E+00	 0.11230E+00	 0.00000E+00	 0.16905E+01	 0.20463E+00
 0.10000E+02	 0.10000E+01	 0.89047E+01	 0.90296E+00	 0.59803E-02	 0.59803E-02	 0.20870E-03	 0.20870E-03	 0.36288E-03	 0.36288E-03	 0.45723E+01	 0.10005E+04	 0.21891E+06	 0.10007E-08	-0.17900E+00	 0.11230E+00	 0.00000E+00	 0.16905E+01	 0.20463E+00
 0.10000E+03	 0.10000E+01	 0.89047E+01	 0.90296E+00	 0.90745E-03	 0.90745E-03	 0.41976E-05	 0.41976E-05	 0.73102E-06	 0.73102E-06	 0.45723E+01	 0.10005E+04	 0.21891E+06	 0.31645E-08	-0.17900E+00	 0.11230E+00	 0.00000E+00	 0.16905E+01	 0.20463E+00
 0.10000E+01	 0.10000E+01	 0.89047E+01	 0.90296E+00	 0.85900E-02	 0.85900E-02	 0.11947E-02	 0.11947E-02	 0.16285E-01	 0.16285E-01	 0.45723E+01	 0.10005E+04	 0.21891E+06	 0.79673E-08	-0.17900E+00	 0.11230E+00	 0.00000E+00	 0.16905E+01	 0.20463E+00
 0.10000E+00	 0.10000E+01	 0.89047E+01	 0.90296E+00	 0.69053E-02	 0.69042E-02	 0.75366E-02	 0.75359E-02	 0.85229E+00	 0.85206E+00	 0.45723E+01	 0.10005E+04	 0.21891E+06	 0.27487E-06	-0.17900E+00	 0.11230E+00	 0.00000E+00	 0.16905E+01	 0.20463E+00
 0.10000E-01	 0.10000E+01	 0.89047E+01	 0.90296E+00	 0.45465E-02	 0.45383E-02	 0.48037E-01	 0.47605E-01	 0.27154E+02	 0.26938E+02	 0.45723E+01	 0.10005E+04	 0.21891E+06	 0.90421E-06	-0.17900E+00	 0.11230E+00	 0.00000E+00	 0.16905E+01	 0.20463E+00
 0.10000E-02	 0.10000E+01	 0.89047E+01	 0.90296E+00	 0.16286E-02	 0.14629E-02	 0.10907E+00	 0.10003E+00	 0.52034E+03	 0.42755E+03	 0.45723E+01	 0.10005E+04	 0.21891E+06	 0.23470E-04	-0.17900E+00	 0.11230E+00	 0.00000E+00	 0.16905E+01	 0.20463E+00
 0.10000E-03	 0.10000E+01	 0.89047E+01	 0.90296E+00	 0.84089E-03	 0.30544E-03	 0.10031E+00	 0.87164E-01	 0.63661E+04	 0.46453E+04	 0.45723E+01	 0.10005E+04	 0.21891E+06	 0.22459E-03	-0.17900E+00	 0.11230E+00	 0.00000E+00	 0.16905E+01	 0.20463E+00
 0.30000E+02	 0.10000E+01	 0.89047E+01	 0.90296E+00	 0.27914E-02	 0.27914E-02	 0.40863E-04	 0.40863E-04	 0.23627E-04	 0.23627E-04	 0.45723E+01	 0.10005E+04	 0.21891E+06	 0.13911E-08	-0.17900E+00	 0.11230E+00	 0.00000E+00	 0.16905E+01	 0.20463E+00
 0.30000E+03	 0.10000E+01	 0.89047E+01	 0.90296E+00	 0.30555E-03	 0.30555E-03	 0.47397E-06	 0.47397E-06	 0.27539E-07	 0.27539E-07	 0.45723E+01	 0.10005E+04	 0.21891E+06	 0.33973E-07	-0.17900E+00	 0.11230E+00	 0.00000E+00	 0.16905E+01	 0.20463E+00
 0.30000E+01	 0.10000E+01	 0.89047E+01	 0.90296E+00	 0.83682E-02	 0.83682E-02	 0.53052E-03	 0.53052E-03	 0.29759E-02	 0.29759E-02	 0.45723E+01	 0.10005E+04	 0.21891E+06	 0.17997E-08	-0.17900E+00	 0.11230E+00	 0.00000E+00	 0.16905E+01	 0.20463E+00
 0.30000E+00	 0.10000E+01	 0.89047E+01	 0.90296E+00	 0.79800E-02	 0.79800E-02	 0.31544E-02	 0.31544E-02	 0.12666E+00	 0.12666E+00	 0.45723E+01	 0.10005E+04	 0.21891E+06	 0.70327E-07	-0.17900E+00	 0.11230E+00	 0.00000E+00	 0.16905E+01	 0.20463E+00
 0.30000E-01	 0.10000E+01	 0.89047E+01	 0.90296E+00	 0.61161E-02	 0.61158E-02	 0.22083E-01	 0.22079E-01	 0.57087E+01	 0.57079E+01	 0.45723E+01	 0.10005E+04	 0.21891E+06	 0.22158E-06	-0.17900E+00	 0.11230E+00	 0.00000E+00	 0.16905E+01	 0.20463E+00
 0.30000E-02	 0.10000E+01	 0.89047E+01	 0.90296E+00	 0.26789E-02	 0.26202E-02	 0.83671E-01	 0.79440E-01	 0.13377E+03	 0.12281E+03	 0.45723E+01	 0.10005E+04	 0.21891E+06	 0.29997E-05	-0.17900E+00	 0.11230E+00	 0.00000E+00	 0.16905E+01	 0.20463E+00
 0.30000E-03	 0.10000E+01	 0.89047E+01	 0.90296E+00	 0.10041E-02	 0.71061E-03	 0.12631E+00	 0.97840E-01	 0.20141E+04	 0.15239E+04	 0.45723E+01	 0.10005E+04	 0.21891E+06	 0.81588E-04	-0.17900E+00	 0.11230E+00	 0.00000E+00	 0.16905E+01	 0.20463E+00
 0.30000E-04	 0.10000E+01	 0.89047E+01	 0.90296E+00	 0.14229E-02	 0.10328E-03	 0.54108E-01	 0.85249E-01	 0.21805E+05	 0.15533E+05	 0.45723E+01	 0.10005E+04	 0.21891E+06	 0.10063E+00	-0.17900E+00	 0.11230E+00	 0.00000E+00	 0.16905E+01	 0.20463E+00
 0.10000E+02	 0.10000E+00	 0.89047E+00	 0.90296E+00	 0.12131E+00	 0.12131E+00	 0.37095E-03	 0.37095E-03	 0.46902E-04	 0.46902E-04	 0.45723E+01	 0.10005E+04	 0.21891E+06	 0.70860E-11	-0.17900E+00	 0.11230E+00	 0.00000E+00	 0.16905E+01	 0.20463E+00
 0.10000E+03	 0.10000E+00	 0.89047E+00	 0.90296E+00	 0.45064E-01	 0.45064E-01	 0.39509E-05	 0.39509E-05	 0.48862E-07	 0.48862E-07	 0.45723E+01	 0.10005E+04	 0.21891E+06	 0.15055E-10	-0.17900E+00	 0.11230E+00	 0.00000E+00	 0.16905E+01	 0.20463E+00
 0.10000E+01	 0.10000E+00	 0.89047E+00	 0.90296E+00	 0.35866E+00	 0.35866E+00	 0.15474E-01	 0.15474E-01	 0.17906E-01	 0.17906E-01	 0.45723E+01	 0.10005E+04	 0.21891E+06	 0.53098E-11	-0.17900E+00	 0.11230E+00	 0.00000E+00	 0.16905E+01	 0.20463E+00
 0.10000E+00	 0.10000E+00	 0.89047E+00	 0.90296E+00	 0.71850E+00	 0.71846E+00	 0.23055E+00	 0.23056E+00	 0.12176E+01	 0.12171E+01	 0.45723E+01	 0.10005E+04	 0.21891E+06	 0.37546E-10	-0.17900E+00	 0.11230E+00	 0.00000E+00	 0.16905E+01	 0.20463E+00
 0.10000E-01	 0.10000E+00	 0.89047E+00	 0.90296E+00	 0.57071E+00	 0.57023E+00	 0.11417E+01	 0.11477E+01	 0.32512E+02	 0.32259E+02	 0.45723E+01	 0.10005E+04	 0.21891E+06	 0.30162E-09	-0.17900E+00	 0.11230E+00	 0.00000E+00	 0.16905E+01	 0.20463E+00
 0.10000E-02	 0.10000E+00	 0.89047E+00	 0.90296E+00	 0.23500E+00	 0.22797E+00	 0.13523E+01	 0.14231E+01	 0.47698E+03	 0.43807E+03	 0.45723E+01	 0.10005E+04	 0.21891E+06	 0.76407E-08	-0.17900E+00	 0.11230E+00	 0.00000E+00	 0.16905E+01	 0.20463E+00
 0.10000E-03	 0.10000E+00	 0.89047E+00	 0.90296E+00	 0.69031E-01	 0.35276E-01	 0.12994E+01	 0.13870E+01	 0.55092E+04	 0.46082E+04	 0.45723E+01	 0.10005E+04	 0.21891E+06	 0.34773E-06	-0.17900E+00	 0.11230E+00	 0.00000E+00	 0.16905E+01	 0.20463E+00
 0.30000E+02	 0.10000E+00	 0.89047E+00	 0.90296E+00	 0.68602E-01	 0.68602E-01	 0.43012E-04	 0.43012E-04	 0.17994E-05	 0.17994E-05	 0.45723E+01	 0.10005E+04	 0.21891E+06	 0.26467E-10	-0.17900E+00	 0.11230E+00	 0.00000E+00	 0.16905E+01	 0.20463E+00
 0.30000E+03	 0.10000E+00	 0.89047E+00	 0.90296E+00	 0.22771E-01	 0.22771E-01	 0.46594E-06	 0.46594E-06	 0.18118E-08	 0.18118E-08	 0.45723E+01	 0.10005E+04	 0.21891E+06	 0.34661E-09	-0.17900E+00	 0.11230E+00	 0.00000E+00	 0.16905E+01	 0.20463E+00
 0.30000E+01	 0.10000E+00	 0.89047E+00	 0.90296E+00	 0.21970E+00	 0.21970E+00	 0.28313E-02	 0.28313E-02	 0.13340E-02	 0.13340E-02	 0.45723E+01	 0.10005E+04	 0.21891E+06	 0.58555E-11	-0.17900E+00	 0.11230E+00	 0.00000E+00	 0.16905E+01	 0.20463E+00
 0.30000E+00	 0.10000E+00	 0.89047E+00	 0.90296E+00	 0.62937E+00	 0.62937E+00	 0.77607E-01	 0.77607E-01	 0.19185E+00	 0.19185E+00	 0.45723E+01	 0.10005E+04	 0.21891E+06	 0.71957E-11	-0.17900E+00	 0.11230E+00	 0.00000E+00	 0.16905E+01	 0.20463E+00
 0.30000E-01	 0.10000E+00	 0.89047E+00	 0.90296E+00	 0.65044E+00	 0.65040E+00	 0.63824E+00	 0.63847E+00	 0.74180E+01	 0.74122E+01	 0.45723E+01	 0.10005E+04	 0.21891E+06	 0.14797E-09	-0.17900E+00	 0.11230E+00	 0.00000E+00	 0.16905E+01	 0.20463E+00
 0.30000E-02	 0.10000E+00	 0.89047E+00	 0.90296E+00	 0.41204E+00	 0.40993E+00	 0.13569E+01	 0.13916E+01	 0.13812E+03	 0.13296E+03	 0.45723E+01	 0.10005E+04	 0.21891E+06	 0.83617E-09	-0.17900E+00	 0.11230E+00	 0.00000E+00	 0.16905E+01	 0.20463E+00
 0.30000E-03	 0.10000E+00	 0.89047E+00	 0.90296E+00	 0.11387E+00	 0.94384E-01	 0.13210E+01	 0.14068E+01	 0.17393E+04	 0.15199E+04	 0.45723E+01	 0.10005E+04	 0.21891E+06	 0.32118E-07	-0.17900E+00	 0.11230E+00	 0.00000E+00	 0.16905E+01	 0.20463E+00
 0.30000E-04	 0.10000E+00	 0.89047E+00	 0.90296E+00	 0.79439E-01	 0.10845E-01	 0.13902E+01	 0.13813E+01	 0.19426E+05	 0.15395E+05	 0.45723E+01	 0.10005E+04	 0.21891E+06	 0.24955E-05	-0.17900E+00	 0.11230E+00	 0.00000E+00	 0.16905E+01	 0.20463E+00
 0.10000E+02	 0.10000E-01	 0.89047E-01	 0.90296E+00	 0.28189E+01	 0.28189E+01	 0.16383E-03	 0.16383E-03	 0.40394E-04	 0.40394E-04	 0.45723E+01	 0.10005E+04	 0.21891E+06	 0.22058E-12	-0.17900E+00	 0.11230E+00	 0.00000E+00	 0.16905E+01	 0.20463E+00
 0.10000E+03	 0.10000E-01	 0.89047E-01	 0.90296E+00	 0.11368E+01	 0.11368E+01	 0.35982E-05	 0.35982E-05	 0.41946E-07	 0.41946E-07	 0.45723E+01	 0.10005E+04	 0.21891E+06	 0.40902E-11	-0.17900E+00	 0.11230E+00	 0.00000E+00	 0.16905E+01	 0.20463E+00
 0.10000E+01	 0.10000E-01	 0.89047E-01	 0.90296E+00	 0.16735E+01	 0.16735E+01	 0.17345E-01	 0.17345E-01	 0.15253E-01	 0.15253E-01	 0.45723E+01	 0.10005E+04	 0.21891E+06	 0.27207E-13	-0.17900E+00	 0.11230E+00	 0.00000E+00	 0.16905E+01	 0.20463E+00
 0.10000E+00	 0.10000E-01	 0.89047E-01	 0.90296E+00	 0.94297E+00	 0.94293E+00	 0.18192E+00	 0.18194E+00	 0.12611E+01	 0.12608E+01	 0.45723E+01	 0.10005E+04	 0.21891E+06	 0.35263E-12	-0.17900E+00	 0.11230E+00	 0.00000E+00	 0.16905E+01	 0.20463E+00
 0.10000E-01	 0.10000E-01	 0.89047E-01	 0.90296E+00	 0.74732E+00	 0.74515E+00	 0.63262E+00	 0.62917E+00	 0.28411E+02	 0.28390E+02	 0.45723E+01	 0.10005E+04	 0.21891E+06	 0.38397E-10	-0.17900E+00	 0.11230E+00	 0.00000E+00	 0.16905E+01	 0.20463E+00
 0.10000E-02	 0.10000E-01	 0.89047E-01	 0.90296E+00	 0.25431E+00	 0.20558E+00	 0.14465E+00	 0.10994E+00	 0.36581E+03	 0.35323E+03	 0.45723E+01	 0.10005E+04	 0.21891E+06	 0.23572E-07	-0.17900E+00	 0.11230E+00	 0.00000E+00	 0.16905E+01	 0.20463E+00
 0.10000E-03	 0.10000E-01	 0.89047E-01	 0.90296E+00	 0.10002E+00	 0.28921E-01	-0.22190E+01	-0.42253E+00	 0.43854E+04	 0.37048E+04	 0.45723E+01	 0.10005E+04	 0.21891E+06	 0.29966E-05	-0.17900E+00	 0.11230E+00	 0.00000E+00	 0.16905E+01	 0.20463E+00
 0.30000E+02	 0.10000E-01	 0.89047E-01	 0.90296E+00	 0.18597E+01	 0.18597E+01	 0.26098E-04	 0.26098E-04	 0.15472E-05	 0.15472E-05	 0.45723E+01	 0.10005E+04	 0.21891E+06	 0.13935E-11	-0.17900E+00	 0.11230E+00	 0.00000E+00	 0.16905E+01	 0.20463E+00
 0.30000E+03	 0.10000E-01	 0.89047E-01	 0.90296E+00	 0.66719E+00	 0.66719E+00	 0.42941E-06	 0.42941E-06	 0.15542E-08	 0.15542E-08	 0.45723E+01	 0.10005E+04	 0.21891E+06	 0.14265E-10	-0.17900E+00	 0.11230E+00	 0.00000E+00	 0.16905E+01	 0.20463E+00
 0.30000E+01	 0.10000E-01	 0.89047E-01	 0.90296E+00	 0.29550E+01	 0.29550E+01	 0.21778E-02	 0.21778E-02	 0.11432E-02	 0.11432E-02	 0.45723E+01	 0.10005E+04	 0.21891E+06	 0.87138E-13	-0.17900E+00	 0.11230E+00	 0.00000E+00	 0.16905E+01	 0.20463E+00
 0.30000E+00	 0.10000E-01	 0.89047E-01	 0.90296E+00	 0.10118E+01	 0.10118E+01	 0.74451E-01	 0.74451E-01	 0.18324E+00	 0.18324E+00	 0.45723E+01	 0.10005E+04	 0.21891E+06	 0.87592E-13	-0.17900E+00	 0.11230E+00	 0.00000E+00	 0.16905E+01	 0.20463E+00
 0.30000E-01	 0.10000E-01	 0.89047E-01	 0.90296E+00	 0.91689E+00	 0.91683E+00	 0.42926E+00	 0.42928E+00	 0.73172E+01	 0.73166E+01	 0.45723E+01	 0.10005E+04	 0.21891E+06	 0.26916E-11	-0.17900E+00	 0.11230E+00	 0.00000E+00	 0.16905E+01	 0.20463E+00
 0.30000E-02	 0.10000E-01	 0.89047E-01	 0.90296E+00	 0.45060E+00	 0.43038E+00	 0.48318E+00	 0.43248E+00	 0.11036E+03	 0.10936E+03	 0.45723E+01	 0.10005E+04	 0.21891E+06	 0.29897E-09	-0.17900E+00	 0.11230E+00	 0.00000E+00	 0.16905E+01	 0.20463E+00
 0.30000E-03	 0.10000E-01	 0.89047E-01	 0.90296E+00	 0.13078E+00	 0.75731E-01	-0.60422E+00	-0.19165E+00	 0.13424E+04	 0.12213E+04	 0.45723E+01	 0.10005E+04	 0.21891E+06	 0.11347E-06	-0.17900E+00	 0.11230E+00	 0.00000E+00	 0.16905E+01	 0.20463E+00
 0.30000E-04	 0.10000E-01	 0.89047E-01	 0.90296E+00	 0.17926E+00	 0.96406E-02	-0.70257E+01	-0.59408E+00	 0.16178E+05	 0.12395E+05	 0.45723E+01	 0.10005E+04	 0.21891E+06	 0.28060E-04	-0.17900E+00	 0.11230E+00	 0.00000E+00	 0.16905E+01	 0.20463E+00
 0.10000E+02	 0.10000E-02	 0.89047E-02	 0.90296E+00	 0.14655E+02	 0.14655E+02	 0.32766E-03	 0.32766E-03	 0.40354E-04	 0.40354E-04	 0.45723E+01	 0.10005E+04	 0.21891E+06	 0.71854E-12	-0.17900E+00	 0.11230E+00	 0.00000E+00	 0.16905E+01	 0.20463E+00
 0.10000E+03	 0.10000E-02	 0.89047E-02	 0.90296E+00	 0.27982E+02	 0.27982E+02	 0.16488E-05	 0.16488E-05	 0.41880E-07	 0.41880E-07	 0.45723E+01	 0.10005E+04	 0.21891E+06	 0.54973E-10	-0.17900E+00	 0.11230E+00	 0.00000E+00	 0.16905E+01	 0.20463E+00
 0.10000E+01	 0.10000E-02	 0.89047E-02	 0.90296E+00	 0.22077E+01	 0.22077E+01	 0.16053E-01	 0.16053E-01	 0.15266E-01	 0.15266E-01	 0.45723E+01	 0.10005E+04	 0.21891E+06	 0.32628E-13	-0.17900E+00	 0.11230E+00	 0.00000E+00	 0.16905E+01	 0.20463E+00
 0.10000E+00	 0.10000E-02	 0.89047E-02	 0.90296E+00	 0.10344E+01	 0.10344E+01	 0.15751E+00	 0.15754E+00	 0.12696E+01	 0.12693E+01	 0.45723E+01	 0.10005E+04	 0.21891E+06	 0.53125E-12	-0.17900E+00	 0.11230E+00	 0.00000E+00	 0.16905E+01	 0.20463E+00
 0.10000E-01	 0.10000E-02	 0.89047E-02	 0.90296E+00	 0.28644E+01	 0.28580E+01	 0.19380E+00	 0.18911E+00	 0.28487E+02	 0.28471E+02	 0.45723E+01	 0.10005E+04	 0.21891E+06	 0.50551E-10	-0.17900E+00	 0.11230E+00	 0.00000E+00	 0.16905E+01	 0.20463E+00
 0.10000E-02	 0.10000E-02	 0.89047E-02	 0.90296E+00	 0.53538E+01	 0.46408E+01	-0.15452E+00	-0.45241E+00	 0.35483E+03	 0.34592E+03	 0.45723E+01	 0.10005E+04	 0.21891E+06	 0.55084E-07	-0.17900E+00	 0.11230E+00	 0.00000E+00	 0.16905E+01	 0.20463E+00
 0.10000E-03	 0.10000E-02	 0.89047E-02	 0.90296E+00	 0.27339E+01	 0.10604E+01	-0.19459E+01	-0.31612E+00	 0.41824E+04	 0.36253E+04	 0.45723E+01	 0.10005E+04	 0.21891E+06	 0.24884E-05	-0.17900E+00	 0.11230E+00	 0.00000E+00	 0.16905E+01	 0.20463E+00
 0.30000E+02	 0.10000E-02	 0.89047E-02	 0.90296E+00	 0.28606E+02	 0.28606E+02	 0.25973E-04	 0.25973E-04	 0.15450E-05	 0.15450E-05	 0.45723E+01	 0.10005E+04	 0.21891E+06	 0.67077E-11	-0.17900E+00	 0.11230E+00	 0.00000E+00	 0.16905E+01	 0.20463E+00
 0.30000E+03	 0.10000E-02	 0.89047E-02	 0.90296E+00	 0.18553E+02	 0.18553E+02	 0.26060E-06	 0.26060E-06	 0.15516E-08	 0.15516E-08	 0.45723E+01	 0.10005E+04	 0.21891E+06	 0.11959E-09	-0.17900E+00	 0.11230E+00	 0.00000E+00	 0.16905E+01	 0.20463E+00
 0.30000E+01	 0.10000E-02	 0.89047E-02	 0.90296E+00	 0.55523E+01	 0.55523E+01	 0.29516E-02	 0.29516E-02	 0.11433E-02	 0.11433E-02	 0.45723E+01	 0.10005E+04	 0.21891E+06	 0.95945E-13	-0.17900E+00	 0.11230E+00	 0.00000E+00	 0.16905E+01	 0.20463E+00
 0.30000E+00	 0.10000E-02	 0.89047E-02	 0.90296E+00	 0.10668E+01	 0.10668E+01	 0.67674E-01	 0.67674E-01	 0.18388E+00	 0.18388E+00	 0.45723E+01	 0.10005E+04	 0.21891E+06	 0.79661E-13	-0.17900E+00	 0.11230E+00	 0.00000E+00	 0.16905E+01	 0.20463E+00
 0.30000E-01	 0.10000E-02	 0.89047E-02	 0.90296E+00	 0.15790E+01	 0.15789E+01	 0.26314E+00	 0.26328E+00	 0.73790E+01	 0.73784E+01	 0.45723E+01	 0.10005E+04	 0.21891E+06	 0.57023E-11	-0.17900E+00	 0.11230E+00	 0.00000E+00	 0.16905E+01	 0.20463E+00
 0.30000E-02	 0.10000E-02	 0.89047E-02	 0.90296E+00	 0.49182E+01	 0.47685E+01	-0.72924E-01	-0.21965E+00	 0.10877E+03	 0.10808E+03	 0.45723E+01	 0.10005E+04	 0.21891E+06	 0.21021E-08	-0.17900E+00	 0.11230E+00	 0.00000E+00	 0.16905E+01	 0.20463E+00
 0.30000E-03	 0.10000E-02	 0.89047E-02	 0.90296E+00	 0.40987E+01	 0.25748E+01	-0.83055E+00	-0.34673E+00	 0.12862E+04	 0.11956E+04	 0.45723E+01	 0.10005E+04	 0.21891E+06	 0.10854E-06	-0.17900E+00	 0.11230E+00	 0.00000E+00	 0.16905E+01	 0.20463E+00
 0.30000E-04	 0.10000E-02	 0.89047E-02	 0.90296E+00	 0.17160E+01	 0.33509E+00	-0.33727E+01	-0.31425E+00	 0.15320E+05	 0.12112E+05	 0.45723E+01	 0.10005E+04	 0.21891E+06	 0.29034E-03	-0.17900E+00	 0.11230E+00	 0.00000E+00	 0.16905E+01	 0.20463E+00
 0.10000E+02	 0.10000E-03	 0.89047E-03	 0.90296E+00	 0.20008E+02	 0.20008E+02	 0.29095E-03	 0.29095E-03	 0.40355E-04	 0.40355E-04	 0.45723E+01	 0.10005E+04	 0.21891E+06	 0.67029E-12	-0.17900E+00	 0.11230E+00	 0.00000E+00	 0.16905E+01	 0.20463E+00
 0.10000E+03	 0.10000E-03	 0.89047E-03	 0.90296E+00	 0.14628E+03	 0.14628E+03	 0.33548E-05	 0.33548E-05	 0.41879E-07	 0.41879E-07	 0.45723E+01	 0.10005E+04	 0.21891E+06	 0.49626E-10	-0.17900E+00	 0.11230E+00	 0.00000E+00	 0.16905E+01	 0.20463E+00
 0.10000E+01	 0.10000E-03	 0.89047E-03	 0.90296E+00	 0.22423E+01	 0.22423E+01	 0.15897E-01	 0.15897E-01	 0.15267E-01	 0.15267E-01	 0.45723E+01	 0.10005E+04	 0.21891E+06	 0.23151E-13	-0.17900E+00	 0.11230E+00	 0.00000E+00	 0.16905E+01	 0.20463E+00
 0.10000E+00	 0.10000E-03	 0.89047E-03	 0.90296E+00	 0.10358E+01	 0.10358E+01	 0.15719E+00	 0.15722E+00	 0.12697E+01	 0.12694E+01	 0.45723E+01	 0.10005E+04	 0.21891E+06	 0.58286E-12	-0.17900E+00	 0.11230E+00	 0.00000E+00	 0.16905E+01	 0.20463E+00
 0.10000E-01	 0.10000E-03	 0.89047E-03	 0.90296E+00	 0.31383E+01	 0.31314E+01	 0.10475E+00	 0.99996E-01	 0.28526E+02	 0.28510E+02	 0.45723E+01	 0.10005E+04	 0.21891E+06	 0.46922E-10	-0.17900E+00	 0.11230E+00	 0.00000E+00	 0.16905E+01	 0.20463E+00
 0.10000E-02	 0.10000E-03	 0.89047E-03	 0.90296E+00	 0.19916E+02	 0.17788E+02	-0.34543E+01	-0.41477E+01	 0.35623E+03	 0.34797E+03	 0.45723E+01	 0.10005E+04	 0.21891E+06	 0.49496E-08	-0.17900E+00	 0.11230E+00	 0.00000E+00	 0.16905E+01	 0.20463E+00
 0.10000E-03	 0.10000E-03	 0.89047E-03	 0.90296E+00	 0.59553E+02	 0.33672E+02	-0.83593E+01	-0.33165E+01	 0.41887E+04	 0.36458E+04	 0.45723E+01	 0.10005E+04	 0.21891E+06	 0.16818E-05	-0.17900E+00	 0.11230E+00	 0.00000E+00	 0.16905E+01	 0.20463E+00
 0.30000E+02	 0.10000E-03	 0.89047E-03	 0.90296E+00	 0.54652E+02	 0.54652E+02	 0.35366E-04	 0.35366E-04	 0.15450E-05	 0.15450E-05	 0.45723E+01	 0.10005E+04	 0.21891E+06	 0.86168E-11	-0.17900E+00	 0.11230E+00	 0.00000E+00	 0.16905E+01	 0.20463E+00
 0.30000E+03	 0.10000E-03	 0.89047E-03	 0.90296E+00	 0.28596E+03	 0.28596E+03	 0.26041E-06	 0.26041E-06	 0.15516E-08	 0.15516E-08	 0.45723E+01	 0.10005E+04	 0.21891E+06	 0.33155E-09	-0.17900E+00	 0.11230E+00	 0.00000E+00	 0.16905E+01	 0.20463E+00
 0.30000E+01	 0.10000E-03	 0.89047E-03	 0.90296E+00	 0.61822E+01	 0.61822E+01	 0.27416E-02	 0.27416E-02	 0.11435E-02	 0.11435E-02	 0.45723E+01	 0.10005E+04	 0.21891E+06	 0.14517E-12	-0.17900E+00	 0.11230E+00	 0.00000E+00	 0.16905E+01	 0.20463E+00
 0.30000E+00	 0.10000E-03	 0.89047E-03	 0.90296E+00	 0.10670E+01	 0.10670E+01	 0.67609E-01	 0.67609E-01	 0.18389E+00	 0.18389E+00	 0.45723E+01	 0.10005E+04	 0.21891E+06	 0.11719E-12	-0.17900E+00	 0.11230E+00	 0.00000E+00	 0.16905E+01	 0.20463E+00
 0.30000E-01	 0.10000E-03	 0.89047E-03	 0.90296E+00	 0.16037E+01	 0.16036E+01	 0.25632E+00	 0.25646E+00	 0.73814E+01	 0.73809E+01	 0.45723E+01	 0.10005E+04	 0.21891E+06	 0.49792E-11	-0.17900E+00	 0.11230E+00	 0.00000E+00	 0.16905E+01	 0.20463E+00
 0.30000E-02	 0.10000E-03	 0.89047E-03	 0.90296E+00	 0.79164E+01	 0.76930E+01	-0.10213E+01	-0.12111E+01	 0.10920E+03	 0.10855E+03	 0.45723E+01	 0.10005E+04	 0.21891E+06	 0.42543E-09	-0.17900E+00	 0.11230E+00	 0.00000E+00	 0.16905E+01	 0.20463E+00
 0.30000E-03	 0.10000E-03	 0.89047E-03	 0.90296E+00	 0.45315E+02	 0.34382E+02	-0.62577E+01	-0.50672E+01	 0.12893E+04	 0.12016E+04	 0.45723E+01	 0.10005E+04	 0.21891E+06	 0.33001E-07	-0.17900E+00	 0.11230E+00	 0.00000E+00	 0.16905E+01	 0.20463E+00
 0.30000E-04	 0.10000E-03	 0.89047E-03	 0.90296E+00	 0.54840E+02	 0.16410E+02	-0.12645E+02	-0.30016E+01	 0.15331E+05	 0.12188E+05	 0.45723E+01	 0.10005E+04	 0.21891E+06	 0.10431E-03	-0.17900E+00	 0.11230E+00	 0.00000E+00	 0.16905E+01	 0.20463E+00
 0.10000E+02	 0.10000E-04	 0.89047E-04	 0.90296E+00	 0.20359E+02	 0.20359E+02	 0.28687E-03	 0.28687E-03	 0.40355E-04	 0.40355E-04	 0.45723E+01	 0.10005E+04	 0.21891E+06	 0.93359E-12	-0.17900E+00	 0.11230E+00	 0.00000E+00	 0.16905E+01	 0.20463E+00
 0.10000E+03	 0.10000E-04	 0.89047E-04	 0.90296E+00	 0.19977E+03	 0.19977E+03	 0.29712E-05	 0.29712E-05	 0.41879E-07	 0.41879E-07	 0.45723E+01	 0.10005E+04	 0.21891E+06	 0.68339E-10	-0.17900E+00	 0.11230E+00	 0.00000E+00	 0.16905E+01	 0.20463E+00
 0.10000E+01	 0.10000E-04	 0.89047E-04	 0.90296E+00	 0.22441E+01	 0.22441E+01	 0.15895E-01	 0.15895E-01	 0.15267E-01	 0.15267E-01	 0.45723E+01	 0.10005E+04	 0.21891E+06	 0.39657E-13	-0.17900E+00	 0.11230E+00	 0.00000E+00	 0.16905E+01	 0.20463E+00
 0.10000E+00	 0.10000E-04	 0.89047E-04	 0.90296E+00	 0.10383E+01	 0.10383E+01	 0.15719E+00	 0.15722E+00	 0.12697E+01	 0.12694E+01	 0.45723E+01	 0.10005E+04	 0.21891E+06	 0.54642E-12	-0.17900E+00	 0.11230E+00	 0.00000E+00	 0.16905E+01	 0.20463E+00
 0.10000E-01	 0.10000E-04	 0.89047E-04	 0.90296E+00	 0.31417E+01	 0.31348E+01	 0.10371E+00	 0.98955E-01	 0.28526E+02	 0.28511E+02	 0.45723E+01	 0.10005E+04	 0.21891E+06	 0.59805E-10	-0.17900E+00	 0.11230E+00	 0.00000E+00	 0.16905E+01	 0.20463E+00
 0.10000E-02	 0.10000E-04	 0.89047E-04	 0.90296E+00	 0.21138E+02	 0.18903E+02	-0.38082E+01	-0.45436E+01	 0.35637E+03	 0.34816E+03	 0.45723E+01	 0.10005E+04	 0.21891E+06	 0.48987E-08	-0.17900E+00	 0.11230E+00	 0.00000E+00	 0.16905E+01	 0.20463E+00
 0.10000E-03	 0.10000E-04	 0.89047E-04	 0.90296E+00	 0.18927E+03	 0.11640E+03	-0.21447E+02	-0.13187E+02	 0.41920E+04	 0.36529E+04	 0.45723E+01	 0.10005E+04	 0.21891E+06	 0.29681E-06	-0.17900E+00	 0.11230E+00	 0.00000E+00	 0.16905E+01	 0.20463E+00
 0.30000E+02	 0.10000E-04	 0.89047E-04	 0.90296E+00	 0.60903E+02	 0.60903E+02	 0.32511E-04	 0.32511E-04	 0.15450E-05	 0.15450E-05	 0.45723E+01	 0.10005E+04	 0.21891E+06	 0.13159E-10	-0.17900E+00	 0.11230E+00	 0.00000E+00	 0.16905E+01	 0.20463E+00
 0.30000E+03	 0.10000E-04	 0.89047E-04	 0.90296E+00	 0.54642E+03	 0.54642E+03	 0.35456E-06	 0.35456E-06	 0.15516E-08	 0.15516E-08	 0.45723E+01	 0.10005E+04	 0.21891E+06	 0.10069E-08	-0.17900E+00	 0.11230E+00	 0.00000E+00	 0.16905E+01	 0.20463E+00
 0.30000E+01	 0.10000E-04	 0.89047E-04	 0.90296E+00	 0.61928E+01	 0.61928E+01	 0.27383E-02	 0.27383E-02	 0.11435E-02	 0.11435E-02	 0.45723E+01	 0.10005E+04	 0.21891E+06	 0.12138E-12	-0.17900E+00	 0.11230E+00	 0.00000E+00	 0.16905E+01	 0.20463E+00
 0.30000E+00	 0.10000E-04	 0.89047E-04	 0.90296E+00	 0.10700E+01	 0.10700E+01	 0.67604E-01	 0.67604E-01	 0.18389E+00	 0.18389E+00	 0.45723E+01	 0.10005E+04	 0.21891E+06	 0.82881E-13	-0.17900E+00	 0.11230E+00	 0.00000E+00	 0.16905E+01	 0.20463E+00
 0.30000E-01	 0.10000E-04	 0.89047E-04	 0.90296E+00	 0.16049E+01	 0.16048E+01	 0.25639E+00	 0.25653E+00	 0.73815E+01	 0.73809E+01	 0.45723E+01	 0.10005E+04	 0.21891E+06	 0.60766E-11	-0.17900E+00	 0.11230E+00	 0.00000E+00	 0.16905E+01	 0.20463E+00
 0.30000E-02	 0.10000E-04	 0.89047E-04	 0.90296E+00	 0.79851E+01	 0.77603E+01	-0.10446E+01	-0.12352E+01	 0.10921E+03	 0.10856E+03	 0.45723E+01	 0.10005E+04	 0.21891E+06	 0.43551E-09	-0.17900E+00	 0.11230E+00	 0.00000E+00	 0.16905E+01	 0.20463E+00
 0.30000E-03	 0.10000E-04	 0.89047E-04	 0.90296E+00	 0.66442E+02	 0.51026E+02	-0.10046E+02	-0.88260E+01	 0.12904E+04	 0.12034E+04	 0.45723E+01	 0.10005E+04	 0.21891E+06	 0.34695E-07	-0.17900E+00	 0.11230E+00	 0.00000E+00	 0.16905E+01	 0.20463E+00
 0.30000E-04	 0.10000E-04	 0.89047E-04	 0.90296E+00	 0.50706E+03	 0.17801E+03	-0.41647E+02	-0.22055E+02	 0.15339E+05	 0.12217E+05	 0.45723E+01	 0.10005E+04	 0.21891E+06	 0.60354E-05	-0.17900E+00	 0.11230E+00	 0.00000E+00	 0.16905E+01	 0.20463E+00
 0.10000E+02	 0.30000E+00	 0.26714E+01	 0.90296E+00	 0.27014E-01	 0.27014E-01	 0.34285E-03	 0.34285E-03	 0.94714E-04	 0.94714E-04	 0.45723E+01	 0.10005E+04	 0.21891E+06	 0.11856E-10	-0.17900E+00	 0.11230E+00	 0.00000E+00	 0.16905E+01	 0.20463E+00
 0.10000E+03	 0.30000E+00	 0.26714E+01	 0.90296E+00	 0.77960E-02	 0.77960E-02	 0.42000E-05	 0.42000E-05	 0.10501E-06	 0.10501E-06	 0.45723E+01	 0.10005E+04	 0.21891E+06	 0.46801E-09	-0.17900E+00	 0.11230E+00	 0.00000E+00	 0.16905E+01	 0.20463E+00
 0.10000E+01	 0.30000E+00	 0.26714E+01	 0.90296E+00	 0.74826E-01	 0.74826E-01	 0.91640E-02	 0.91640E-02	 0.19659E-01	 0.19659E-01	 0.45723E+01	 0.10005E+04	 0.21891E+06	 0.27065E-10	-0.17900E+00	 0.11230E+00	 0.00000E+00	 0.16905E+01	 0.20463E+00
 0.10000E+00	 0.30000E+00	 0.26714E+01	 0.90296E+00	 0.88781E-01	 0.88775E-01	 0.86323E-01	 0.86313E-01	 0.11574E+01	 0.11572E+01	 0.45723E+01	 0.10005E+04	 0.21891E+06	 0.10759E-08	-0.17900E+00	 0.11230E+00	 0.00000E+00	 0.16905E+01	 0.20463E+00
 0.10000E-01	 0.30000E+00	 0.26714E+01	 0.90296E+00	 0.42243E-01	 0.42208E-01	 0.33949E+00	 0.33964E+00	 0.34434E+02	 0.34314E+02	 0.45723E+01	 0.10005E+04	 0.21891E+06	 0.30592E-07	-0.17900E+00	 0.11230E+00	 0.00000E+00	 0.16905E+01	 0.20463E+00
 0.10000E-02	 0.30000E+00	 0.26714E+01	 0.90296E+00	 0.98344E-02	 0.93562E-02	 0.38218E+00	 0.36605E+00	 0.54641E+03	 0.51928E+03	 0.45723E+01	 0.10005E+04	 0.21891E+06	 0.19467E-06	-0.17900E+00	 0.11230E+00	 0.00000E+00	 0.16905E+01	 0.20463E+00
 0.10000E-03	 0.30000E+00	 0.26714E+01	 0.90296E+00	 0.53776E-02	 0.14647E-02	 0.23987E+00	 0.25741E+00	 0.62756E+04	 0.56409E+04	 0.45723E+01	 0.10005E+04	 0.21891E+06	 0.12390E-04	-0.17900E+00	 0.11230E+00	 0.00000E+00	 0.16905E+01	 0.20463E+00
 0.30000E+02	 0.30000E+00	 0.26714E+01	 0.90296E+00	 0.17013E-01	 0.17013E-01	 0.43280E-04	 0.43280E-04	 0.38315E-05	 0.38315E-05	 0.45723E+01	 0.10005E+04	 0.21891E+06	 0.28952E-10	-0.17900E+00	 0.11230E+00	 0.00000E+00	 0.16905E+01	 0.20463E+00
 0.30000E+03	 0.30000E+00	 0.26714E+01	 0.90296E+00	 0.28589E-02	 0.28589E-02	 0.47387E-06	 0.47387E-06	 0.38954E-08	 0.38954E-08	 0.45723E+01	 0.10005E+04	 0.21891E+06	 0.21851E-08	-0.17900E+00	 0.11230E+00	 0.00000E+00	 0.16905E+01	 0.20463E+00
 0.30000E+01	 0.30000E+00	 0.26714E+01	 0.90296E+00	 0.46982E-01	 0.46982E-01	 0.25392E-02	 0.25392E-02	 0.21828E-02	 0.21828E-02	 0.45723E+01	 0.10005E+04	 0.21891E+06	 0.37485E-10	-0.17900E+00	 0.11230E+00	 0.00000E+00	 0.16905E+01	 0.20463E+00
 0.30000E+00	 0.30000E+00	 0.26714E+01	 0.90296E+00	 0.10265E+00	 0.10265E+00	 0.33164E-01	 0.33164E-01	 0.17161E+00	 0.17161E+00	 0.45723E+01	 0.10005E+04	 0.21891E+06	 0.20922E-09	-0.17900E+00	 0.11230E+00	 0.00000E+00	 0.16905E+01	 0.20463E+00
 0.30000E-01	 0.30000E+00	 0.26714E+01	 0.90296E+00	 0.68145E-01	 0.68141E-01	 0.20765E+00	 0.20765E+00	 0.75240E+01	 0.75232E+01	 0.45723E+01	 0.10005E+04	 0.21891E+06	 0.70687E-08	-0.17900E+00	 0.11230E+00	 0.00000E+00	 0.16905E+01	 0.20463E+00
 0.30000E-02	 0.30000E+00	 0.26714E+01	 0.90296E+00	 0.19992E-01	 0.19834E-01	 0.40547E+00	 0.40243E+00	 0.15495E+03	 0.15115E+03	 0.45723E+01	 0.10005E+04	 0.21891E+06	 0.67484E-07	-0.17900E+00	 0.11230E+00	 0.00000E+00	 0.16905E+01	 0.20463E+00
 0.30000E-03	 0.30000E+00	 0.26714E+01	 0.90296E+00	 0.50527E-02	 0.36652E-02	 0.30502E+00	 0.29209E+00	 0.20041E+04	 0.18494E+04	 0.45723E+01	 0.10005E+04	 0.21891E+06	 0.20017E-05	-0.17900E+00	 0.11230E+00	 0.00000E+00	 0.16905E+01	 0.20463E+00
 0.30000E-04	 0.30000E+00	 0.26714E+01	 0.90296E+00	 0.13545E-01	 0.53432E-03	 0.17761E+00	 0.24189E+00	 0.21364E+05	 0.18875E+05	 0.45723E+01	 0.10005E+04	 0.21891E+06	 0.22404E-04	-0.17900E+00	 0.11230E+00	 0.00000E+00	 0.16905E+01	 0.20463E+00
 0.10000E+02	 0.30000E-01	 0.26714E+00	 0.90296E+00	 0.63140E+00	 0.63140E+00	 0.23768E-03	 0.23768E-03	 0.40874E-04	 0.40874E-04	 0.45723E+01	 0.10005E+04	 0.21891E+06	 0.19266E-11	-0.17900E+00	 0.11230E+00	 0.00000E+00	 0.16905E+01	 0.20463E+00
 0.10000E+03	 0.30000E-01	 0.26714E+00	 0.90296E+00	 0.22291E+00	 0.22291E+00	 0.38659E-05	 0.38659E-05	 0.42498E-07	 0.42498E-07	 0.45723E+01	 0.10005E+04	 0.21891E+06	 0.16713E-10	-0.17900E+00	 0.11230E+00	 0.00000E+00	 0.16905E+01	 0.20463E+00
 0.10000E+01	 0.30000E-01	 0.26714E+00	 0.90296E+00	 0.12220E+01	 0.12220E+01	 0.12345E-01	 0.12345E-01	 0.15419E-01	 0.15419E-01	 0.45723E+01	 0.10005E+04	 0.21891E+06	 0.14452E-12	-0.17900E+00	 0.11230E+00	 0.00000E+00	 0.16905E+01	 0.20463E+00
 0.10000E+00	 0.30000E-01	 0.26714E+00	 0.90296E+00	 0.68401E+00	 0.68396E+00	 0.20251E+00	 0.20249E+00	 0.12533E+01	 0.12530E+01	 0.45723E+01	 0.10005E+04	 0.21891E+06	 0.25002E-11	-0.17900E+00	 0.11230E+00	 0.00000E+00	 0.16905E+01	 0.20463E+00
 0.10000E-01	 0.30000E-01	 0.26714E+00	 0.90296E+00	 0.31567E+00	 0.31431E+00	 0.19835E+00	 0.19581E+00	 0.33551E+02	 0.33493E+02	 0.45723E+01	 0.10005E+04	 0.21891E+06	 0.47827E-10	-0.17900E+00	 0.11230E+00	 0.00000E+00	 0.16905E+01	 0.20463E+00
 0.10000E-02	 0.30000E-01	 0.26714E+00	 0.90296E+00	 0.75871E-01	 0.66870E-01	-0.13388E+00	-0.26860E+00	 0.45420E+03	 0.43632E+03	 0.45723E+01	 0.10005E+04	 0.21891E+06	 0.95011E-08	-0.17900E+00	 0.11230E+00	 0.00000E+00	 0.16905E+01	 0.20463E+00
 0.10000E-03	 0.30000E-01	 0.26714E+00	 0.90296E+00	 0.27488E-01	 0.77210E-02	 0.35136E-01	-0.39875E+00	 0.50476E+04	 0.45139E+04	 0.45723E+01	 0.10005E+04	 0.21891E+06	 0.10559E-04	-0.17900E+00	 0.11230E+00	 0.00000E+00	 0.16905E+01	 0.20463E+00
 0.30000E+02	 0.30000E-01	 0.26714E+00	 0.90296E+00	 0.40336E+00	 0.40336E+00	 0.39284E-04	 0.39284E-04	 0.15670E-05	 0.15670E-05	 0.45723E+01	 0.10005E+04	 0.21891E+06	 0.43287E-11	-0.17900E+00	 0.11230E+00	 0.00000E+00	 0.16905E+01	 0.20463E+00
 0.30000E+03	 0.30000E-01	 0.26714E+00	 0.90296E+00	 0.15533E+00	 0.15533E+00	 0.43573E-06	 0.43573E-06	 0.15749E-08	 0.15749E-08	 0.45723E+01	 0.10005E+04	 0.21891E+06	 0.64427E-11	-0.17900E+00	 0.11230E+00	 0.00000E+00	 0.16905E+01	 0.20463E+00
 0.30000E+01	 0.30000E-01	 0.26714E+00	 0.90296E+00	 0.10351E+01	 0.10351E+01	 0.17383E-02	 0.17383E-02	 0.11561E-02	 0.11561E-02	 0.45723E+01	 0.10005E+04	 0.21891E+06	 0.80765E-12	-0.17900E+00	 0.11230E+00	 0.00000E+00	 0.16905E+01	 0.20463E+00
 0.30000E+00	 0.30000E-01	 0.26714E+00	 0.90296E+00	 0.90959E+00	 0.90959E+00	 0.72381E-01	 0.72381E-01	 0.18370E+00	 0.18370E+00	 0.45723E+01	 0.10005E+04	 0.21891E+06	 0.86818E-12	-0.17900E+00	 0.11230E+00	 0.00000E+00	 0.16905E+01	 0.20463E+00
 0.30000E-01	 0.30000E-01	 0.26714E+00	 0.90296E+00	 0.49842E+00	 0.49835E+00	 0.33533E+00	 0.33523E+00	 0.77328E+01	 0.77316E+01	 0.45723E+01	 0.10005E+04	 0.21891E+06	 0.28560E-10	-0.17900E+00	 0.11230E+00	 0.00000E+00	 0.16905E+01	 0.20463E+00
 0.30000E-02	 0.30000E-01	 0.26714E+00	 0.90296E+00	 0.16391E+00	 0.15719E+00	-0.53846E-01	-0.95603E-01	 0.13765E+03	 0.13586E+03	 0.45723E+01	 0.10005E+04	 0.21891E+06	 0.90154E-09	-0.17900E+00	 0.11230E+00	 0.00000E+00	 0.16905E+01	 0.20463E+00
 0.30000E-03	 0.30000E-01	 0.26714E+00	 0.90296E+00	 0.33182E-01	 0.22384E-01	-0.88619E-01	-0.36561E+00	 0.16116E+04	 0.14950E+04	 0.45723E+01	 0.10005E+04	 0.21891E+06	 0.19031E-06	-0.17900E+00	 0.11230E+00	 0.00000E+00	 0.16905E+01	 0.20463E+00
 0.30000E-04	 0.30000E-01	 0.26714E+00	 0.90296E+00	 0.58735E-01	 0.23677E-02	 0.23252E+00	-0.40737E+00	 0.17670E+05	 0.15062E+05	 0.45723E+01	 0.10005E+04	 0.21891E+06	 0.10374E-04	-0.17900E+00	 0.11230E+00	 0.00000E+00	 0.16905E+01	 0.20463E+00
 0.10000E+02	 0.30000E-02	 0.26714E-01	 0.90296E+00	 0.95611E+01	 0.95611E+01	 0.22911E-03	 0.22911E-03	 0.40353E-04	 0.40353E-04	 0.45723E+01	 0.10005E+04	 0.21891E+06	 0.61301E-12	-0.17900E+00	 0.11230E+00	 0.00000E+00	 0.16905E+01	 0.20463E+00
 0.10000E+03	 0.30000E-02	 0.26714E-01	 0.90296E+00	 0.61855E+01	 0.61855E+01	 0.23456E-05	 0.23456E-05	 0.41884E-07	 0.41884E-07	 0.45723E+01	 0.10005E+04	 0.21891E+06	 0.12807E-10	-0.17900E+00	 0.11230E+00	 0.00000E+00	 0.16905E+01	 0.20463E+00
 0.10000E+01	 0.30000E-02	 0.26714E-01	 0.90296E+00	 0.20295E+01	 0.20295E+01	 0.16865E-01	 0.16865E-01	 0.15260E-01	 0.15260E-01	 0.45723E+01	 0.10005E+04	 0.21891E+06	 0.35172E-13	-0.17900E+00	 0.11230E+00	 0.00000E+00	 0.16905E+01	 0.20463E+00
 0.10000E+00	 0.30000E-02	 0.26714E-01	 0.90296E+00	 0.10245E+01	 0.10245E+01	 0.16000E+00	 0.16003E+00	 0.12687E+01	 0.12685E+01	 0.45723E+01	 0.10005E+04	 0.21891E+06	 0.62367E-12	-0.17900E+00	 0.11230E+00	 0.00000E+00	 0.16905E+01	 0.20463E+00
 0.10000E-01	 0.30000E-02	 0.26714E-01	 0.90296E+00	 0.19290E+01	 0.19243E+01	 0.48336E+00	 0.47909E+00	 0.28349E+02	 0.28333E+02	 0.45723E+01	 0.10005E+04	 0.21891E+06	 0.23638E-10	-0.17900E+00	 0.11230E+00	 0.00000E+00	 0.16905E+01	 0.20463E+00
 0.10000E-02	 0.30000E-02	 0.26714E-01	 0.90296E+00	 0.13562E+01	 0.11155E+01	 0.29279E+00	 0.14152E+00	 0.35448E+03	 0.34484E+03	 0.45723E+01	 0.10005E+04	 0.21891E+06	 0.27910E-07	-0.17900E+00	 0.11230E+00	 0.00000E+00	 0.16905E+01	 0.20463E+00
 0.10000E-03	 0.30000E-02	 0.26714E-01	 0.90296E+00	 0.46385E+00	 0.16427E+00	-0.68051E+00	-0.55940E-01	 0.41848E+04	 0.36098E+04	 0.45723E+01	 0.10005E+04	 0.21891E+06	 0.43700E-04	-0.17900E+00	 0.11230E+00	 0.00000E+00	 0.16905E+01	 0.20463E+00
 0.30000E+02	 0.30000E-02	 0.26714E-01	 0.90296E+00	 0.96424E+01	 0.96424E+01	 0.18092E-04	 0.18092E-04	 0.15451E-05	 0.15451E-05	 0.45723E+01	 0.10005E+04	 0.21891E+06	 0.52074E-11	-0.17900E+00	 0.11230E+00	 0.00000E+00	 0.16905E+01	 0.20463E+00
 0.30000E+03	 0.30000E-02	 0.26714E-01	 0.90296E+00	 0.40039E+01	 0.40039E+01	 0.39093E-06	 0.39093E-06	 0.15518E-08	 0.15518E-08	 0.45723E+01	 0.10005E+04	 0.21891E+06	 0.22677E-10	-0.17900E+00	 0.11230E+00	 0.00000E+00	 0.16905E+01	 0.20463E+00
 0.30000E+01	 0.30000E-02	 0.26714E-01	 0.90296E+00	 0.45686E+01	 0.45686E+01	 0.30973E-02	 0.30973E-02	 0.11431E-02	 0.11431E-02	 0.45723E+01	 0.10005E+04	 0.21891E+06	 0.80244E-13	-0.17900E+00	 0.11230E+00	 0.00000E+00	 0.16905E+01	 0.20463E+00
 0.30000E+00	 0.30000E-02	 0.26714E-01	 0.90296E+00	 0.10649E+01	 0.10649E+01	 0.68208E-01	 0.68208E-01	 0.18381E+00	 0.18381E+00	 0.45723E+01	 0.10005E+04	 0.21891E+06	 0.86812E-13	-0.17900E+00	 0.11230E+00	 0.00000E+00	 0.16905E+01	 0.20463E+00
 0.30000E-01	 0.30000E-02	 0.26714E-01	 0.90296E+00	 0.14276E+01	 0.14275E+01	 0.30595E+00	 0.30606E+00	 0.73631E+01	 0.73626E+01	 0.45723E+01	 0.10005E+04	 0.21891E+06	 0.52263E-11	-0.17900E+00	 0.11230E+00	 0.00000E+00	 0.16905E+01	 0.20463E+00
 0.30000E-02	 0.30000E-02	 0.26714E-01	 0.90296E+00	 0.18871E+01	 0.18183E+01	 0.55861E+00	 0.46653E+00	 0.10839E+03	 0.10764E+03	 0.45723E+01	 0.10005E+04	 0.21891E+06	 0.26990E-09	-0.17900E+00	 0.11230E+00	 0.00000E+00	 0.16905E+01	 0.20463E+00
 0.30000E-03	 0.30000E-02	 0.26714E-01	 0.90296E+00	 0.79642E+00	 0.45382E+00	-0.18341E+00	-0.74759E-02	 0.12868E+04	 0.11913E+04	 0.45723E+01	 0.10005E+04	 0.21891E+06	 0.13426E-05	-0.17900E+00	 0.11230E+00	 0.00000E+00	 0.16905E+01	 0.20463E+00
 0.30000E-04	 0.30000E-02	 0.26714E-01	 0.90296E+00	 0.37012E+00	 0.50020E-01	-0.15433E+01	-0.70450E-01	 0.15335E+05	 0.12055E+05	 0.45723E+01	 0.10005E+04	 0.21891E+06	 0.20825E-03	-0.17900E+00	 0.11230E+00	 0.00000E+00	 0.16905E+01	 0.20463E+00
 0.10000E+02	 0.30000E-03	 0.26714E-02	 0.90296E+00	 0.18243E+02	 0.18243E+02	 0.31206E-03	 0.31206E-03	 0.40355E-04	 0.40355E-04	 0.45723E+01	 0.10005E+04	 0.21891E+06	 0.13222E-11	-0.17900E+00	 0.11230E+00	 0.00000E+00	 0.16905E+01	 0.20463E+00
 0.10000E+03	 0.30000E-03	 0.26714E-02	 0.90296E+00	 0.95324E+02	 0.95324E+02	 0.23432E-05	 0.23432E-05	 0.41879E-07	 0.41879E-07	 0.45723E+01	 0.10005E+04	 0.21891E+06	 0.65387E-10	-0.17900E+00	 0.11230E+00	 0.00000E+00	 0.16905E+01	 0.20463E+00
 0.10000E+01	 0.30000E-03	 0.26714E-02	 0.90296E+00	 0.22393E+01	 0.22393E+01	 0.15910E-01	 0.15910E-01	 0.15267E-01	 0.15267E-01	 0.45723E+01	 0.10005E+04	 0.21891E+06	 0.30672E-13	-0.17900E+00	 0.11230E+00	 0.00000E+00	 0.16905E+01	 0.20463E+00
 0.10000E+00	 0.30000E-03	 0.26714E-02	 0.90296E+00	 0.10356E+01	 0.10356E+01	 0.15721E+00	 0.15725E+00	 0.12697E+01	 0.12694E+01	 0.45723E+01	 0.10005E+04	 0.21891E+06	 0.56609E-12	-0.17900E+00	 0.11230E+00	 0.00000E+00	 0.16905E+01	 0.20463E+00
 0.10000E-01	 0.30000E-03	 0.26714E-02	 0.90296E+00	 0.31120E+01	 0.31051E+01	 0.11317E+00	 0.10842E+00	 0.28522E+02	 0.28507E+02	 0.45723E+01	 0.10005E+04	 0.21891E+06	 0.93763E-10	-0.17900E+00	 0.11230E+00	 0.00000E+00	 0.16905E+01	 0.20463E+00
 0.10000E-02	 0.30000E-03	 0.26714E-02	 0.90296E+00	 0.14560E+02	 0.12947E+02	-0.20373E+01	-0.25810E+01	 0.35573E+03	 0.34726E+03	 0.45723E+01	 0.10005E+04	 0.21891E+06	 0.30890E-08	-0.17900E+00	 0.11230E+00	 0.00000E+00	 0.16905E+01	 0.20463E+00
 0.10000E-03	 0.30000E-03	 0.26714E-02	 0.90296E+00	 0.15787E+02	 0.74099E+01	-0.43324E+01	-0.11200E+01	 0.41860E+04	 0.36387E+04	 0.45723E+01	 0.10005E+04	 0.21891E+06	 0.10821E-04	-0.17900E+00	 0.11230E+00	 0.00000E+00	 0.16905E+01	 0.20463E+00
 0.30000E+02	 0.30000E-03	 0.26714E-02	 0.90296E+00	 0.44860E+02	 0.44860E+02	 0.37480E-04	 0.37480E-04	 0.15450E-05	 0.15450E-05	 0.45723E+01	 0.10005E+04	 0.21891E+06	 0.10459E-10	-0.17900E+00	 0.11230E+00	 0.00000E+00	 0.16905E+01	 0.20463E+00
 0.30000E+03	 0.30000E-03	 0.26714E-02	 0.90296E+00	 0.96351E+02	 0.96351E+02	 0.18111E-06	 0.18111E-06	 0.15516E-08	 0.15516E-08	 0.45723E+01	 0.10005E+04	 0.21891E+06	 0.18586E-09	-0.17900E+00	 0.11230E+00	 0.00000E+00	 0.16905E+01	 0.20463E+00
 0.30000E+01	 0.30000E-03	 0.26714E-02	 0.90296E+00	 0.61045E+01	 0.61045E+01	 0.27668E-02	 0.27668E-02	 0.11435E-02	 0.11435E-02	 0.45723E+01	 0.10005E+04	 0.21891E+06	 0.89444E-13	-0.17900E+00	 0.11230E+00	 0.00000E+00	 0.16905E+01	 0.20463E+00
 0.30000E+00	 0.30000E-03	 0.26714E-02	 0.90296E+00	 0.10669E+01	 0.10669E+01	 0.67614E-01	 0.67614E-01	 0.18389E+00	 0.18389E+00	 0.45723E+01	 0.10005E+04	 0.21891E+06	 0.96227E-13	-0.17900E+00	 0.11230E+00	 0.00000E+00	 0.16905E+01	 0.20463E+00
 0.30000E-01	 0.30000E-03	 0.26714E-02	 0.90296E+00	 0.16015E+01	 0.16014E+01	 0.25686E+00	 0.25700E+00	 0.73812E+01	 0.73807E+01	 0.45723E+01	 0.10005E+04	 0.21891E+06	 0.67982E-11	-0.17900E+00	 0.11230E+00	 0.00000E+00	 0.16905E+01	 0.20463E+00
 0.30000E-02	 0.30000E-03	 0.26714E-02	 0.90296E+00	 0.74336E+01	 0.72206E+01	-0.85829E+00	-0.10414E+01	 0.10913E+03	 0.10848E+03	 0.45723E+01	 0.10005E+04	 0.21891E+06	 0.43363E-09	-0.17900E+00	 0.11230E+00	 0.00000E+00	 0.16905E+01	 0.20463E+00
 0.30000E-03	 0.30000E-03	 0.26714E-02	 0.90296E+00	 0.18327E+02	 0.13187E+02	-0.25687E+01	-0.17176E+01	 0.12880E+04	 0.11995E+04	 0.45723E+01	 0.10005E+04	 0.21891E+06	 0.10865E-06	-0.17900E+00	 0.11230E+00	 0.00000E+00	 0.16905E+01	 0.20463E+00
 0.30000E-04	 0.30000E-03	 0.26714E-02	 0.90296E+00	 0.10905E+02	 0.26151E+01	-0.70728E+01	-0.10573E+01	 0.15325E+05	 0.12160E+05	 0.45723E+01	 0.10005E+04	 0.21891E+06	 0.89342E-04	-0.17900E+00	 0.11230E+00	 0.00000E+00	 0.16905E+01	 0.20463E+00
 0.10000E+02	 0.30000E-04	 0.26714E-03	 0.90296E+00	 0.20329E+02	 0.20329E+02	 0.28722E-03	 0.28722E-03	 0.40355E-04	 0.40355E-04	 0.45723E+01	 0.10005E+04	 0.21891E+06	 0.79958E-12	-0.17900E+00	 0.11230E+00	 0.00000E+00	 0.16905E+01	 0.20463E+00
 0.10000E+03	 0.30000E-04	 0.26714E-03	 0.90296E+00	 0.18214E+03	 0.18214E+03	 0.31904E-05	 0.31904E-05	 0.41879E-07	 0.41879E-07	 0.45723E+01	 0.10005E+04	 0.21891E+06	 0.49193E-10	-0.17900E+00	 0.11230E+00	 0.00000E+00	 0.16905E+01	 0.20463E+00
 0.10000E+01	 0.30000E-04	 0.26714E-03	 0.90296E+00	 0.22428E+01	 0.22428E+01	 0.15896E-01	 0.15896E-01	 0.15267E-01	 0.15267E-01	 0.45723E+01	 0.10005E+04	 0.21891E+06	 0.34252E-13	-0.17900E+00	 0.11230E+00	 0.00000E+00	 0.16905E+01	 0.20463E+00
 0.10000E+00	 0.30000E-04	 0.26714E-03	 0.90296E+00	 0.10366E+01	 0.10366E+01	 0.15719E+00	 0.15722E+00	 0.12697E+01	 0.12694E+01	 0.45723E+01	 0.10005E+04	 0.21891E+06	 0.55397E-12	-0.17900E+00	 0.11230E+00	 0.00000E+00	 0.16905E+01	 0.20463E+00
 0.10000E-01	 0.30000E-04	 0.26714E-03	 0.90296E+00	 0.31414E+01	 0.31346E+01	 0.10379E+00	 0.99038E-01	 0.28526E+02	 0.28511E+02	 0.45723E+01	 0.10005E+04	 0.21891E+06	 0.39693E-10	-0.17900E+00	 0.11230E+00	 0.00000E+00	 0.16905E+01	 0.20463E+00
 0.10000E-02	 0.30000E-04	 0.26714E-03	 0.90296E+00	 0.21028E+02	 0.18802E+02	-0.37758E+01	-0.45072E+01	 0.35635E+03	 0.34814E+03	 0.45723E+01	 0.10005E+04	 0.21891E+06	 0.60467E-08	-0.17900E+00	 0.11230E+00	 0.00000E+00	 0.16905E+01	 0.20463E+00
 0.10000E-03	 0.30000E-04	 0.26714E-03	 0.90296E+00	 0.14730E+03	 0.89796E+02	-0.16355E+02	-0.89685E+01	 0.41908E+04	 0.36504E+04	 0.45723E+01	 0.10005E+04	 0.21891E+06	 0.47884E-06	-0.17900E+00	 0.11230E+00	 0.00000E+00	 0.16905E+01	 0.20463E+00
 0.30000E+02	 0.30000E-04	 0.26714E-03	 0.90296E+00	 0.60131E+02	 0.60131E+02	 0.32854E-04	 0.32854E-04	 0.15450E-05	 0.15450E-05	 0.45723E+01	 0.10005E+04	 0.21891E+06	 0.63155E-11	-0.17900E+00	 0.11230E+00	 0.00000E+00	 0.16905E+01	 0.20463E+00
 0.30000E+03	 0.30000E-04	 0.26714E-03	 0.90296E+00	 0.44851E+03	 0.44851E+03	 0.37582E-06	 0.37582E-06	 0.15516E-08	 0.15516E-08	 0.45723E+01	 0.10005E+04	 0.21891E+06	 0.62944E-09	-0.17900E+00	 0.11230E+00	 0.00000E+00	 0.16905E+01	 0.20463E+00
 0.30000E+01	 0.30000E-04	 0.26714E-03	 0.90296E+00	 0.61916E+01	 0.61916E+01	 0.27386E-02	 0.27386E-02	 0.11435E-02	 0.11435E-02	 0.45723E+01	 0.10005E+04	 0.21891E+06	 0.14704E-12	-0.17900E+00	 0.11230E+00	 0.00000E+00	 0.16905E+01	 0.20463E+00
 0.30000E+00	 0.30000E-04	 0.26714E-03	 0.90296E+00	 0.10674E+01	 0.10674E+01	 0.67608E-01	 0.67608E-01	 0.18389E+00	 0.18389E+00	 0.45723E+01	 0.10005E+04	 0.21891E+06	 0.10690E-12	-0.17900E+00	 0.11230E+00	 0.00000E+00	 0.16905E+01	 0.20463E+00
 0.30000E-01	 0.30000E-04	 0.26714E-03	 0.90296E+00	 0.16046E+01	 0.16045E+01	 0.25635E+00	 0.25650E+00	 0.73815E+01	 0.73809E+01	 0.45723E+01	 0.10005E+04	 0.21891E+06	 0.63467E-11	-0.17900E+00	 0.11230E+00	 0.00000E+00	 0.16905E+01	 0.20463E+00
 0.30000E-02	 0.30000E-04	 0.26714E-03	 0.90296E+00	 0.79794E+01	 0.77548E+01	-0.10427E+01	-0.12332E+01	 0.10921E+03	 0.10856E+03	 0.45723E+01	 0.10005E+04	 0.21891E+06	 0.41851E-09	-0.17900E+00	 0.11230E+00	 0.00000E+00	 0.16905E+01	 0.20463E+00
 0.30000E-03	 0.30000E-04	 0.26714E-03	 0.90296E+00	 0.63456E+02	 0.48648E+02	-0.94269E+01	-0.81721E+01	 0.12902E+04	 0.12030E+04	 0.45723E+01	 0.10005E+04	 0.21891E+06	 0.31299E-07	-0.17900E+00	 0.11230E+00	 0.00000E+00	 0.16905E+01	 0.20463E+00
 0.30000E-04	 0.30000E-04	 0.26714E-03	 0.90296E+00	 0.23621E+03	 0.83761E+02	-0.24602E+02	-0.10091E+02	 0.15336E+05	 0.12207E+05	 0.45723E+01	 0.10005E+04	 0.21891E+06	 0.10538E-04	-0.17900E+00	 0.11230E+00	 0.00000E+00	 0.16905E+01	 0.20463E+00
