 0.10000E+02	 0.00000E+00	 0.00000E+00	 0.90756E+00	 0.25761E+02	 0.25761E+02	 0.36045E-03	 0.36045E-03	 0.61527E-04	 0.61527E-04	 0.45723E+01	 0.10005E+04	 0.21891E+06	 0.11527E-11	-0.19770E+00	 0.12340E+00	 0.00000E+00	 0.16905E+01	 0.22428E+00
 0.10000E+03	 0.00000E+00	 0.00000E+00	 0.90756E+00	 0.25716E+03	 0.25716E+03	 0.36866E-05	 0.36866E-05	 0.63996E-07	 0.63996E-07	 0.45723E+01	 0.10005E+04	 0.21891E+06	 0.78104E-10	-0.19770E+00	 0.12340E+00	 0.00000E+00	 0.16905E+01	 0.22428E+00
 0.10000E+01	 0.00000E+00	 0.00000E+00	 0.90756E+00	 0.28359E+01	 0.28359E+01	 0.18426E-01	 0.18426E-01	 0.21718E-01	 0.21718E-01	 0.45723E+01	 0.10005E+04	 0.21891E+06	 0.32148E-13	-0.19770E+00	 0.12340E+00	 0.00000E+00	 0.16905E+01	 0.22428E+00
 0.10000E+00	 0.00000E+00	 0.00000E+00	 0.90756E+00	 0.12086E+01	 0.12085E+01	 0.15263E+00	 0.15273E+00	 0.15036E+01	 0.15030E+01	 0.45723E+01	 0.10005E+04	 0.21891E+06	 0.10095E-11	-0.19770E+00	 0.12340E+00	 0.00000E+00	 0.16905E+01	 0.22428E+00
 0.10000E-01	 0.00000E+00	 0.00000E+00	 0.90756E+00	 0.38018E+01	 0.37830E+01	 0.12066E-01	 0.32422E-02	 0.30707E+02	 0.30664E+02	 0.45723E+01	 0.10005E+04	 0.21891E+06	 0.45434E-08	-0.19770E+00	 0.12340E+00	 0.00000E+00	 0.16905E+01	 0.22428E+00
 0.10000E-02	 0.00000E+00	 0.00000E+00	 0.90756E+00	 0.26789E+02	 0.23009E+02	-0.42241E+01	-0.51275E+01	 0.37962E+03	 0.36517E+03	 0.45723E+01	 0.10005E+04	 0.21891E+06	 0.42608E-08	-0.19770E+00	 0.12340E+00	 0.00000E+00	 0.16905E+01	 0.22428E+00
 0.10000E-03	 0.00000E+00	 0.00000E+00	 0.90756E+00	 0.25471E+03	 0.12451E+03	-0.26521E+02	-0.20174E+02	 0.45469E+04	 0.37970E+04	 0.45723E+01	 0.10005E+04	 0.21891E+06	 0.39080E-06	-0.19770E+00	 0.12340E+00	 0.00000E+00	 0.16905E+01	 0.22428E+00
 0.30000E+02	 0.00000E+00	 0.00000E+00	 0.90756E+00	 0.77161E+02	 0.77161E+02	 0.40866E-04	 0.40866E-04	 0.23604E-05	 0.23604E-05	 0.45723E+01	 0.10005E+04	 0.21891E+06	 0.10919E-10	-0.19770E+00	 0.12340E+00	 0.00000E+00	 0.16905E+01	 0.22428E+00
 0.30000E+03	 0.00000E+00	 0.00000E+00	 0.90756E+00	 0.77145E+03	 0.77145E+03	 0.40971E-06	 0.40971E-06	 0.23711E-08	 0.23711E-08	 0.45723E+01	 0.10005E+04	 0.21891E+06	 0.63395E-09	-0.19770E+00	 0.12340E+00	 0.00000E+00	 0.16905E+01	 0.22428E+00
 0.30000E+01	 0.00000E+00	 0.00000E+00	 0.90756E+00	 0.78435E+01	 0.78435E+01	 0.33823E-02	 0.33823E-02	 0.17158E-02	 0.17158E-02	 0.45723E+01	 0.10005E+04	 0.21891E+06	 0.12376E-12	-0.19770E+00	 0.12340E+00	 0.00000E+00	 0.16905E+01	 0.22428E+00
 0.30000E+00	 0.00000E+00	 0.00000E+00	 0.90756E+00	 0.13006E+01	 0.13006E+01	 0.71053E-01	 0.71053E-01	 0.23671E+00	 0.23671E+00	 0.45723E+01	 0.10005E+04	 0.21891E+06	 0.14058E-12	-0.19770E+00	 0.12340E+00	 0.00000E+00	 0.16905E+01	 0.22428E+00
 0.30000E-01	 0.00000E+00	 0.00000E+00	 0.90756E+00	 0.18944E+01	 0.18939E+01	 0.21846E+00	 0.21909E+00	 0.81953E+01	 0.81929E+01	 0.45723E+01	 0.10005E+04	 0.21891E+06	 0.75657E-11	-0.19770E+00	 0.12340E+00	 0.00000E+00	 0.16905E+01	 0.22428E+00
 0.30000E-02	 0.00000E+00	 0.00000E+00	 0.90756E+00	 0.99113E+01	 0.94653E+01	-0.12308E+01	-0.15373E+01	 0.11626E+03	 0.11493E+03	 0.45723E+01	 0.10005E+04	 0.21891E+06	 0.62975E-09	-0.19770E+00	 0.12340E+00	 0.00000E+00	 0.16905E+01	 0.22428E+00
 0.30000E-03	 0.00000E+00	 0.00000E+00	 0.90756E+00	 0.85768E+02	 0.60722E+02	-0.11450E+02	-0.10298E+02	 0.13864E+04	 0.12536E+04	 0.45723E+01	 0.10005E+04	 0.21891E+06	 0.59215E-07	-0.19770E+00	 0.12340E+00	 0.00000E+00	 0.16905E+01	 0.22428E+00
 0.30000E-04	 0.00000E+00	 0.00000E+00	 0.90756E+00	 0.84598E+03	 0.13582E+03	-0.62396E+02	-0.40727E+02	 0.17072E+05	 0.12698E+05	 0.45723E+01	 0.10005E+04	 0.21891E+06	 0.35983E-05	-0.19770E+00	 0.12340E+00	 0.00000E+00	 0.16905E+01	 0.22428E+00
 0.10000E+02	 0.10000E+01	 0.81037E+01	 0.90756E+00	 0.87645E-02	 0.87645E-02	 0.26427E-03	 0.26427E-03	 0.41498E-03	 0.41498E-03	 0.45723E+01	 0.10005E+04	 0.21891E+06	 0.67885E-08	-0.19770E+00	 0.12340E+00	 0.00000E+00	 0.16905E+01	 0.22428E+00
 0.10000E+03	 0.10000E+01	 0.81037E+01	 0.90756E+00	 0.13948E-02	 0.13948E-02	 0.49397E-05	 0.49397E-05	 0.78982E-06	 0.78982E-06	 0.45723E+01	 0.10005E+04	 0.21891E+06	 0.31507E-07	-0.19770E+00	 0.12340E+00	 0.00000E+00	 0.16905E+01	 0.22428E+00
 0.10000E+01	 0.10000E+01	 0.81037E+01	 0.90756E+00	 0.13103E-01	 0.13103E-01	 0.21627E-02	 0.21627E-02	 0.23064E-01	 0.23064E-01	 0.45723E+01	 0.10005E+04	 0.21891E+06	 0.75031E-08	-0.19770E+00	 0.12340E+00	 0.00000E+00	 0.16905E+01	 0.22428E+00
 0.10000E+00	 0.10000E+01	 0.81037E+01	 0.90756E+00	 0.92661E-02	 0.92631E-02	 0.14776E-01	 0.14770E-01	 0.12248E+01	 0.12243E+01	 0.45723E+01	 0.10005E+04	 0.21891E+06	 0.33272E-06	-0.19770E+00	 0.12340E+00	 0.00000E+00	 0.16905E+01	 0.22428E+00
 0.10000E-01	 0.10000E+01	 0.81037E+01	 0.90756E+00	 0.46785E-02	 0.46447E-02	 0.73586E-01	 0.73463E-01	 0.35867E+02	 0.35151E+02	 0.45723E+01	 0.10005E+04	 0.21891E+06	 0.63403E-05	-0.19770E+00	 0.12340E+00	 0.00000E+00	 0.16905E+01	 0.22428E+00
 0.10000E-02	 0.10000E+01	 0.81037E+01	 0.90756E+00	 0.17174E-02	 0.12991E-02	 0.11914E+00	 0.97584E-01	 0.56699E+03	 0.47774E+03	 0.45723E+01	 0.10005E+04	 0.21891E+06	 0.52134E-03	-0.19770E+00	 0.12340E+00	 0.00000E+00	 0.16905E+01	 0.22428E+00
 0.10000E-03	 0.10000E+01	 0.81037E+01	 0.90756E+00	 0.27760E-02	 0.27732E-03	 0.25980E-01	 0.53203E-01	 0.64409E+04	 0.49936E+04	 0.45723E+01	 0.10005E+04	 0.21891E+06	 0.59615E-02	-0.19770E+00	 0.12340E+00	 0.00000E+00	 0.16905E+01	 0.22428E+00
 0.30000E+02	 0.10000E+01	 0.81037E+01	 0.90756E+00	 0.42257E-02	 0.42257E-02	 0.48534E-04	 0.48534E-04	 0.25660E-04	 0.25660E-04	 0.45723E+01	 0.10005E+04	 0.21891E+06	 0.10547E-07	-0.19770E+00	 0.12340E+00	 0.00000E+00	 0.16905E+01	 0.22428E+00
 0.30000E+03	 0.10000E+01	 0.81037E+01	 0.90756E+00	 0.47136E-03	 0.47136E-03	 0.55749E-06	 0.55749E-06	 0.29758E-07	 0.29758E-07	 0.45723E+01	 0.10005E+04	 0.21891E+06	 0.12826E-06	-0.19770E+00	 0.12340E+00	 0.00000E+00	 0.16905E+01	 0.22428E+00
 0.30000E+01	 0.10000E+01	 0.81037E+01	 0.90756E+00	 0.12626E-01	 0.12626E-01	 0.84220E-03	 0.84220E-03	 0.38492E-02	 0.38492E-02	 0.45723E+01	 0.10005E+04	 0.21891E+06	 0.17193E-07	-0.19770E+00	 0.12340E+00	 0.00000E+00	 0.16905E+01	 0.22428E+00
 0.30000E+00	 0.10000E+01	 0.81037E+01	 0.90756E+00	 0.10742E-01	 0.10742E-01	 0.55831E-02	 0.55831E-02	 0.18609E+00	 0.18609E+00	 0.45723E+01	 0.10005E+04	 0.21891E+06	 0.11709E-06	-0.19770E+00	 0.12340E+00	 0.00000E+00	 0.16905E+01	 0.22428E+00
 0.30000E-01	 0.10000E+01	 0.81037E+01	 0.90756E+00	 0.72578E-02	 0.72559E-02	 0.39790E-01	 0.39781E-01	 0.79231E+01	 0.79166E+01	 0.45723E+01	 0.10005E+04	 0.21891E+06	 0.59761E-06	-0.19770E+00	 0.12340E+00	 0.00000E+00	 0.16905E+01	 0.22428E+00
 0.30000E-02	 0.10000E+01	 0.81037E+01	 0.90756E+00	 0.25481E-02	 0.23890E-02	 0.10147E+00	 0.98460E-01	 0.16122E+03	 0.14602E+03	 0.45723E+01	 0.10005E+04	 0.21891E+06	 0.11323E-03	-0.19770E+00	 0.12340E+00	 0.00000E+00	 0.16905E+01	 0.22428E+00
 0.30000E-03	 0.10000E+01	 0.81037E+01	 0.90756E+00	 0.16377E-02	 0.60155E-03	 0.89945E-01	 0.69628E-01	 0.20617E+04	 0.16503E+04	 0.45723E+01	 0.10005E+04	 0.21891E+06	 0.16221E-02	-0.19770E+00	 0.12340E+00	 0.00000E+00	 0.16905E+01	 0.22428E+00
 0.30000E-04	 0.10000E+01	 0.81037E+01	 0.90756E+00	 0.79845E-02	 0.13882E-03	 0.23900E-01	 0.49591E-01	 0.21865E+05	 0.16672E+05	 0.45723E+01	 0.10005E+04	 0.21891E+06	 0.84750E-02	-0.19770E+00	 0.12340E+00	 0.00000E+00	 0.16905E+01	 0.22428E+00
 0.10000E+02	 0.10000E+00	 0.81037E+00	 0.90756E+00	 0.14378E+00	 0.14378E+00	 0.41091E-03	 0.41091E-03	 0.68247E-04	 0.68247E-04	 0.45723E+01	 0.10005E+04	 0.21891E+06	 0.58378E-10	-0.19770E+00	 0.12340E+00	 0.00000E+00	 0.16905E+01	 0.22428E+00
 0.10000E+03	 0.10000E+00	 0.81037E+00	 0.90756E+00	 0.66356E-01	 0.66356E-01	 0.44586E-05	 0.44586E-05	 0.71329E-07	 0.71329E-07	 0.45723E+01	 0.10005E+04	 0.21891E+06	 0.28693E-09	-0.19770E+00	 0.12340E+00	 0.00000E+00	 0.16905E+01	 0.22428E+00
 0.10000E+01	 0.10000E+00	 0.81037E+00	 0.90756E+00	 0.41517E+00	 0.41517E+00	 0.16544E-01	 0.16544E-01	 0.24355E-01	 0.24355E-01	 0.45723E+01	 0.10005E+04	 0.21891E+06	 0.19900E-10	-0.19770E+00	 0.12340E+00	 0.00000E+00	 0.16905E+01	 0.22428E+00
 0.10000E+00	 0.10000E+00	 0.81037E+00	 0.90756E+00	 0.78787E+00	 0.78774E+00	 0.17339E+00	 0.17342E+00	 0.14956E+01	 0.14945E+01	 0.45723E+01	 0.10005E+04	 0.21891E+06	 0.71858E-10	-0.19770E+00	 0.12340E+00	 0.00000E+00	 0.16905E+01	 0.22428E+00
 0.10000E-01	 0.10000E+00	 0.81037E+00	 0.90756E+00	 0.79264E+00	 0.79104E+00	 0.54696E+00	 0.56045E+00	 0.37041E+02	 0.36427E+02	 0.45723E+01	 0.10005E+04	 0.21891E+06	 0.10760E-08	-0.19770E+00	 0.12340E+00	 0.00000E+00	 0.16905E+01	 0.22428E+00
 0.10000E-02	 0.10000E+00	 0.81037E+00	 0.90756E+00	 0.22320E+00	 0.21653E+00	 0.13225E+00	 0.25624E+00	 0.52158E+03	 0.46754E+03	 0.45723E+01	 0.10005E+04	 0.21891E+06	 0.74993E-07	-0.19770E+00	 0.12340E+00	 0.00000E+00	 0.16905E+01	 0.22428E+00
 0.10000E-03	 0.10000E+00	 0.81037E+00	 0.90756E+00	 0.64882E-01	 0.30945E-01	-0.17525E+00	 0.11217E+00	 0.59096E+04	 0.48062E+04	 0.45723E+01	 0.10005E+04	 0.21891E+06	 0.67020E-06	-0.19770E+00	 0.12340E+00	 0.00000E+00	 0.16905E+01	 0.22428E+00
 0.30000E+02	 0.10000E+00	 0.81037E+00	 0.90756E+00	 0.89304E-01	 0.89304E-01	 0.48244E-04	 0.48244E-04	 0.26259E-05	 0.26259E-05	 0.45723E+01	 0.10005E+04	 0.21891E+06	 0.30646E-10	-0.19770E+00	 0.12340E+00	 0.00000E+00	 0.16905E+01	 0.22428E+00
 0.30000E+03	 0.10000E+00	 0.81037E+00	 0.90756E+00	 0.35931E-01	 0.35931E-01	 0.54211E-06	 0.54211E-06	 0.26451E-08	 0.26451E-08	 0.45723E+01	 0.10005E+04	 0.21891E+06	 0.10520E-08	-0.19770E+00	 0.12340E+00	 0.00000E+00	 0.16905E+01	 0.22428E+00
 0.30000E+01	 0.10000E+00	 0.81037E+00	 0.90756E+00	 0.24626E+00	 0.24626E+00	 0.29893E-02	 0.29893E-02	 0.18998E-02	 0.18998E-02	 0.45723E+01	 0.10005E+04	 0.21891E+06	 0.49811E-10	-0.19770E+00	 0.12340E+00	 0.00000E+00	 0.16905E+01	 0.22428E+00
 0.30000E+00	 0.10000E+00	 0.81037E+00	 0.90756E+00	 0.69183E+00	 0.69183E+00	 0.76533E-01	 0.76533E-01	 0.24911E+00	 0.24911E+00	 0.45723E+01	 0.10005E+04	 0.21891E+06	 0.10836E-09	-0.19770E+00	 0.12340E+00	 0.00000E+00	 0.16905E+01	 0.22428E+00
 0.30000E-01	 0.10000E+00	 0.81037E+00	 0.90756E+00	 0.88798E+00	 0.88771E+00	 0.41860E+00	 0.41971E+00	 0.87179E+01	 0.86949E+01	 0.45723E+01	 0.10005E+04	 0.21891E+06	 0.30135E-09	-0.19770E+00	 0.12340E+00	 0.00000E+00	 0.16905E+01	 0.22428E+00
 0.30000E-02	 0.10000E+00	 0.81037E+00	 0.90756E+00	 0.45885E+00	 0.45505E+00	 0.33097E+00	 0.39170E+00	 0.15452E+03	 0.14581E+03	 0.45723E+01	 0.10005E+04	 0.21891E+06	 0.93434E-08	-0.19770E+00	 0.12340E+00	 0.00000E+00	 0.16905E+01	 0.22428E+00
 0.30000E-03	 0.10000E+00	 0.81037E+00	 0.90756E+00	 0.96754E-01	 0.83018E-01	-0.28762E-01	 0.15444E+00	 0.18725E+04	 0.15946E+04	 0.45723E+01	 0.10005E+04	 0.21891E+06	 0.37195E-06	-0.19770E+00	 0.12340E+00	 0.00000E+00	 0.16905E+01	 0.22428E+00
 0.30000E-04	 0.10000E+00	 0.81037E+00	 0.90756E+00	 0.11084E+00	 0.97133E-02	-0.28093E+00	 0.10107E+00	 0.20900E+05	 0.16035E+05	 0.45723E+01	 0.10005E+04	 0.21891E+06	 0.16753E-04	-0.19770E+00	 0.12340E+00	 0.00000E+00	 0.16905E+01	 0.22428E+00
 0.10000E+02	 0.10000E-01	 0.81037E-01	 0.90756E+00	 0.31573E+01	 0.31573E+01	 0.18338E-03	 0.18338E-03	 0.61548E-04	 0.61548E-04	 0.45723E+01	 0.10005E+04	 0.21891E+06	 0.13546E-11	-0.19770E+00	 0.12340E+00	 0.00000E+00	 0.16905E+01	 0.22428E+00
 0.10000E+03	 0.10000E-01	 0.81037E-01	 0.90756E+00	 0.13472E+01	 0.13472E+01	 0.39837E-05	 0.39837E-05	 0.64064E-07	 0.64064E-07	 0.45723E+01	 0.10005E+04	 0.21891E+06	 0.13698E-10	-0.19770E+00	 0.12340E+00	 0.00000E+00	 0.16905E+01	 0.22428E+00
 0.10000E+01	 0.10000E-01	 0.81037E-01	 0.90756E+00	 0.17011E+01	 0.17011E+01	 0.21291E-01	 0.21291E-01	 0.21676E-01	 0.21676E-01	 0.45723E+01	 0.10005E+04	 0.21891E+06	 0.34994E-12	-0.19770E+00	 0.12340E+00	 0.00000E+00	 0.16905E+01	 0.22428E+00
 0.10000E+00	 0.10000E-01	 0.81037E-01	 0.90756E+00	 0.10424E+01	 0.10423E+01	 0.18056E+00	 0.18060E+00	 0.14941E+01	 0.14935E+01	 0.45723E+01	 0.10005E+04	 0.21891E+06	 0.61430E-12	-0.19770E+00	 0.12340E+00	 0.00000E+00	 0.16905E+01	 0.22428E+00
 0.10000E-01	 0.10000E-01	 0.81037E-01	 0.90756E+00	 0.87288E+00	 0.86685E+00	 0.60886E+00	 0.60215E+00	 0.30535E+02	 0.30484E+02	 0.45723E+01	 0.10005E+04	 0.21891E+06	 0.41314E-10	-0.19770E+00	 0.12340E+00	 0.00000E+00	 0.16905E+01	 0.22428E+00
 0.10000E-02	 0.10000E-01	 0.81037E-01	 0.90756E+00	 0.31295E+00	 0.22957E+00	 0.80984E-01	 0.70087E-01	 0.38598E+03	 0.36743E+03	 0.45723E+01	 0.10005E+04	 0.21891E+06	 0.20202E-06	-0.19770E+00	 0.12340E+00	 0.00000E+00	 0.16905E+01	 0.22428E+00
 0.10000E-03	 0.10000E-01	 0.81037E-01	 0.90756E+00	 0.15229E+00	 0.29374E-01	-0.23775E+01	-0.27087E+00	 0.46539E+04	 0.38051E+04	 0.45723E+01	 0.10005E+04	 0.21891E+06	 0.63967E-05	-0.19770E+00	 0.12340E+00	 0.00000E+00	 0.16905E+01	 0.22428E+00
 0.30000E+02	 0.10000E-01	 0.81037E-01	 0.90756E+00	 0.21011E+01	 0.21011E+01	 0.27841E-04	 0.27841E-04	 0.23624E-05	 0.23624E-05	 0.45723E+01	 0.10005E+04	 0.21891E+06	 0.10361E-10	-0.19770E+00	 0.12340E+00	 0.00000E+00	 0.16905E+01	 0.22428E+00
 0.30000E+03	 0.10000E-01	 0.81037E-01	 0.90756E+00	 0.86914E+00	 0.86914E+00	 0.48164E-06	 0.48164E-06	 0.23738E-08	 0.23738E-08	 0.45723E+01	 0.10005E+04	 0.21891E+06	 0.61521E-10	-0.19770E+00	 0.12340E+00	 0.00000E+00	 0.16905E+01	 0.22428E+00
 0.30000E+01	 0.10000E-01	 0.81037E-01	 0.90756E+00	 0.30901E+01	 0.30901E+01	 0.29362E-02	 0.29362E-02	 0.17138E-02	 0.17138E-02	 0.45723E+01	 0.10005E+04	 0.21891E+06	 0.45476E-12	-0.19770E+00	 0.12340E+00	 0.00000E+00	 0.16905E+01	 0.22428E+00
 0.30000E+00	 0.10000E-01	 0.81037E-01	 0.90756E+00	 0.10835E+01	 0.10835E+01	 0.80009E-01	 0.80009E-01	 0.23582E+00	 0.23582E+00	 0.45723E+01	 0.10005E+04	 0.21891E+06	 0.21611E-12	-0.19770E+00	 0.12340E+00	 0.00000E+00	 0.16905E+01	 0.22428E+00
 0.30000E-01	 0.10000E-01	 0.81037E-01	 0.90756E+00	 0.10468E+01	 0.10465E+01	 0.41421E+00	 0.41433E+00	 0.81219E+01	 0.81195E+01	 0.45723E+01	 0.10005E+04	 0.21891E+06	 0.49110E-11	-0.19770E+00	 0.12340E+00	 0.00000E+00	 0.16905E+01	 0.22428E+00
 0.30000E-02	 0.10000E-01	 0.81037E-01	 0.90756E+00	 0.54001E+00	 0.49723E+00	 0.45682E+00	 0.37733E+00	 0.11688E+03	 0.11517E+03	 0.45723E+01	 0.10005E+04	 0.21891E+06	 0.73538E-09	-0.19770E+00	 0.12340E+00	 0.00000E+00	 0.16905E+01	 0.22428E+00
 0.30000E-03	 0.10000E-01	 0.81037E-01	 0.90756E+00	 0.16928E+00	 0.81790E-01	-0.77849E+00	-0.15620E+00	 0.14198E+04	 0.12600E+04	 0.45723E+01	 0.10005E+04	 0.21891E+06	 0.20908E-06	-0.19770E+00	 0.12340E+00	 0.00000E+00	 0.16905E+01	 0.22428E+00
 0.30000E-04	 0.10000E-01	 0.81037E-01	 0.90756E+00	 0.31640E+00	 0.89908E-02	-0.65368E+01	-0.30344E+00	 0.17452E+05	 0.12699E+05	 0.45723E+01	 0.10005E+04	 0.21891E+06	 0.75065E-04	-0.19770E+00	 0.12340E+00	 0.00000E+00	 0.16905E+01	 0.22428E+00
 0.10000E+02	 0.10000E-02	 0.81037E-02	 0.90756E+00	 0.14805E+02	 0.14805E+02	 0.44314E-03	 0.44314E-03	 0.61523E-04	 0.61523E-04	 0.45723E+01	 0.10005E+04	 0.21891E+06	 0.12675E-11	-0.19770E+00	 0.12340E+00	 0.00000E+00	 0.16905E+01	 0.22428E+00
 0.10000E+03	 0.10000E-02	 0.81037E-02	 0.90756E+00	 0.31356E+02	 0.31356E+02	 0.18579E-05	 0.18579E-05	 0.63996E-07	 0.63996E-07	 0.45723E+01	 0.10005E+04	 0.21891E+06	 0.16219E-10	-0.19770E+00	 0.12340E+00	 0.00000E+00	 0.16905E+01	 0.22428E+00
 0.10000E+01	 0.10000E-02	 0.81037E-02	 0.90756E+00	 0.23631E+01	 0.23631E+01	 0.18637E-01	 0.18637E-01	 0.21715E-01	 0.21715E-01	 0.45723E+01	 0.10005E+04	 0.21891E+06	 0.13998E-12	-0.19770E+00	 0.12340E+00	 0.00000E+00	 0.16905E+01	 0.22428E+00
 0.10000E+00	 0.10000E-02	 0.81037E-02	 0.90756E+00	 0.11515E+01	 0.11514E+01	 0.15308E+00	 0.15317E+00	 0.15035E+01	 0.15029E+01	 0.45723E+01	 0.10005E+04	 0.21891E+06	 0.68393E-12	-0.19770E+00	 0.12340E+00	 0.00000E+00	 0.16905E+01	 0.22428E+00
 0.10000E-01	 0.10000E-02	 0.81037E-02	 0.90756E+00	 0.34617E+01	 0.34442E+01	 0.10458E+00	 0.95792E-01	 0.30669E+02	 0.30626E+02	 0.45723E+01	 0.10005E+04	 0.21891E+06	 0.10500E-09	-0.19770E+00	 0.12340E+00	 0.00000E+00	 0.16905E+01	 0.22428E+00
 0.10000E-02	 0.10000E-02	 0.81037E-02	 0.90756E+00	 0.69095E+01	 0.56270E+01	-0.41786E+00	-0.73992E+00	 0.37822E+03	 0.36301E+03	 0.45723E+01	 0.10005E+04	 0.21891E+06	 0.42090E-07	-0.19770E+00	 0.12340E+00	 0.00000E+00	 0.16905E+01	 0.22428E+00
 0.10000E-03	 0.10000E-02	 0.81037E-02	 0.90756E+00	 0.36796E+01	 0.11884E+01	-0.25670E+01	-0.42144E+00	 0.45366E+04	 0.37625E+04	 0.45723E+01	 0.10005E+04	 0.21891E+06	 0.38701E-04	-0.19770E+00	 0.12340E+00	 0.00000E+00	 0.16905E+01	 0.22428E+00
 0.30000E+02	 0.10000E-02	 0.81037E-02	 0.90756E+00	 0.29934E+02	 0.29934E+02	 0.36303E-04	 0.36303E-04	 0.23603E-05	 0.23603E-05	 0.45723E+01	 0.10005E+04	 0.21891E+06	 0.45238E-11	-0.19770E+00	 0.12340E+00	 0.00000E+00	 0.16905E+01	 0.22428E+00
 0.30000E+03	 0.10000E-02	 0.81037E-02	 0.90756E+00	 0.20965E+02	 0.20965E+02	 0.27810E-06	 0.27810E-06	 0.23711E-08	 0.23711E-08	 0.45723E+01	 0.10005E+04	 0.21891E+06	 0.67957E-10	-0.19770E+00	 0.12340E+00	 0.00000E+00	 0.16905E+01	 0.22428E+00
 0.30000E+01	 0.10000E-02	 0.81037E-02	 0.90756E+00	 0.58232E+01	 0.58232E+01	 0.37233E-02	 0.37233E-02	 0.17155E-02	 0.17155E-02	 0.45723E+01	 0.10005E+04	 0.21891E+06	 0.20003E-12	-0.19770E+00	 0.12340E+00	 0.00000E+00	 0.16905E+01	 0.22428E+00
 0.30000E+00	 0.10000E-02	 0.81037E-02	 0.90756E+00	 0.11583E+01	 0.11583E+01	 0.71107E-01	 0.71107E-01	 0.23670E+00	 0.23670E+00	 0.45723E+01	 0.10005E+04	 0.21891E+06	 0.17839E-12	-0.19770E+00	 0.12340E+00	 0.00000E+00	 0.16905E+01	 0.22428E+00
 0.30000E-01	 0.10000E-02	 0.81037E-02	 0.90756E+00	 0.18443E+01	 0.18438E+01	 0.22614E+00	 0.22677E+00	 0.81929E+01	 0.81905E+01	 0.45723E+01	 0.10005E+04	 0.21891E+06	 0.80282E-11	-0.19770E+00	 0.12340E+00	 0.00000E+00	 0.16905E+01	 0.22428E+00
 0.30000E-02	 0.10000E-02	 0.81037E-02	 0.90756E+00	 0.61412E+01	 0.58324E+01	-0.22749E+00	-0.46343E+00	 0.11585E+03	 0.11446E+03	 0.45723E+01	 0.10005E+04	 0.21891E+06	 0.96546E-09	-0.19770E+00	 0.12340E+00	 0.00000E+00	 0.16905E+01	 0.22428E+00
 0.30000E-03	 0.10000E-02	 0.81037E-02	 0.90756E+00	 0.54408E+01	 0.29985E+01	-0.13316E+01	-0.52966E+00	 0.13822E+04	 0.12449E+04	 0.45723E+01	 0.10005E+04	 0.21891E+06	 0.15986E-06	-0.19770E+00	 0.12340E+00	 0.00000E+00	 0.16905E+01	 0.22428E+00
 0.30000E-04	 0.10000E-02	 0.81037E-02	 0.90756E+00	 0.22154E+01	 0.36985E+00	-0.39907E+01	-0.38581E+00	 0.17051E+05	 0.12560E+05	 0.45723E+01	 0.10005E+04	 0.21891E+06	 0.13979E-03	-0.19770E+00	 0.12340E+00	 0.00000E+00	 0.16905E+01	 0.22428E+00
 0.10000E+02	 0.10000E-03	 0.81037E-03	 0.90756E+00	 0.21182E+02	 0.21182E+02	 0.36615E-03	 0.36615E-03	 0.61527E-04	 0.61527E-04	 0.45723E+01	 0.10005E+04	 0.21891E+06	 0.11082E-11	-0.19770E+00	 0.12340E+00	 0.00000E+00	 0.16905E+01	 0.22428E+00
 0.10000E+03	 0.10000E-03	 0.81037E-03	 0.90756E+00	 0.14774E+03	 0.14774E+03	 0.45502E-05	 0.45502E-05	 0.63996E-07	 0.63996E-07	 0.45723E+01	 0.10005E+04	 0.21891E+06	 0.46750E-10	-0.19770E+00	 0.12340E+00	 0.00000E+00	 0.16905E+01	 0.22428E+00
 0.10000E+01	 0.10000E-03	 0.81037E-03	 0.90756E+00	 0.24037E+01	 0.24037E+01	 0.18403E-01	 0.18403E-01	 0.21718E-01	 0.21718E-01	 0.45723E+01	 0.10005E+04	 0.21891E+06	 0.23158E-12	-0.19770E+00	 0.12340E+00	 0.00000E+00	 0.16905E+01	 0.22428E+00
 0.10000E+00	 0.10000E-03	 0.81037E-03	 0.90756E+00	 0.11530E+01	 0.11529E+01	 0.15272E+00	 0.15282E+00	 0.15036E+01	 0.15030E+01	 0.45723E+01	 0.10005E+04	 0.21891E+06	 0.90490E-12	-0.19770E+00	 0.12340E+00	 0.00000E+00	 0.16905E+01	 0.22428E+00
 0.10000E-01	 0.10000E-03	 0.81037E-03	 0.90756E+00	 0.37884E+01	 0.37696E+01	 0.12580E-01	 0.37445E-02	 0.30706E+02	 0.30663E+02	 0.45723E+01	 0.10005E+04	 0.21891E+06	 0.83582E-09	-0.19770E+00	 0.12340E+00	 0.00000E+00	 0.16905E+01	 0.22428E+00
 0.10000E-02	 0.10000E-03	 0.81037E-03	 0.90756E+00	 0.25242E+02	 0.21641E+02	-0.38543E+01	-0.47017E+01	 0.37950E+03	 0.36499E+03	 0.45723E+01	 0.10005E+04	 0.21891E+06	 0.50638E-08	-0.19770E+00	 0.12340E+00	 0.00000E+00	 0.16905E+01	 0.22428E+00
 0.10000E-03	 0.10000E-03	 0.81037E-03	 0.90756E+00	 0.81963E+02	 0.38673E+02	-0.10790E+02	-0.47333E+01	 0.45434E+04	 0.37873E+04	 0.45723E+01	 0.10005E+04	 0.21891E+06	 0.66958E-06	-0.19770E+00	 0.12340E+00	 0.00000E+00	 0.16905E+01	 0.22428E+00
 0.30000E+02	 0.10000E-03	 0.81037E-03	 0.90756E+00	 0.57165E+02	 0.57165E+02	 0.45569E-04	 0.45569E-04	 0.23604E-05	 0.23604E-05	 0.45723E+01	 0.10005E+04	 0.21891E+06	 0.23890E-11	-0.19770E+00	 0.12340E+00	 0.00000E+00	 0.16905E+01	 0.22428E+00
 0.30000E+03	 0.10000E-03	 0.81037E-03	 0.90756E+00	 0.29925E+03	 0.29925E+03	 0.36416E-06	 0.36416E-06	 0.23711E-08	 0.23711E-08	 0.45723E+01	 0.10005E+04	 0.21891E+06	 0.49804E-09	-0.19770E+00	 0.12340E+00	 0.00000E+00	 0.16905E+01	 0.22428E+00
 0.30000E+01	 0.10000E-03	 0.81037E-03	 0.90756E+00	 0.65701E+01	 0.65701E+01	 0.33797E-02	 0.33797E-02	 0.17158E-02	 0.17158E-02	 0.45723E+01	 0.10005E+04	 0.21891E+06	 0.12559E-12	-0.19770E+00	 0.12340E+00	 0.00000E+00	 0.16905E+01	 0.22428E+00
 0.30000E+00	 0.10000E-03	 0.81037E-03	 0.90756E+00	 0.11587E+01	 0.11587E+01	 0.71018E-01	 0.71018E-01	 0.23671E+00	 0.23671E+00	 0.45723E+01	 0.10005E+04	 0.21891E+06	 0.12039E-12	-0.19770E+00	 0.12340E+00	 0.00000E+00	 0.16905E+01	 0.22428E+00
 0.30000E-01	 0.10000E-03	 0.81037E-03	 0.90756E+00	 0.18731E+01	 0.18727E+01	 0.21901E+00	 0.21966E+00	 0.81953E+01	 0.81929E+01	 0.45723E+01	 0.10005E+04	 0.21891E+06	 0.84212E-11	-0.19770E+00	 0.12340E+00	 0.00000E+00	 0.16905E+01	 0.22428E+00
 0.30000E-02	 0.10000E-03	 0.81037E-03	 0.90756E+00	 0.98206E+01	 0.93770E+01	-0.12085E+01	-0.15138E+01	 0.11625E+03	 0.11492E+03	 0.45723E+01	 0.10005E+04	 0.21891E+06	 0.12560E-08	-0.19770E+00	 0.12340E+00	 0.00000E+00	 0.16905E+01	 0.22428E+00
 0.30000E-03	 0.10000E-03	 0.81037E-03	 0.90756E+00	 0.58855E+02	 0.41103E+02	-0.73855E+01	-0.59974E+01	 0.13854E+04	 0.12517E+04	 0.45723E+01	 0.10005E+04	 0.21891E+06	 0.39471E-07	-0.19770E+00	 0.12340E+00	 0.00000E+00	 0.16905E+01	 0.22428E+00
 0.30000E-04	 0.10000E-03	 0.81037E-03	 0.90756E+00	 0.62860E+02	 0.17655E+02	-0.13172E+02	-0.42032E+01	 0.17063E+05	 0.12651E+05	 0.45723E+01	 0.10005E+04	 0.21891E+06	 0.35897E-03	-0.19770E+00	 0.12340E+00	 0.00000E+00	 0.16905E+01	 0.22428E+00
 0.10000E+02	 0.10000E-04	 0.81037E-04	 0.90756E+00	 0.21579E+02	 0.21579E+02	 0.35960E-03	 0.35960E-03	 0.61527E-04	 0.61527E-04	 0.45723E+01	 0.10005E+04	 0.21891E+06	 0.10242E-11	-0.19770E+00	 0.12340E+00	 0.00000E+00	 0.16905E+01	 0.22428E+00
 0.10000E+03	 0.10000E-04	 0.81037E-04	 0.90756E+00	 0.21141E+03	 0.21141E+03	 0.37460E-05	 0.37460E-05	 0.63996E-07	 0.63996E-07	 0.45723E+01	 0.10005E+04	 0.21891E+06	 0.68631E-10	-0.19770E+00	 0.12340E+00	 0.00000E+00	 0.16905E+01	 0.22428E+00
 0.10000E+01	 0.10000E-04	 0.81037E-04	 0.90756E+00	 0.24045E+01	 0.24045E+01	 0.18401E-01	 0.18401E-01	 0.21718E-01	 0.21718E-01	 0.45723E+01	 0.10005E+04	 0.21891E+06	 0.58111E-12	-0.19770E+00	 0.12340E+00	 0.00000E+00	 0.16905E+01	 0.22428E+00
 0.10000E+00	 0.10000E-04	 0.81037E-04	 0.90756E+00	 0.11558E+01	 0.11557E+01	 0.15271E+00	 0.15281E+00	 0.15036E+01	 0.15030E+01	 0.45723E+01	 0.10005E+04	 0.21891E+06	 0.93719E-12	-0.19770E+00	 0.12340E+00	 0.00000E+00	 0.16905E+01	 0.22428E+00
 0.10000E-01	 0.10000E-04	 0.81037E-04	 0.90756E+00	 0.37991E+01	 0.37803E+01	 0.11904E-01	 0.30772E-02	 0.30707E+02	 0.30664E+02	 0.45723E+01	 0.10005E+04	 0.21891E+06	 0.32120E-08	-0.19770E+00	 0.12340E+00	 0.00000E+00	 0.16905E+01	 0.22428E+00
 0.10000E-02	 0.10000E-04	 0.81037E-04	 0.90756E+00	 0.26770E+02	 0.22992E+02	-0.42198E+01	-0.51223E+01	 0.37962E+03	 0.36517E+03	 0.45723E+01	 0.10005E+04	 0.21891E+06	 0.11886E-07	-0.19770E+00	 0.12340E+00	 0.00000E+00	 0.16905E+01	 0.22428E+00
 0.10000E-03	 0.10000E-04	 0.81037E-04	 0.90756E+00	 0.24472E+03	 0.11997E+03	-0.25269E+02	-0.18751E+02	 0.45467E+04	 0.37959E+04	 0.45723E+01	 0.10005E+04	 0.21891E+06	 0.37455E-06	-0.19770E+00	 0.12340E+00	 0.00000E+00	 0.16905E+01	 0.22428E+00
 0.30000E+02	 0.10000E-04	 0.81037E-04	 0.90756E+00	 0.64526E+02	 0.64526E+02	 0.40831E-04	 0.40831E-04	 0.23604E-05	 0.23604E-05	 0.45723E+01	 0.10005E+04	 0.21891E+06	 0.30479E-11	-0.19770E+00	 0.12340E+00	 0.00000E+00	 0.16905E+01	 0.22428E+00
 0.30000E+03	 0.10000E-04	 0.81037E-04	 0.90756E+00	 0.57153E+03	 0.57153E+03	 0.45697E-06	 0.45697E-06	 0.23711E-08	 0.23711E-08	 0.45723E+01	 0.10005E+04	 0.21891E+06	 0.56165E-09	-0.19770E+00	 0.12340E+00	 0.00000E+00	 0.16905E+01	 0.22428E+00
 0.30000E+01	 0.10000E-04	 0.81037E-04	 0.90756E+00	 0.65817E+01	 0.65817E+01	 0.33746E-02	 0.33746E-02	 0.17158E-02	 0.17158E-02	 0.45723E+01	 0.10005E+04	 0.21891E+06	 0.97769E-13	-0.19770E+00	 0.12340E+00	 0.00000E+00	 0.16905E+01	 0.22428E+00
 0.30000E+00	 0.10000E-04	 0.81037E-04	 0.90756E+00	 0.11598E+01	 0.11598E+01	 0.71018E-01	 0.71018E-01	 0.23671E+00	 0.23671E+00	 0.45723E+01	 0.10005E+04	 0.21891E+06	 0.22381E-12	-0.19770E+00	 0.12340E+00	 0.00000E+00	 0.16905E+01	 0.22428E+00
 0.30000E-01	 0.10000E-04	 0.81037E-04	 0.90756E+00	 0.18793E+01	 0.18788E+01	 0.21879E+00	 0.21944E+00	 0.81953E+01	 0.81929E+01	 0.45723E+01	 0.10005E+04	 0.21891E+06	 0.82135E-11	-0.19770E+00	 0.12340E+00	 0.00000E+00	 0.16905E+01	 0.22428E+00
 0.30000E-02	 0.10000E-04	 0.81037E-04	 0.90756E+00	 0.99101E+01	 0.94641E+01	-0.12306E+01	-0.15371E+01	 0.11626E+03	 0.11493E+03	 0.45723E+01	 0.10005E+04	 0.21891E+06	 0.68212E-09	-0.19770E+00	 0.12340E+00	 0.00000E+00	 0.16905E+01	 0.22428E+00
 0.30000E-03	 0.10000E-04	 0.81037E-04	 0.90756E+00	 0.85244E+02	 0.60333E+02	-0.11356E+02	-0.10182E+02	 0.13864E+04	 0.12536E+04	 0.45723E+01	 0.10005E+04	 0.21891E+06	 0.62066E-07	-0.19770E+00	 0.12340E+00	 0.00000E+00	 0.16905E+01	 0.22428E+00
 0.30000E-04	 0.10000E-04	 0.81037E-04	 0.90756E+00	 0.66407E+03	 0.12146E+03	-0.49700E+02	-0.35429E+02	 0.17070E+05	 0.12689E+05	 0.45723E+01	 0.10005E+04	 0.21891E+06	 0.18361E-04	-0.19770E+00	 0.12340E+00	 0.00000E+00	 0.16905E+01	 0.22428E+00
 0.10000E+02	 0.30000E+00	 0.24311E+01	 0.90756E+00	 0.35281E-01	 0.35281E-01	 0.38479E-03	 0.38479E-03	 0.11825E-03	 0.11825E-03	 0.45723E+01	 0.10005E+04	 0.21891E+06	 0.66430E-10	-0.19770E+00	 0.12340E+00	 0.00000E+00	 0.16905E+01	 0.22428E+00
 0.10000E+03	 0.30000E+00	 0.24311E+01	 0.90756E+00	 0.12239E-01	 0.12239E-01	 0.48930E-05	 0.48930E-05	 0.13049E-06	 0.13049E-06	 0.45723E+01	 0.10005E+04	 0.21891E+06	 0.21097E-08	-0.19770E+00	 0.12340E+00	 0.00000E+00	 0.16905E+01	 0.22428E+00
 0.10000E+01	 0.30000E+00	 0.24311E+01	 0.90756E+00	 0.89507E-01	 0.89507E-01	 0.10870E-01	 0.10870E-01	 0.27305E-01	 0.27305E-01	 0.45723E+01	 0.10005E+04	 0.21891E+06	 0.16018E-08	-0.19770E+00	 0.12340E+00	 0.00000E+00	 0.16905E+01	 0.22428E+00
 0.10000E+00	 0.30000E+00	 0.24311E+01	 0.90756E+00	 0.78268E-01	 0.78254E-01	 0.89729E-01	 0.89704E-01	 0.15372E+01	 0.15366E+01	 0.45723E+01	 0.10005E+04	 0.21891E+06	 0.98378E-08	-0.19770E+00	 0.12340E+00	 0.00000E+00	 0.16905E+01	 0.22428E+00
 0.10000E-01	 0.30000E+00	 0.24311E+01	 0.90756E+00	 0.42908E-01	 0.42737E-01	 0.33250E+00	 0.33143E+00	 0.39133E+02	 0.38861E+02	 0.45723E+01	 0.10005E+04	 0.21891E+06	 0.16497E-06	-0.19770E+00	 0.12340E+00	 0.00000E+00	 0.16905E+01	 0.22428E+00
 0.10000E-02	 0.30000E+00	 0.24311E+01	 0.90756E+00	 0.16676E-01	 0.15631E-01	 0.36093E+00	 0.35112E+00	 0.56672E+03	 0.53464E+03	 0.45723E+01	 0.10005E+04	 0.21891E+06	 0.95348E-06	-0.19770E+00	 0.12340E+00	 0.00000E+00	 0.16905E+01	 0.22428E+00
 0.10000E-03	 0.30000E+00	 0.24311E+01	 0.90756E+00	 0.11967E-01	 0.25485E-02	 0.30033E+00	 0.31604E+00	 0.63542E+04	 0.56601E+04	 0.45723E+01	 0.10005E+04	 0.21891E+06	 0.86280E-04	-0.19770E+00	 0.12340E+00	 0.00000E+00	 0.16905E+01	 0.22428E+00
 0.30000E+02	 0.30000E+00	 0.24311E+01	 0.90756E+00	 0.24719E-01	 0.24719E-01	 0.48781E-04	 0.48781E-04	 0.47603E-05	 0.47603E-05	 0.45723E+01	 0.10005E+04	 0.21891E+06	 0.63215E-09	-0.19770E+00	 0.12340E+00	 0.00000E+00	 0.16905E+01	 0.22428E+00
 0.30000E+03	 0.30000E+00	 0.24311E+01	 0.90756E+00	 0.46151E-02	 0.46151E-02	 0.55660E-06	 0.55660E-06	 0.48411E-08	 0.48411E-08	 0.45723E+01	 0.10005E+04	 0.21891E+06	 0.72118E-08	-0.19770E+00	 0.12340E+00	 0.00000E+00	 0.16905E+01	 0.22428E+00
 0.30000E+01	 0.30000E+00	 0.24311E+01	 0.90756E+00	 0.57520E-01	 0.57520E-01	 0.29414E-02	 0.29414E-02	 0.28343E-02	 0.28343E-02	 0.45723E+01	 0.10005E+04	 0.21891E+06	 0.33128E-09	-0.19770E+00	 0.12340E+00	 0.00000E+00	 0.16905E+01	 0.22428E+00
 0.30000E+00	 0.30000E+00	 0.24311E+01	 0.90756E+00	 0.98492E-01	 0.98492E-01	 0.33516E-01	 0.33516E-01	 0.23927E+00	 0.23927E+00	 0.45723E+01	 0.10005E+04	 0.21891E+06	 0.20533E-08	-0.19770E+00	 0.12340E+00	 0.00000E+00	 0.16905E+01	 0.22428E+00
 0.30000E-01	 0.30000E+00	 0.24311E+01	 0.90756E+00	 0.62647E-01	 0.62616E-01	 0.22201E+00	 0.22189E+00	 0.92338E+01	 0.92291E+01	 0.45723E+01	 0.10005E+04	 0.21891E+06	 0.25323E-07	-0.19770E+00	 0.12340E+00	 0.00000E+00	 0.16905E+01	 0.22428E+00
 0.30000E-02	 0.30000E+00	 0.24311E+01	 0.90756E+00	 0.27131E-01	 0.26692E-01	 0.38102E+00	 0.37594E+00	 0.16579E+03	 0.16087E+03	 0.45723E+01	 0.10005E+04	 0.21891E+06	 0.26470E-06	-0.19770E+00	 0.12340E+00	 0.00000E+00	 0.16905E+01	 0.22428E+00
 0.30000E-03	 0.30000E+00	 0.24311E+01	 0.90756E+00	 0.99023E-02	 0.66680E-02	 0.30977E+00	 0.31912E+00	 0.20379E+04	 0.18662E+04	 0.45723E+01	 0.10005E+04	 0.21891E+06	 0.99408E-05	-0.19770E+00	 0.12340E+00	 0.00000E+00	 0.16905E+01	 0.22428E+00
 0.30000E-04	 0.30000E+00	 0.24311E+01	 0.90756E+00	 0.31007E-01	 0.79718E-03	 0.31451E+00	 0.31741E+00	 0.21615E+05	 0.18910E+05	 0.45723E+01	 0.10005E+04	 0.21891E+06	 0.17709E-02	-0.19770E+00	 0.12340E+00	 0.00000E+00	 0.16905E+01	 0.22428E+00
 0.10000E+02	 0.30000E-01	 0.24311E+00	 0.90756E+00	 0.71277E+00	 0.71277E+00	 0.25289E-03	 0.25289E-03	 0.62020E-04	 0.62020E-04	 0.45723E+01	 0.10005E+04	 0.21891E+06	 0.64578E-11	-0.19770E+00	 0.12340E+00	 0.00000E+00	 0.16905E+01	 0.22428E+00
 0.10000E+03	 0.30000E-01	 0.24311E+00	 0.90756E+00	 0.29036E+00	 0.29036E+00	 0.43361E-05	 0.43361E-05	 0.64642E-07	 0.64642E-07	 0.45723E+01	 0.10005E+04	 0.21891E+06	 0.14831E-09	-0.19770E+00	 0.12340E+00	 0.00000E+00	 0.16905E+01	 0.22428E+00
 0.10000E+01	 0.30000E-01	 0.24311E+00	 0.90756E+00	 0.12656E+01	 0.12656E+01	 0.15333E-01	 0.15333E-01	 0.21758E-01	 0.21758E-01	 0.45723E+01	 0.10005E+04	 0.21891E+06	 0.61013E-12	-0.19770E+00	 0.12340E+00	 0.00000E+00	 0.16905E+01	 0.22428E+00
 0.10000E+00	 0.30000E-01	 0.24311E+00	 0.90756E+00	 0.69738E+00	 0.69727E+00	 0.21924E+00	 0.21919E+00	 0.14821E+01	 0.14815E+01	 0.45723E+01	 0.10005E+04	 0.21891E+06	 0.51955E-11	-0.19770E+00	 0.12340E+00	 0.00000E+00	 0.16905E+01	 0.22428E+00
 0.10000E-01	 0.30000E-01	 0.24311E+00	 0.90756E+00	 0.33050E+00	 0.32766E+00	 0.29727E+00	 0.29138E+00	 0.34782E+02	 0.34680E+02	 0.45723E+01	 0.10005E+04	 0.21891E+06	 0.17445E-09	-0.19770E+00	 0.12340E+00	 0.00000E+00	 0.16905E+01	 0.22428E+00
 0.10000E-02	 0.30000E-01	 0.24311E+00	 0.90756E+00	 0.80432E-01	 0.66764E-01	 0.65911E-01	-0.54185E-01	 0.45533E+03	 0.43319E+03	 0.45723E+01	 0.10005E+04	 0.21891E+06	 0.16368E-07	-0.19770E+00	 0.12340E+00	 0.00000E+00	 0.16905E+01	 0.22428E+00
 0.10000E-03	 0.30000E-01	 0.24311E+00	 0.90756E+00	 0.46354E-01	 0.75179E-02	 0.70064E-01	-0.13883E+00	 0.51418E+04	 0.44405E+04	 0.45723E+01	 0.10005E+04	 0.21891E+06	 0.11206E-05	-0.19770E+00	 0.12340E+00	 0.00000E+00	 0.16905E+01	 0.22428E+00
 0.30000E+02	 0.30000E-01	 0.24311E+00	 0.90756E+00	 0.47466E+00	 0.47466E+00	 0.43340E-04	 0.43340E-04	 0.23830E-05	 0.23830E-05	 0.45723E+01	 0.10005E+04	 0.21891E+06	 0.46104E-10	-0.19770E+00	 0.12340E+00	 0.00000E+00	 0.16905E+01	 0.22428E+00
 0.30000E+03	 0.30000E-01	 0.24311E+00	 0.90756E+00	 0.22684E+00	 0.22684E+00	 0.49022E-06	 0.49022E-06	 0.23955E-08	 0.23955E-08	 0.45723E+01	 0.10005E+04	 0.21891E+06	 0.17830E-09	-0.19770E+00	 0.12340E+00	 0.00000E+00	 0.16905E+01	 0.22428E+00
 0.30000E+01	 0.30000E-01	 0.24311E+00	 0.90756E+00	 0.11501E+01	 0.11501E+01	 0.18979E-02	 0.18979E-02	 0.17237E-02	 0.17237E-02	 0.45723E+01	 0.10005E+04	 0.21891E+06	 0.18500E-11	-0.19770E+00	 0.12340E+00	 0.00000E+00	 0.16905E+01	 0.22428E+00
 0.30000E+00	 0.30000E-01	 0.24311E+00	 0.90756E+00	 0.90364E+00	 0.90364E+00	 0.83322E-01	 0.83322E-01	 0.23559E+00	 0.23559E+00	 0.45723E+01	 0.10005E+04	 0.21891E+06	 0.88333E-11	-0.19770E+00	 0.12340E+00	 0.00000E+00	 0.16905E+01	 0.22428E+00
 0.30000E-01	 0.30000E-01	 0.24311E+00	 0.90756E+00	 0.51683E+00	 0.51657E+00	 0.37705E+00	 0.37667E+00	 0.84702E+01	 0.84659E+01	 0.45723E+01	 0.10005E+04	 0.21891E+06	 0.63655E-10	-0.19770E+00	 0.12340E+00	 0.00000E+00	 0.16905E+01	 0.22428E+00
 0.30000E-02	 0.30000E-01	 0.24311E+00	 0.90756E+00	 0.17134E+00	 0.16049E+00	 0.12717E+00	 0.66380E-01	 0.13884E+03	 0.13645E+03	 0.45723E+01	 0.10005E+04	 0.21891E+06	 0.13872E-08	-0.19770E+00	 0.12340E+00	 0.00000E+00	 0.16905E+01	 0.22428E+00
 0.30000E-03	 0.30000E-01	 0.24311E+00	 0.90756E+00	 0.40279E-01	 0.21970E-01	 0.46759E-01	-0.11822E+00	 0.16221E+04	 0.14743E+04	 0.45723E+01	 0.10005E+04	 0.21891E+06	 0.10453E-05	-0.19770E+00	 0.12340E+00	 0.00000E+00	 0.16905E+01	 0.22428E+00
 0.30000E-04	 0.30000E-01	 0.24311E+00	 0.90756E+00	 0.12035E+00	 0.22747E-02	 0.41036E-02	-0.14370E+00	 0.18469E+05	 0.14810E+05	 0.45723E+01	 0.10005E+04	 0.21891E+06	 0.14401E-02	-0.19770E+00	 0.12340E+00	 0.00000E+00	 0.16905E+01	 0.22428E+00
 0.10000E+02	 0.30000E-02	 0.24311E-01	 0.90756E+00	 0.10005E+02	 0.10005E+02	 0.31902E-03	 0.31902E-03	 0.61518E-04	 0.61518E-04	 0.45723E+01	 0.10005E+04	 0.21891E+06	 0.28807E-12	-0.19770E+00	 0.12340E+00	 0.00000E+00	 0.16905E+01	 0.22428E+00
 0.10000E+03	 0.30000E-02	 0.24311E-01	 0.90756E+00	 0.69895E+01	 0.69895E+01	 0.25032E-05	 0.25032E-05	 0.64001E-07	 0.64001E-07	 0.45723E+01	 0.10005E+04	 0.21891E+06	 0.21550E-10	-0.19770E+00	 0.12340E+00	 0.00000E+00	 0.16905E+01	 0.22428E+00
 0.10000E+01	 0.30000E-02	 0.24311E-01	 0.90756E+00	 0.21452E+01	 0.21452E+01	 0.19900E-01	 0.19900E-01	 0.21703E-01	 0.21703E-01	 0.45723E+01	 0.10005E+04	 0.21891E+06	 0.11874E-12	-0.19770E+00	 0.12340E+00	 0.00000E+00	 0.16905E+01	 0.22428E+00
 0.10000E+00	 0.30000E-02	 0.24311E-01	 0.90756E+00	 0.11397E+01	 0.11396E+01	 0.15585E+00	 0.15594E+00	 0.15026E+01	 0.15020E+01	 0.45723E+01	 0.10005E+04	 0.21891E+06	 0.80370E-12	-0.19770E+00	 0.12340E+00	 0.00000E+00	 0.16905E+01	 0.22428E+00
 0.10000E-01	 0.30000E-02	 0.24311E-01	 0.90756E+00	 0.23303E+01	 0.23173E+01	 0.41175E+00	 0.40355E+00	 0.30532E+02	 0.30488E+02	 0.45723E+01	 0.10005E+04	 0.21891E+06	 0.40439E-10	-0.19770E+00	 0.12340E+00	 0.00000E+00	 0.16905E+01	 0.22428E+00
 0.10000E-02	 0.30000E-02	 0.24311E-01	 0.90756E+00	 0.17446E+01	 0.13160E+01	 0.13073E+00	-0.39314E-01	 0.37775E+03	 0.36180E+03	 0.45723E+01	 0.10005E+04	 0.21891E+06	 0.18872E-07	-0.19770E+00	 0.12340E+00	 0.00000E+00	 0.16905E+01	 0.22428E+00
 0.10000E-03	 0.30000E-02	 0.24311E-01	 0.90756E+00	 0.64347E+00	 0.18335E+00	-0.11055E+01	-0.17492E+00	 0.45352E+04	 0.37428E+04	 0.45723E+01	 0.10005E+04	 0.21891E+06	 0.38792E-04	-0.19770E+00	 0.12340E+00	 0.00000E+00	 0.16905E+01	 0.22428E+00
 0.30000E+02	 0.30000E-02	 0.24311E-01	 0.90756E+00	 0.10757E+02	 0.10757E+02	 0.20788E-04	 0.20788E-04	 0.23604E-05	 0.23604E-05	 0.45723E+01	 0.10005E+04	 0.21891E+06	 0.32823E-11	-0.19770E+00	 0.12340E+00	 0.00000E+00	 0.16905E+01	 0.22428E+00
 0.30000E+03	 0.30000E-02	 0.24311E-01	 0.90756E+00	 0.47121E+01	 0.47121E+01	 0.43133E-06	 0.43133E-06	 0.23713E-08	 0.23713E-08	 0.45723E+01	 0.10005E+04	 0.21891E+06	 0.24728E-10	-0.19770E+00	 0.12340E+00	 0.00000E+00	 0.16905E+01	 0.22428E+00
 0.30000E+01	 0.30000E-02	 0.24311E-01	 0.90756E+00	 0.46304E+01	 0.46304E+01	 0.40761E-02	 0.40761E-02	 0.17149E-02	 0.17149E-02	 0.45723E+01	 0.10005E+04	 0.21891E+06	 0.99209E-13	-0.19770E+00	 0.12340E+00	 0.00000E+00	 0.16905E+01	 0.22428E+00
 0.30000E+00	 0.30000E-02	 0.24311E-01	 0.90756E+00	 0.11547E+01	 0.11547E+01	 0.71837E-01	 0.71837E-01	 0.23661E+00	 0.23661E+00	 0.45723E+01	 0.10005E+04	 0.21891E+06	 0.14675E-12	-0.19770E+00	 0.12340E+00	 0.00000E+00	 0.16905E+01	 0.22428E+00
 0.30000E-01	 0.30000E-02	 0.24311E-01	 0.90756E+00	 0.16650E+01	 0.16646E+01	 0.27146E+00	 0.27199E+00	 0.81770E+01	 0.81746E+01	 0.45723E+01	 0.10005E+04	 0.21891E+06	 0.69932E-11	-0.19770E+00	 0.12340E+00	 0.00000E+00	 0.16905E+01	 0.22428E+00
 0.30000E-02	 0.30000E-02	 0.24311E-01	 0.90756E+00	 0.23541E+01	 0.22045E+01	 0.45735E+00	 0.30572E+00	 0.11547E+03	 0.11401E+03	 0.45723E+01	 0.10005E+04	 0.21891E+06	 0.45227E-09	-0.19770E+00	 0.12340E+00	 0.00000E+00	 0.16905E+01	 0.22428E+00
 0.30000E-03	 0.30000E-02	 0.24311E-01	 0.90756E+00	 0.10508E+01	 0.51623E+00	-0.46971E+00	-0.15186E+00	 0.13813E+04	 0.12396E+04	 0.45723E+01	 0.10005E+04	 0.21891E+06	 0.10508E-05	-0.19770E+00	 0.12340E+00	 0.00000E+00	 0.16905E+01	 0.22428E+00
 0.30000E-04	 0.30000E-02	 0.24311E-01	 0.90756E+00	 0.57828E+00	 0.55568E-01	-0.21108E+01	-0.17949E+00	 0.17053E+05	 0.12490E+05	 0.45723E+01	 0.10005E+04	 0.21891E+06	 0.56932E-04	-0.19770E+00	 0.12340E+00	 0.00000E+00	 0.16905E+01	 0.22428E+00
 0.10000E+02	 0.30000E-03	 0.24311E-02	 0.90756E+00	 0.19088E+02	 0.19088E+02	 0.40130E-03	 0.40130E-03	 0.61526E-04	 0.61526E-04	 0.45723E+01	 0.10005E+04	 0.21891E+06	 0.50228E-12	-0.19770E+00	 0.12340E+00	 0.00000E+00	 0.16905E+01	 0.22428E+00
 0.10000E+03	 0.30000E-03	 0.24311E-02	 0.90756E+00	 0.99751E+02	 0.99751E+02	 0.32766E-05	 0.32766E-05	 0.63996E-07	 0.63996E-07	 0.45723E+01	 0.10005E+04	 0.21891E+06	 0.61768E-10	-0.19770E+00	 0.12340E+00	 0.00000E+00	 0.16905E+01	 0.22428E+00
 0.10000E+01	 0.30000E-03	 0.24311E-02	 0.90756E+00	 0.24002E+01	 0.24002E+01	 0.18423E-01	 0.18423E-01	 0.21717E-01	 0.21717E-01	 0.45723E+01	 0.10005E+04	 0.21891E+06	 0.10782E-12	-0.19770E+00	 0.12340E+00	 0.00000E+00	 0.16905E+01	 0.22428E+00
 0.10000E+00	 0.30000E-03	 0.24311E-02	 0.90756E+00	 0.11529E+01	 0.11528E+01	 0.15275E+00	 0.15285E+00	 0.15036E+01	 0.15030E+01	 0.45723E+01	 0.10005E+04	 0.21891E+06	 0.77407E-12	-0.19770E+00	 0.12340E+00	 0.00000E+00	 0.16905E+01	 0.22428E+00
 0.10000E-01	 0.30000E-03	 0.24311E-02	 0.90756E+00	 0.37572E+01	 0.37385E+01	 0.21255E-01	 0.12422E-01	 0.30703E+02	 0.30660E+02	 0.45723E+01	 0.10005E+04	 0.21891E+06	 0.88389E-09	-0.19770E+00	 0.12340E+00	 0.00000E+00	 0.16905E+01	 0.22428E+00
 0.10000E-02	 0.30000E-03	 0.24311E-02	 0.90756E+00	 0.18562E+02	 0.15785E+02	-0.23911E+01	-0.30355E+01	 0.37904E+03	 0.36431E+03	 0.45723E+01	 0.10005E+04	 0.21891E+06	 0.64264E-08	-0.19770E+00	 0.12340E+00	 0.00000E+00	 0.16905E+01	 0.22428E+00
 0.10000E-03	 0.30000E-03	 0.24311E-02	 0.90756E+00	 0.21521E+02	 0.84777E+01	-0.54678E+01	-0.13117E+01	 0.45407E+04	 0.37788E+04	 0.45723E+01	 0.10005E+04	 0.21891E+06	 0.21649E-05	-0.19770E+00	 0.12340E+00	 0.00000E+00	 0.16905E+01	 0.22428E+00
 0.30000E+02	 0.30000E-03	 0.24311E-02	 0.90756E+00	 0.45366E+02	 0.45366E+02	 0.50601E-04	 0.50601E-04	 0.23603E-05	 0.23603E-05	 0.45723E+01	 0.10005E+04	 0.21891E+06	 0.44653E-11	-0.19770E+00	 0.12340E+00	 0.00000E+00	 0.16905E+01	 0.22428E+00
 0.30000E+03	 0.30000E-03	 0.24311E-02	 0.90756E+00	 0.10749E+03	 0.10749E+03	 0.20827E-06	 0.20827E-06	 0.23711E-08	 0.23711E-08	 0.45723E+01	 0.10005E+04	 0.21891E+06	 0.31274E-09	-0.19770E+00	 0.12340E+00	 0.00000E+00	 0.16905E+01	 0.22428E+00
 0.30000E+01	 0.30000E-03	 0.24311E-02	 0.90756E+00	 0.64817E+01	 0.64817E+01	 0.34197E-02	 0.34197E-02	 0.17158E-02	 0.17158E-02	 0.45723E+01	 0.10005E+04	 0.21891E+06	 0.46931E-12	-0.19770E+00	 0.12340E+00	 0.00000E+00	 0.16905E+01	 0.22428E+00
 0.30000E+00	 0.30000E-03	 0.24311E-02	 0.90756E+00	 0.11586E+01	 0.11586E+01	 0.71026E-01	 0.71025E-01	 0.23671E+00	 0.23671E+00	 0.45723E+01	 0.10005E+04	 0.21891E+06	 0.14746E-12	-0.19770E+00	 0.12340E+00	 0.00000E+00	 0.16905E+01	 0.22428E+00
 0.30000E-01	 0.30000E-03	 0.24311E-02	 0.90756E+00	 0.18706E+01	 0.18702E+01	 0.21960E+00	 0.22025E+00	 0.81951E+01	 0.81927E+01	 0.45723E+01	 0.10005E+04	 0.21891E+06	 0.85655E-11	-0.19770E+00	 0.12340E+00	 0.00000E+00	 0.16905E+01	 0.22428E+00
 0.30000E-02	 0.30000E-03	 0.24311E-02	 0.90756E+00	 0.92319E+01	 0.88078E+01	-0.10413E+01	-0.13358E+01	 0.11618E+03	 0.11484E+03	 0.45723E+01	 0.10005E+04	 0.21891E+06	 0.71918E-09	-0.19770E+00	 0.12340E+00	 0.00000E+00	 0.16905E+01	 0.22428E+00
 0.30000E-03	 0.30000E-03	 0.24311E-02	 0.90756E+00	 0.24255E+02	 0.15816E+02	-0.34235E+01	-0.21131E+01	 0.13841E+04	 0.12494E+04	 0.45723E+01	 0.10005E+04	 0.21891E+06	 0.16769E-06	-0.19770E+00	 0.12340E+00	 0.00000E+00	 0.16905E+01	 0.22428E+00
 0.30000E-04	 0.30000E-03	 0.24311E-02	 0.90756E+00	 0.12000E+02	 0.28769E+01	-0.75496E+01	-0.10556E+01	 0.17058E+05	 0.12618E+05	 0.45723E+01	 0.10005E+04	 0.21891E+06	 0.22550E-03	-0.19770E+00	 0.12340E+00	 0.00000E+00	 0.16905E+01	 0.22428E+00
 0.10000E+02	 0.30000E-04	 0.24311E-03	 0.90756E+00	 0.21545E+02	 0.21545E+02	 0.36015E-03	 0.36015E-03	 0.61527E-04	 0.61527E-04	 0.45723E+01	 0.10005E+04	 0.21891E+06	 0.13208E-11	-0.19770E+00	 0.12340E+00	 0.00000E+00	 0.16905E+01	 0.22428E+00
 0.10000E+03	 0.30000E-04	 0.24311E-03	 0.90756E+00	 0.19051E+03	 0.19051E+03	 0.41118E-05	 0.41118E-05	 0.63996E-07	 0.63996E-07	 0.45723E+01	 0.10005E+04	 0.21891E+06	 0.10556E-09	-0.19770E+00	 0.12340E+00	 0.00000E+00	 0.16905E+01	 0.22428E+00
 0.10000E+01	 0.30000E-04	 0.24311E-03	 0.90756E+00	 0.24041E+01	 0.24041E+01	 0.18401E-01	 0.18401E-01	 0.21718E-01	 0.21718E-01	 0.45723E+01	 0.10005E+04	 0.21891E+06	 0.17565E-12	-0.19770E+00	 0.12340E+00	 0.00000E+00	 0.16905E+01	 0.22428E+00
 0.10000E+00	 0.30000E-04	 0.24311E-03	 0.90756E+00	 0.11533E+01	 0.11533E+01	 0.15272E+00	 0.15281E+00	 0.15036E+01	 0.15030E+01	 0.45723E+01	 0.10005E+04	 0.21891E+06	 0.95112E-12	-0.19770E+00	 0.12340E+00	 0.00000E+00	 0.16905E+01	 0.22428E+00
 0.10000E-01	 0.30000E-04	 0.24311E-03	 0.90756E+00	 0.37939E+01	 0.37752E+01	 0.11687E-01	 0.28538E-02	 0.30706E+02	 0.30664E+02	 0.45723E+01	 0.10005E+04	 0.21891E+06	 0.35047E-08	-0.19770E+00	 0.12340E+00	 0.00000E+00	 0.16905E+01	 0.22428E+00
 0.10000E-02	 0.30000E-04	 0.24311E-03	 0.90756E+00	 0.26630E+02	 0.22867E+02	-0.41862E+01	-0.50827E+01	 0.37961E+03	 0.36515E+03	 0.45723E+01	 0.10005E+04	 0.21891E+06	 0.15050E-07	-0.19770E+00	 0.12340E+00	 0.00000E+00	 0.16905E+01	 0.22428E+00
 0.10000E-03	 0.30000E-04	 0.24311E-03	 0.90756E+00	 0.19446E+03	 0.96645E+02	-0.19966E+02	-0.13418E+02	 0.45456E+04	 0.37927E+04	 0.45723E+01	 0.10005E+04	 0.21891E+06	 0.47955E-06	-0.19770E+00	 0.12340E+00	 0.00000E+00	 0.16905E+01	 0.22428E+00
 0.30000E+02	 0.30000E-04	 0.24311E-03	 0.90756E+00	 0.63654E+02	 0.63654E+02	 0.41383E-04	 0.41383E-04	 0.23604E-05	 0.23604E-05	 0.45723E+01	 0.10005E+04	 0.21891E+06	 0.68316E-11	-0.19770E+00	 0.12340E+00	 0.00000E+00	 0.16905E+01	 0.22428E+00
 0.30000E+03	 0.30000E-04	 0.24311E-03	 0.90756E+00	 0.45356E+03	 0.45356E+03	 0.50754E-06	 0.50754E-06	 0.23711E-08	 0.23711E-08	 0.45723E+01	 0.10005E+04	 0.21891E+06	 0.87055E-09	-0.19770E+00	 0.12340E+00	 0.00000E+00	 0.16905E+01	 0.22428E+00
 0.30000E+01	 0.30000E-04	 0.24311E-03	 0.90756E+00	 0.65807E+01	 0.65807E+01	 0.33750E-02	 0.33750E-02	 0.17158E-02	 0.17158E-02	 0.45723E+01	 0.10005E+04	 0.21891E+06	 0.33072E-12	-0.19770E+00	 0.12340E+00	 0.00000E+00	 0.16905E+01	 0.22428E+00
 0.30000E+00	 0.30000E-04	 0.24311E-03	 0.90756E+00	 0.11588E+01	 0.11588E+01	 0.71018E-01	 0.71018E-01	 0.23671E+00	 0.23671E+00	 0.45723E+01	 0.10005E+04	 0.21891E+06	 0.12306E-12	-0.19770E+00	 0.12340E+00	 0.00000E+00	 0.16905E+01	 0.22428E+00
 0.30000E-01	 0.30000E-04	 0.24311E-03	 0.90756E+00	 0.18742E+01	 0.18738E+01	 0.21892E+00	 0.21957E+00	 0.81953E+01	 0.81929E+01	 0.45723E+01	 0.10005E+04	 0.21891E+06	 0.92418E-11	-0.19770E+00	 0.12340E+00	 0.00000E+00	 0.16905E+01	 0.22428E+00
 0.30000E-02	 0.30000E-04	 0.24311E-03	 0.90756E+00	 0.99011E+01	 0.94553E+01	-0.12293E+01	-0.15357E+01	 0.11626E+03	 0.11493E+03	 0.45723E+01	 0.10005E+04	 0.21891E+06	 0.63812E-09	-0.19770E+00	 0.12340E+00	 0.00000E+00	 0.16905E+01	 0.22428E+00
 0.30000E-03	 0.30000E-04	 0.24311E-03	 0.90756E+00	 0.81531E+02	 0.57614E+02	-0.10712E+02	-0.94598E+01	 0.13862E+04	 0.12532E+04	 0.45723E+01	 0.10005E+04	 0.21891E+06	 0.46805E-07	-0.19770E+00	 0.12340E+00	 0.00000E+00	 0.16905E+01	 0.22428E+00
 0.30000E-04	 0.30000E-04	 0.24311E-03	 0.90756E+00	 0.29780E+03	 0.74144E+02	-0.27906E+02	-0.19117E+02	 0.17066E+05	 0.12671E+05	 0.45723E+01	 0.10005E+04	 0.21891E+06	 0.75179E-04	-0.19770E+00	 0.12340E+00	 0.00000E+00	 0.16905E+01	 0.22428E+00
