# Postprocessed output from file: /home/jose/RUNS/marconis/lhdis_0115/flsurf_phi.dat
# Time average interval         : 600000	1000000
# load_s0, nchi, nphi, nfp
#
0.640625
65
65
10
2.46852199611	2.28457669493	2.11143357547	1.95111389954	1.80517123447	1.67487149541	1.56135672289	1.4656970632	1.38887188316	1.33166901824	1.29452501913	1.27735216557	1.27938271379	1.29907489687	1.3341000174	1.38142647521	1.43749606365	1.4984713293	1.56052922487	1.62015748896	1.67442723481	1.72120021226	1.75925699459	1.78832895574	1.80903735506	1.82276258535	1.83144004692	1.83733952105	1.84284544568	1.85024517643	1.86158274974	1.87856792118	1.90253892611	1.93449143441	1.97515035402	2.02506449573	2.08470064262	2.15452474444	2.23502612379	2.32668767049	2.42990977517	2.54486166221	2.67129163866	2.80834123462	2.95434839171	3.10671570027	3.26184895528	3.41520188787	3.56143586425	3.69468910884	3.80895200746	3.8984943913	3.95832685918	3.98462015892	3.97505063432	3.92902001074	3.84771558079	3.73401209963	3.59221019219	3.42766360945	3.2463234414	3.05426737093	2.8573004338	2.66059761935	2.46852199611	
2.30356381058	2.13131533473	1.97438215227	1.83427771806	1.71227464953	1.60952635335	1.52711691635	1.46599020632	1.42682768299	1.40986464933	1.41470800238	1.44018155964	1.48424618312	1.54400972551	1.61584225731	1.69558747822	1.77884515317	1.86129601328	1.93902935038	2.00883714144	2.06843530098	2.11659675927	2.15318320025	2.17907043945	2.19599623646	2.20633563925	2.21285240062	2.21842944993	2.22585035698	2.23760113632	2.25574176498	2.28187586014	2.3171299423	2.36223209956	2.41760191669	2.48345039836	2.55987253234	2.64689674107	2.7444860578	2.85247768746	2.97047685247	3.09770079538	3.23281169682	3.37375097214	3.51763192157	3.66069626438	3.79836925561	3.92543240116	4.03629230856	4.12535162602	4.18742742027	4.21818666501	4.21454166916	4.17495297234	4.09960861178	3.9904351629	3.85095569985	3.68599575584	3.50127940136	3.30297860941	3.0972373061	2.88980666375	2.68574104582	2.48921877783	2.30356381058	
2.09106732323	1.94884240632	1.82580764901	1.72261868579	1.6399087463	1.57834390992	1.53857780774	1.52110446276	1.52605694363	1.55298371688	1.60066001268	1.66696812566	1.74887420653	1.84252777168	1.94346691429	2.0469090122	2.14809976601	2.24268002864	2.32702468314	2.39850532372	2.45567168137	2.49831564329	2.52741668886	2.5449935442	2.5538679106	2.55737711775	2.55907401317	2.56243649398	2.57062645245	2.58630049783	2.6115047609	2.64765289638	2.69555306116	2.75549595954	2.82736873607	2.91076842577	3.00508869003	3.10957151246	3.2232980567	3.34512858155	3.47359616382	3.60676748893	3.74213053262	3.87647104775	4.00586781226	4.12573565326	4.23099630914	4.31635324496	4.37664198965	4.40726061092	4.40457764956	4.36632812848	4.29188660963	4.18241827125	4.04084734321	3.8716662591	3.68058159428	3.47406178107	3.25883202809	3.0413798469	2.827547523	2.62225558051	2.42935617427	2.25165380393	2.09106732323	
1.88416748715	1.78945269468	1.71607388465	1.66357663043	1.63169604396	1.62036193385	1.62958352428	1.6592496853	1.70888029034	1.77738868871	1.86290038681	1.96265951012	2.07305906002	2.18979767001	2.30812184825	2.42317238211	2.53036050184	2.62573429694	2.70630469336	2.77027493625	2.81717465062	2.8478627362	2.86441330852	2.86990136699	2.86811308273	2.86321234485	2.85940412171	2.86062103781	2.87026922664	2.89104509677	2.9248279315	2.97268921619	3.03493300073	3.11118210055	3.2005383795	3.30169404196	3.41303830412	3.53272131479	3.65866129302	3.7885091178	3.91957841396	4.04875288335	4.1724330161	4.28651038365	4.38642262839	4.46732071297	4.52430987517	4.55278973726	4.54885251394	4.50969310371	4.43396451901	4.32205399807	4.17619682595	4.00042584266	3.80033203466	3.5826676042	3.35483203366	3.12430714777	2.89811116415	2.68234024484	2.48186538376	2.30018419935	2.13946140113	2.00072816949	1.88416748715	
1.73777972656	1.70387421165	1.69079440671	1.69690840712	1.72099931126	1.7622178931	1.81992555268	1.89345437926	1.98183771745	2.08357353868	2.19644993933	2.31748169944	2.44297784882	2.56870270555	2.69016492436	2.80295922686	2.90313324278	2.98753664407	3.0541110695	3.1020840529	3.13204486437	3.14590313132	3.14672785498	3.13848756781	3.1257187992	3.11318191055	3.10548021434	3.10673879379	3.12035645672	3.14882267991	3.19361988011	3.25521644667	3.33314706981	3.42613146974	3.53222157404	3.64895372035	3.77348111957	3.90267016511	4.03314237331	4.16129371762	4.28327860739	4.39499448915	4.49209964774	4.5700786894	4.62438411033	4.65065032804	4.64501613963	4.60446053573	4.52717132382	4.41288081789	4.26309244812	4.08118210736	3.87231307334	3.64317284478	3.40154392774	3.15574077185	2.91400854896	2.6839124124	2.47184148495	2.28265803616	2.11951984038	1.98392567846	1.87592074201	1.7944547676	1.73777972656	
1.69923816049	1.73243498691	1.78279414395	1.8476761099	1.92508770866	2.01358566646	2.11208831173	2.21959849536	2.33494232206	2.45652762892	2.58218205566	2.70913070067	2.83405716307	2.95328322812	3.06304890401	3.15983710578	3.24071006513	3.30361715393	3.34763766697	3.37312487123	3.38173330245	3.37634189285	3.36083437689	3.33983964751	3.3183594417	3.30140395827	3.29363004052	3.2990022026	3.32054416528	3.36018107618	3.41866049674	3.4955318408	3.58928095925	3.69745666078	3.81685064996	3.94368864012	4.07379778595	4.20275183369	4.3259743168	4.43881981776	4.53662646973	4.61478960738	4.66884591697	4.69461612382	4.68839554411	4.64720909258	4.56911308735	4.45348641102	4.30130254973	4.11530900503	3.9000778011	3.66189259035	3.40845874373	3.14845166866	2.8909408758	2.64475386179	2.41784885697	2.2167770005	2.0462960421	1.90917629311	1.80622262399	1.73648339762	1.69763105614	1.68643303531	1.69923816049	
1.79957744775	1.89742446052	2.00568132155	2.12109564786	2.24127929249	2.36456998649	2.48979054421	2.61596891167	2.74208423085	2.86681926089	2.98842848098	3.10472940079	3.21316555821	3.31099583277	3.39553654929	3.46445909505	3.5160862248	3.54963890153	3.56542784546	3.56494287743	3.55083144231	3.52677081018	3.49723640118	3.46721302486	3.44179612636	3.4258358278	3.42361284134	3.43847328941	3.47262531203	3.52700091939	3.60118183918	3.69347708604	3.8010347558	3.92002737612	4.04588648416	4.17352745065	4.29758078103	4.41258538962	4.51316241088	4.59415405131	4.65074741463	4.67861017751	4.67401921231	4.63404245997	4.55674104512	4.44139787419	4.28873554155	4.10109552412	3.88255687031	3.63891246481	3.37751676143	3.10696504369	2.83662857128	2.57607643611	2.33443590399	2.11976800962	1.93851992798	1.79513199173	1.6918280163	1.62862033778	1.60353687574	1.61299529182	1.65231329669	1.71626011545	1.79957744775	
2.0480698142	2.19916701248	2.35146195529	2.50164468085	2.6474489668	2.7874536818	2.92083098956	3.04702871084	3.16552952443	3.27564285611	3.37637095543	3.4664170331	3.54424666016	3.6082768461	3.6570942551	3.68970795947	3.70578823463	3.70586552187	3.69146428258	3.66511972201	3.63031331328	3.59130800911	3.55287417245	3.51997912716	3.49740544171	3.4894033706	3.49934546362	3.5294537303	3.58062098347	3.65229578086	3.74251555495	3.84799752034	3.96434156159	4.08627507926	4.20794011122	4.32319366364	4.42587420631	4.51007670949	4.57034771527	4.60187107348	4.6006390389	4.56358125493	4.48871747328	4.37530195861	4.22397990892	4.03691276842	3.81787532331	3.57227568082	3.30707016409	3.03055440087	2.75201806799	2.48126795855	2.22806157227	2.00148595675	1.80935346626	1.65768020397	1.55029541421	1.48865010424	1.4718247016	1.49675016963	1.55860464003	1.65133624304	1.76825455271	1.90260369694	2.0480698142	
2.42987859446	2.61512722889	2.79097973303	2.95467389131	3.10461501425	3.24011107447	3.3610941018	3.46781647131	3.56057925227	3.63957210617	3.70476399338	3.75590011072	3.79259332269	3.81449172185	3.82146983845	3.81385998513	3.79262480891	3.75951120733	3.71711760269	3.66884451788	3.6187791188	3.57147713059	3.53166553944	3.50389556138	3.49218143756	3.49966005898	3.52829382198	3.57864845764	3.64977436165	3.73920723135	3.84307218112	3.9562771832	4.07281890001	4.18610665928	4.28933642036	4.37584652377	4.43944413942	4.47467805004	4.47706350646	4.44324983115	4.37114929495	4.2600293067	4.11058413566	3.92499794149	3.70697039017	3.4617166833	3.19589631867	2.91746599839	2.63542517214	2.35945289204	2.09944358567	1.8649628449	1.66466897536	1.50574971678	1.39344020461	1.33067053522	1.31788805128	1.35308896657	1.43204146404	1.54869612399	1.69572607863	1.86513033938	2.04884769711	2.23931070586	2.42987859446	
2.90805188191	3.10315709174	3.27818271158	3.43147643838	3.56260123062	3.67201421004	3.76075042978	3.83014603905	3.88156033595	3.91621623267	3.93512956223	3.93912613144	3.92893707785	3.90536304119	3.86945383424	3.82270246856	3.76718488516	3.70564495994	3.64151271589	3.57878082018	3.52183664856	3.47518767541	3.44311731232	3.42934581738	3.43664235248	3.46650940681	3.51900096093	3.59252964135	3.68387374259	3.7883118299	3.89984914781	4.01157292421	4.11605931127	4.20583037454	4.27379735657	4.31366232738	4.32026284098	4.28979651054	4.21998283508	4.11015214343	3.96123391718	3.77573182405	3.55764257882	3.31236677283	3.04658883505	2.7681145573	2.48566715614	2.20861030706	1.94659612101	1.70914123107	1.50514339282	1.34237289868	1.22698055821	1.16307344379	1.15241131442	1.19426031579	1.2854379907	1.42054789716	1.59238350311	1.79247578241	2.01169671625	2.24090378852	2.47151013367	2.69595448837	2.90805188191	
3.42892637746	3.60764644206	3.75680302319	3.87628315313	3.96715422185	4.03132289128	4.07117400908	4.08927870571	4.08815663266	4.07011193932	4.03718413165	3.99119657297	3.9338515747	3.86691039874	3.79236277961	3.71258875199	3.63047716785	3.54945473156	3.47342943076	3.40663278806	3.35337525091	3.31770318619	3.3030333067	3.31179323554	3.3450385667	3.40220888642	3.48098415065	3.577246046	3.68524256973	3.79785092655	3.90702552135	4.00431498258	4.08140805921	4.13070779609	4.14585198404	4.12208927937	4.05655431342	3.94842207073	3.79886139422	3.61093137904	3.38939306	3.14043962745	2.87143758368	2.59065533023	2.30699155838	2.02971501737	1.76818160124	1.5315308569	1.32834551702	1.16627971533	1.05166840963	0.989147023374	0.981319778047	1.02852078335	1.12870572074	1.27750594893	1.46845152304	1.69335972611	1.94285073341	2.20694459791	2.47567652397	2.73970593666	2.99080521584	3.22222296383	3.42892637746	
3.929721809	4.06717410794	4.16782611995	4.23335705822	4.26655443832	4.27090034371	4.25023158333	4.20842099713	4.14912916151	4.07569074459	3.99105956148	3.89787772118	3.79860261256	3.69567356561	3.59169055639	3.48956724763	3.39259613122	3.30447424412	3.22915289106	3.17065110351	3.13274410503	3.11854954902	3.13017191619	3.16828551475	3.23182336184	3.31779372466	3.42122488683	3.53530860996	3.65174808406	3.7612353748	3.85410631535	3.92103674971	3.95375178278	3.94568272947	3.89245023685	3.7922001616	3.64571024876	3.45629872009	3.22953754457	2.972849527	2.6950325066	2.40574941513	2.11506125804	1.8330114949	1.56928312268	1.33291828704	1.13208522637	0.973868335384	0.864062273549	0.806960969098	0.805146335094	0.859297480399	0.968048304014	1.12792997663	1.33343098229	1.57719265017	1.85034130994	2.14293921803	2.44452768288	2.74470841108	3.03370875595	3.30289173332	3.54516162849	3.75522696707	3.929721809	
4.34758487726	4.42310811201	4.45754833209	4.45446692602	4.41839267909	4.35439008351	4.26772629115	4.16351928066	4.04649586458	3.92088723939	3.79038485977	3.65823459549	3.52735409018	3.4005227417	3.28055931951	3.17046376312	3.07346572374	2.99300052855	2.93254796988	2.89537467984	2.88418446428	2.9006868831	2.94519398041	3.01624412324	3.11034393105	3.22186772188	3.34317070991	3.46493231361	3.57669474094	3.66760894984	3.72727167657	3.74659508692	3.7186397562	3.63922829347	3.50736830852	3.32540525232	3.09883450424	2.83587085587	2.54683612283	2.24340711174	1.93782251956	1.64216603268	1.36775441664	1.12467217794	0.921477336783	0.765039323328	0.660485438395	0.611206583069	0.618883284086	0.683506942835	0.803386186786	0.975149556172	1.19376991523	1.45263732022	1.74371108485	2.05776935156	2.38475670353	2.71421764741	3.0357821689	3.33968016313	3.61721715785	3.86118451753	4.06617888981	4.22877914649	4.34758487726	
4.62585426197	4.62494468722	4.58197208302	4.5022975229	4.39208399221	4.25790012186	4.10631060215	3.94354128721	3.77524607943	3.60637054602	3.44113290122	3.28310074316	3.13533020995	3.00055078802	2.88134223884	2.78027073463	2.69994080633	2.64292897993	2.61163323384	2.60797118146	2.63300114721	2.68651644188	2.7666367225	2.86948802653	2.98903473805	3.11713235848	3.24382064701	3.357864985	3.44754341801	3.50160089424	3.51022682748	3.46606530506	3.36501433813	3.20673075692	2.99486166463	2.73685364808	2.44340490524	2.12763889623	1.8040993019	1.48767153451	1.19256577965	0.931468705061	0.714921323274	0.550963964166	0.445027872553	0.400030736825	0.416611391984	0.493426713531	0.62745327135	0.814245653002	1.04813353065	1.3223686903	1.62924008303	1.96018271196	2.30593703534	2.65676017504	3.00270391363	3.33396335575	3.64127609076	3.91632238518	4.15211911337	4.34335821274	4.48663722869	4.58058601053	4.62585426197	
4.72126827567	4.63663298172	4.51228849067	4.35518514922	4.17295294367	3.9734563357	3.76437264845	3.55285856718	3.34528616849	3.14710336642	2.96279036551	2.79592620568	2.64933138643	2.52523382609	2.42545626226	2.35155027602	2.304846231	2.2864157985	2.29689324222	2.33621189237	2.40323766678	2.49540187579	2.60836698584	2.73579795043	2.86935345459	2.99888814639	3.11296122693	3.1995779138	3.24715995171	3.24563793153	3.18751156205	3.06880360589	2.8897263434	2.65496029956	2.37349730883	2.05806405156	1.72415372969	1.38879871616	1.06923868715	0.781630208956	0.539948631435	0.355181382824	0.234879604963	0.183060371145	0.200421025228	0.284778467012	0.431633327871	0.634764635779	0.886765279916	1.17947161141	1.50427498763	1.85230980567	2.21455289581	2.58190001865	2.94524115086	3.29555803323	3.62410595995	3.92262413434	4.18367017633	4.40091539993	4.56944704564	4.68607129178	4.74947902737	4.7603417936	4.72126827567	
4.60411052105	4.43599873964	4.23369395192	4.00548082098	3.760176707	3.50667897752	3.25353710125	3.00859102927	2.77868038878	2.56947652525	2.38541072009	2.22970682981	2.10451254007	2.01104618568	1.94978783372	1.92063034151	1.92294707651	1.95559360323	2.01676974606	2.10382842699	2.21299480528	2.33908650534	2.47532287925	2.6132580313	2.74292272548	2.85323634129	2.93266783166	2.97013355953	2.9560529944	2.88343194335	2.74886275767	2.55325430327	2.30219954964	2.00588013791	1.67847384231	1.33714330322	1.00068529099	0.688018465687	0.41669238037	0.201578768336	0.0539016167864	-0.0193214467258	-0.0153978614513	0.0643220097281	0.215036431682	0.42927610631	0.697755070156	1.01016781122	1.35586601467	1.72433262354	2.1054971395	2.48987452303	2.86855631193	3.23319884209	3.57597018762	3.8895242989	4.16706474368	4.40247246464	4.59052889556	4.7271486012	4.80963549945	4.83693359295	4.80976053372	4.73069396079	4.60411052105	
4.26282906513	4.01874371054	3.74881712204	3.4623486451	3.16903059793	2.87848458102	2.59982995292	2.34128547721	2.10984253882	1.91105723031	1.74892432927	1.62587148827	1.54285908598	1.49951720779	1.49433791125	1.52485470933	1.58777503977	1.67905214917	1.79387162878	1.92657476355	2.07054207396	2.21810224021	2.36050892839	2.48807362058	2.59048214937	2.65734548685	2.67895213571	2.64717741791	2.55647340375	2.40476988443	2.19419062521	1.93142451484	1.62765304384	1.29800331192	0.960533783498	0.634871753159	0.340642246725	0.0958826555361	-0.0843670310402	-0.189140191035	-0.212176550462	-0.152074716792	-0.0119858723963	0.201061333589	0.477083003101	0.804172827232	1.16949623447	1.56016743193	1.96389969237	2.36943991785	2.76677788189	3.14714226732	3.50292401336	3.82750260525	4.11507422024	4.36053759562	4.55946398045	4.70816839173	4.80382048531	4.84464600943	4.83014885475	4.76130454059	4.64069682179	4.47258253574	4.26282906513	
3.70130630353	3.39558243422	3.07478929285	2.74887411516	2.42803807692	2.12226883105	1.84088582342	1.59211291731	1.38270196704	1.21765483658	1.10005100786	1.03098713027	1.00963064408	1.03335930622	1.09798081907	1.19797187751	1.32671912761	1.47674337061	1.63986688502	1.80735686662	1.9700333302	2.11840939008	2.24288306504	2.33403682766	2.38307209473	2.38238830238	2.32627414189	2.2116477159	2.03876684801	1.81176483233	1.53891012305	1.23250158924	0.90832184391	0.584674357769	0.281085568254	0.0167982537063	-0.190764168918	-0.32738012083	-0.38309410307	-0.352853900803	-0.236669696963	-0.039303539021	0.230425237418	0.560616463245	0.93739008533	1.34600138367	1.77181815079	2.2011244626	2.62164432411	3.02283463459	3.39597944933	3.7340333752	4.03144080432	4.28387583565	4.48798378261	4.64119768775	4.74163268723	4.78810049393	4.78017216355	4.71832838449	4.60414159195	4.4404276438	4.23138998331	3.98267149461	3.70130630353	
2.93894004354	2.59178748362	2.24226171102	1.90056991888	1.57701256612	1.28152438989	1.02318893882	0.809763607099	0.64725083602	0.53954236633	0.488187228927	0.49227363894	0.548466257127	0.65116353002	0.792785272169	0.964147232561	1.15488348698	1.35390008874	1.5498110236	1.73135733055	1.88778391612	2.00920885471	2.08698137254	2.11405946036	2.08541430513	1.99846629847	1.85350798416	1.65407194786	1.40717205817	1.12332455349	0.816284511381	0.502455310175	0.199969920503	-0.0724975281698	-0.297071956271	-0.458033028808	-0.543026814142	-0.543988444505	-0.457679202912	-0.285797032151	-0.0346542358286	0.285503177852	0.661438407303	1.0780102995	1.51927743311	1.96951821637	2.41406760626	2.83993114168	3.23617590511	3.59403188613	3.90686532351	4.16997446606	4.38026953532	4.53598737203	4.63638264513	4.68150186437	4.67202175832	4.60920296648	4.49491526235	4.33173019199	4.12307355664	3.87335581269	3.58809981071	3.27400909372	2.93894004354	
2.01108767204	1.64751871242	1.29562787873	0.96545948362	0.666964437762	0.409532049286	0.201471304531	0.0494750671919	-0.0418719095239	-0.0705119332652	-0.0372185564569	0.0542801178881	0.197345948662	0.382685937234	0.59878953743	0.832517395952	1.06980471737	1.29641073878	1.49867004584	1.66419055904	1.7824648164	1.84537315794	1.84757379847	1.78677985327	1.66393454423	1.48328354656	1.25233866479	0.981708586162	0.684769246897	0.377150493451	0.0760097229214	-0.200881904428	-0.436193097077	-0.614155252481	-0.721638437763	-0.749071393134	-0.69110492047	-0.546942004267	-0.320325186001	-0.0191755552362	0.345061551155	0.758283632459	1.20471119221	1.66791175111	2.13174340704	2.58117427274	3.00291904781	3.38586071028	3.72124517954	4.00272711408	4.22621857172	4.38959445756	4.49241756562	4.53556640571	4.52089598647	4.45100116419	4.32901066797	4.15847571726	3.94335625359	3.68807674402	3.3976388538	3.07774517427	2.7349250585	2.37659876453	2.01108767204	
0.963339208131	0.61203789705	0.287246369447	-0.00163182846409	-0.245534512571	-0.436239720291	-0.566928169513	-0.632773322824	-0.631496321321	-0.563824748491	-0.433803490758	-0.248870560584	-0.0196892812929	0.240294274732	0.515548748657	0.789355637454	1.0448380251	1.26602394602	1.43887150975	1.55215429641	1.59815473613	1.57312163814	1.47747080931	1.31574046088	1.09632261603	0.830999702484	0.534326372272	0.222885150258	-0.0855569333573	-0.372964173973	-0.62198644194	-0.816900746427	-0.944485910287	-0.99477119814	-0.96159251089	-0.842908658937	-0.640853876771	-0.361532827808	-0.0145859005894	0.387452985135	0.829915414301	1.29685778992	1.77190427656	2.23909039341	2.68356657504	3.09220582589	3.4540309182	3.76048029875	4.00548259369	4.18539517357	4.29884839109	4.3464002287	4.33024505745	4.2538323316	4.12151345164	3.93826729173	3.70944982406	3.44065213096	3.13766166523	2.80645739837	2.45331547904	2.08492377736	1.70848590474	1.33181375371	0.963339208131	
-0.14729263071	-0.455309480467	-0.721859534807	-0.938771684568	-1.09858510002	-1.19508834397	-1.22391888631	-1.18319716074	-1.07408455629	-0.901199607505	-0.672832032099	-0.400841547037	-0.100233744838	0.211586147504	0.515850157456	0.793658708616	1.02730212772	1.20154383332	1.3047543541	1.3297838349	1.27449883616	1.14194372487	0.940118758665	0.681411225291	0.381741182577	0.0595092937521	-0.265564965866	-0.573638981235	-0.845870317933	-1.06542817729	-1.21835199198	-1.29418147992	-1.28636113015	-1.1924116103	-1.0138724608	-0.756040300158	-0.427542361488	-0.0397926056184	0.393643001668	0.857723111104	1.33662484139	1.81443249926	2.27579264414	2.70649619965	3.09399714326	3.42779492905	3.69973924753	3.90414286142	4.03779275065	4.09986322061	4.09167677081	4.01640947876	3.878762955	3.68458157254	3.44048025349	3.15355490104	2.83109966289	2.48044990011	2.1089059571	1.72370726374	1.33210539587	0.941475177559	0.559395963285	0.193745386175	-0.14729263071	
-1.25689924319	-1.48939103926	-1.66623108432	-1.78131789078	-1.82980475431	-1.80865681889	-1.7172707683	-1.5580176257	-1.33671948021	-1.0628959267	-0.749660710844	-0.413341131514	-0.0726836808812	0.252261585153	0.541485998325	0.776497345753	0.941768289939	1.02602066698	1.02320857147	0.933102075808	0.761403152015	0.519375559452	0.223030909935	-0.108053167693	-0.452154917989	-0.786935668728	-1.09092313896	-1.34482912697	-1.53262588699	-1.64228186829	-1.66617203213	-1.60117627792	-1.44847535185	-1.21314125491	-0.903576524269	-0.530876117519	-0.108167855716	0.350031642401	0.828420399942	1.31147191697	1.78395752633	2.2314195445	2.64061841904	2.99992298468	3.29964961192	3.53230394175	3.69275115654	3.77826698322	3.78851223383	3.72538867758	3.59279817615	3.39634039716	3.14298734331	2.84070162859	2.49806116854	2.12395980957	1.72731904591	1.3169167631	0.901262226604	0.488577487308	0.0868228273946	-0.29622727232	-0.65291110978	-0.975637305357	-1.25689924319	
-2.29563385043	-2.42089364536	-2.47855496212	-2.46581433986	-2.38182886592	-2.22824277636	-2.00965788425	-1.73396291146	-1.41251370817	-1.06002556645	-0.694054713582	-0.334220052956	-0.00104998285972	0.285410940673	0.507097910384	0.649414614923	0.702534187541	0.662385570127	0.531196389365	0.317519365417	0.035723382384	-0.295028473327	-0.652207448206	-1.01161187336	-1.34915631034	-1.64254991355	-1.87273709565	-2.02496200758	-2.08937741387	-2.06125426095	-1.94077791072	-1.73253718475	-1.44483085853	-1.08885822739	-0.677913424611	-0.226638810547	0.249640340448	0.735459393022	1.21567893546	1.67585595708	2.10258720114	2.48381061947	2.80904133618	3.06966113965	3.25908242649	3.37292805932	3.4090908413	3.36773637135	3.25126764223	3.0641091747	2.81249561282	2.50418384103	2.14810592772	1.75401435316	1.33214072099	0.892858612682	0.446428085602	0.00278638675402	-0.428595274294	-0.838767801424	-1.21932365542	-1.56237908293	-1.8605681069	-2.10705799694	-2.29563385043	
-3.19041034399	-3.18035932839	-3.09544075169	-2.93777752798	-2.71219317661	-2.42649468413	-2.09158109757	-1.72141694798	-1.33270073485	-0.94428128343	-0.576269447979	-0.248886315782	0.0188724273567	0.210664175166	0.314174066633	0.322296707988	0.233982459845	0.054634492535	-0.204021353638	-0.524618106851	-0.885339897985	-1.26152404193	-1.62751416429	-1.95857653238	-2.23265381461	-2.43179597127	-2.54314007925	-2.55938084518	-2.47872725493	-2.30446434594	-2.04422551981	-1.709063774	-1.31250250468	-0.869624118109	-0.396264055958	0.0916425042388	0.578577525777	1.04983053816	1.49178322477	1.89212306773	2.24004557981	2.52637607514	2.74374365749	2.88669469735	2.95179660203	2.93773491473	2.84530561238	2.67739339959	2.43886534874	2.13641291677	1.77829010578	1.37406780649	0.93432033924	0.470273252938	-0.00649988681415	-0.484408516904	-0.952118679183	-1.39876616271	-1.81415707162	-2.18888573535	-2.51442909599	-2.78322398057	-2.98878096048	-3.12580927202	-3.19041034399	
-3.87202297669	-3.70744366635	-3.46890215002	-3.165151774	-2.80803503172	-2.41221764775	-1.99491516376	-1.57518194684	-1.17317123631	-0.809133598511	-0.502261030113	-0.269470951703	-0.124155012655	-0.0750453352782	-0.12529462402	-0.271902712356	-0.505581317265	-0.811123042587	-1.16828365503	-1.55313209134	-1.93975579552	-2.3021480572	-2.6161189187	-2.86097839279	-3.02081422865	-3.08532406762	-3.05004783312	-2.91614520047	-2.68975427088	-2.38107522364	-2.00337917553	-1.57195325317	-1.1031779629	-0.613726984047	-0.119903265908	0.362831887802	0.820206769336	1.23938474553	1.6091125877	1.91981144003	2.16366271366	2.33464780406	2.42860378845	2.44324962709	2.37824137998	2.23517004084	2.0175186217	1.73061934341	1.38152829191	0.978858279815	0.532567547669	0.0537332398572	-0.445748828671	-0.953435030769	-1.45666912323	-1.9428714819	-2.39984650934	-2.81606811251	-3.18091471018	-3.48492399138	-3.72002763675	-3.87977007083	-3.95956047058	-3.95698300251	-3.87202297669	
-4.28617009274	-3.9646726569	-3.58203689809	-3.15458577912	-2.70124485211	-2.24271628482	-1.80057375396	-1.39613740853	-1.0493765088	-0.777790171493	-0.595313323467	-0.511343415528	-0.529941781239	-0.649299128719	-0.861546177823	-1.15298440984	-1.50476272763	-1.89399554884	-2.29524499677	-2.68226337502	-3.02982864019	-3.31545543118	-3.52089001478	-3.63315079815	-3.64503139281	-3.55518244965	-3.36761567652	-3.090977613	-2.73757713292	-2.32228557324	-1.86160418797	-1.37271001095	-0.872708361843	-0.378033670149	0.0960281726388	0.535663268472	0.928745166238	1.26496827135	1.53591585501	1.7350642096	1.85774446901	1.90116253556	1.86434001317	1.74807648307	1.55493266715	1.28916538082	0.956693891743	0.564988388072	0.122962795018	-0.359153394441	-0.869999100001	-1.39728429337	-1.92803087661	-2.44883982842	-2.94615803552	-3.4066670545	-3.8176040927	-4.16714821723	-4.44480322923	-4.64182641229	-4.7516497633	-4.77027842135	-4.69674442595	-4.53340020319	-4.28617009274	
-4.41047177131	-3.95459220317	-3.46454770695	-2.96341332198	-2.47523986316	-2.023762236	-1.63101653735	-1.3161431778	-1.09425486804	-0.975550578986	-0.964657511879	-1.06022980063	-1.2548802673	-1.53545130553	-1.88367481909	-2.27719979593	-2.69094723296	-3.09871450218	-3.4748574044	-3.79597404102	-4.04232411886	-4.19900555128	-4.25658236705	-4.21134420724	-4.0650653702	-3.82442832988	-3.50018683674	-3.10616995986	-2.65836474391	-2.17391527329	-1.67033885347	-1.16483394658	-0.673718196406	-0.211980103177	0.207026112397	0.571830080603	0.872948843478	1.10297275548	1.25654573297	1.33030216323	1.32278154126	1.23433804941	1.06705338504	0.824614747213	0.512244879987	0.136616876724	-0.294234363882	-0.770992796968	-1.28314107017	-1.81911927128	-2.36639674494	-2.91167862949	-3.44111111401	-3.94051262936	-4.39574925013	-4.79310887047	-5.11978946663	-5.36444526108	-5.51779595197	-5.57326864211	-5.52760199163	-5.38139887864	-5.13954110688	-4.81133039289	-4.41047177131	
-4.27319854527	-3.73506501092	-3.20245827548	-2.70204003217	-2.25887217318	-1.89489265011	-1.62759307046	-1.46898671864	-1.42492993244	-1.49479681604	-1.67152433789	-1.9420231557	-2.28793565393	-2.68673491164	-3.11309428434	-3.54046640043	-3.94272504597	-4.29577177056	-4.57893024226	-4.77600636745	-4.87604338096	-4.87352764108	-4.76837189432	-4.56536761166	-4.27351707804	-3.90525175621	-3.47544700912	-3.00063877502	-2.49816861846	-1.98548175496	-1.47954419994	-0.996324940671	-0.550373138163	-0.154512839382	0.180404553096	0.445647133946	0.634678083754	0.743143048967	0.768820683223	0.711484547482	0.572769998015	0.35602420095	0.0661336424146	-0.290601489535	-0.706595379038	-1.17307626567	-1.68015504856	-2.21693105261	-2.77153905093	-3.33122710033	-3.8824793642	-4.4111468918	-4.90270190764	-5.34251164818	-5.71631113317	-6.01074500326	-6.21405486914	-6.31687655706	-6.31306222166	-6.20047537269	-5.98167093634	-5.66431885205	-5.26126272705	-4.790252103	-4.27319854527	
-3.96068671583	-3.41884485388	-2.92873439954	-2.51544774617	-2.19958588559	-1.99596499227	-1.91273966769	-1.95095374145	-2.10459231935	-2.36103501581	-2.70192569058	-3.10437295579	-3.54243702842	-3.98876065533	-4.41631389043	-4.79997492163	-5.11800537385	-5.3530729294	-5.49297782965	-5.53093509922	-5.46535065893	-5.29960916189	-5.04118886807	-4.70109146603	-4.29303974358	-3.83251657462	-3.33625074488	-2.82145997512	-2.30522284143	-1.80398089564	-1.3331545593	-0.906683843704	-0.536727147445	-0.233457692625	-0.00484949322408	0.143374617556	0.207774046627	0.187116675793	0.0822565600919	-0.10402814914	-0.367244987397	-0.7013659214	-1.09901354451	-1.55162992593	-2.04959389521	-2.58229140092	-3.13829566621	-3.705213547	-4.26998985973	-4.81877737393	-5.33716635517	-5.81045161606	-6.22370301464	-6.5626117663	-6.81375734956	-6.96566223548	-7.00965711938	-6.94076438217	-6.75875041897	-6.46870789601	-6.08149250854	-5.61361147381	-5.08666989298	-4.526299948	-3.96068671583	
-3.61039041471	-3.1561848552	-2.79639562643	-2.54877519977	-2.42425216916	-2.42631758077	-2.55087966922	-2.78667815909	-3.11611252309	-3.51649534319	-3.96159714004	-4.42338358147	-4.87379919147	-5.2865209886	-5.63841983642	-5.91074408142	-6.08990991548	-6.16766595432	-6.14119889927	-6.0125540054	-5.78796523654	-5.47735078236	-5.09321245641	-4.65015712913	-4.16417544091	-3.65189258847	-3.13021114082	-2.61568087839	-2.12412173646	-1.67019369478	-1.26705710119	-0.926068096917	-0.656550020104	-0.465639854816	-0.358167429807	-0.336677976428	-0.401476966781	-0.550758772481	-0.780786917477	-1.0860896693	-1.45968285151	-1.89325028379	-2.37735160721	-2.90153258055	-3.45441860455	-4.02384917111	-4.59688804712	-5.15981188336	-5.69835784841	-6.19772189952	-6.64285485172	-7.01888841959	-7.31154706335	-7.50809833457	-7.5980810053	-7.57440093378	-7.43436607563	-7.18056446036	-6.82151309529	-6.37176977907	-5.85164664089	-5.28626168612	-4.70417169618	-4.13558059483	-3.61039041471	
-3.3813783002	-3.09799798836	-2.93720231981	-2.90481836702	-2.99894402196	-3.21018127357	-3.52240947485	-3.91394248084	-4.35905949869	-4.82973245796	-5.29745552427	-5.73500619471	-6.11805080599	-6.42632686883	-6.64458408497	-6.76295260261	-6.77689214962	-6.68697038286	-6.49806735068	-6.21883674949	-5.86080797482	-5.4377156591	-4.96484138955	-4.45832154292	-3.93483864254	-3.41094521452	-2.90266437164	-2.42513483867	-1.99224180733	-1.61625180473	-1.30754348613	-1.07442437991	-0.922977120076	-0.856982921172	-0.877941231874	-0.985186363154	-1.17596883232	-1.44567347588	-1.78802098942	-2.19525818381	-2.65837242773	-3.16722396644	-3.7106806272	-4.276759791	-4.85256383697	-5.42447471958	-5.97810989016	-6.49854412288	-6.97040137947	-7.37826729611	-7.70728118145	-7.94353335616	-8.07535555743	-8.09406669533	-7.99512598183	-7.77916723228	-7.45266280394	-7.02838337309	-6.52514559278	-5.9671178825	-5.38250138908	-4.80183985791	-4.25598347859	-3.77403548001	-3.3813783002	
-3.41056178989	-3.35101093019	-3.4196064314	-3.6085055154	-3.9030096705	-4.28268056271	-4.7228053552	-5.19604775685	-5.67422918728	-6.13003973584	-6.53860846315	-6.878747614	-7.13387852254	-7.29249038258	-7.34829688499	-7.29992304406	-7.15052457007	-6.90711067758	-6.57968735871	-6.18096036571	-5.72528536166	-5.22829713749	-4.7063841387	-4.176076816	-3.65379096268	-3.15518828095	-2.69488283696	-2.28604499751	-1.94008957414	-1.66637035114	-1.47205932005	-1.36200806612	-1.33872477481	-1.40245952656	-1.55135251454	-1.78160040809	-2.08764937752	-2.46241423526	-2.89751483936	-3.38338642816	-3.90943185578	-4.46410195241	-5.03496737387	-5.60859806034	-6.17084159682	-6.70667376334	-7.20048307803	-7.63639243273	-7.99848637762	-8.27197763935	-8.44365494215	-8.50316822881	-8.44422574639	-8.26557361142	-7.97198427701	-7.5746567572	-7.09122659629	-6.54509029851	-5.9642011426	-5.37933094222	-4.82204785409	-4.32253086746	-3.90753140082	-3.59856678962	-3.41056178989	
-3.77190933524	-3.9442449708	-4.22565353769	-4.59634558073	-5.03222089932	-5.50655373809	-5.99169437099	-6.46074978593	-6.88901462839	-7.25518154777	-7.54212842169	-7.73747319681	-7.83358887972	-7.82750888959	-7.72052507616	-7.51757853575	-7.2270040172	-6.85955913466	-6.42819505099	-5.94748195088	-5.43305046687	-4.90126806786	-4.36863195408	-3.85144544002	-3.36518308528	-2.9241651751	-2.54109634676	-2.22669305947	-1.98943211902	-1.83535962886	-1.76804263954	-1.78860653276	-1.89581666874	-2.08639375104	-2.35520894989	-2.69553687522	-3.09934636736	-3.55752315002	-4.05998924395	-4.5957671873	-5.15307814232	-5.71930076816	-6.28086137306	-6.82320350455	-7.33107480821	-7.78846017242	-8.17911737938	-8.48717772921	-8.69798391393	-8.79936187785	-8.78268524783	-8.64438321165	-8.38688313885	-8.01938726726	-7.55807294147	-7.02548904933	-6.44946993963	-5.86134673104	-5.29380457378	-4.77854551766	-4.3440316535	-4.01349255197	-3.80342865012	-3.72263924119	-3.77190933524	
-4.45201636724	-4.81792490441	-5.25402856916	-5.73327635098	-6.22781915716	-6.71068890564	-7.15726511059	-7.54634552956	-7.8609130783	-8.0884066561	-8.22080764639	-8.25434527464	-8.18911918617	-8.02862332193	-7.77916703619	-7.4496838953	-7.05107534268	-6.59606784471	-6.09883181628	-5.57458620337	-5.03941387499	-4.50958762862	-4.00120986402	-3.52973743169	-3.10936820345	-2.75257092775	-2.46970308464	-2.26860042503	-2.1544658552	-2.12972777977	-2.19412015101	-2.34493850763	-2.57727938699	-2.88444331319	-3.25821653137	-3.68928909777	-4.1675110993	-4.68203608981	-5.22143885995	-5.77367645823	-6.32605272112	-6.86501290447	-7.37629573391	-7.84466105823	-8.25433182	-8.58951870663	-8.83477274681	-8.9765408786	-9.00408719064	-8.91097482186	-8.696621755	-8.36708024692	-7.93577408234	-7.42328003178	-6.85639278688	-6.26653634456	-5.68752027942	-5.15303556397	-4.69408923646	-4.3366758087	-4.09990365363	-3.99479202229	-4.0237233975	-4.18067069064	-4.45201636724	
-5.35694633191	-5.84388878977	-6.35225562356	-6.85379271608	-7.32280900037	-7.737395568	-8.08016563092	-8.33847925424	-8.50435100132	-8.57395180452	-8.54719091197	-8.42693241295	-8.21855890284	-7.92962010033	-7.56918225906	-7.14811400954	-6.67843641705	-6.17354950568	-5.6479525794	-5.11684330692	-4.59607781442	-4.10132464445	-3.64784570227	-3.24975744499	-2.91946633641	-2.66719812933	-2.50054762491	-2.42419758234	-2.43979624167	-2.54604629126	-2.73889037527	-3.01185645458	-3.35655150524	-3.76307732881	-4.22043894787	-4.71706638865	-5.24093907271	-5.77971942036	-6.32094456147	-6.85177393527	-7.35885133782	-7.82827900236	-8.24575699025	-8.59645661778	-8.86576249825	-9.04006992794	-9.10759167853	-9.06006729038	-8.89385915443	-8.61142388953	-8.22225037857	-7.74314317381	-7.19794911147	-6.61626190547	-6.03156636534	-5.47870873761	-4.99118474326	-4.59843021128	-4.32348915049	-4.18126051377	-4.1775344453	-4.30880718218	-4.56296112113	-4.92061027529	-5.35694633191	
-6.34189719216	-6.86390805509	-7.36007685055	-7.8062682238	-8.18325931572	-8.47717588434	-8.67930663088	-8.78563839748	-8.79610855847	-8.71376387729	-8.5439977658	-8.29395705703	-7.97209502019	-7.58791151152	-7.15191227406	-6.67553140311	-6.17120297778	-5.65230033454	-5.13303008723	-4.628207998	-4.15281433877	-3.72156756923	-3.34831203444	-3.0453350116	-2.82282722345	-2.68836732834	-2.64648531212	-2.69851841293	-2.84255127944	-3.07357488627	-3.38390292805	-3.76356319229	-4.20088976337	-4.68309231679	-5.19672358575	-5.72814061496	-6.2637107689	-6.78997112765	-7.29365845543	-7.7615761364	-8.18052428245	-8.53740743366	-8.81927263075	-9.01389832399	-9.11042890981	-9.10031338562	-8.97865404445	-8.74528777684	-8.40600580933	-7.97320605313	-7.46611544846	-6.91027553391	-6.3362189715	-5.77749022404	-5.26812886259	-4.83992845981	-4.51976727812	-4.32734982574	-4.27357778808	-4.35974864406	-4.57766052771	-4.91054820636	-5.33478556072	-5.82207927074	-6.34189719216	
-7.25462505057	-7.7330362227	-8.14867810199	-8.48468221528	-8.7300463741	-8.87914842525	-8.93108384413	-8.88867843138	-8.75750131818	-8.54501355948	-8.25989141725	-7.91154976656	-7.50992678615	-7.06542018643	-6.58898203765	-6.09212482477	-5.58710228396	-5.08689761072	-4.60500943952	-4.15534254306	-3.7516364495	-3.4070286139	-3.13343970224	-2.94087525416	-2.8369007847	-2.82610332578	-2.90982379776	-3.0859922362	-3.34922888048	-3.69102508572	-4.10029974385	-4.56393796216	-5.06736969644	-5.59525415359	-6.13201246001	-6.66229342275	-7.17126077439	-7.64481924915	-8.06966353722	-8.43326018157	-8.72407679226	-8.93162428092	-9.04686452465	-9.06278937812	-8.97513754985	-8.78331333707	-8.49120558557	-8.10805225938	-7.64879034398	-7.13409666673	-6.58972511903	-6.04529788915	-5.53243067075	-5.08244415807	-4.72385027706	-4.47990445053	-4.36654425208	-4.39090627048	-4.5507088055	-4.83446121709	-5.22251479891	-5.68896586714	-6.20386027226	-6.73585242672	-7.25462505057	
-7.9733768484	-8.35154674634	-8.64444854387	-8.84318755095	-8.94427942691	-8.94881903629	-8.86155047023	-8.68974607067	-8.44234567625	-8.12923141651	-7.76069445243	-7.34720606528	-6.89930190051	-6.42770546098	-5.9433485372	-5.45748881102	-4.98188368506	-4.52873665487	-4.11051430922	-3.73968125122	-3.4282688206	-3.18732597414	-3.02633506301	-2.95258469577	-2.97065011237	-3.08194992028	-3.28450017797	-3.57291637261	-3.93848062199	-4.36951455073	-4.85193848741	-5.36986798199	-5.90631176575	-6.44389460651	-6.96542853222	-7.45454411681	-7.89607100795	-8.27631563655	-8.5834417245	-8.80746310886	-8.94059078549	-8.97750282912	-8.9155641655	-8.75539442409	-8.50118482999	-8.16120332277	-7.74812171708	-7.27901994928	-6.77520216735	-6.26152419893	-5.76525306749	-5.31450714643	-4.9363332124	-4.65461504238	-4.48802354071	-4.44828001101	-4.53893479788	-4.75487150404	-5.08259125235	-5.50131997682	-5.98474827417	-6.50319722429	-7.02620450872	-7.52476082546	-7.9733768484	
-8.42472233428	-8.67240690896	-8.82639057799	-8.88451676401	-8.84893878822	-8.72531499442	-8.52177552835	-8.24802693016	-7.9146681556	-7.5326587392	-7.1129551072	-6.66638334327	-6.20363203454	-5.73531219704	-5.27208771821	-4.82473634047	-4.40421875376	-4.021618214	-3.68793292274	-3.41379216719	-3.20901253197	-3.08209051672	-3.03963047501	-3.08581838561	-3.22197668833	-3.446203186	-3.75322317198	-4.13439786947	-4.57799758249	-5.06955300076	-5.59247983355	-6.12874040331	-6.65963824643	-7.16662450748	-7.63195076271	-8.03947970553	-8.37523417435	-8.62781400655	-8.7888492974	-8.85316976985	-8.81902680301	-8.68821080397	-8.46605035756	-8.16149474603	-7.7869429643	-7.3581571398	-6.89398234854	-6.4157930468	-5.9468377143	-5.51124571523	-5.13276169124	-4.8332822943	-4.6312617779	-4.54018284686	-4.56723393767	-4.71244641012	-4.9683661596	-5.32043902023	-5.74797578717	-6.22576980264	-6.72610821603	-7.22076534152	-7.68333741529	-8.09075474022	-8.42472233428	
-8.58840767328	-8.69846984845	-8.71719923329	-8.6472355887	-8.49441847806	-8.26698913384	-7.9748246056	-7.62872882897	-7.2398927923	-6.81955039004	-6.37877725425	-5.92833846838	-5.47875672283	-5.04030105249	-4.62310304534	-4.23717579432	-3.89238515196	-3.59837094164	-3.36426900891	-3.19843798212	-3.10804547738	-3.09860172613	-3.17346005708	-3.33342049804	-3.57633919655	-3.89691798883	-4.28665873176	-4.7339310592	-5.22436596057	-5.74127178481	-6.2663211061	-6.78031844052	-7.26405212828	-7.69922728176	-8.06930269908	-8.3603350863	-8.56165984156	-8.66636246735	-8.6716701294	-8.57900387168	-8.39385568715	-8.1256005217	-7.78706737228	-7.39401953497	-6.96460482369	-6.51875100398	-6.07745056856	-5.66201867701	-5.29322584873	-4.99030504839	-4.76990976415	-4.64501867628	-4.62389801982	-4.7092739467	-4.89782526267	-5.18011220016	-5.54102532722	-5.96070635419	-6.41592965448	-6.88177255743	-7.33335360674	-7.74757933583	-8.10449548092	-8.38840461978	-8.58840767328	
-8.48241510571	-8.46414997526	-8.36383317903	-8.18720166578	-7.94221232947	-7.63840273213	-7.2863140578	-6.89699914508	-6.48162744924	-6.05126467029	-5.61665411942	-5.1882115599	-4.77601527644	-4.38973533828	-4.03872734494	-3.73193959833	-3.47785120376	-3.28429839187	-3.15822579249	-3.10535536813	-3.12986043254	-3.23393247619	-3.41741851909	-3.67751691083	-4.00852605128	-4.40182257323	-4.84584842269	-5.32642014231	-5.82714541372	-6.32998804349	-6.81607177788	-7.26651522094	-7.66337897211	-7.99068807117	-8.23533242801	-8.38784093138	-8.44301623092	-8.40021562104	-8.2634119681	-8.04097782523	-7.74512456583	-7.39127964485	-6.99728380783	-6.58253195765	-6.16717104173	-5.77125122021	-5.41394408397	-5.11276940858	-4.88284541376	-4.73611815206	-4.68069062778	-4.72022171435	-4.85351646738	-5.07434971905	-5.37168409221	-5.73015101494	-6.13097668323	-6.55323642292	-6.97501116945	-7.37501908278	-7.73381855402	-8.03479802909	-8.26505435134	-8.41580430582	-8.48241510571	
-8.14772424042	-8.01933620176	-7.82200713448	-7.56334097176	-7.25244714845	-6.8993319818	-6.51460163259	-6.10906342744	-5.69343075928	-5.27821743508	-4.87356266655	-4.48920908958	-4.13445109374	-3.8181032435	-3.54841347201	-3.33297168782	-3.17856093802	-3.09092241153	-3.07449261163	-3.13210384319	-3.26467378033	-3.47088549037	-3.74694255287	-4.0863952807	-4.48010018178	-4.91630693315	-5.38090617636	-5.85785899694	-6.329753665	-6.77857766444	-7.18657843545	-7.53716590821	-7.81592914566	-8.0115252685	-8.11644841343	-8.12757884477	-8.04642744635	-7.87910950097	-7.63592467057	-7.33071017643	-6.98007798028	-6.60245289524	-6.21711970428	-5.84334274043	-5.49951735579	-5.20240601688	-4.96647291946	-4.80326326916	-4.72089865212	-4.72364872	-4.81163071634	-4.98069931001	-5.22254912565	-5.52506454275	-5.87296521343	-6.24862875672	-6.63316949579	-7.00761758664	-7.35384693862	-7.65574092032	-7.89991574771	-8.07615255712	-8.17776574871	-8.20157408996	-8.14772424042	
-7.63578656357	-7.41969529531	-7.14955407861	-6.83408726728	-6.48289202035	-6.10603482712	-5.7137503268	-5.31623810478	-4.92346997212	-4.54505413282	-4.1902045217	-3.86767552079	-3.585666008	-3.35177657834	-3.17285145404	-3.05481725704	-3.00248131426	-3.01925273492	-3.10685919982	-3.26508897545	-3.49150544452	-3.78124988867	-4.12695373695	-4.51872998415	-4.94434668395	-5.38951365186	-5.83839527895	-6.27423031846	-6.68008737225	-7.03974880437	-7.33860591092	-7.56457443473	-7.70888127934	-7.76668598893	-7.73746747559	-7.62509403862	-7.43757359178	-7.18654919197	-6.88660981708	-6.55434227315	-6.20741898654	-5.86374770504	-5.54060781868	-5.25393450072	-5.0176900561	-4.84331380141	-4.73927623706	-4.71071108855	-4.75914892827	-4.88238743114	-5.07453396075	-5.32620951933	-5.62501364506	-5.95615645529	-6.3032624493	-6.64934686612	-6.9777243346	-7.27293767684	-7.52156117853	-7.71272170366	-7.83848791442	-7.89405395072	-7.87765125462	-7.79035884693	-7.63578656357	
-6.99671107529	-6.71659498743	-6.39787438152	-6.04989450822	-5.68235572629	-5.30503357045	-4.92751524012	-4.55909928173	-4.20869810723	-3.88474459025	-3.59519244692	-3.34744823376	-3.14829329171	-3.00378141794	-2.91904841067	-2.89809526759	-2.94353682657	-3.05627790853	-3.23527320568	-3.4772395315	-3.77649351317	-4.12485044254	-4.51172897456	-4.92434383886	-5.34811687742	-5.7672831401	-6.16556210705	-6.52705993218	-6.83714536499	-7.08333705311	-7.2561422851	-7.34971991147	-7.36224874334	-7.29609590705	-7.15764300847	-6.95682016897	-6.7063865086	-6.42109383957	-6.11681379371	-5.80969738674	-5.51538151055	-5.24833577437	-5.02138092762	-4.84526477882	-4.72832458148	-4.6762110944	-4.69165556883	-4.77431385216	-4.92070116675	-5.12424063135	-5.37552894172	-5.66267073272	-5.97191902146	-6.28840363936	-6.59683113429	-6.88250816674	-7.13199661118	-7.33374852732	-7.47875375278	-7.56070378248	-7.57613309409	-7.52440776193	-7.40747064402	-7.22953718352	-6.99671107529	
-6.27895476342	-5.95826895008	-5.6141488538	-5.25619309662	-4.89391263824	-4.53647927775	-4.19260894274	-3.87046083733	-3.57760793922	-3.32103864328	-3.10713992635	-2.94167001461	-2.82968172611	-2.77539537634	-2.78197607531	-2.851285764	-2.98360978592	-3.17731668536	-3.42861291534	-3.73134848378	-4.07692187036	-4.45435791387	-4.85059277913	-5.25091997049	-5.63967500561	-6.00106916113	-6.32007730335	-6.58348781101	-6.78073471766	-6.90470477993	-6.95228533702	-6.92451380896	-6.82651856636	-6.6670803501	-6.45791198325	-6.21276764003	-5.94648725799	-5.6740433937	-5.40976294458	-5.16672429954	-4.95631588192	-4.78797982833	-4.66906437126	-4.60474380645	-4.59795466979	-4.64932762717	-4.75712681227	-4.91721138777	-5.12307238565	-5.36596972549	-5.63522715505	-5.91863938589	-6.20307543887	-6.47513137702	-6.72179795052	-6.93125763495	-7.09341580488	-7.20037770612	-7.24682111557	-7.23008998039	-7.15018885237	-7.00959819422	-6.81297527309	-6.5668041313	-6.27895476342	
-5.52338514515	-5.18451754436	-4.83649229851	-4.48879767268	-4.15044856228	-3.829806759	-3.53447794278	-3.27127545393	-3.04624430348	-2.86469126917	-2.7312113967	-2.6496814049	-2.62318422709	-2.65387667145	-2.74277134351	-2.88948684117	-3.09192111415	-3.34599664641	-3.64543812325	-3.98163299056	-4.34372763671	-4.71886239355	-5.09266019032	-5.44993037704	-5.77554222885	-6.05542028862	-6.27758000582	-6.4330322742	-6.51653391077	-6.52707255257	-6.46789589565	-6.34624773691	-6.17276558787	-5.96054904789	-5.72410115382	-5.47824345268	-5.2371501496	-5.0135644756	-4.81827256984	-4.65985673692	-4.54464795853	-4.47682208988	-4.45857545647	-4.49029541198	-4.57066919912	-4.69674755578	-4.8639576725	-5.06612233974	-5.29548620101	-5.54288547094	-5.79795927139	-6.04958302666	-6.28628566312	-6.49686526975	-6.67100088941	-6.79972997521	-6.87601397636	-6.89506920778	-6.85455580552	-6.75464669398	-6.5979398091	-6.38919208921	-6.13500414098	-5.8433981091	-5.52338514515	
-4.7661232194	-4.42938516825	-4.09627736603	-3.77583362349	-3.47631012076	-3.20503331029	-2.96833933848	-2.77155956733	-2.61908123898	-2.51440963125	-2.46021504297	-2.45835313453	-2.50979864202	-2.61452520046	-2.77130397322	-2.97746953587	-3.22867902905	-3.5186438756	-3.8390728079	-4.17965064111	-4.52826236623	-4.87145572187	-5.19507354915	-5.48513435955	-5.72879091621	-5.91534814991	-6.03716964048	-6.09039038539	-6.07534411654	-5.99657460222	-5.86246931717	-5.68457828745	-5.47659516942	-5.2532239047	-5.02903284964	-4.81742835807	-4.62988496919	-4.47547133208	-4.36064953055	-4.2893615134	-4.26330534304	-4.28227190942	-4.34450748239	-4.44701048248	-4.58572486635	-4.75564051086	-4.95081989916	-5.16441264603	-5.38865804491	-5.6150163351	-5.83432092307	-6.03713704959	-6.21409171901	-6.35638681439	-6.45628462291	-6.50750545321	-6.50568621082	-6.4485878115	-6.33627773034	-6.17109470605	-5.95750904905	-5.70187239113	-5.41203713777	-5.09692981965	-4.7661232194	
-4.03418204859	-3.71712377649	-3.41445703451	-3.13442505763	-2.88427492267	-2.67014103892	-2.4969837615	-2.36860871216	-2.2877343647	-2.25605955307	-2.27432567334	-2.34235194039	-2.45899244306	-2.62204135073	-2.82808144464	-3.07231663079	-3.34842612103	-3.64843643144	-3.96277304216	-4.28042428893	-4.58931801094	-4.87691161645	-5.130906069	-5.34015406123	-5.49554235334	-5.59081837206	-5.62323567361	-5.59392373977	-5.50789427805	-5.37367975245	-5.20267329723	-5.00814990445	-4.80417365877	-4.60449867655	-4.42156246187	-4.26573617187	-4.14483590642	-4.06395863954	-4.02558563252	-4.02987800449	-4.07512415849	-4.15817086761	-4.27483735257	-4.42022661978	-4.58891117872	-4.77503318625	-4.97231244827	-5.17405275127	-5.37313738366	-5.56211303689	-5.7333284575	-5.87919631064	-5.99250317166	-6.06677926536	-6.09669601647	-6.07839941583	-6.00983745754	-5.8909259298	-5.72361513909	-5.51186312344	-5.26143886328	-4.97964496317	-4.67496128384	-4.35661791961	-4.03418204859	
-3.34604197374	-3.06256240476	-2.80178234547	-2.5708473105	-2.37580229818	-2.22148318046	-2.11146461209	-2.04808511115	-2.03248948982	-2.0646957717	-2.14365897589	-2.26729184612	-2.43246076137	-2.63493668974	-2.86934366164	-3.12912316609	-3.40647346364	-3.69245788258	-3.97719538875	-4.25015340681	-4.50066404373	-4.71851695791	-4.8946632399	-5.02193948414	-5.095715832	-5.11440564127	-5.07973768167	-4.99672376301	-4.87335403017	-4.7199926751	-4.5485589092	-4.37158073525	-4.20124123206	-4.04851713285	-3.92247700147	-3.8298600065	-3.77488659892	-3.75931912551	-3.78273462069	-3.84289088858	-3.93616930007	-4.05798319338	-4.20312080596	-4.36600375889	-4.54082715141	-4.7216368153	-4.90236877604	-5.07682629635	-5.2387254847	-5.38179703143	-5.49988633936	-5.58720984509	-5.63856583283	-5.64967563525	-5.61744755035	-5.54020419322	-5.41793696574	-5.25235492524	-5.0469080417	-4.80669196056	-4.53823966831	-4.24924920857	-3.9482385114	-3.64416454497	-3.34604197374	
-2.71187203839	-2.47164186427	-2.25967860633	-2.08178237653	-1.94266054413	-1.84583213424	-1.79357322445	-1.78692202757	-1.82568094584	-1.90845283358	-2.03268497845	-2.1946778686	-2.38962388825	-2.61163544807	-2.85381481842	-3.10835842273	-3.36670515547	-3.61979797923	-3.85843962375	-4.07369791702	-4.25741109547	-4.40273299173	-4.50463301123	-4.5603355333	-4.56962045432	-4.53493307069	-4.46127939126	-4.35589968599	-4.22775686382	-4.08686877399	-3.94358326149	-3.8078441351	-3.68854402375	-3.59302037756	-3.52670747146	-3.49299976511	-3.49329170325	-3.52715286404	-3.59258466488	-3.68635764798	-3.80431904805	-3.94166856548	-4.09319682636	-4.25342982751	-4.41676523436	-4.57751568862	-4.72999411044	-4.86857151615	-4.98775307621	-5.08232724064	-5.1475039836	-5.17913579871	-5.17390087719	-5.12952490438	-5.04497109228	-4.92055975643	-4.7580589131	-4.56068824493	-4.33303484732	-4.08091313334	-3.81114861505	-3.53131481631	-3.24942558882	-2.97362476736	-2.71187203839	
-2.1308974094	-1.93928309266	-1.77866760587	-1.65333401794	-1.56660049227	-1.52074306496	-1.51692915394	-1.55517244115	-1.63428915555	-1.75187039313	-1.90427741166	-2.08666244921	-2.29303169409	-2.51637502845	-2.74886315092	-2.9821094583	-3.20752928805	-3.41675369312	-3.60207431128	-3.75691097808	-3.87624152446	-3.95694967545	-3.99806446392	-4.00083588245	-3.96864961747	-3.90677255609	-3.82194967895	-3.72190585951	-3.61478869686	-3.50862621095	-3.41083618045	-3.3278265902	-3.26472787123	-3.22525440028	-3.21168513404	-3.22490047412	-3.26454265918	-3.32918963826	-3.41648948681	-3.52335478031	-3.64608440609	-3.78046518214	-3.92187365159	-4.06536046251	-4.20573473959	-4.33767178942	-4.45584178202	-4.5550835885	-4.63055234197	-4.67792577885	-4.69362651988	-4.67496960118	-4.62034675687	-4.52934650196	-4.40281712824	-4.24288061006	-4.0528757748	-3.83725699864	-3.60143221297	-3.35156069981	-3.0943348045	-2.83673427941	-2.5857911495	-2.34836007732	-2.1308974094	
-1.59651949277	-1.45463272693	-1.34376491592	-1.26661851929	-1.22518082778	-1.22066332109	-1.25341405514	-1.32280571272	-1.42712019228	-1.56344626689	-1.72761267183	-1.9141929013	-2.11660470448	-2.32732188152	-2.53820023467	-2.74090990313	-2.92744530483	-3.09066001563	-3.22478039252	-3.32583787993	-3.39196310946	-3.42350514571	-3.42295312408	-3.39466418909	-3.34443884616	-3.27897666987	-3.20530797417	-3.13024865722	-3.05993308593	-2.99950637732	-2.9529492331	-2.92303682534	-2.91143013658	-2.91885590046	-2.94527986244	-2.99007388754	-3.05217357779	-3.13012748193	-3.22210895874	-3.32588311637	-3.43873267722	-3.55741260482	-3.67812000063	-3.79652541187	-3.90787161203	-4.00713823214	-4.08927495264	-4.1494359453	-4.18328878093	-4.18727838664	-4.15885622776	-4.0966755128	-4.00068383405	-3.87217091889	-3.71370927386	-3.52902903469	-3.32282051242	-3.10052518316	-2.86807404497	-2.63164538294	-2.39742097649	-2.1713933479	-1.95921441628	-1.76605066953	-1.59651949277	
-1.09565037606	-1.00110167389	-0.935241355157	-0.899250437324	-0.89395897656	-0.919792207299	-0.976648833576	-1.06371563239	-1.17925416185	-1.32040081456	-1.48302918947	-1.66171915516	-1.84987456194	-2.04000725187	-2.22417621088	-2.39454971659	-2.54403794432	-2.66691463238	-2.75934451014	-2.81974496239	-2.84891905247	-2.8499375601	-2.82777383211	-2.7887434868	-2.73982290015	-2.687940464	-2.63934510281	-2.5991133039	-2.57087706503	-2.55676131137	-2.55751683583	-2.57281854203	-2.60162959593	-2.64257778854	-2.69425192923	-2.7554157065	-2.82505879252	-2.90232840381	-2.98636868517	-3.07607372897	-3.16987280194	-3.26552601469	-3.36002012792	-3.44958745284	-3.52982268952	-3.59591267129	-3.64298985255	-3.66645311596	-3.66238520546	-3.62789595666	-3.5613644411	-3.46265542259	-3.33313937741	-3.17564924586	-2.99429976401	-2.79422262051	-2.58124730605	-2.36155271122	-2.14131939634	-1.92644194491	-1.72228494622	-1.53353733251	-1.36415001025	-1.21733456104	-1.09565037606	
-0.614025622429	-0.561891939994	-0.534362490178	-0.531291741618	-0.552627571998	-0.598359479245	-0.668343312516	-0.762030253169	-0.878137458206	-1.01433526016	-1.16702155969	-1.33124621821	-1.50083020149	-1.66870006387	-1.82741612769	-1.96983925311	-2.08984985026	-2.1830176186	-2.24711678338	-2.28240035835	-2.29158024049	-2.2795052444	-2.25257596587	-2.21798267838	-2.18287160433	-2.15357424034	-2.13499628161	-2.13024638109	-2.14056103914	-2.16547353013	-2.20319703498	-2.25116713627	-2.30657416856	-2.36684588726	-2.43000713722	-2.49483117383	-2.56079601901	-2.62789528257	-2.69631360037	-2.7660303548	-2.83648120245	-2.90625874836	-2.97298358677	-3.0333063915	-3.08305229859	-3.11756409656	-3.13210069072	-3.12229104582	-3.08461272579	-3.01678953829	-2.91808567043	-2.78946330402	-2.63358768465	-2.4546692273	-2.25817012221	-2.05041501141	-1.83812632103	-1.62796680978	-1.42611274887	-1.23791074295	-1.06766028043	-0.918523854925	-0.792566305436	-0.690920840492	-0.614025622429	
-0.138976391273	-0.123191781881	-0.126940010751	-0.149054340296	-0.188940926484	-0.24651174082	-0.321943819251	-0.415301572809	-0.526085958874	-0.652806985574	-0.792663673838	-0.941418534325	-1.09351501954	-1.24244924154	-1.38136669808	-1.50380232585	-1.6044582175	-1.67989305397	-1.72900620376	-1.75322906941	-1.75637824224	-1.74418622234	-1.72357464479	-1.70177997183	-1.68546925435	-1.67997608155	-1.68876668291	-1.71320840438	-1.75264360579	-1.80475454708	-1.8661123506	-1.93282645314	-2.00118544216	-2.06816853767	-2.13177168735	-2.19110676982	-2.24627317071	-2.29805155021	-2.34746556452	-2.39532244982	-2.44176571729	-2.48594575372	-2.5259007113	-2.55853707292	-2.57984861683	-2.58530928012	-2.57033534027	-2.53083405874	-2.46372396268	-2.36735927952	-2.24185565993	-2.08921276865	-1.91325644092	-1.71940155707	-1.51424399312	-1.3050487165	-1.09917024919	-0.903492915757	-0.723933246821	-0.565078067336	-0.429984551286	-0.320172397826	-0.23578756464	-0.175912116581	-0.138976391273	
0.336416030886	0.321624647975	0.29253505397	0.250975697899	0.19775032466	0.132737990623	0.0552172443087	-0.0356469051476	-0.140238838446	-0.257957684302	-0.386823436259	-0.523314717856	-0.662488197622	-0.798385057095	-0.92467916765	-1.03546422918	-1.12605778552	-1.19368516849	-1.23791998171	-1.260800488	-1.26659177166	-1.26122727137	-1.25151439825	-1.24423250836	-1.24526345221	-1.25889109408	-1.28736178318	-1.3307668754	-1.38723990508	-1.45341777795	-1.52507082302	-1.59779546789	-1.66765696543	-1.73167894098	-1.7881219975	-1.83651581919	-1.87747374489	-1.91231031772	-1.94256202183	-1.96947841438	-1.99356475092	-2.01425459938	-2.02976472776	-2.03715163516	-2.03255702561	-2.01162229388	-1.97002682725	-1.90406200019	-1.81117903204	-1.69043852828	-1.54281201338	-1.37127861209	-1.1806987802	-0.977498452124	-0.769163257917	-0.563620273574	-0.368568600826	-0.19083744391	-0.0358532166655	0.0927288865713	0.193177293578	0.265606405119	0.311688884778	0.334191277183	0.336416030886	
0.810402522033	0.769293823646	0.71857737287	0.660404449769	0.595538910192	0.523516098764	0.443049802658	0.352614868747	0.251103176226	0.138426030036	0.0159467199457	-0.113349687734	-0.244995185111	-0.373479764732	-0.492929836942	-0.59791371094	-0.684237628064	-0.749593404981	-0.793941882445	-0.819561508059	-0.830750012137	-0.833226895119	-0.833334508593	-0.837168128842	-0.849774298191	-0.874534981246	-0.912827370119	-0.963991009063	-1.02559321769	-1.09392056603	-1.16461519972	-1.23334614663	-1.29639638612	-1.35110131796	-1.39606706622	-1.43115438728	-1.45725418325	-1.47588817469	-1.48873011333	-1.49709588879	-1.50152066388	-1.50145811896	-1.49516183936	-1.47977480374	-1.45160595455	-1.40658108191	-1.3407828693	-1.25104673164	-1.13550417997	-0.994015889865	-0.828439257136	-0.642673086806	-0.442476697423	-0.235069452965	-0.0285486019182	0.168803714691	0.349256411129	0.506308917406	0.635233804942	0.733418892414	0.800457640733	0.837974970889	0.849220983562	0.838483364455	0.810402522033	
1.27132933423	1.20595961104	1.13470264189	1.05978421239	0.981822972237	0.900058611999	0.812832253141	0.718228124466	0.614777116774	0.502069262195	0.381175949288	0.254791335819	0.127053690548	0.00307778918282	-0.111731356248	-0.212462849159	-0.295446191984	-0.358828243525	-0.402880407749	-0.42998139878	-0.444281970883	-0.45110630384	-0.456195818384	-0.464914333626	-0.481543844291	-0.508771425776	-0.547433436644	-0.596545914324	-0.653587894907	-0.714982313903	-0.776683802311	-0.834774166428	-0.88598099902	-0.928035733766	-0.959838461478	-0.981409228746	-0.993651638528	-0.997981405672	-0.995866641835	-0.988386186054	-0.975848872017	-0.957538622794	-0.931660760664	-0.895453638286	-0.845482206507	-0.778100234281	-0.689988594336	-0.578718087449	-0.443263816339	-0.284395235633	-0.104882945119	0.0905149582296	0.295302740243	0.501711086306	0.701331683153	0.885862957705	1.04785872464	1.1814188296	1.28269546511	1.35017571825	1.38470395462	1.38920742596	1.36819061251	1.32705287805	1.27132933423	
1.69808356415	1.60848171418	1.51569788026	1.42191256663	1.3276474945	1.23206053677	1.13346518341	1.0299857096	0.920239029055	0.803902167886	0.682068779547	0.557324199366	0.433523356045	0.315308719151	0.207451687265	0.114135976562	0.0383074739169	-0.0187951327644	-0.0578498701035	-0.0813676264558	-0.0933352021395	-0.0986457257185	-0.102415784532	-0.109297785105	-0.122890534478	-0.145335846345	-0.177143479704	-0.217259801529	-0.26334711678	-0.312217504851	-0.360344435008	-0.404367041583	-0.441512773405	-0.469881315551	-0.488556304503	-0.497538134586	-0.497523148064	-0.489566898794	-0.474700649299	-0.453553411709	-0.426048754308	-0.391228565163	-0.34723639716	-0.291469562834	-0.220892679013	-0.132475881916	-0.0237006764549	0.106924310614	0.259416333287	0.432002669136	0.620990885185	0.820857321992	1.02455741132	1.22404233964	1.41092925139	1.57723996036	1.71614077975	1.822587636	1.89376115986	1.92927549803	1.93110643557	1.90323117751	1.85105525235	1.78067188338	1.69808356415	
2.06342307635	1.9486069476	1.83263555945	1.71764521131	1.60421817513	1.49172775848	1.37884839054	1.26417162333	1.14679470746	1.02678903714	0.905449161042	0.78528020568	0.66974192551	0.562776247391	0.468222866835	0.389216648881	0.327678814839	0.283988297055	0.256885708687	0.243623370302	0.240331998439	0.242538406811	0.245752529296	0.246030795913	0.240433253118	0.22731788048	0.20643747119	0.178841515921	0.146614746375	0.112500702689	0.0794801073105	0.0503652470392	0.0274738864834	0.0124185244323	0.00604562380298	0.00850727716983	0.019457834305	0.0383365551864	0.0646690830572	0.0983617153866	0.139911625415	0.190504889069	0.251981567636	0.326649400021	0.416971558151	0.525159781257	0.652721473139	0.800026715035	0.965951521415	1.14766237247	1.34057934	1.53854500857	1.73419740329	1.91951936722	2.08650294266	2.22785720322	2.3376954206	2.41207559018	2.44935105667	2.4502762234	2.41783129097	2.3568026471	2.27316352704	2.17333048047	2.06342307635	
2.33914537756	2.19885324993	2.05934136453	1.9227615983	1.78994396784	1.66074322614	1.53450210695	1.41056185117	1.28872335748	1.16955974717	1.05454051855	0.945943494595	0.846573863488	0.759348487606	0.68682224988	0.630744929839	0.591725336575	0.569062922405	0.560770549493	0.56378597591	0.574332734881	0.58837217684	0.602077645198	0.612262860613	0.616702517742	0.614312055635	0.605170439189	0.59039279156	0.571887256877	0.552040839612	0.533379761622	0.518263432534	0.508647754052	0.505947179053	0.511014233924	0.524214531167	0.545594792169	0.575103687548	0.612816394768	0.659126131199	0.714867867536	0.781341364858	0.860215124994	0.953320924082	1.06235162277	1.18849940741	1.3320821687	1.49220854604	1.66654185394	1.85119222574	2.04079391303	2.2287541106	2.40767896039	2.56993046949	2.7082532984	2.8164330518	2.88985870393	2.92594758757	2.9243733762	2.88704573764	2.81784833458	2.72216933091	2.60627168456	2.47660520681	2.33914537756	
2.50259899037	2.33929247136	2.17922033008	2.02459154644	1.87659299967	1.73568917629	1.60200206084	1.4756896838	1.35723056651	1.24758032511	1.14817555133	1.06078426105	0.987238324681	0.929107431655	0.887371231717	0.862159625448	0.852601602734	0.856819943709	0.872062750595	0.894965857244	0.92189127416	0.949305020269	0.974130644428	0.994036989447	1.00762779461	1.01450135147	1.01520478448	1.01107217912	1.00399826898	0.996171285056	0.989814184318	0.986962893116	0.989310470071	0.998134991227	1.01431262571	1.03840176503	1.07077842575	1.1118011646	1.16195257635	1.2219475684	1.29277110297	1.3756266133	1.47179781352	1.58242570638	1.70823184808	1.84922040292	2.00439362001	2.17153989102	2.34712342288	2.52630633658	2.70313535476	2.87087014057	3.02243990181	3.15098690201	3.25044286767	3.3160649934	3.34486138891	3.33586851251	3.29022323083	3.2110151871	3.10294772032	2.97183310043	2.82400665974	2.66571707285	2.50259899037	
2.54346410728	2.36393537305	2.19099911124	2.0268657319	1.87302509764	1.73047493749	1.60000104181	1.48239918584	1.37857994616	1.28959194825	1.21652276675	1.16032174514	1.12158042492	1.1003156632	1.0958070751	1.10651662354	1.13011783901	1.16363020438	1.20364632776	1.24662112747	1.28918034452	1.32841552435	1.36211788188	1.38893403109	1.40842407781	1.42101754022	1.42788958738	1.43077027623	1.43172215435	1.43291356845	1.43641847438	1.44406781127	1.4573665314	1.47747273135	1.50524284259	1.54132343408	1.58625326729	1.64059288535	1.70499052395	1.78021309266	1.86712035149	1.96654677375	2.07913679073	2.20512191606	2.34408512033	2.49473020162	2.65471388688	2.82055517002	2.9876614772	3.15048624014	3.30281073432	3.43814006399	3.55017287069	3.6333078758	3.68311673616	3.69673717605	3.6731355109	3.61319501381	3.51962863083	3.39670460248	3.24984406889	3.08510724128	2.90869356339	2.72644345472	2.54346410728	
2.46852199611	2.28457669493	2.11143357547	1.95111389954	1.80517123447	1.67487149541	1.56135672289	1.4656970632	1.38887188316	1.33166901824	1.29452501913	1.27735216557	1.27938271379	1.29907489687	1.3341000174	1.38142647521	1.43749606365	1.4984713293	1.56052922487	1.62015748896	1.67442723481	1.72120021226	1.75925699459	1.78832895574	1.80903735506	1.82276258535	1.83144004692	1.83733952105	1.84284544568	1.85024517643	1.86158274974	1.87856792118	1.90253892611	1.93449143441	1.97515035402	2.02506449573	2.08470064262	2.15452474444	2.23502612379	2.32668767049	2.42990977517	2.54486166221	2.67129163866	2.80834123462	2.95434839171	3.10671570027	3.26184895528	3.41520188787	3.56143586425	3.69468910884	3.80895200746	3.8984943913	3.95832685918	3.98462015892	3.97505063432	3.92902001074	3.84771558079	3.73401209963	3.59221019219	3.42766360945	3.2463234414	3.05426737093	2.8573004338	2.66059761935	2.46852199611	
