 &datain
 nzperiod=  5,
 lalpha= 20, lfout=20, nrun =  1,
 cmul = 3.0000,
 efield = 0.0000,
 mpolb =  8,  ntorb = 30,  ibbi = 1,
 chip = -0.5490,  psip = -0.6209,
 btheta =  0.0000, bzeta = -14.4000,
 borbi(0,0)=  0.25033E+01,
 borbi(1,0)=  0.25691E+00,
 borbi(1,1)=  -.11292E+00,
 borbi(0,1)=  -.52934E-01,
 borbi(2,1)=  0.58888E-02,
 borbi(-1,1)=  0.58393E-02,
 borbi(0,2)=  -.54988E-02,
 borbi(2,3)=  -.42165E-02,
 borbi(4,0)=  0.41711E-02,
 borbi(-2,1)=  0.41072E-02,
 borbi(2,0)=  -.41061E-02,
 borbi(-1,2)=  -.33734E-02,
 borbi(3,1)=  -.33666E-02,
 borbi(-9,1)=  -.32505E-02,
 borbi(1,2)=  0.31031E-02,
 borbi(10,0)=  -.28321E-02,
 borbi(3,3)=  0.22504E-02,
 borbi(-3,1)=  -.19463E-02,
 borbi(4,1)=  0.17082E-02,
 borbi(3,0)=  0.14486E-02,
 borbi(-7,2)=  -.14362E-02,
 borbi(3,2)=  0.13675E-02,
 borbi(5,1)=  -.12416E-02,
 borbi(6,0)=  0.12159E-02,
 borbi(-6,2)=  0.11580E-02,
 borbi(-4,1)=  0.11001E-02,
 borbi(8,0)=  -.10820E-02,
 borbi(-7,1)=  0.10067E-02,
 borbi(9,0)=  -.10005E-02,
 borbi(-7,3)=  0.96511E-03,
 borbi(10,1)=  -.93615E-03,
 borbi(-5,1)=  0.92330E-03,
 borbi(9,1)=  -.87362E-03,
 borbi(1,3)=  0.82148E-03,
 borbi(7,0)=  0.76536E-03,
 borbi(-1,3)=  -.73699E-03,
 borbi(3,4)=  0.70541E-03,
 borbi(6,1)=  0.62688E-03,
 borbi(-2,3)=  -.58381E-03,
 borbi(5,2)=  0.56643E-03,
 borbi(-10,1)=  0.55087E-03,
 borbi(-8,1)=  0.51872E-03,
 borbi(-3,2)=  0.49365E-03,
 borbi(4,3)=  -.48000E-03,
 borbi(-8,2)=  0.45584E-03,
 borbi(0,3)=  0.43385E-03,
 borbi(6,2)=  -.43198E-03,
 borbi(11,1)=  -.38851E-03,
 borbi(11,2)=  -.37513E-03,
 borbi(-2,2)=  0.33782E-03,
 borbi(10,2)=  0.31449E-03,
 borbi(0,4)=  -.31179E-03,
 borbi(4,2)=  0.29871E-03,
 borbi(-5,2)=  -.26807E-03,
 borbi(-4,2)=  -.25910E-03,
 borbi(-5,3)=  -.24213E-03,
 borbi(8,2)=  -.24180E-03,
 borbi(-11,1)=  -.21965E-03,
 borbi(1,4)=  -.21619E-03,
 borbi(6,3)=  0.21209E-03,
 borbi(12,0)=  0.20883E-03,
 borbi(7,2)=  0.19485E-03,
 borbi(-8,3)=  -.18598E-03,
 borbi(7,1)=  -.16835E-03,
 borbi(0,5)=  -.15772E-03,
 borbi(12,2)=  0.15735E-03,
 borbi(-9,2)=  -.15548E-03,
 borbi(14,1)=  0.15494E-03,
 borbi(-4,4)=  -.15371E-03,
 borbi(10,3)=  -.15134E-03,
 borbi(-7,4)=  -.15127E-03,
 borbi(8,3)=  -.13595E-03,
 borbi(2,4)=  0.12877E-03,
 borbi(0,6)=  0.11623E-03,
 borbi(8,1)=  0.11611E-03,
 borbi(-5,4)=  0.11251E-03,
 borbi(-6,1)=  -.10806E-03,
 borbi(4,4)=  -.10392E-03,
 borbi(2,2)=  0.10382E-03,
 borbi(5,3)=  -.10381E-03,
 borbi(-12,1)=  0.10377E-03,
 borbi(13,1)=  -.10349E-03,
 borbi(15,1)=  -.10244E-03,
 borbi(11,0)=  0.96348E-04,
 borbi(-3,3)=  -.86611E-04,
 borbi(12,1)=  0.85008E-04,
 borbi(-8,4)=  0.78802E-04,
 borbi(5,0)=  -.76926E-04,
 borbi(13,2)=  -.74687E-04,
 borbi(-6,5)=  0.72973E-04,
 borbi(-9,3)=  0.70330E-04,
 borbi(2,5)=  0.69018E-04,
 borbi(1,6)=  0.67715E-04,
 borbi(12,3)=  0.67197E-04,
 borbi(15,2)=  0.66975E-04,
 borbi(-1,4)=  -.66322E-04,
 borbi(6,4)=  -.59628E-04,
 borbi(1,7)=  -.58285E-04,
 borbi(-7,5)=  0.57817E-04,
 borbi(-14,1)=  -.54927E-04,
 mmnn(1,1)=  0, 27,  0,  1,  2,  3,  4,  5,  6,  7,  8,  9, 10, 11, 12,
  13, 14, 15, 16, 17, 18, 19, 20, 21, 22, 23, 24, 25, 26,
 mmnn(1,2)=  1, 29,  0,  1,  2,  3,  4,  5,  6,  7,  8,  9, 10, 11, 12,
  13, 14, 15, 16, 17, 18, 19, 20, 21, 22, 23, 24, 25, 26, 27, 28,
 mmnn(1,3)=  2, 29,  0,  1,  2,  3,  4,  5,  6,  7,  8,  9, 10, 11, 12,
  13, 14, 15, 16, 17, 18, 19, 20, 21, 22, 23, 24, 25, 26, 27, 28,
 mmnn(1,4)=  3, 29,  0,  1,  2,  3,  4,  5,  6,  7,  8,  9, 10, 11, 12,
  13, 14, 15, 16, 17, 18, 19, 20, 21, 22, 23, 24, 25, 26, 27, 28,
 mmnn(1,5)=  4, 29,  0,  1,  2,  3,  4,  5,  6,  7,  8,  9, 10, 11, 12,
  13, 14, 15, 16, 17, 18, 19, 20, 21, 22, 23, 24, 25, 26, 27, 28,
 mmnn(1,6)=  5, 29,  0,  1,  2,  3,  4,  5,  6,  7,  8,  9, 10, 11, 12,
  13, 14, 15, 16, 17, 18, 19, 20, 21, 22, 23, 24, 25, 26, 27, 28,
 mmnn(1,7)=  6, 28,  0,  1,  2,  3,  4,  5,  6,  7,  8,  9, 10, 11, 12,
  13, 14, 15, 16, 17, 18, 19, 20, 21, 22, 23, 24, 25, 26, 27,
 mmnn(1,8)=  7, 29,  0,  1,  2,  3,  4,  5,  6,  7,  8,  9, 10, 11, 12,
  13, 14, 15, 16, 17, 18, 19, 20, 21, 22, 23, 24, 25, 26, 27, 28,
 mmnn(1,9)=  8, 28,  0,  1,  2,  3,  4,  5,  6,  7,  8,  9, 10, 11, 12,
  13, 14, 15, 16, 17, 18, 19, 20, 21, 22, 23, 24, 25, 26, 27,
 mmnn(1,10)=  9, 27,  0,  1,  2,  3,  4,  5,  6,  7,  8,  9, 10, 11, 12,
  13, 14, 15, 16, 17, 18, 19, 20, 21, 22, 23, 24, 25, 26,
 mmnn(1,11)= 10, 28,  0,  1,  2,  3,  4,  5,  6,  7,  8,  9, 10, 11, 12,
  13, 14, 15, 16, 17, 18, 19, 20, 21, 22, 23, 24, 25, 26, 27,
 mmnn(1,12)= 11, 27,  0,  1,  2,  3,  4,  5,  6,  7,  8,  9, 10, 11, 12,
  13, 14, 15, 16, 17, 18, 19, 20, 21, 22, 23, 24, 25, 26,
 mmnn(1,13)= 12, 27,  0,  1,  2,  3,  4,  5,  6,  7,  8,  9, 10, 11, 12,
  13, 14, 15, 16, 17, 18, 19, 20, 21, 22, 23, 24, 25, 26,
 mmnn(1,14)= 13, 26,  0,  1,  2,  3,  4,  5,  6,  7,  8,  9, 10, 11, 12,
  13, 14, 15, 16, 17, 18, 19, 20, 21, 22, 23, 24, 25,
 mmnn(1,15)= 14, 27,  0,  1,  2,  3,  4,  5,  6,  7,  8,  9, 10, 11, 12,
  13, 14, 15, 16, 17, 18, 19, 20, 21, 22, 23, 24, 25, 26,
 mmnn(1,16)= 15, 26,  0,  1,  2,  3,  4,  5,  6,  7,  8,  9, 10, 11, 12,
  13, 14, 15, 16, 17, 18, 19, 20, 21, 22, 23, 24, 25,
 mmnn(1,17)= 16, 25,  0,  1,  2,  3,  4,  5,  6,  7,  8,  9, 10, 11, 12,
  13, 14, 15, 16, 17, 18, 19, 20, 21, 22, 23, 24,
 mmnn(1,18)= 17, 24,  0,  1,  2,  3,  4,  5,  6,  7,  8,  9, 10, 11, 12,
  13, 14, 15, 16, 17, 18, 19, 20, 21, 22, 23,
 mmnn(1,19)= 18, 25,  0,  1,  2,  3,  4,  5,  6,  7,  8,  9, 10, 11, 12,
  13, 14, 15, 16, 17, 18, 19, 20, 21, 22, 23, 24,
 mmnn(1,20)= 19, 24,  0,  1,  2,  3,  4,  5,  6,  7,  8,  9, 10, 11, 12,
  13, 14, 15, 16, 17, 18, 19, 20, 21, 22, 23,
 mmnn(1,21)= 20, 25,  0,  1,  2,  3,  4,  5,  6,  7,  8,  9, 10, 11, 12,
  13, 14, 15, 16, 17, 18, 19, 20, 21, 22, 23, 24,
 mmnn(1,22)= 21, 24,  0,  1,  2,  3,  4,  5,  6,  7,  8,  9, 10, 11, 12,
  13, 14, 15, 16, 17, 18, 19, 20, 21, 22, 23,
 mmnn(1,23)= 22, 24,  0,  1,  2,  3,  4,  5,  6,  7,  8,  9, 10, 11, 12,
  13, 14, 15, 16, 17, 18, 19, 20, 21, 22, 23,
 mmnn(1,24)= 23, 23,  0,  1,  2,  3,  4,  5,  6,  7,  8,  9, 10, 11, 12,
  13, 14, 15, 16, 17, 18, 19, 20, 21, 22,
 mmnn(1,25)= 24, 23,  0,  1,  2,  3,  4,  5,  6,  7,  8,  9, 10, 11, 12,
  13, 14, 15, 16, 17, 18, 19, 20, 21, 22,
 mmnn(1,26)= 25, 23,  0,  1,  2,  3,  4,  5,  6,  7,  8,  9, 10, 11, 12,
  13, 14, 15, 16, 17, 18, 19, 20, 21, 22,
 mmnn(1,27)= 26, 22,  0,  1,  2,  3,  4,  5,  6,  7,  8,  9, 10, 11, 12,
  13, 14, 15, 16, 17, 18, 19, 20, 21,
 mmnn(1,28)= 27, 22,  0,  1,  2,  3,  4,  5,  6,  7,  8,  9, 10, 11, 12,
  13, 14, 15, 16, 17, 18, 19, 20, 21,
 mmnn(1,29)= 28, 21,  0,  1,  2,  3,  4,  5,  6,  7,  8,  9, 10, 11, 12,
  13, 14, 15, 16, 17, 18, 19, 20,
 mmnn(1,30)= 29, 21,  0,  1,  2,  3,  4,  5,  6,  7,  8,  9, 10, 11, 12,
  13, 14, 15, 16, 17, 18, 19, 20,
 mmnn(1,31)= 30, 21,  0,  1,  2,  3,  4,  5,  6,  7,  8,  9, 10, 11, 12,
  13, 14, 15, 16, 17, 18, 19, 20,
 mmnn(1,32)= 31, 15,  0,  1,  2,  3,  4,  5,  6,  7,  8,  9, 10, 11, 12,
  13, 14,
 mmnn(1,33)= 32, 15,  0,  1,  2,  3,  4,  5,  6,  7,  8,  9, 10, 11, 12,
  13, 14,
 mmnn(1,34)= 33, 14,  0,  1,  2,  3,  4,  5,  6,  7,  8,  9, 10, 11, 12,
  13,
 mmnn(1,35)= 34, 14,  0,  1,  2,  3,  4,  5,  6,  7,  8,  9, 10, 11, 12,
  13,
 mmnn(1,36)= 35, 14,  0,  1,  2,  3,  4,  5,  6,  7,  8,  9, 10, 11, 12,
  13,
 mmnn(1,37)= 36, 13,  0,  1,  2,  3,  4,  5,  6,  7,  8,  9, 10, 11, 12,
 mmnn(1,38)= 37, 13,  0,  1,  2,  3,  4,  5,  6,  7,  8,  9, 10, 11, 12,
 mmnn(1,39)= 38, 12,  0,  1,  2,  3,  4,  5,  6,  7,  8,  9, 10, 11,
 mmnn(1,40)= 39, 12,  0,  1,  2,  3,  4,  5,  6,  7,  8,  9, 10, 11,
 mmnn(1,41)= 40, 12,  0,  1,  2,  3,  4,  5,  6,  7,  8,  9, 10, 11,
 mmnn(1,42)= 41, 11,  0,  1,  2,  3,  4,  5,  6,  7,  8,  9, 10,
 mmnn(1,43)= 42, 11,  0,  1,  2,  3,  4,  5,  6,  7,  8,  9, 10,
 mmnn(1,44)= 43, 10,  0,  1,  2,  3,  4,  5,  6,  7,  8,  9,
 mmnn(1,45)= 44, 10,  0,  1,  2,  3,  4,  5,  6,  7,  8,  9,
 mmnn(1,46)= 45, 10,  0,  1,  2,  3,  4,  5,  6,  7,  8,  9,
 mmnn(1,47)= -1, 20,  1,  2,  3,  4,  5,  6,  7,  8,  9, 10, 11, 12, 13,
  14, 15, 16, 17, 18, 19, 20,
 mmnn(1,48)= -2, 20,  1,  2,  3,  4,  5,  6,  7,  8,  9, 10, 11, 12, 13,
  14, 15, 16, 17, 18, 19, 20,
 mmnn(1,49)= -3, 20,  1,  2,  3,  4,  5,  6,  7,  8,  9, 10, 11, 12, 13,
  14, 15, 16, 17, 18, 19, 20,
 mmnn(1,50)= -4, 20,  1,  2,  3,  4,  5,  6,  7,  8,  9, 10, 11, 12, 13,
  14, 15, 16, 17, 18, 19, 20,
 mmnn(1,51)= -5, 20,  1,  2,  3,  4,  5,  6,  7,  8,  9, 10, 11, 12, 13,
  14, 15, 16, 17, 18, 19, 20,
 mmnn(1,52)= -6, 20,  1,  2,  3,  4,  5,  6,  7,  8,  9, 10, 11, 12, 13,
  14, 15, 16, 17, 18, 19, 20,
 mmnn(1,53)= -7, 19,  1,  2,  3,  4,  5,  6,  7,  8,  9, 10, 11, 12, 13,
  14, 15, 16, 17, 18, 19,
 mmnn(1,54)= -8, 18,  1,  2,  3,  4,  5,  6,  7,  8,  9, 10, 11, 12, 13,
  14, 15, 16, 17, 18,
 mmnn(1,55)= -9, 17,  1,  2,  3,  4,  5,  6,  7,  8,  9, 10, 11, 12, 13,
  14, 15, 16, 17,
 mmnn(1,56)=-10, 17,  1,  2,  3,  4,  5,  6,  7,  8,  9, 10, 11, 12, 13,
  14, 15, 16, 17,
 mmnn(1,57)=-11, 17,  1,  2,  3,  4,  5,  6,  7,  8,  9, 10, 11, 12, 13,
  14, 15, 16, 17,
 mmnn(1,58)=-12, 15,  1,  2,  3,  4,  5,  6,  7,  8,  9, 10, 11, 12, 13,
  14, 15,
 mmnn(1,59)=-13, 15,  1,  2,  3,  4,  5,  6,  7,  8,  9, 10, 11, 12, 13,
  14, 15,
 mmnn(1,60)=-14, 15,  1,  2,  3,  4,  5,  6,  7,  8,  9, 10, 11, 12, 13,
  14, 15,
 mmnn(1,61)=-15, 13,  1,  2,  3,  4,  5,  6,  7,  8,  9, 10, 11, 12, 13,
 mmnn(1,62)=-16, 12,  1,  2,  3,  4,  5,  6,  7,  8,  9, 10, 11, 12,
 mmnn(1,63)=-17, 12,  1,  2,  3,  4,  5,  6,  7,  8,  9, 10, 11, 12,
 mmnn(1,64)=-18, 12,  1,  2,  3,  4,  5,  6,  7,  8,  9, 10, 11, 12,
 mmnn(1,65)=-19, 12,  1,  2,  3,  4,  5,  6,  7,  8,  9, 10, 11, 12,
 mmnn(1,66)=-20, 11,  1,  2,  3,  4,  5,  6,  7,  8,  9, 10, 11,
 mmnn(1,67)=-21, 12,  1,  2,  3,  4,  5,  6,  7,  8,  9, 10, 11, 12,
 mmnn(1,68)=-22, 11,  1,  2,  3,  4,  5,  6,  7,  8,  9, 10, 11,
 mmnn(1,69)=-23, 10,  1,  2,  3,  4,  5,  6,  7,  8,  9, 10,
 mmnn(1,70)=-24, 10,  1,  2,  3,  4,  5,  6,  7,  8,  9, 10,
 mmnn(1,71)=-25, 10,  1,  2,  3,  4,  5,  6,  7,  8,  9, 10,
 mmnn(1,72)=-26, 10,  1,  2,  3,  4,  5,  6,  7,  8,  9, 10,
 mmnn(1,73)=-27, 10,  1,  2,  3,  4,  5,  6,  7,  8,  9, 10,
 mmnn(1,74)=-28, 10,  1,  2,  3,  4,  5,  6,  7,  8,  9, 10,
 mmnn(1,75)=-29, 10,  1,  2,  3,  4,  5,  6,  7,  8,  9, 10,
 mmnn(1,76)=-30, 10,  1,  2,  3,  4,  5,  6,  7,  8,  9, 10,
 mmnn(1,77)=-31, 10,  1,  2,  3,  4,  5,  6,  7,  8,  9, 10,
 mmnn(1,78)=-32, 10,  1,  2,  3,  4,  5,  6,  7,  8,  9, 10,
 mmnn(1,79)=-33, 10,  1,  2,  3,  4,  5,  6,  7,  8,  9, 10,
 mmnn(1,80)=-34, 10,  1,  2,  3,  4,  5,  6,  7,  8,  9, 10,
 mmnn(1,81)=-35,  9,  1,  2,  3,  4,  5,  6,  7,  8,  9,
 mmnn(1,82)=-36,  8,  1,  2,  3,  4,  5,  6,  7,  8,
 mmnn(1,83)=-37,  8,  1,  2,  3,  4,  5,  6,  7,  8,
 mmnn(1,84)=-38,  7,  1,  2,  3,  4,  5,  6,  7,
 mmnn(1,85)=-39,  7,  1,  2,  3,  4,  5,  6,  7,
 mmnn(1,86)=-40,  5,  1,  2,  3,  4,  5,
 mmnn(1,87)=-41,  5,  1,  2,  3,  4,  5,
 mmnn(1,88)=-42,  5,  1,  2,  3,  4,  5,
 mmnn(1,89)=-43,  3,  1,  2,  3,
 mmnn(1,90)=-44,  3,  1,  2,  3,
 mmnn(1,91)=-45,  3,  1,  2,  3,
 mpol=29, ntor= 91 /
