 0.10000E+01	 0.00000E+00	 0.00000E+00	 0.45131E+00	 0.30573E+02	 0.30573E+02	 0.78694E-03	 0.78694E-03	 0.71390E-03	 0.71390E-03	 0.45723E+01	 0.10005E+04	 0.21891E+06	 0.16138E-12	 0.32620E+00	 0.48940E+00	 0.33800E-01	 0.23715E+01	 0.44175E+00
 0.10000E+00	 0.00000E+00	 0.00000E+00	 0.45131E+00	 0.32407E+01	 0.32407E+01	 0.71887E-01	 0.71887E-01	 0.27388E+00	 0.27388E+00	 0.45723E+01	 0.10005E+04	 0.21891E+06	 0.93687E-13	 0.32620E+00	 0.48940E+00	 0.33800E-01	 0.23715E+01	 0.44175E+00
 0.10000E+02	 0.00000E+00	 0.00000E+00	 0.45131E+00	 0.30531E+03	 0.30531E+03	 0.79953E-05	 0.79953E-05	 0.86304E-06	 0.86304E-06	 0.45723E+01	 0.10005E+04	 0.21891E+06	 0.23113E-10	 0.32620E+00	 0.48940E+00	 0.33800E-01	 0.23715E+01	 0.44175E+00
 0.10000E-01	 0.00000E+00	 0.00000E+00	 0.45131E+00	 0.48316E+00	 0.48316E+00	 0.56289E+00	 0.56289E+00	 0.17164E+02	 0.17164E+02	 0.45723E+01	 0.10005E+04	 0.21891E+06	 0.15664E-11	 0.32620E+00	 0.48940E+00	 0.33800E-01	 0.23715E+01	 0.44175E+00
 0.10000E+03	 0.00000E+00	 0.00000E+00	 0.45131E+00	 0.30530E+04	 0.30530E+04	 0.80026E-07	 0.80026E-07	 0.86622E-09	 0.86622E-09	 0.45723E+01	 0.10005E+04	 0.21891E+06	 0.15095E-08	 0.32620E+00	 0.48940E+00	 0.33800E-01	 0.23715E+01	 0.44175E+00
 0.10000E-02	 0.00000E+00	 0.00000E+00	 0.45131E+00	 0.16352E+00	 0.16336E+00	 0.65377E+00	 0.65365E+00	 0.27949E+03	 0.27948E+03	 0.45723E+01	 0.10005E+04	 0.21891E+06	 0.74775E-10	 0.32620E+00	 0.48940E+00	 0.33800E-01	 0.23715E+01	 0.44175E+00
 0.10000E-03	 0.00000E+00	 0.00000E+00	 0.45131E+00	 0.67570E+00	 0.59240E+00	 0.36073E-01	-0.23922E-01	 0.32025E+04	 0.31882E+04	 0.45723E+01	 0.10005E+04	 0.21891E+06	 0.90268E-07	 0.32620E+00	 0.48940E+00	 0.33800E-01	 0.23715E+01	 0.44175E+00
 0.10000E-04	 0.00000E+00	 0.00000E+00	 0.45131E+00	 0.62733E+01	 0.34926E+01	-0.29131E+01	-0.14009E+01	 0.34310E+05	 0.32938E+05	 0.45723E+01	 0.10005E+04	 0.21891E+06	 0.64036E-06	 0.32620E+00	 0.48940E+00	 0.33800E-01	 0.23715E+01	 0.44175E+00
 0.10000E-05	 0.00000E+00	 0.00000E+00	 0.45131E+00	 0.62409E+02	 0.21004E+02	-0.11650E+02	 0.36004E+01	 0.37182E+06	 0.33017E+06	 0.45723E+01	 0.10005E+04	 0.21891E+06	 0.72881E-04	 0.32620E+00	 0.48940E+00	 0.33800E-01	 0.23715E+01	 0.44175E+00
 0.30000E+01	 0.00000E+00	 0.00000E+00	 0.45131E+00	 0.91607E+02	 0.91607E+02	 0.88202E-04	 0.88202E-04	 0.30931E-04	 0.30931E-04	 0.45723E+01	 0.10005E+04	 0.21891E+06	 0.17128E-11	 0.32620E+00	 0.48940E+00	 0.33800E-01	 0.23715E+01	 0.44175E+00
 0.30000E+00	 0.00000E+00	 0.00000E+00	 0.45131E+00	 0.92610E+01	 0.92610E+01	 0.94339E-02	 0.94339E-02	 0.17968E-01	 0.17968E-01	 0.45723E+01	 0.10005E+04	 0.21891E+06	 0.47438E-13	 0.32620E+00	 0.48940E+00	 0.33800E-01	 0.23715E+01	 0.44175E+00
 0.30000E+02	 0.00000E+00	 0.00000E+00	 0.45131E+00	 0.91592E+03	 0.91592E+03	 0.88909E-06	 0.88909E-06	 0.32070E-07	 0.32070E-07	 0.45723E+01	 0.10005E+04	 0.21891E+06	 0.26449E-09	 0.32620E+00	 0.48940E+00	 0.33800E-01	 0.23715E+01	 0.44175E+00
 0.30000E-01	 0.00000E+00	 0.00000E+00	 0.45131E+00	 0.11370E+01	 0.11370E+01	 0.28725E+00	 0.28725E+00	 0.30666E+01	 0.30666E+01	 0.45723E+01	 0.10005E+04	 0.21891E+06	 0.41900E-12	 0.32620E+00	 0.48940E+00	 0.33800E-01	 0.23715E+01	 0.44175E+00
 0.30000E+03	 0.00000E+00	 0.00000E+00	 0.45131E+00	 0.91591E+04	 0.91591E+04	 0.88918E-08	 0.88918E-08	 0.32083E-10	 0.32083E-10	 0.45723E+01	 0.10005E+04	 0.21891E+06	 0.24282E-07	 0.32620E+00	 0.48940E+00	 0.33800E-01	 0.23715E+01	 0.44175E+00
 0.30000E-02	 0.00000E+00	 0.00000E+00	 0.45131E+00	 0.21637E+00	 0.21637E+00	 0.70932E+00	 0.70932E+00	 0.80051E+02	 0.80051E+02	 0.45723E+01	 0.10005E+04	 0.21891E+06	 0.11758E-10	 0.32620E+00	 0.48940E+00	 0.33800E-01	 0.23715E+01	 0.44175E+00
 0.30000E-03	 0.00000E+00	 0.00000E+00	 0.45131E+00	 0.27386E+00	 0.26596E+00	 0.46614E+00	 0.45611E+00	 0.10177E+04	 0.10168E+04	 0.45723E+01	 0.10005E+04	 0.21891E+06	 0.17828E-08	 0.32620E+00	 0.48940E+00	 0.33800E-01	 0.23715E+01	 0.44175E+00
 0.30000E-04	 0.00000E+00	 0.00000E+00	 0.45131E+00	 0.21199E+01	 0.15063E+01	-0.98012E+00	-0.94813E+00	 0.11075E+05	 0.10896E+05	 0.45723E+01	 0.10005E+04	 0.21891E+06	 0.79791E-07	 0.32620E+00	 0.48940E+00	 0.33800E-01	 0.23715E+01	 0.44175E+00
 0.30000E-05	 0.00000E+00	 0.00000E+00	 0.45131E+00	 0.20824E+02	 0.90489E+01	-0.63431E+01	-0.48385E+00	 0.11902E+06	 0.11000E+06	 0.45723E+01	 0.10005E+04	 0.21891E+06	 0.95662E-05	 0.32620E+00	 0.48940E+00	 0.33800E-01	 0.23715E+01	 0.44175E+00
 0.10000E+01	 0.10000E+00	 0.20433E+00	 0.45131E+00	 0.87569E-01	 0.87569E-01	 0.31414E-02	 0.31414E-02	 0.10075E-02	 0.10075E-02	 0.45723E+01	 0.10005E+04	 0.21891E+06	 0.60019E-09	 0.32620E+00	 0.48940E+00	 0.33800E-01	 0.23715E+01	 0.44175E+00
 0.10000E+00	 0.10000E+00	 0.20433E+00	 0.45131E+00	 0.13993E+00	 0.13993E+00	 0.92366E-01	 0.92366E-01	 0.25811E+00	 0.25811E+00	 0.45723E+01	 0.10005E+04	 0.21891E+06	 0.81796E-08	 0.32620E+00	 0.48940E+00	 0.33800E-01	 0.23715E+01	 0.44175E+00
 0.10000E+02	 0.10000E+00	 0.20433E+00	 0.45131E+00	 0.14959E-01	 0.14959E-01	 0.28159E-04	 0.28159E-04	 0.12275E-05	 0.12275E-05	 0.45723E+01	 0.10005E+04	 0.21891E+06	 0.21494E-08	 0.32620E+00	 0.48940E+00	 0.33800E-01	 0.23715E+01	 0.44175E+00
 0.10000E-01	 0.10000E+00	 0.20433E+00	 0.45131E+00	 0.57904E-01	 0.57904E-01	 0.49785E+00	 0.49785E+00	 0.16869E+02	 0.16869E+02	 0.45723E+01	 0.10005E+04	 0.21891E+06	 0.98560E-07	 0.32620E+00	 0.48940E+00	 0.33800E-01	 0.23715E+01	 0.44175E+00
 0.10000E+03	 0.10000E+00	 0.20433E+00	 0.45131E+00	 0.20876E-02	 0.20876E-02	 0.27082E-06	 0.27082E-06	 0.12362E-08	 0.12362E-08	 0.45723E+01	 0.10005E+04	 0.21891E+06	 0.21602E-06	 0.32620E+00	 0.48940E+00	 0.33800E-01	 0.23715E+01	 0.44175E+00
 0.10000E-02	 0.10000E+00	 0.20433E+00	 0.45131E+00	 0.13800E-01	 0.13799E-01	 0.56079E+00	 0.56082E+00	 0.40711E+03	 0.40708E+03	 0.45723E+01	 0.10005E+04	 0.21891E+06	 0.11066E-05	 0.32620E+00	 0.48940E+00	 0.33800E-01	 0.23715E+01	 0.44175E+00
 0.10000E-03	 0.10000E+00	 0.20433E+00	 0.45131E+00	 0.43990E-02	 0.43544E-02	 0.42008E+00	 0.41565E+00	 0.50754E+04	 0.50226E+04	 0.45723E+01	 0.10005E+04	 0.21891E+06	 0.69922E-06	 0.32620E+00	 0.48940E+00	 0.33800E-01	 0.23715E+01	 0.44175E+00
 0.10000E-04	 0.10000E+00	 0.20433E+00	 0.45131E+00	 0.15219E-02	 0.10599E-02	 0.98436E-01	 0.84613E-01	 0.55115E+05	 0.52485E+05	 0.45723E+01	 0.10005E+04	 0.21891E+06	 0.39095E-03	 0.32620E+00	 0.48940E+00	 0.33800E-01	 0.23715E+01	 0.44175E+00
 0.10000E-05	 0.10000E+00	 0.20433E+00	 0.45131E+00	 0.45405E-02	 0.13466E-03	 0.68739E+00	 0.72369E-01	 0.59653E+06	 0.52858E+06	 0.45723E+01	 0.10005E+04	 0.21891E+06	 0.94229E-02	 0.32620E+00	 0.48940E+00	 0.33800E-01	 0.23715E+01	 0.44175E+00
 0.30000E+01	 0.10000E+00	 0.20433E+00	 0.45131E+00	 0.37358E-01	 0.37358E-01	 0.33892E-03	 0.33892E-03	 0.43831E-04	 0.43831E-04	 0.45723E+01	 0.10005E+04	 0.21891E+06	 0.18326E-08	 0.32620E+00	 0.48940E+00	 0.33800E-01	 0.23715E+01	 0.44175E+00
 0.30000E+00	 0.10000E+00	 0.20433E+00	 0.45131E+00	 0.15952E+00	 0.15952E+00	 0.26299E-01	 0.26299E-01	 0.23227E-01	 0.23227E-01	 0.45723E+01	 0.10005E+04	 0.21891E+06	 0.13000E-08	 0.32620E+00	 0.48940E+00	 0.33800E-01	 0.23715E+01	 0.44175E+00
 0.30000E+02	 0.10000E+00	 0.20433E+00	 0.45131E+00	 0.60349E-02	 0.60349E-02	 0.30152E-05	 0.30152E-05	 0.45727E-07	 0.45727E-07	 0.45723E+01	 0.10005E+04	 0.21891E+06	 0.72433E-08	 0.32620E+00	 0.48940E+00	 0.33800E-01	 0.23715E+01	 0.44175E+00
 0.30000E-01	 0.10000E+00	 0.20433E+00	 0.45131E+00	 0.91491E-01	 0.91491E-01	 0.26356E+00	 0.26356E+00	 0.25726E+01	 0.25726E+01	 0.45723E+01	 0.10005E+04	 0.21891E+06	 0.43225E-07	 0.32620E+00	 0.48940E+00	 0.33800E-01	 0.23715E+01	 0.44175E+00
 0.30000E+03	 0.10000E+00	 0.20433E+00	 0.45131E+00	 0.75577E-03	 0.75577E-03	 0.30132E-07	 0.30132E-07	 0.45797E-10	 0.45797E-10	 0.45723E+01	 0.10005E+04	 0.21891E+06	 0.83897E-06	 0.32620E+00	 0.48940E+00	 0.33800E-01	 0.23715E+01	 0.44175E+00
 0.30000E-02	 0.10000E+00	 0.20433E+00	 0.45131E+00	 0.28204E-01	 0.28204E-01	 0.58638E+00	 0.58638E+00	 0.10030E+03	 0.10030E+03	 0.45723E+01	 0.10005E+04	 0.21891E+06	 0.18665E-07	 0.32620E+00	 0.48940E+00	 0.33800E-01	 0.23715E+01	 0.44175E+00
 0.30000E-03	 0.10000E+00	 0.20433E+00	 0.45131E+00	 0.69742E-02	 0.69657E-02	 0.52168E+00	 0.52153E+00	 0.15820E+04	 0.15785E+04	 0.45723E+01	 0.10005E+04	 0.21891E+06	 0.37841E-05	 0.32620E+00	 0.48940E+00	 0.33800E-01	 0.23715E+01	 0.44175E+00
 0.30000E-04	 0.10000E+00	 0.20433E+00	 0.45131E+00	 0.25658E-02	 0.24083E-02	 0.21924E+00	 0.20811E+00	 0.17716E+05	 0.17258E+05	 0.45723E+01	 0.10005E+04	 0.21891E+06	 0.71575E-04	 0.32620E+00	 0.48940E+00	 0.33800E-01	 0.23715E+01	 0.44175E+00
 0.30000E-05	 0.10000E+00	 0.20433E+00	 0.45131E+00	 0.18897E-02	 0.37533E-03	 0.23702E+00	 0.58379E-01	 0.19120E+06	 0.17597E+06	 0.45723E+01	 0.10005E+04	 0.21891E+06	 0.15612E-03	 0.32620E+00	 0.48940E+00	 0.33800E-01	 0.23715E+01	 0.44175E+00
 0.10000E+01	 0.10000E-01	 0.20433E-01	 0.45131E+00	 0.49455E+00	 0.49455E+00	 0.10142E-02	 0.10142E-02	 0.71585E-03	 0.71585E-03	 0.45723E+01	 0.10005E+04	 0.21891E+06	 0.25810E-10	 0.32620E+00	 0.48940E+00	 0.33800E-01	 0.23715E+01	 0.44175E+00
 0.10000E+00	 0.10000E-01	 0.20433E-01	 0.45131E+00	 0.11150E+00	 0.11150E+00	 0.72651E-01	 0.72651E-01	 0.27337E+00	 0.27337E+00	 0.45723E+01	 0.10005E+04	 0.21891E+06	 0.56743E-10	 0.32620E+00	 0.48940E+00	 0.33800E-01	 0.23715E+01	 0.44175E+00
 0.10000E+02	 0.10000E-01	 0.20433E-01	 0.45131E+00	 0.74987E+00	 0.74987E+00	 0.29675E-04	 0.29675E-04	 0.86636E-06	 0.86636E-06	 0.45723E+01	 0.10005E+04	 0.21891E+06	 0.24635E-09	 0.32620E+00	 0.48940E+00	 0.33800E-01	 0.23715E+01	 0.44175E+00
 0.10000E-01	 0.10000E-01	 0.20433E-01	 0.45131E+00	 0.68188E-01	 0.68188E-01	 0.55162E+00	 0.55162E+00	 0.16969E+02	 0.16969E+02	 0.45723E+01	 0.10005E+04	 0.21891E+06	 0.42405E-10	 0.32620E+00	 0.48940E+00	 0.33800E-01	 0.23715E+01	 0.44175E+00
 0.10000E+03	 0.10000E-01	 0.20433E-01	 0.45131E+00	 0.14645E+00	 0.14645E+00	 0.28318E-06	 0.28318E-06	 0.86986E-09	 0.86986E-09	 0.45723E+01	 0.10005E+04	 0.21891E+06	 0.12500E-09	 0.32620E+00	 0.48940E+00	 0.33800E-01	 0.23715E+01	 0.44175E+00
 0.10000E-02	 0.10000E-01	 0.20433E-01	 0.45131E+00	 0.42427E-01	 0.42383E-01	 0.55088E+00	 0.55094E+00	 0.27769E+03	 0.27767E+03	 0.45723E+01	 0.10005E+04	 0.21891E+06	 0.20749E-08	 0.32620E+00	 0.48940E+00	 0.33800E-01	 0.23715E+01	 0.44175E+00
 0.10000E-03	 0.10000E-01	 0.20433E-01	 0.45131E+00	 0.14941E-01	 0.13405E-01	-0.33852E+00	-0.30144E+00	 0.34161E+04	 0.33816E+04	 0.45723E+01	 0.10005E+04	 0.21891E+06	 0.58794E-07	 0.32620E+00	 0.48940E+00	 0.33800E-01	 0.23715E+01	 0.44175E+00
 0.10000E-04	 0.10000E-01	 0.20433E-01	 0.45131E+00	 0.37208E-02	 0.22986E-02	-0.13200E+01	-0.11275E+01	 0.38564E+05	 0.36393E+05	 0.45723E+01	 0.10005E+04	 0.21891E+06	 0.18363E-04	 0.32620E+00	 0.48940E+00	 0.33800E-01	 0.23715E+01	 0.44175E+00
 0.10000E-05	 0.10000E-01	 0.20433E-01	 0.45131E+00	 0.54474E-02	 0.26577E-03	 0.23251E+01	-0.12196E+01	 0.43762E+06	 0.36676E+06	 0.45723E+01	 0.10005E+04	 0.21891E+06	 0.27665E-02	 0.32620E+00	 0.48940E+00	 0.33800E-01	 0.23715E+01	 0.44175E+00
 0.30000E+01	 0.10000E-01	 0.20433E-01	 0.45131E+00	 0.94301E+00	 0.94301E+00	 0.20076E-03	 0.20076E-03	 0.31029E-04	 0.31029E-04	 0.45723E+01	 0.10005E+04	 0.21891E+06	 0.13309E-09	 0.32620E+00	 0.48940E+00	 0.33800E-01	 0.23715E+01	 0.44175E+00
 0.30000E+00	 0.10000E-01	 0.20433E-01	 0.45131E+00	 0.18668E+00	 0.18668E+00	 0.10098E-01	 0.10098E-01	 0.18000E-01	 0.18000E-01	 0.45723E+01	 0.10005E+04	 0.21891E+06	 0.17964E-10	 0.32620E+00	 0.48940E+00	 0.33800E-01	 0.23715E+01	 0.44175E+00
 0.30000E+02	 0.10000E-01	 0.20433E-01	 0.45131E+00	 0.35521E+00	 0.35521E+00	 0.34129E-05	 0.34129E-05	 0.32201E-07	 0.32201E-07	 0.45723E+01	 0.10005E+04	 0.21891E+06	 0.77211E-09	 0.32620E+00	 0.48940E+00	 0.33800E-01	 0.23715E+01	 0.44175E+00
 0.30000E-01	 0.10000E-01	 0.20433E-01	 0.45131E+00	 0.84816E-01	 0.84816E-01	 0.28345E+00	 0.28345E+00	 0.30502E+01	 0.30502E+01	 0.45723E+01	 0.10005E+04	 0.21891E+06	 0.21104E-09	 0.32620E+00	 0.48940E+00	 0.33800E-01	 0.23715E+01	 0.44175E+00
 0.30000E+03	 0.10000E-01	 0.20433E-01	 0.45131E+00	 0.59788E-01	 0.59788E-01	 0.30188E-07	 0.30188E-07	 0.32220E-10	 0.32220E-10	 0.45723E+01	 0.10005E+04	 0.21891E+06	 0.31015E-07	 0.32620E+00	 0.48940E+00	 0.33800E-01	 0.23715E+01	 0.44175E+00
 0.30000E-02	 0.10000E-01	 0.20433E-01	 0.45131E+00	 0.56082E-01	 0.56082E-01	 0.67764E+00	 0.67764E+00	 0.78720E+02	 0.78720E+02	 0.45723E+01	 0.10005E+04	 0.21891E+06	 0.71449E-09	 0.32620E+00	 0.48940E+00	 0.33800E-01	 0.23715E+01	 0.44175E+00
 0.30000E-03	 0.10000E-01	 0.20433E-01	 0.45131E+00	 0.25308E-01	 0.24744E-01	 0.22908E+00	 0.23324E+00	 0.10433E+04	 0.10412E+04	 0.45723E+01	 0.10005E+04	 0.21891E+06	 0.43278E-07	 0.32620E+00	 0.48940E+00	 0.33800E-01	 0.23715E+01	 0.44175E+00
 0.30000E-04	 0.10000E-01	 0.20433E-01	 0.45131E+00	 0.74858E-02	 0.56896E-02	-0.10612E+01	-0.88587E+00	 0.12270E+05	 0.11885E+05	 0.45723E+01	 0.10005E+04	 0.21891E+06	 0.60476E-06	 0.32620E+00	 0.48940E+00	 0.33800E-01	 0.23715E+01	 0.44175E+00
 0.30000E-05	 0.10000E-01	 0.20433E-01	 0.45131E+00	 0.30131E-02	 0.77764E-03	-0.59937E+00	-0.12051E+01	 0.13560E+06	 0.12214E+06	 0.45723E+01	 0.10005E+04	 0.21891E+06	 0.30325E-03	 0.32620E+00	 0.48940E+00	 0.33800E-01	 0.23715E+01	 0.44175E+00
 0.10000E+01	 0.10000E-02	 0.20433E-02	 0.45131E+00	 0.57109E+00	 0.57109E+00	 0.80797E-03	 0.80797E-03	 0.71391E-03	 0.71391E-03	 0.45723E+01	 0.10005E+04	 0.21891E+06	 0.18207E-12	 0.32620E+00	 0.48940E+00	 0.33800E-01	 0.23715E+01	 0.44175E+00
 0.10000E+00	 0.10000E-02	 0.20433E-02	 0.45131E+00	 0.10963E+00	 0.10963E+00	 0.72239E-01	 0.72239E-01	 0.27388E+00	 0.27388E+00	 0.45723E+01	 0.10005E+04	 0.21891E+06	 0.70086E-11	 0.32620E+00	 0.48940E+00	 0.33800E-01	 0.23715E+01	 0.44175E+00
 0.10000E+02	 0.10000E-02	 0.20433E-02	 0.45131E+00	 0.48255E+01	 0.48255E+01	 0.10009E-04	 0.10009E-04	 0.86307E-06	 0.86307E-06	 0.45723E+01	 0.10005E+04	 0.21891E+06	 0.29506E-10	 0.32620E+00	 0.48940E+00	 0.33800E-01	 0.23715E+01	 0.44175E+00
 0.10000E-01	 0.10000E-02	 0.20433E-02	 0.45131E+00	 0.70175E-01	 0.70175E-01	 0.55567E+00	 0.55567E+00	 0.17159E+02	 0.17159E+02	 0.45723E+01	 0.10005E+04	 0.21891E+06	 0.73855E-11	 0.32620E+00	 0.48940E+00	 0.33800E-01	 0.23715E+01	 0.44175E+00
 0.10000E+03	 0.10000E-02	 0.20433E-02	 0.45131E+00	 0.74843E+01	 0.74843E+01	 0.29647E-06	 0.29647E-06	 0.86625E-09	 0.86625E-09	 0.45723E+01	 0.10005E+04	 0.21891E+06	 0.10113E-09	 0.32620E+00	 0.48940E+00	 0.33800E-01	 0.23715E+01	 0.44175E+00
 0.10000E-02	 0.10000E-02	 0.20433E-02	 0.45131E+00	 0.10036E+00	 0.10019E+00	 0.68346E+00	 0.68337E+00	 0.27868E+03	 0.27867E+03	 0.45723E+01	 0.10005E+04	 0.21891E+06	 0.99844E-10	 0.32620E+00	 0.48940E+00	 0.33800E-01	 0.23715E+01	 0.44175E+00
 0.10000E-03	 0.10000E-02	 0.20433E-02	 0.45131E+00	 0.21343E+00	 0.16624E+00	 0.54166E+00	 0.55027E+00	 0.31878E+04	 0.31712E+04	 0.45723E+01	 0.10005E+04	 0.21891E+06	 0.78913E-08	 0.32620E+00	 0.48940E+00	 0.33800E-01	 0.23715E+01	 0.44175E+00
 0.10000E-04	 0.10000E-02	 0.20433E-02	 0.45131E+00	 0.10946E+00	 0.33140E-01	 0.32317E+00	 0.50952E+00	 0.34252E+05	 0.32776E+05	 0.45723E+01	 0.10005E+04	 0.21891E+06	 0.39722E-04	 0.32620E+00	 0.48940E+00	 0.33800E-01	 0.23715E+01	 0.44175E+00
 0.10000E-05	 0.10000E-02	 0.20433E-02	 0.45131E+00	 0.22467E-01	 0.33931E-02	-0.71436E+00	 0.50911E+00	 0.37255E+06	 0.32825E+06	 0.45723E+01	 0.10005E+04	 0.21891E+06	 0.83330E-01	 0.32620E+00	 0.48940E+00	 0.33800E-01	 0.23715E+01	 0.44175E+00
 0.30000E+01	 0.10000E-02	 0.20433E-02	 0.45131E+00	 0.15996E+01	 0.15996E+01	 0.92526E-04	 0.92526E-04	 0.30931E-04	 0.30931E-04	 0.45723E+01	 0.10005E+04	 0.21891E+06	 0.12893E-10	 0.32620E+00	 0.48940E+00	 0.33800E-01	 0.23715E+01	 0.44175E+00
 0.30000E+00	 0.10000E-02	 0.20433E-02	 0.45131E+00	 0.19704E+00	 0.19704E+00	 0.96513E-02	 0.96513E-02	 0.17968E-01	 0.17968E-01	 0.45723E+01	 0.10005E+04	 0.21891E+06	 0.28654E-11	 0.32620E+00	 0.48940E+00	 0.33800E-01	 0.23715E+01	 0.44175E+00
 0.30000E+02	 0.10000E-02	 0.20433E-02	 0.45131E+00	 0.93628E+01	 0.93628E+01	 0.19994E-05	 0.19994E-05	 0.32071E-07	 0.32071E-07	 0.45723E+01	 0.10005E+04	 0.21891E+06	 0.59435E-10	 0.32620E+00	 0.48940E+00	 0.33800E-01	 0.23715E+01	 0.44175E+00
 0.30000E-01	 0.10000E-02	 0.20433E-02	 0.45131E+00	 0.84056E-01	 0.84056E-01	 0.28297E+00	 0.28297E+00	 0.30663E+01	 0.30663E+01	 0.45723E+01	 0.10005E+04	 0.21891E+06	 0.25741E-11	 0.32620E+00	 0.48940E+00	 0.33800E-01	 0.23715E+01	 0.44175E+00
 0.30000E+03	 0.10000E-02	 0.20433E-02	 0.45131E+00	 0.35501E+01	 0.35501E+01	 0.34129E-07	 0.34129E-07	 0.32084E-10	 0.32084E-10	 0.45723E+01	 0.10005E+04	 0.21891E+06	 0.25578E-09	 0.32620E+00	 0.48940E+00	 0.33800E-01	 0.23715E+01	 0.44175E+00
 0.30000E-02	 0.10000E-02	 0.20433E-02	 0.45131E+00	 0.69582E-01	 0.69581E-01	 0.71943E+00	 0.71942E+00	 0.79953E+02	 0.79953E+02	 0.45723E+01	 0.10005E+04	 0.21891E+06	 0.24011E-10	 0.32620E+00	 0.48940E+00	 0.33800E-01	 0.23715E+01	 0.44175E+00
 0.30000E-03	 0.10000E-02	 0.20433E-02	 0.45131E+00	 0.17422E+00	 0.16640E+00	 0.57818E+00	 0.57602E+00	 0.10129E+04	 0.10118E+04	 0.45723E+01	 0.10005E+04	 0.21891E+06	 0.95335E-09	 0.32620E+00	 0.48940E+00	 0.33800E-01	 0.23715E+01	 0.44175E+00
 0.30000E-04	 0.10000E-02	 0.20433E-02	 0.45131E+00	 0.16579E+00	 0.86782E-01	 0.46624E+00	 0.51129E+00	 0.11042E+05	 0.10842E+05	 0.45723E+01	 0.10005E+04	 0.21891E+06	 0.86645E-06	 0.32620E+00	 0.48940E+00	 0.33800E-01	 0.23715E+01	 0.44175E+00
 0.30000E-05	 0.10000E-02	 0.20433E-02	 0.45131E+00	 0.49825E-01	 0.10159E-01	-0.12761E+00	 0.50919E+00	 0.11903E+06	 0.10940E+06	 0.45723E+01	 0.10005E+04	 0.21891E+06	 0.10393E-01	 0.32620E+00	 0.48940E+00	 0.33800E-01	 0.23715E+01	 0.44175E+00
 0.10000E+01	 0.10000E-03	 0.20433E-03	 0.45131E+00	 0.58259E+00	 0.58259E+00	 0.79857E-03	 0.79857E-03	 0.71390E-03	 0.71390E-03	 0.45723E+01	 0.10005E+04	 0.21891E+06	 0.14375E-10	 0.32620E+00	 0.48940E+00	 0.33800E-01	 0.23715E+01	 0.44175E+00
 0.10000E+00	 0.10000E-03	 0.20433E-03	 0.45131E+00	 0.10960E+00	 0.10960E+00	 0.72239E-01	 0.72239E-01	 0.27388E+00	 0.27388E+00	 0.45723E+01	 0.10005E+04	 0.21891E+06	 0.52797E-13	 0.32620E+00	 0.48940E+00	 0.33800E-01	 0.23715E+01	 0.44175E+00
 0.10000E+02	 0.10000E-03	 0.20433E-03	 0.45131E+00	 0.56241E+01	 0.56241E+01	 0.80524E-05	 0.80524E-05	 0.86304E-06	 0.86304E-06	 0.45723E+01	 0.10005E+04	 0.21891E+06	 0.69294E-11	 0.32620E+00	 0.48940E+00	 0.33800E-01	 0.23715E+01	 0.44175E+00
 0.10000E-01	 0.10000E-03	 0.20433E-03	 0.45131E+00	 0.70296E-01	 0.70296E-01	 0.55523E+00	 0.55523E+00	 0.17163E+02	 0.17163E+02	 0.45723E+01	 0.10005E+04	 0.21891E+06	 0.35107E-11	 0.32620E+00	 0.48940E+00	 0.33800E-01	 0.23715E+01	 0.44175E+00
 0.10000E+03	 0.10000E-03	 0.20433E-03	 0.45131E+00	 0.48243E+02	 0.48243E+02	 0.10012E-06	 0.10012E-06	 0.86622E-09	 0.86622E-09	 0.45723E+01	 0.10005E+04	 0.21891E+06	 0.15328E-08	 0.32620E+00	 0.48940E+00	 0.33800E-01	 0.23715E+01	 0.44175E+00
 0.10000E-02	 0.10000E-03	 0.20433E-03	 0.45131E+00	 0.10740E+00	 0.10723E+00	 0.66704E+00	 0.66690E+00	 0.27947E+03	 0.27946E+03	 0.45723E+01	 0.10005E+04	 0.21891E+06	 0.75545E-10	 0.32620E+00	 0.48940E+00	 0.33800E-01	 0.23715E+01	 0.44175E+00
 0.10000E-03	 0.10000E-03	 0.20433E-03	 0.45131E+00	 0.61541E+00	 0.52965E+00	 0.11028E+00	 0.63830E-01	 0.31996E+04	 0.31850E+04	 0.45723E+01	 0.10005E+04	 0.21891E+06	 0.17502E-07	 0.32620E+00	 0.48940E+00	 0.33800E-01	 0.23715E+01	 0.44175E+00
 0.10000E-04	 0.10000E-03	 0.20433E-03	 0.45131E+00	 0.22670E+01	 0.66402E+00	-0.88372E-01	 0.52768E+00	 0.34289E+05	 0.32916E+05	 0.45723E+01	 0.10005E+04	 0.21891E+06	 0.70321E-04	 0.32620E+00	 0.48940E+00	 0.33800E-01	 0.23715E+01	 0.44175E+00
 0.10000E-05	 0.10000E-03	 0.20433E-03	 0.45131E+00	 0.14045E+01	 0.88339E-01	-0.94278E+00	 0.89368E+00	 0.37203E+06	 0.32981E+06	 0.45723E+01	 0.10005E+04	 0.21891E+06	 0.77373E-01	 0.32620E+00	 0.48940E+00	 0.33800E-01	 0.23715E+01	 0.44175E+00
 0.30000E+01	 0.10000E-03	 0.20433E-03	 0.45131E+00	 0.17216E+01	 0.17216E+01	 0.88161E-04	 0.88161E-04	 0.30931E-04	 0.30931E-04	 0.45723E+01	 0.10005E+04	 0.21891E+06	 0.28463E-11	 0.32620E+00	 0.48940E+00	 0.33800E-01	 0.23715E+01	 0.44175E+00
 0.30000E+00	 0.10000E-03	 0.20433E-03	 0.45131E+00	 0.19731E+00	 0.19731E+00	 0.96432E-02	 0.96432E-02	 0.17968E-01	 0.17968E-01	 0.45723E+01	 0.10005E+04	 0.21891E+06	 0.14500E-10	 0.32620E+00	 0.48940E+00	 0.33800E-01	 0.23715E+01	 0.44175E+00
 0.30000E+02	 0.10000E-03	 0.20433E-03	 0.45131E+00	 0.15965E+02	 0.15965E+02	 0.92879E-06	 0.92879E-06	 0.32070E-07	 0.32070E-07	 0.45723E+01	 0.10005E+04	 0.21891E+06	 0.19473E-09	 0.32620E+00	 0.48940E+00	 0.33800E-01	 0.23715E+01	 0.44175E+00
 0.30000E-01	 0.10000E-03	 0.20433E-03	 0.45131E+00	 0.84067E-01	 0.84067E-01	 0.28294E+00	 0.28294E+00	 0.30666E+01	 0.30666E+01	 0.45723E+01	 0.10005E+04	 0.21891E+06	 0.17935E-11	 0.32620E+00	 0.48940E+00	 0.33800E-01	 0.23715E+01	 0.44175E+00
 0.30000E+03	 0.10000E-03	 0.20433E-03	 0.45131E+00	 0.93621E+02	 0.93621E+02	 0.19994E-07	 0.19994E-07	 0.32083E-10	 0.32083E-10	 0.45723E+01	 0.10005E+04	 0.21891E+06	 0.65100E-08	 0.32620E+00	 0.48940E+00	 0.33800E-01	 0.23715E+01	 0.44175E+00
 0.30000E-02	 0.10000E-03	 0.20433E-03	 0.45131E+00	 0.70675E-01	 0.70675E-01	 0.71510E+00	 0.71510E+00	 0.80050E+02	 0.80050E+02	 0.45723E+01	 0.10005E+04	 0.21891E+06	 0.88851E-11	 0.32620E+00	 0.48940E+00	 0.33800E-01	 0.23715E+01	 0.44175E+00
 0.30000E-03	 0.10000E-03	 0.20433E-03	 0.45131E+00	 0.24573E+00	 0.23775E+00	 0.47956E+00	 0.47072E+00	 0.10174E+04	 0.10164E+04	 0.45723E+01	 0.10005E+04	 0.21891E+06	 0.78085E-09	 0.32620E+00	 0.48940E+00	 0.33800E-01	 0.23715E+01	 0.44175E+00
 0.30000E-04	 0.10000E-03	 0.20433E-03	 0.45131E+00	 0.15284E+01	 0.90874E+00	-0.18545E+00	-0.56210E-01	 0.11065E+05	 0.10884E+05	 0.45723E+01	 0.10005E+04	 0.21891E+06	 0.19279E-06	 0.32620E+00	 0.48940E+00	 0.33800E-01	 0.23715E+01	 0.44175E+00
 0.30000E-05	 0.10000E-03	 0.20433E-03	 0.45131E+00	 0.21580E+01	 0.25477E+00	-0.34539E+00	 0.81685E+00	 0.11900E+06	 0.10991E+06	 0.45723E+01	 0.10005E+04	 0.21891E+06	 0.42081E-02	 0.32620E+00	 0.48940E+00	 0.33800E-01	 0.23715E+01	 0.44175E+00
 0.10000E+01	 0.10000E-04	 0.20433E-04	 0.45131E+00	 0.58278E+00	 0.58278E+00	 0.79845E-03	 0.79845E-03	 0.71390E-03	 0.71390E-03	 0.45723E+01	 0.10005E+04	 0.21891E+06	 0.16014E-10	 0.32620E+00	 0.48940E+00	 0.33800E-01	 0.23715E+01	 0.44175E+00
 0.10000E+00	 0.10000E-04	 0.20433E-04	 0.45131E+00	 0.11006E+00	 0.11006E+00	 0.72239E-01	 0.72239E-01	 0.27388E+00	 0.27388E+00	 0.45723E+01	 0.10005E+04	 0.21891E+06	 0.23099E-11	 0.32620E+00	 0.48940E+00	 0.33800E-01	 0.23715E+01	 0.44175E+00
 0.10000E+02	 0.10000E-04	 0.20433E-04	 0.45131E+00	 0.57415E+01	 0.57415E+01	 0.79591E-05	 0.79591E-05	 0.86304E-06	 0.86304E-06	 0.45723E+01	 0.10005E+04	 0.21891E+06	 0.90710E-11	 0.32620E+00	 0.48940E+00	 0.33800E-01	 0.23715E+01	 0.44175E+00
 0.10000E-01	 0.10000E-04	 0.20433E-04	 0.45131E+00	 0.73853E-01	 0.73853E-01	 0.55529E+00	 0.55529E+00	 0.17163E+02	 0.17163E+02	 0.45723E+01	 0.10005E+04	 0.21891E+06	 0.15051E-11	 0.32620E+00	 0.48940E+00	 0.33800E-01	 0.23715E+01	 0.44175E+00
 0.10000E+03	 0.10000E-04	 0.20433E-04	 0.45131E+00	 0.56232E+02	 0.56232E+02	 0.80574E-07	 0.80574E-07	 0.86622E-09	 0.86622E-09	 0.45723E+01	 0.10005E+04	 0.21891E+06	 0.32396E-08	 0.32620E+00	 0.48940E+00	 0.33800E-01	 0.23715E+01	 0.44175E+00
 0.10000E-02	 0.10000E-04	 0.20433E-04	 0.45131E+00	 0.12767E+00	 0.12750E+00	 0.66216E+00	 0.66203E+00	 0.27949E+03	 0.27948E+03	 0.45723E+01	 0.10005E+04	 0.21891E+06	 0.81589E-10	 0.32620E+00	 0.48940E+00	 0.33800E-01	 0.23715E+01	 0.44175E+00
 0.10000E-03	 0.10000E-04	 0.20433E-04	 0.45131E+00	 0.66901E+00	 0.58568E+00	 0.37846E-01	-0.17682E-01	 0.32024E+04	 0.31881E+04	 0.45723E+01	 0.10005E+04	 0.21891E+06	 0.30057E-06	 0.32620E+00	 0.48940E+00	 0.33800E-01	 0.23715E+01	 0.44175E+00
 0.10000E-04	 0.10000E-04	 0.20433E-04	 0.45131E+00	 0.59317E+01	 0.30960E+01	-0.27005E+01	-0.11252E+01	 0.34303E+05	 0.32930E+05	 0.45723E+01	 0.10005E+04	 0.21891E+06	 0.73636E-06	 0.32620E+00	 0.48940E+00	 0.33800E-01	 0.23715E+01	 0.44175E+00
 0.10000E-05	 0.10000E-04	 0.20433E-04	 0.45131E+00	 0.26120E+02	 0.23324E+01	-0.30626E+01	 0.27447E+01	 0.37175E+06	 0.32998E+06	 0.45723E+01	 0.10005E+04	 0.21891E+06	 0.29674E-01	 0.32620E+00	 0.48940E+00	 0.33800E-01	 0.23715E+01	 0.44175E+00
 0.30000E+01	 0.10000E-04	 0.20433E-04	 0.45131E+00	 0.17255E+01	 0.17255E+01	 0.88044E-04	 0.88044E-04	 0.30931E-04	 0.30931E-04	 0.45723E+01	 0.10005E+04	 0.21891E+06	 0.19539E-10	 0.32620E+00	 0.48940E+00	 0.33800E-01	 0.23715E+01	 0.44175E+00
 0.30000E+00	 0.10000E-04	 0.20433E-04	 0.45131E+00	 0.19747E+00	 0.19747E+00	 0.96431E-02	 0.96431E-02	 0.17968E-01	 0.17968E-01	 0.45723E+01	 0.10005E+04	 0.21891E+06	 0.19009E-10	 0.32620E+00	 0.48940E+00	 0.33800E-01	 0.23715E+01	 0.44175E+00
 0.30000E+02	 0.10000E-04	 0.20433E-04	 0.45131E+00	 0.17187E+02	 0.17187E+02	 0.88589E-06	 0.88589E-06	 0.32070E-07	 0.32070E-07	 0.45723E+01	 0.10005E+04	 0.21891E+06	 0.18508E-09	 0.32620E+00	 0.48940E+00	 0.33800E-01	 0.23715E+01	 0.44175E+00
 0.30000E-01	 0.10000E-04	 0.20433E-04	 0.45131E+00	 0.85434E-01	 0.85434E-01	 0.28294E+00	 0.28294E+00	 0.30666E+01	 0.30666E+01	 0.45723E+01	 0.10005E+04	 0.21891E+06	 0.18919E-11	 0.32620E+00	 0.48940E+00	 0.33800E-01	 0.23715E+01	 0.44175E+00
 0.30000E+03	 0.10000E-04	 0.20433E-04	 0.45131E+00	 0.15965E+03	 0.15965E+03	 0.92884E-08	 0.92884E-08	 0.32083E-10	 0.32083E-10	 0.45723E+01	 0.10005E+04	 0.21891E+06	 0.14335E-07	 0.32620E+00	 0.48940E+00	 0.33800E-01	 0.23715E+01	 0.44175E+00
 0.30000E-02	 0.10000E-04	 0.20433E-04	 0.45131E+00	 0.80502E-01	 0.80502E-01	 0.71467E+00	 0.71467E+00	 0.80051E+02	 0.80051E+02	 0.45723E+01	 0.10005E+04	 0.21891E+06	 0.12792E-10	 0.32620E+00	 0.48940E+00	 0.33800E-01	 0.23715E+01	 0.44175E+00
 0.30000E-03	 0.10000E-04	 0.20433E-04	 0.45131E+00	 0.26976E+00	 0.26185E+00	 0.46737E+00	 0.45764E+00	 0.10177E+04	 0.10168E+04	 0.45723E+01	 0.10005E+04	 0.21891E+06	 0.86084E-09	 0.32620E+00	 0.48940E+00	 0.33800E-01	 0.23715E+01	 0.44175E+00
 0.30000E-04	 0.10000E-04	 0.20433E-04	 0.45131E+00	 0.20898E+01	 0.14748E+01	-0.97243E+00	-0.91591E+00	 0.11074E+05	 0.10894E+05	 0.45723E+01	 0.10005E+04	 0.21891E+06	 0.87583E-07	 0.32620E+00	 0.48940E+00	 0.33800E-01	 0.23715E+01	 0.44175E+00
 0.30000E-05	 0.10000E-04	 0.20433E-04	 0.45131E+00	 0.15820E+02	 0.42604E+01	-0.35725E+01	 0.88099E+00	 0.11900E+06	 0.10996E+06	 0.45723E+01	 0.10005E+04	 0.21891E+06	 0.19980E-04	 0.32620E+00	 0.48940E+00	 0.33800E-01	 0.23715E+01	 0.44175E+00
 0.10000E+01	 0.30000E-01	 0.61300E-01	 0.45131E+00	 0.33250E+00	 0.33250E+00	 0.18836E-02	 0.18836E-02	 0.73547E-03	 0.73547E-03	 0.45723E+01	 0.10005E+04	 0.21891E+06	 0.63065E-10	 0.32620E+00	 0.48940E+00	 0.33800E-01	 0.23715E+01	 0.44175E+00
 0.10000E+00	 0.30000E-01	 0.61300E-01	 0.45131E+00	 0.10798E+00	 0.10798E+00	 0.75234E-01	 0.75234E-01	 0.27053E+00	 0.27053E+00	 0.45723E+01	 0.10005E+04	 0.21891E+06	 0.21912E-09	 0.32620E+00	 0.48940E+00	 0.33800E-01	 0.23715E+01	 0.44175E+00
 0.10000E+02	 0.30000E-01	 0.61300E-01	 0.45131E+00	 0.11894E+00	 0.11894E+00	 0.30711E-04	 0.30711E-04	 0.89496E-06	 0.89496E-06	 0.45723E+01	 0.10005E+04	 0.21891E+06	 0.22911E-09	 0.32620E+00	 0.48940E+00	 0.33800E-01	 0.23715E+01	 0.44175E+00
 0.10000E-01	 0.30000E-01	 0.61300E-01	 0.45131E+00	 0.55311E-01	 0.55311E-01	 0.50319E+00	 0.50319E+00	 0.16515E+02	 0.16515E+02	 0.45723E+01	 0.10005E+04	 0.21891E+06	 0.45180E-08	 0.32620E+00	 0.48940E+00	 0.33800E-01	 0.23715E+01	 0.44175E+00
 0.10000E+03	 0.30000E-01	 0.61300E-01	 0.45131E+00	 0.19945E-01	 0.19945E-01	 0.27166E-06	 0.27166E-06	 0.89940E-09	 0.89940E-09	 0.45723E+01	 0.10005E+04	 0.21891E+06	 0.88755E-08	 0.32620E+00	 0.48940E+00	 0.33800E-01	 0.23715E+01	 0.44175E+00
 0.10000E-02	 0.30000E-01	 0.61300E-01	 0.45131E+00	 0.16130E-01	 0.16122E-01	 0.63067E+00	 0.63062E+00	 0.28507E+03	 0.28503E+03	 0.45723E+01	 0.10005E+04	 0.21891E+06	 0.15376E-07	 0.32620E+00	 0.48940E+00	 0.33800E-01	 0.23715E+01	 0.44175E+00
 0.10000E-03	 0.30000E-01	 0.61300E-01	 0.45131E+00	 0.43221E-02	 0.40606E-02	 0.91079E+00	 0.89968E+00	 0.35427E+04	 0.34832E+04	 0.45723E+01	 0.10005E+04	 0.21891E+06	 0.27618E-05	 0.32620E+00	 0.48940E+00	 0.33800E-01	 0.23715E+01	 0.44175E+00
 0.10000E-04	 0.30000E-01	 0.61300E-01	 0.45131E+00	 0.17509E-02	 0.72827E-03	 0.19041E+01	 0.13958E+01	 0.42037E+05	 0.38068E+05	 0.45723E+01	 0.10005E+04	 0.21891E+06	 0.53069E-05	 0.32620E+00	 0.48940E+00	 0.33800E-01	 0.23715E+01	 0.44175E+00
 0.10000E-05	 0.30000E-01	 0.61300E-01	 0.45131E+00	 0.75900E-02	 0.79673E-04	 0.13217E+01	 0.14215E+01	 0.49163E+06	 0.38375E+06	 0.45723E+01	 0.10005E+04	 0.21891E+06	 0.38324E-03	 0.32620E+00	 0.48940E+00	 0.33800E-01	 0.23715E+01	 0.44175E+00
 0.30000E+01	 0.30000E-01	 0.61300E-01	 0.45131E+00	 0.26867E+00	 0.26867E+00	 0.32647E-03	 0.32647E-03	 0.32007E-04	 0.32007E-04	 0.45723E+01	 0.10005E+04	 0.21891E+06	 0.20071E-09	 0.32620E+00	 0.48940E+00	 0.33800E-01	 0.23715E+01	 0.44175E+00
 0.30000E+00	 0.30000E-01	 0.61300E-01	 0.45131E+00	 0.18267E+00	 0.18267E+00	 0.12101E-01	 0.12101E-01	 0.18312E-01	 0.18312E-01	 0.45723E+01	 0.10005E+04	 0.21891E+06	 0.14856E-09	 0.32620E+00	 0.48940E+00	 0.33800E-01	 0.23715E+01	 0.44175E+00
 0.30000E+02	 0.30000E-01	 0.61300E-01	 0.45131E+00	 0.52983E-01	 0.52983E-01	 0.31655E-05	 0.31655E-05	 0.33284E-07	 0.33284E-07	 0.45723E+01	 0.10005E+04	 0.21891E+06	 0.77031E-08	 0.32620E+00	 0.48940E+00	 0.33800E-01	 0.23715E+01	 0.44175E+00
 0.30000E-01	 0.30000E-01	 0.61300E-01	 0.45131E+00	 0.80047E-01	 0.80047E-01	 0.28059E+00	 0.28059E+00	 0.29814E+01	 0.29814E+01	 0.45723E+01	 0.10005E+04	 0.21891E+06	 0.39285E-09	 0.32620E+00	 0.48940E+00	 0.33800E-01	 0.23715E+01	 0.44175E+00
 0.30000E+03	 0.30000E-01	 0.61300E-01	 0.45131E+00	 0.76104E-02	 0.76104E-02	 0.30085E-07	 0.30085E-07	 0.33316E-10	 0.33316E-10	 0.45723E+01	 0.10005E+04	 0.21891E+06	 0.23917E-07	 0.32620E+00	 0.48940E+00	 0.33800E-01	 0.23715E+01	 0.44175E+00
 0.30000E-02	 0.30000E-01	 0.61300E-01	 0.45131E+00	 0.30307E-01	 0.30307E-01	 0.60348E+00	 0.60348E+00	 0.78591E+02	 0.78591E+02	 0.45723E+01	 0.10005E+04	 0.21891E+06	 0.18391E-08	 0.32620E+00	 0.48940E+00	 0.33800E-01	 0.23715E+01	 0.44175E+00
 0.30000E-03	 0.30000E-01	 0.61300E-01	 0.45131E+00	 0.79856E-02	 0.78720E-02	 0.70015E+00	 0.69854E+00	 0.10798E+04	 0.10760E+04	 0.45723E+01	 0.10005E+04	 0.21891E+06	 0.68341E-06	 0.32620E+00	 0.48940E+00	 0.33800E-01	 0.23715E+01	 0.44175E+00
 0.30000E-04	 0.30000E-01	 0.61300E-01	 0.45131E+00	 0.22977E-02	 0.18219E-02	 0.13686E+01	 0.12434E+01	 0.12948E+05	 0.12352E+05	 0.45723E+01	 0.10005E+04	 0.21891E+06	 0.25999E-06	 0.32620E+00	 0.48940E+00	 0.33800E-01	 0.23715E+01	 0.44175E+00
 0.30000E-05	 0.30000E-01	 0.61300E-01	 0.45131E+00	 0.29368E-02	 0.23412E-03	 0.21450E+01	 0.14161E+01	 0.15280E+06	 0.12781E+06	 0.45723E+01	 0.10005E+04	 0.21891E+06	 0.22089E-04	 0.32620E+00	 0.48940E+00	 0.33800E-01	 0.23715E+01	 0.44175E+00
 0.10000E+01	 0.30000E-02	 0.61300E-02	 0.45131E+00	 0.54127E+00	 0.54127E+00	 0.84001E-03	 0.84001E-03	 0.71405E-03	 0.71405E-03	 0.45723E+01	 0.10005E+04	 0.21891E+06	 0.50757E-10	 0.32620E+00	 0.48940E+00	 0.33800E-01	 0.23715E+01	 0.44175E+00
 0.10000E+00	 0.30000E-02	 0.61300E-02	 0.45131E+00	 0.10987E+00	 0.10987E+00	 0.72247E-01	 0.72247E-01	 0.27384E+00	 0.27384E+00	 0.45723E+01	 0.10005E+04	 0.21891E+06	 0.14186E-10	 0.32620E+00	 0.48940E+00	 0.33800E-01	 0.23715E+01	 0.44175E+00
 0.10000E+02	 0.30000E-02	 0.61300E-02	 0.45131E+00	 0.31227E+01	 0.31227E+01	 0.18000E-04	 0.18000E-04	 0.86329E-06	 0.86329E-06	 0.45723E+01	 0.10005E+04	 0.21891E+06	 0.13244E-10	 0.32620E+00	 0.48940E+00	 0.33800E-01	 0.23715E+01	 0.44175E+00
 0.10000E-01	 0.30000E-02	 0.61300E-02	 0.45131E+00	 0.69505E-01	 0.69505E-01	 0.55737E+00	 0.55737E+00	 0.17129E+02	 0.17129E+02	 0.45723E+01	 0.10005E+04	 0.21891E+06	 0.55792E-10	 0.32620E+00	 0.48940E+00	 0.33800E-01	 0.23715E+01	 0.44175E+00
 0.10000E+03	 0.30000E-02	 0.61300E-02	 0.45131E+00	 0.11834E+01	 0.11834E+01	 0.30716E-06	 0.30716E-06	 0.86654E-09	 0.86654E-09	 0.45723E+01	 0.10005E+04	 0.21891E+06	 0.46979E-10	 0.32620E+00	 0.48940E+00	 0.33800E-01	 0.23715E+01	 0.44175E+00
 0.10000E-02	 0.30000E-02	 0.61300E-02	 0.45131E+00	 0.79795E-01	 0.79651E-01	 0.65567E+00	 0.65567E+00	 0.27709E+03	 0.27708E+03	 0.45723E+01	 0.10005E+04	 0.21891E+06	 0.16521E-09	 0.32620E+00	 0.48940E+00	 0.33800E-01	 0.23715E+01	 0.44175E+00
 0.10000E-03	 0.30000E-02	 0.61300E-02	 0.45131E+00	 0.56266E-01	 0.45966E-01	 0.42652E+00	 0.43920E+00	 0.31805E+04	 0.31610E+04	 0.45723E+01	 0.10005E+04	 0.21891E+06	 0.10517E-07	 0.32620E+00	 0.48940E+00	 0.33800E-01	 0.23715E+01	 0.44175E+00
 0.10000E-04	 0.30000E-02	 0.61300E-02	 0.45131E+00	 0.17365E-01	 0.63082E-02	 0.27844E+00	 0.39173E+00	 0.34346E+05	 0.32628E+05	 0.45723E+01	 0.10005E+04	 0.21891E+06	 0.29117E-04	 0.32620E+00	 0.48940E+00	 0.33800E-01	 0.23715E+01	 0.44175E+00
 0.10000E-05	 0.30000E-02	 0.61300E-02	 0.45131E+00	 0.40654E-02	 0.63678E-03	-0.40555E+00	 0.38666E+00	 0.37371E+06	 0.32670E+06	 0.45723E+01	 0.10005E+04	 0.21891E+06	 0.15546E-01	 0.32620E+00	 0.48940E+00	 0.33800E-01	 0.23715E+01	 0.44175E+00
 0.30000E+01	 0.30000E-02	 0.61300E-02	 0.45131E+00	 0.14731E+01	 0.14731E+01	 0.10756E-03	 0.10756E-03	 0.30938E-04	 0.30938E-04	 0.45723E+01	 0.10005E+04	 0.21891E+06	 0.64063E-11	 0.32620E+00	 0.48940E+00	 0.33800E-01	 0.23715E+01	 0.44175E+00
 0.30000E+00	 0.30000E-02	 0.61300E-02	 0.45131E+00	 0.19509E+00	 0.19509E+00	 0.97104E-02	 0.97104E-02	 0.17970E-01	 0.17970E-01	 0.45723E+01	 0.10005E+04	 0.21891E+06	 0.11041E-10	 0.32620E+00	 0.48940E+00	 0.33800E-01	 0.23715E+01	 0.44175E+00
 0.30000E+02	 0.30000E-02	 0.61300E-02	 0.45131E+00	 0.26352E+01	 0.26352E+01	 0.32313E-05	 0.32313E-05	 0.32081E-07	 0.32081E-07	 0.45723E+01	 0.10005E+04	 0.21891E+06	 0.62488E-10	 0.32620E+00	 0.48940E+00	 0.33800E-01	 0.23715E+01	 0.44175E+00
 0.30000E-01	 0.30000E-02	 0.61300E-02	 0.45131E+00	 0.84047E-01	 0.84047E-01	 0.28314E+00	 0.28314E+00	 0.30647E+01	 0.30647E+01	 0.45723E+01	 0.10005E+04	 0.21891E+06	 0.15872E-10	 0.32620E+00	 0.48940E+00	 0.33800E-01	 0.23715E+01	 0.44175E+00
 0.30000E+03	 0.30000E-02	 0.61300E-02	 0.45131E+00	 0.52869E+00	 0.52869E+00	 0.31673E-07	 0.31673E-07	 0.32095E-10	 0.32095E-10	 0.45723E+01	 0.10005E+04	 0.21891E+06	 0.13532E-09	 0.32620E+00	 0.48940E+00	 0.33800E-01	 0.23715E+01	 0.44175E+00
 0.30000E-02	 0.30000E-02	 0.61300E-02	 0.45131E+00	 0.66267E-01	 0.66266E-01	 0.71885E+00	 0.71885E+00	 0.79641E+02	 0.79641E+02	 0.45723E+01	 0.10005E+04	 0.21891E+06	 0.91006E-10	 0.32620E+00	 0.48940E+00	 0.33800E-01	 0.23715E+01	 0.44175E+00
 0.30000E-03	 0.30000E-02	 0.61300E-02	 0.45131E+00	 0.80245E-01	 0.76576E-01	 0.53150E+00	 0.53368E+00	 0.10086E+04	 0.10074E+04	 0.45723E+01	 0.10005E+04	 0.21891E+06	 0.10443E-08	 0.32620E+00	 0.48940E+00	 0.33800E-01	 0.23715E+01	 0.44175E+00
 0.30000E-04	 0.30000E-02	 0.61300E-02	 0.45131E+00	 0.32445E-01	 0.17895E-01	 0.39280E+00	 0.40967E+00	 0.11049E+05	 0.10800E+05	 0.45723E+01	 0.10005E+04	 0.21891E+06	 0.53321E-06	 0.32620E+00	 0.48940E+00	 0.33800E-01	 0.23715E+01	 0.44175E+00
 0.30000E-05	 0.30000E-02	 0.61300E-02	 0.45131E+00	 0.72589E-02	 0.19088E-02	 0.12637E-01	 0.38713E+00	 0.11938E+06	 0.10889E+06	 0.45723E+01	 0.10005E+04	 0.21891E+06	 0.14833E-01	 0.32620E+00	 0.48940E+00	 0.33800E-01	 0.23715E+01	 0.44175E+00
 0.10000E+01	 0.30000E-03	 0.61300E-03	 0.45131E+00	 0.58144E+00	 0.58144E+00	 0.79950E-03	 0.79950E-03	 0.71390E-03	 0.71390E-03	 0.45723E+01	 0.10005E+04	 0.21891E+06	 0.10792E-10	 0.32620E+00	 0.48940E+00	 0.33800E-01	 0.23715E+01	 0.44175E+00
 0.10000E+00	 0.30000E-03	 0.61300E-03	 0.45131E+00	 0.10960E+00	 0.10960E+00	 0.72239E-01	 0.72239E-01	 0.27388E+00	 0.27388E+00	 0.45723E+01	 0.10005E+04	 0.21891E+06	 0.36210E-11	 0.32620E+00	 0.48940E+00	 0.33800E-01	 0.23715E+01	 0.44175E+00
 0.10000E+02	 0.30000E-03	 0.61300E-03	 0.45131E+00	 0.53225E+01	 0.53225E+01	 0.83552E-05	 0.83552E-05	 0.86305E-06	 0.86305E-06	 0.45723E+01	 0.10005E+04	 0.21891E+06	 0.18154E-10	 0.32620E+00	 0.48940E+00	 0.33800E-01	 0.23715E+01	 0.44175E+00
 0.10000E-01	 0.30000E-03	 0.61300E-03	 0.45131E+00	 0.70261E-01	 0.70261E-01	 0.55528E+00	 0.55528E+00	 0.17163E+02	 0.17163E+02	 0.45723E+01	 0.10005E+04	 0.21891E+06	 0.14790E-11	 0.32620E+00	 0.48940E+00	 0.33800E-01	 0.23715E+01	 0.44175E+00
 0.10000E+03	 0.30000E-03	 0.61300E-03	 0.45131E+00	 0.31207E+02	 0.31207E+02	 0.17994E-06	 0.17994E-06	 0.86622E-09	 0.86622E-09	 0.45723E+01	 0.10005E+04	 0.21891E+06	 0.37053E-09	 0.32620E+00	 0.48940E+00	 0.33800E-01	 0.23715E+01	 0.44175E+00
 0.10000E-02	 0.30000E-03	 0.61300E-03	 0.45131E+00	 0.10617E+00	 0.10600E+00	 0.67162E+00	 0.67149E+00	 0.27934E+03	 0.27932E+03	 0.45723E+01	 0.10005E+04	 0.21891E+06	 0.88580E-10	 0.32620E+00	 0.48940E+00	 0.33800E-01	 0.23715E+01	 0.44175E+00
 0.10000E-03	 0.30000E-03	 0.61300E-03	 0.45131E+00	 0.48612E+00	 0.39940E+00	 0.36038E+00	 0.34409E+00	 0.31952E+04	 0.31800E+04	 0.45723E+01	 0.10005E+04	 0.21891E+06	 0.84598E-08	 0.32620E+00	 0.48940E+00	 0.33800E-01	 0.23715E+01	 0.44175E+00
 0.10000E-04	 0.30000E-03	 0.61300E-03	 0.45131E+00	 0.64239E+00	 0.17963E+00	 0.22382E+00	 0.56397E+00	 0.34277E+05	 0.32886E+05	 0.45723E+01	 0.10005E+04	 0.21891E+06	 0.19253E-03	 0.32620E+00	 0.48940E+00	 0.33800E-01	 0.23715E+01	 0.44175E+00
 0.10000E-05	 0.30000E-03	 0.61300E-03	 0.45131E+00	 0.19520E+00	 0.20058E-01	-0.92990E+00	 0.64140E+00	 0.37242E+06	 0.32948E+06	 0.45723E+01	 0.10005E+04	 0.21891E+06	 0.56715E-01	 0.32620E+00	 0.48940E+00	 0.33800E-01	 0.23715E+01	 0.44175E+00
 0.30000E+01	 0.30000E-03	 0.61300E-03	 0.45131E+00	 0.16955E+01	 0.16955E+01	 0.88938E-04	 0.88938E-04	 0.30931E-04	 0.30931E-04	 0.45723E+01	 0.10005E+04	 0.21891E+06	 0.20718E-10	 0.32620E+00	 0.48940E+00	 0.33800E-01	 0.23715E+01	 0.44175E+00
 0.30000E+00	 0.30000E-03	 0.61300E-03	 0.45131E+00	 0.19729E+00	 0.19729E+00	 0.96438E-02	 0.96438E-02	 0.17968E-01	 0.17968E-01	 0.45723E+01	 0.10005E+04	 0.21891E+06	 0.87546E-11	 0.32620E+00	 0.48940E+00	 0.33800E-01	 0.23715E+01	 0.44175E+00
 0.30000E+02	 0.30000E-03	 0.61300E-03	 0.45131E+00	 0.14692E+02	 0.14692E+02	 0.10778E-05	 0.10778E-05	 0.32070E-07	 0.32070E-07	 0.45723E+01	 0.10005E+04	 0.21891E+06	 0.17806E-09	 0.32620E+00	 0.48940E+00	 0.33800E-01	 0.23715E+01	 0.44175E+00
 0.30000E-01	 0.30000E-03	 0.61300E-03	 0.45131E+00	 0.84055E-01	 0.84055E-01	 0.28294E+00	 0.28294E+00	 0.30665E+01	 0.30665E+01	 0.45723E+01	 0.10005E+04	 0.21891E+06	 0.65799E-12	 0.32620E+00	 0.48940E+00	 0.33800E-01	 0.23715E+01	 0.44175E+00
 0.30000E+03	 0.30000E-03	 0.61300E-03	 0.45131E+00	 0.26347E+02	 0.26347E+02	 0.32310E-07	 0.32310E-07	 0.32083E-10	 0.32083E-10	 0.45723E+01	 0.10005E+04	 0.21891E+06	 0.58707E-09	 0.32620E+00	 0.48940E+00	 0.33800E-01	 0.23715E+01	 0.44175E+00
 0.30000E-02	 0.30000E-03	 0.61300E-03	 0.45131E+00	 0.70496E-01	 0.70495E-01	 0.71556E+00	 0.71556E+00	 0.80040E+02	 0.80040E+02	 0.45723E+01	 0.10005E+04	 0.21891E+06	 0.16836E-10	 0.32620E+00	 0.48940E+00	 0.33800E-01	 0.23715E+01	 0.44175E+00
 0.30000E-03	 0.30000E-03	 0.61300E-03	 0.45131E+00	 0.23314E+00	 0.22499E+00	 0.51458E+00	 0.50667E+00	 0.10161E+04	 0.10151E+04	 0.45723E+01	 0.10005E+04	 0.21891E+06	 0.92005E-09	 0.32620E+00	 0.48940E+00	 0.33800E-01	 0.23715E+01	 0.44175E+00
 0.30000E-04	 0.30000E-03	 0.61300E-03	 0.45131E+00	 0.72300E+00	 0.36733E+00	 0.41152E+00	 0.48907E+00	 0.11056E+05	 0.10872E+05	 0.45723E+01	 0.10005E+04	 0.21891E+06	 0.41308E-06	 0.32620E+00	 0.48940E+00	 0.33800E-01	 0.23715E+01	 0.44175E+00
 0.30000E-05	 0.30000E-03	 0.61300E-03	 0.45131E+00	 0.41796E+00	 0.59471E-01	-0.17291E+00	 0.63012E+00	 0.11902E+06	 0.10981E+06	 0.45723E+01	 0.10005E+04	 0.21891E+06	 0.63393E-02	 0.32620E+00	 0.48940E+00	 0.33800E-01	 0.23715E+01	 0.44175E+00
 0.10000E+01	 0.30000E-04	 0.61300E-04	 0.45131E+00	 0.58273E+00	 0.58273E+00	 0.79846E-03	 0.79846E-03	 0.71390E-03	 0.71390E-03	 0.45723E+01	 0.10005E+04	 0.21891E+06	 0.56422E-11	 0.32620E+00	 0.48940E+00	 0.33800E-01	 0.23715E+01	 0.44175E+00
 0.10000E+00	 0.30000E-04	 0.61300E-04	 0.45131E+00	 0.10965E+00	 0.10965E+00	 0.72239E-01	 0.72239E-01	 0.27388E+00	 0.27388E+00	 0.45723E+01	 0.10005E+04	 0.21891E+06	 0.24912E-10	 0.32620E+00	 0.48940E+00	 0.33800E-01	 0.23715E+01	 0.44175E+00
 0.10000E+02	 0.30000E-04	 0.61300E-04	 0.45131E+00	 0.57297E+01	 0.57297E+01	 0.79684E-05	 0.79684E-05	 0.86304E-06	 0.86304E-06	 0.45723E+01	 0.10005E+04	 0.21891E+06	 0.10467E-10	 0.32620E+00	 0.48940E+00	 0.33800E-01	 0.23715E+01	 0.44175E+00
 0.10000E-01	 0.30000E-04	 0.61300E-04	 0.45131E+00	 0.70662E-01	 0.70662E-01	 0.55524E+00	 0.55524E+00	 0.17163E+02	 0.17163E+02	 0.45723E+01	 0.10005E+04	 0.21891E+06	 0.13286E-11	 0.32620E+00	 0.48940E+00	 0.33800E-01	 0.23715E+01	 0.44175E+00
 0.10000E+03	 0.30000E-04	 0.61300E-04	 0.45131E+00	 0.53216E+02	 0.53216E+02	 0.83595E-07	 0.83595E-07	 0.86622E-09	 0.86622E-09	 0.45723E+01	 0.10005E+04	 0.21891E+06	 0.27593E-08	 0.32620E+00	 0.48940E+00	 0.33800E-01	 0.23715E+01	 0.44175E+00
 0.10000E-02	 0.30000E-04	 0.61300E-04	 0.45131E+00	 0.11047E+00	 0.11030E+00	 0.66616E+00	 0.66602E+00	 0.27949E+03	 0.27948E+03	 0.45723E+01	 0.10005E+04	 0.21891E+06	 0.79515E-10	 0.32620E+00	 0.48940E+00	 0.33800E-01	 0.23715E+01	 0.44175E+00
 0.10000E-03	 0.30000E-04	 0.61300E-04	 0.45131E+00	 0.66433E+00	 0.58065E+00	 0.40792E-01	-0.86719E-02	 0.32019E+04	 0.31876E+04	 0.45723E+01	 0.10005E+04	 0.21891E+06	 0.60236E-06	 0.32620E+00	 0.48940E+00	 0.33800E-01	 0.23715E+01	 0.44175E+00
 0.10000E-04	 0.30000E-04	 0.61300E-04	 0.45131E+00	 0.48361E+01	 0.20404E+01	-0.15838E+01	-0.27732E+00	 0.34298E+05	 0.32924E+05	 0.45723E+01	 0.10005E+04	 0.21891E+06	 0.84863E-06	 0.32620E+00	 0.48940E+00	 0.33800E-01	 0.23715E+01	 0.44175E+00
 0.10000E-05	 0.30000E-04	 0.61300E-04	 0.45131E+00	 0.83349E+01	 0.47473E+00	-0.18097E+01	 0.11703E+01	 0.37178E+06	 0.32990E+06	 0.45723E+01	 0.10005E+04	 0.21891E+06	 0.72294E-02	 0.32620E+00	 0.48940E+00	 0.33800E-01	 0.23715E+01	 0.44175E+00
 0.30000E+01	 0.30000E-04	 0.61300E-04	 0.45131E+00	 0.17252E+01	 0.17252E+01	 0.88054E-04	 0.88054E-04	 0.30931E-04	 0.30931E-04	 0.45723E+01	 0.10005E+04	 0.21891E+06	 0.25838E-10	 0.32620E+00	 0.48940E+00	 0.33800E-01	 0.23715E+01	 0.44175E+00
 0.30000E+00	 0.30000E-04	 0.61300E-04	 0.45131E+00	 0.19733E+00	 0.19733E+00	 0.96431E-02	 0.96431E-02	 0.17968E-01	 0.17968E-01	 0.45723E+01	 0.10005E+04	 0.21891E+06	 0.76890E-11	 0.32620E+00	 0.48940E+00	 0.33800E-01	 0.23715E+01	 0.44175E+00
 0.30000E+02	 0.30000E-04	 0.61300E-04	 0.45131E+00	 0.16926E+02	 0.16926E+02	 0.89356E-06	 0.89356E-06	 0.32070E-07	 0.32070E-07	 0.45723E+01	 0.10005E+04	 0.21891E+06	 0.32908E-10	 0.32620E+00	 0.48940E+00	 0.33800E-01	 0.23715E+01	 0.44175E+00
 0.30000E-01	 0.30000E-04	 0.61300E-04	 0.45131E+00	 0.84207E-01	 0.84207E-01	 0.28294E+00	 0.28294E+00	 0.30666E+01	 0.30666E+01	 0.45723E+01	 0.10005E+04	 0.21891E+06	 0.41386E-11	 0.32620E+00	 0.48940E+00	 0.33800E-01	 0.23715E+01	 0.44175E+00
 0.30000E+03	 0.30000E-04	 0.61300E-04	 0.45131E+00	 0.14691E+03	 0.14691E+03	 0.10779E-07	 0.10779E-07	 0.32083E-10	 0.32083E-10	 0.45723E+01	 0.10005E+04	 0.21891E+06	 0.10472E-07	 0.32620E+00	 0.48940E+00	 0.33800E-01	 0.23715E+01	 0.44175E+00
 0.30000E-02	 0.30000E-04	 0.61300E-04	 0.45131E+00	 0.71748E-01	 0.71747E-01	 0.71501E+00	 0.71501E+00	 0.80051E+02	 0.80051E+02	 0.45723E+01	 0.10005E+04	 0.21891E+06	 0.97057E-11	 0.32620E+00	 0.48940E+00	 0.33800E-01	 0.23715E+01	 0.44175E+00
 0.30000E-03	 0.30000E-04	 0.61300E-04	 0.45131E+00	 0.25699E+00	 0.24903E+00	 0.47127E+00	 0.46237E+00	 0.10177E+04	 0.10168E+04	 0.45723E+01	 0.10005E+04	 0.21891E+06	 0.95541E-09	 0.32620E+00	 0.48940E+00	 0.33800E-01	 0.23715E+01	 0.44175E+00
 0.30000E-04	 0.30000E-04	 0.61300E-04	 0.45131E+00	 0.19919E+01	 0.13662E+01	-0.86595E+00	-0.77805E+00	 0.11071E+05	 0.10891E+05	 0.45723E+01	 0.10005E+04	 0.21891E+06	 0.11448E-06	 0.32620E+00	 0.48940E+00	 0.33800E-01	 0.23715E+01	 0.44175E+00
 0.30000E-05	 0.30000E-04	 0.61300E-04	 0.45131E+00	 0.80923E+01	 0.12298E+01	-0.11444E+01	 0.89401E+00	 0.11899E+06	 0.10994E+06	 0.45723E+01	 0.10005E+04	 0.21891E+06	 0.12025E-03	 0.32620E+00	 0.48940E+00	 0.33800E-01	 0.23715E+01	 0.44175E+00
