 &datain
 nzperiod=  5,
 lalpha= 20, lfout=20, nrun =  1,
 cmul = 3.0000,
 efield = 0.0000,
 mpolb =  8,  ntorb = 26,  ibbi = 1,
 chip = -0.9586,  psip = -1.0265,
 btheta =  0.0000, bzeta = -14.4000,
 borbi(0,0)=  0.25177E+01,
 borbi(1,0)=  0.27550E+00,
 borbi(1,1)=  -.17892E+00,
 borbi(0,1)=  -.91529E-01,
 borbi(2,3)=  -.20907E-01,
 borbi(0,2)=  -.15419E-01,
 borbi(-1,1)=  0.12905E-01,
 borbi(-2,1)=  0.10399E-01,
 borbi(1,2)=  0.10340E-01,
 borbi(3,3)=  0.91583E-02,
 borbi(2,1)=  0.87609E-02,
 borbi(3,1)=  -.83584E-02,
 borbi(-9,1)=  -.81994E-02,
 borbi(-1,2)=  -.77926E-02,
 borbi(2,0)=  -.77038E-02,
 borbi(10,0)=  -.60935E-02,
 borbi(-7,2)=  -.53656E-02,
 borbi(3,4)=  0.47908E-02,
 borbi(2,2)=  -.44986E-02,
 borbi(4,1)=  0.44663E-02,
 borbi(-7,3)=  0.40815E-02,
 borbi(1,3)=  0.34935E-02,
 borbi(-6,2)=  0.32378E-02,
 borbi(3,2)=  0.31690E-02,
 borbi(5,1)=  -.30578E-02,
 borbi(4,3)=  -.30441E-02,
 borbi(-8,2)=  0.28282E-02,
 borbi(-10,1)=  0.27107E-02,
 borbi(-2,2)=  0.26491E-02,
 borbi(4,0)=  0.26241E-02,
 borbi(-1,3)=  -.25591E-02,
 borbi(-5,1)=  0.23839E-02,
 borbi(4,2)=  0.23471E-02,
 borbi(-2,3)=  -.23151E-02,
 borbi(11,1)=  -.22782E-02,
 borbi(-8,3)=  -.22713E-02,
 borbi(9,0)=  -.22568E-02,
 borbi(5,2)=  0.22260E-02,
 borbi(-4,1)=  0.22060E-02,
 borbi(-3,1)=  -.20296E-02,
 borbi(3,0)=  -.17997E-02,
 borbi(-3,2)=  0.17722E-02,
 borbi(11,2)=  -.17528E-02,
 borbi(10,2)=  0.15905E-02,
 borbi(-7,1)=  0.13918E-02,
 borbi(9,1)=  -.13144E-02,
 borbi(2,4)=  0.12321E-02,
 borbi(-5,3)=  -.11921E-02,
 borbi(8,1)=  0.11862E-02,
 borbi(6,3)=  0.11144E-02,
 borbi(-8,1)=  -.10130E-02,
 borbi(-4,4)=  -.10056E-02,
 borbi(11,0)=  0.10045E-02,
 borbi(0,3)=  0.99419E-03,
 borbi(10,3)=  -.97455E-03,
 borbi(6,0)=  0.94697E-03,
 borbi(-7,4)=  -.94516E-03,
 borbi(8,2)=  -.93500E-03,
 borbi(-6,5)=  0.91259E-03,
 borbi(-11,1)=  -.86341E-03,
 borbi(5,3)=  -.86287E-03,
 borbi(-5,4)=  0.86207E-03,
 borbi(10,1)=  -.77440E-03,
 borbi(6,2)=  -.76643E-03,
 borbi(-7,5)=  0.76179E-03,
 borbi(7,0)=  0.76133E-03,
 borbi(-1,4)=  -.73914E-03,
 borbi(2,5)=  0.72751E-03,
 borbi(12,2)=  0.71895E-03,
 borbi(6,1)=  0.71674E-03,
 borbi(12,1)=  0.70934E-03,
 borbi(7,2)=  0.69967E-03,
 borbi(4,5)=  0.69238E-03,
 borbi(8,3)=  -.60270E-03,
 borbi(-8,4)=  0.56032E-03,
 borbi(4,4)=  -.48379E-03,
 borbi(1,5)=  0.45960E-03,
 borbi(5,0)=  -.44825E-03,
 borbi(2,6)=  -.41450E-03,
 borbi(-6,3)=  -.40636E-03,
 borbi(-6,6)=  -.39975E-03,
 borbi(9,4)=  -.37088E-03,
 borbi(-9,2)=  -.36979E-03,
 borbi(6,4)=  -.36008E-03,
 borbi(-9,3)=  0.35512E-03,
 borbi(-12,1)=  0.34335E-03,
 borbi(-3,3)=  -.34052E-03,
 borbi(1,4)=  -.33761E-03,
 borbi(3,5)=  -.33395E-03,
 borbi(13,1)=  -.30220E-03,
 borbi(-5,6)=  0.29831E-03,
 borbi(13,2)=  -.29657E-03,
 borbi(0,5)=  -.28762E-03,
 borbi(7,4)=  -.28458E-03,
 borbi(2,7)=  -.26941E-03,
 borbi(-3,4)=  -.26874E-03,
 borbi(8,4)=  0.26373E-03,
 borbi(-5,5)=  -.26236E-03,
 borbi(12,3)=  0.24182E-03,
 borbi(1,7)=  -.24014E-03,
 mmnn(1,1)=  0, 27,  0,  1,  2,  3,  4,  5,  6,  7,  8,  9, 10, 11, 12,
  13, 14, 15, 16, 17, 18, 19, 20, 21, 22, 23, 24, 25, 26,
 mmnn(1,2)=  1, 28,  0,  1,  2,  3,  4,  5,  6,  7,  8,  9, 10, 11, 12,
  13, 14, 15, 16, 17, 18, 19, 20, 21, 22, 23, 24, 25, 26, 27,
 mmnn(1,3)=  2, 29,  0,  1,  2,  3,  4,  5,  6,  7,  8,  9, 10, 11, 12,
  13, 14, 15, 16, 17, 18, 19, 20, 21, 22, 23, 24, 25, 26, 27, 29,
 mmnn(1,4)=  3, 30,  0,  1,  2,  3,  4,  5,  6,  7,  8,  9, 10, 11, 12,
  13, 14, 15, 16, 17, 18, 19, 20, 21, 22, 23, 24, 25, 26, 27, 28, 29,
 mmnn(1,5)=  4, 30,  0,  1,  2,  3,  4,  5,  6,  7,  8,  9, 10, 11, 12,
  13, 14, 15, 16, 17, 18, 19, 20, 21, 22, 23, 24, 25, 26, 27, 28, 29,
 mmnn(1,6)=  5, 29,  0,  1,  2,  3,  4,  5,  6,  7,  8,  9, 10, 11, 12,
  13, 14, 15, 16, 17, 18, 19, 20, 21, 22, 23, 24, 25, 26, 27, 28,
 mmnn(1,7)=  6, 28,  0,  1,  2,  3,  4,  5,  6,  7,  8,  9, 10, 11, 12,
  13, 14, 15, 16, 17, 18, 19, 20, 21, 22, 23, 24, 25, 26, 27,
 mmnn(1,8)=  7, 27,  0,  1,  2,  3,  4,  5,  6,  7,  8,  9, 10, 11, 12,
  13, 14, 15, 16, 17, 18, 19, 20, 21, 22, 23, 24, 25, 26,
 mmnn(1,9)=  8, 27,  0,  1,  2,  3,  4,  5,  6,  7,  8,  9, 10, 11, 12,
  13, 14, 15, 16, 17, 18, 19, 20, 21, 22, 23, 24, 25, 26,
 mmnn(1,10)=  9, 27,  0,  1,  2,  3,  4,  5,  6,  7,  8,  9, 10, 11, 12,
  13, 14, 15, 16, 17, 18, 19, 20, 21, 22, 23, 24, 25, 26,
 mmnn(1,11)= 10, 28,  0,  1,  2,  3,  4,  5,  6,  7,  8,  9, 10, 11, 12,
  13, 14, 15, 16, 17, 18, 19, 20, 21, 22, 23, 24, 25, 26, 27,
 mmnn(1,12)= 11, 28,  0,  1,  2,  3,  4,  5,  6,  7,  8,  9, 10, 11, 12,
  13, 14, 15, 16, 17, 18, 19, 20, 21, 22, 23, 24, 25, 26, 27,
 mmnn(1,13)= 12, 28,  0,  1,  2,  3,  4,  5,  6,  7,  8,  9, 10, 11, 12,
  13, 14, 15, 16, 17, 18, 19, 20, 21, 22, 23, 24, 25, 26, 27,
 mmnn(1,14)= 13, 27,  0,  1,  2,  3,  4,  5,  6,  7,  8,  9, 10, 11, 12,
  13, 14, 15, 16, 17, 18, 19, 20, 21, 22, 23, 24, 25, 26,
 mmnn(1,15)= 14, 26,  0,  1,  2,  3,  4,  5,  6,  7,  8,  9, 10, 11, 12,
  13, 14, 15, 16, 17, 18, 19, 20, 21, 22, 23, 24, 25,
 mmnn(1,16)= 15, 25,  0,  1,  2,  3,  4,  5,  6,  7,  8,  9, 10, 11, 12,
  13, 14, 15, 16, 17, 18, 19, 20, 21, 22, 23, 24,
 mmnn(1,17)= 16, 24,  0,  1,  2,  3,  4,  5,  6,  7,  8,  9, 10, 11, 12,
  13, 14, 15, 16, 17, 18, 19, 20, 21, 22, 23,
 mmnn(1,18)= 17, 24,  0,  1,  2,  3,  4,  5,  6,  7,  8,  9, 10, 11, 12,
  13, 14, 15, 16, 17, 18, 19, 20, 21, 22, 23,
 mmnn(1,19)= 18, 24,  0,  1,  2,  3,  4,  5,  6,  7,  8,  9, 10, 11, 12,
  13, 14, 15, 16, 17, 18, 19, 20, 21, 22, 23,
 mmnn(1,20)= 19, 23,  0,  1,  2,  3,  4,  5,  6,  7,  8,  9, 10, 11, 12,
  13, 14, 15, 16, 17, 18, 19, 20, 21, 22,
 mmnn(1,21)= 20, 23,  0,  1,  2,  3,  4,  5,  6,  7,  8,  9, 10, 11, 12,
  13, 14, 15, 16, 17, 18, 19, 20, 21, 22,
 mmnn(1,22)= 21, 23,  0,  1,  2,  3,  4,  5,  6,  7,  8,  9, 10, 11, 12,
  13, 14, 15, 16, 17, 18, 19, 20, 21, 22,
 mmnn(1,23)= 22, 22,  0,  1,  2,  3,  4,  5,  6,  7,  8,  9, 10, 11, 12,
  13, 14, 15, 16, 17, 18, 19, 20, 21,
 mmnn(1,24)= 23, 21,  0,  1,  2,  3,  4,  5,  6,  7,  8,  9, 10, 11, 12,
  13, 14, 15, 16, 17, 18, 19, 20,
 mmnn(1,25)= 24, 22,  0,  1,  2,  3,  4,  5,  6,  7,  8,  9, 10, 11, 12,
  13, 14, 15, 16, 17, 18, 19, 20, 21,
 mmnn(1,26)= 25, 21,  0,  1,  2,  3,  4,  5,  6,  7,  8,  9, 10, 11, 12,
  13, 14, 15, 16, 17, 18, 19, 20,
 mmnn(1,27)= 26, 20,  0,  1,  2,  3,  4,  5,  6,  7,  8,  9, 10, 11, 12,
  13, 14, 15, 16, 17, 18, 19,
 mmnn(1,28)= 27, 18,  0,  1,  2,  3,  4,  5,  6,  7,  8,  9, 10, 11, 12,
  13, 14, 15, 16, 17,
 mmnn(1,29)= 28, 17,  0,  1,  2,  3,  4,  5,  6,  7,  8,  9, 10, 11, 12,
  13, 14, 15, 16,
 mmnn(1,30)= 29, 17,  0,  1,  2,  3,  4,  5,  6,  7,  8,  9, 10, 11, 12,
  13, 14, 15, 16,
 mmnn(1,31)= 30, 17,  0,  1,  2,  3,  4,  5,  6,  7,  8,  9, 10, 11, 12,
  13, 14, 15, 16,
 mmnn(1,32)= 31, 16,  0,  1,  2,  3,  4,  5,  6,  7,  8,  9, 10, 11, 12,
  13, 14, 15,
 mmnn(1,33)= 32, 16,  0,  1,  2,  3,  4,  5,  6,  7,  8,  9, 10, 11, 12,
  13, 14, 15,
 mmnn(1,34)= 33, 16,  0,  1,  2,  3,  4,  5,  6,  7,  8,  9, 10, 11, 12,
  13, 14, 15,
 mmnn(1,35)= 34, 15,  0,  1,  2,  3,  4,  5,  6,  7,  8,  9, 10, 11, 12,
  13, 14,
 mmnn(1,36)= 35, 14,  0,  1,  2,  3,  4,  5,  6,  7,  8,  9, 10, 11, 12,
  13,
 mmnn(1,37)= 36, 15,  0,  1,  2,  3,  4,  5,  6,  7,  8,  9, 10, 11, 12,
  13, 14,
 mmnn(1,38)= 37, 14,  0,  1,  2,  3,  4,  5,  6,  7,  8,  9, 10, 11, 12,
  13,
 mmnn(1,39)= 38, 13,  0,  1,  2,  3,  4,  5,  6,  7,  8,  9, 10, 11, 12,
 mmnn(1,40)= 39, 12,  0,  1,  2,  3,  4,  5,  6,  7,  8,  9, 10, 11,
 mmnn(1,41)= -1, 25,  1,  2,  3,  4,  5,  6,  7,  8,  9, 10, 11, 12, 13,
  14, 15, 16, 17, 18, 19, 20, 21, 22, 23, 24, 25,
 mmnn(1,42)= -2, 25,  1,  2,  3,  4,  5,  6,  7,  8,  9, 10, 11, 12, 13,
  14, 15, 16, 17, 18, 19, 20, 21, 22, 23, 24, 25,
 mmnn(1,43)= -3, 25,  1,  2,  3,  4,  5,  6,  7,  8,  9, 10, 11, 12, 13,
  14, 15, 16, 17, 18, 19, 20, 21, 22, 23, 24, 25,
 mmnn(1,44)= -4, 25,  1,  2,  3,  4,  5,  6,  7,  8,  9, 10, 11, 12, 13,
  14, 15, 16, 17, 18, 19, 20, 21, 22, 23, 24, 25,
 mmnn(1,45)= -5, 24,  1,  2,  3,  4,  5,  6,  7,  8,  9, 10, 11, 12, 13,
  14, 15, 16, 17, 18, 19, 20, 21, 22, 23, 24,
 mmnn(1,46)= -6, 23,  1,  2,  3,  4,  5,  6,  7,  8,  9, 10, 11, 12, 13,
  14, 15, 16, 17, 18, 19, 20, 21, 22, 23,
 mmnn(1,47)= -7, 22,  1,  2,  3,  4,  5,  6,  7,  8,  9, 10, 11, 12, 13,
  14, 15, 16, 17, 18, 19, 20, 21, 22,
 mmnn(1,48)= -8, 20,  1,  2,  3,  4,  5,  6,  7,  8,  9, 10, 11, 12, 13,
  14, 15, 16, 17, 18, 19, 20,
 mmnn(1,49)= -9, 20,  1,  2,  3,  4,  5,  6,  7,  8,  9, 10, 11, 12, 13,
  14, 15, 16, 17, 18, 19, 20,
 mmnn(1,50)=-10, 20,  1,  2,  3,  4,  5,  6,  7,  8,  9, 10, 11, 12, 13,
  14, 15, 16, 17, 18, 19, 20,
 mmnn(1,51)=-11, 19,  1,  2,  3,  4,  5,  6,  7,  8,  9, 10, 11, 12, 13,
  14, 15, 16, 17, 18, 19,
 mmnn(1,52)=-12, 18,  1,  2,  3,  4,  5,  6,  7,  8,  9, 10, 11, 12, 13,
  14, 15, 16, 17, 18,
 mmnn(1,53)=-13, 17,  1,  2,  3,  4,  5,  6,  7,  8,  9, 10, 11, 12, 13,
  14, 15, 16, 17,
 mmnn(1,54)=-14, 16,  1,  2,  3,  4,  5,  6,  7,  8,  9, 10, 11, 12, 13,
  14, 15, 16,
 mmnn(1,55)=-15, 18,  1,  2,  3,  4,  5,  6,  7,  8,  9, 10, 11, 12, 13,
  14, 15, 16, 17, 18,
 mmnn(1,56)=-16, 18,  1,  2,  3,  4,  5,  6,  7,  8,  9, 10, 11, 12, 13,
  14, 15, 16, 17, 18,
 mmnn(1,57)=-17, 18,  1,  2,  3,  4,  5,  6,  7,  8,  9, 10, 11, 12, 13,
  14, 15, 16, 17, 18,
 mmnn(1,58)=-18, 18,  1,  2,  3,  4,  5,  6,  7,  8,  9, 10, 11, 12, 13,
  14, 15, 16, 17, 18,
 mmnn(1,59)=-19, 17,  1,  2,  3,  4,  5,  6,  7,  8,  9, 10, 11, 12, 13,
  14, 15, 16, 17,
 mmnn(1,60)=-20, 16,  1,  2,  3,  4,  5,  6,  7,  8,  9, 10, 11, 12, 13,
  14, 15, 16,
 mmnn(1,61)=-21, 15,  1,  2,  3,  4,  5,  6,  7,  8,  9, 10, 11, 12, 13,
  14, 15,
 mmnn(1,62)=-22, 14,  1,  2,  3,  4,  5,  6,  7,  8,  9, 10, 11, 12, 13,
  14,
 mmnn(1,63)=-23, 13,  1,  2,  3,  4,  5,  6,  7,  8,  9, 10, 11, 12, 13,
 mmnn(1,64)=-24, 13,  1,  2,  3,  4,  5,  6,  7,  8,  9, 10, 11, 12, 13,
 mmnn(1,65)=-25, 12,  1,  2,  3,  4,  5,  6,  7,  8,  9, 10, 11, 12,
 mmnn(1,66)=-26, 11,  1,  2,  3,  4,  5,  6,  7,  8,  9, 10, 11,
 mmnn(1,67)=-27, 11,  1,  2,  3,  4,  5,  6,  7,  8,  9, 10, 11,
 mmnn(1,68)=-28, 11,  1,  2,  3,  4,  5,  6,  7,  8,  9, 10, 11,
 mmnn(1,69)=-29, 11,  1,  2,  3,  4,  5,  6,  7,  8,  9, 10, 11,
 mmnn(1,70)=-30, 11,  1,  2,  3,  4,  5,  6,  7,  8,  9, 10, 11,
 mmnn(1,71)=-31, 11,  1,  2,  3,  4,  5,  6,  7,  8,  9, 10, 11,
 mmnn(1,72)=-32, 10,  1,  2,  3,  4,  5,  6,  7,  8,  9, 10,
 mmnn(1,73)=-33,  9,  1,  2,  3,  4,  5,  6,  7,  8,  9,
 mmnn(1,74)=-34,  8,  1,  2,  3,  4,  5,  6,  7,  8,
 mmnn(1,75)=-35,  6,  1,  2,  3,  4,  5,  6,
 mmnn(1,76)=-36,  6,  1,  2,  3,  4,  5,  6,
 mmnn(1,77)=-37,  6,  1,  2,  3,  4,  5,  6,
 mmnn(1,78)=-38,  4,  1,  2,  3,  4,
 mmnn(1,79)=-39,  2,  1,  2,
 mpol=30, ntor= 79 /
