 0.10000E+01	 0.00000E+00	 0.00000E+00	 0.16036E+00	 0.47499E-01	 0.47499E-01	-0.12730E-03	-0.12730E-03	 0.89371E-03	 0.89371E-03	 0.45723E+01	 0.10005E+04	 0.21891E+06	 0.75558E-13	-0.95860E+00	-0.10265E+01	 0.00000E+00	-0.14400E+02	 0.23960E+01
 0.10000E+00	 0.00000E+00	 0.00000E+00	 0.16036E+00	 0.64294E-02	 0.64294E-02	-0.75490E-02	-0.75490E-02	 0.41943E+00	 0.41943E+00	 0.45723E+01	 0.10005E+04	 0.21891E+06	 0.44395E-13	-0.95860E+00	-0.10265E+01	 0.00000E+00	-0.14400E+02	 0.23960E+01
 0.10000E+02	 0.00000E+00	 0.00000E+00	 0.16036E+00	 0.47194E+00	 0.47194E+00	-0.11802E-05	-0.11802E-05	 0.95907E-06	 0.95907E-06	 0.45723E+01	 0.10005E+04	 0.21891E+06	 0.76453E-11	-0.95860E+00	-0.10265E+01	 0.00000E+00	-0.14400E+02	 0.23960E+01
 0.10000E-01	 0.00000E+00	 0.00000E+00	 0.16036E+00	 0.24305E-02	 0.24305E-02	-0.20008E-01	-0.20008E-01	 0.21497E+02	 0.21497E+02	 0.45723E+01	 0.10005E+04	 0.21891E+06	 0.54919E-12	-0.95860E+00	-0.10265E+01	 0.00000E+00	-0.14400E+02	 0.23960E+01
 0.10000E+03	 0.00000E+00	 0.00000E+00	 0.16036E+00	 0.47191E+01	 0.47191E+01	-0.11783E-07	-0.11783E-07	 0.96031E-09	 0.96031E-09	 0.45723E+01	 0.10005E+04	 0.21891E+06	 0.62730E-09	-0.95860E+00	-0.10265E+01	 0.00000E+00	-0.14400E+02	 0.23960E+01
 0.10000E-02	 0.00000E+00	 0.00000E+00	 0.16036E+00	 0.51425E-02	 0.51416E-02	-0.11179E-01	-0.11179E-01	 0.33142E+03	 0.33142E+03	 0.45723E+01	 0.10005E+04	 0.21891E+06	 0.35310E-09	-0.95860E+00	-0.10265E+01	 0.00000E+00	-0.14400E+02	 0.23960E+01
 0.10000E-03	 0.00000E+00	 0.00000E+00	 0.16036E+00	 0.43829E-01	 0.43585E-01	 0.93788E-01	 0.94156E-01	 0.37607E+04	 0.37543E+04	 0.45723E+01	 0.10005E+04	 0.21891E+06	 0.22250E-07	-0.95860E+00	-0.10265E+01	 0.00000E+00	-0.14400E+02	 0.23960E+01
 0.10000E-04	 0.00000E+00	 0.00000E+00	 0.16036E+00	 0.43128E+00	 0.41591E+00	 0.14868E+00	 0.19156E+00	 0.39796E+05	 0.38655E+05	 0.45723E+01	 0.10005E+04	 0.21891E+06	 0.23308E-05	-0.95860E+00	-0.10265E+01	 0.00000E+00	-0.14400E+02	 0.23960E+01
 0.10000E-05	 0.00000E+00	 0.00000E+00	 0.16036E+00	 0.43110E+01	 0.37753E+01	 0.21889E+00	 0.18440E+00	 0.41983E+06	 0.38792E+06	 0.45723E+01	 0.10005E+04	 0.21891E+06	 0.58877E-02	-0.95860E+00	-0.10265E+01	 0.00000E+00	-0.14400E+02	 0.23960E+01
 0.30000E+01	 0.00000E+00	 0.00000E+00	 0.16036E+00	 0.14168E+00	 0.14168E+00	-0.13310E-04	-0.13310E-04	 0.35100E-04	 0.35100E-04	 0.45723E+01	 0.10005E+04	 0.21891E+06	 0.51211E-12	-0.95860E+00	-0.10265E+01	 0.00000E+00	-0.14400E+02	 0.23960E+01
 0.30000E+00	 0.00000E+00	 0.00000E+00	 0.16036E+00	 0.15052E-01	 0.15052E-01	-0.13823E-02	-0.13823E-02	 0.27761E-01	 0.27761E-01	 0.45723E+01	 0.10005E+04	 0.21891E+06	 0.15239E-13	-0.95860E+00	-0.10265E+01	 0.00000E+00	-0.14400E+02	 0.23960E+01
 0.30000E+02	 0.00000E+00	 0.00000E+00	 0.16036E+00	 0.14157E+01	 0.14157E+01	-0.13094E-06	-0.13094E-06	 0.35562E-07	 0.35562E-07	 0.45723E+01	 0.10005E+04	 0.21891E+06	 0.55082E-10	-0.95860E+00	-0.10265E+01	 0.00000E+00	-0.14400E+02	 0.23960E+01
 0.30000E-01	 0.00000E+00	 0.00000E+00	 0.16036E+00	 0.34838E-02	 0.34838E-02	-0.18291E-01	-0.18291E-01	 0.41401E+01	 0.41401E+01	 0.45723E+01	 0.10005E+04	 0.21891E+06	 0.96306E-13	-0.95860E+00	-0.10265E+01	 0.00000E+00	-0.14400E+02	 0.23960E+01
 0.30000E+03	 0.00000E+00	 0.00000E+00	 0.16036E+00	 0.14157E+02	 0.14157E+02	-0.13092E-08	-0.13092E-08	 0.35567E-10	 0.35567E-10	 0.45723E+01	 0.10005E+04	 0.21891E+06	 0.64610E-08	-0.95860E+00	-0.10265E+01	 0.00000E+00	-0.14400E+02	 0.23960E+01
 0.30000E-02	 0.00000E+00	 0.00000E+00	 0.16036E+00	 0.25849E-02	 0.25849E-02	-0.17733E-01	-0.17733E-01	 0.96076E+02	 0.96076E+02	 0.45723E+01	 0.10005E+04	 0.21891E+06	 0.73767E-11	-0.95860E+00	-0.10265E+01	 0.00000E+00	-0.14400E+02	 0.23960E+01
 0.30000E-03	 0.00000E+00	 0.00000E+00	 0.16036E+00	 0.15146E-01	 0.15125E-01	 0.26320E-01	 0.26425E-01	 0.12002E+04	 0.12001E+04	 0.45723E+01	 0.10005E+04	 0.21891E+06	 0.19067E-08	-0.95860E+00	-0.10265E+01	 0.00000E+00	-0.14400E+02	 0.23960E+01
 0.30000E-04	 0.00000E+00	 0.00000E+00	 0.16036E+00	 0.14415E+00	 0.14177E+00	 0.15116E+00	 0.16673E+00	 0.12950E+05	 0.12791E+05	 0.45723E+01	 0.10005E+04	 0.21891E+06	 0.21221E-05	-0.95860E+00	-0.10265E+01	 0.00000E+00	-0.14400E+02	 0.23960E+01
 0.30000E-05	 0.00000E+00	 0.00000E+00	 0.16036E+00	 0.14370E+01	 0.13368E+01	 0.15074E+00	 0.90600E-01	 0.13610E+06	 0.12919E+06	 0.45723E+01	 0.10005E+04	 0.21891E+06	 0.34701E-03	-0.95860E+00	-0.10265E+01	 0.00000E+00	-0.14400E+02	 0.23960E+01
 0.10000E+01	 0.10000E+00	-0.97418E-01	 0.16036E+00	 0.10573E-01	 0.10573E-01	-0.35434E-03	-0.35434E-03	 0.91353E-03	 0.91353E-03	 0.45723E+01	 0.10005E+04	 0.21891E+06	 0.24459E-13	-0.95860E+00	-0.10265E+01	 0.00000E+00	-0.14400E+02	 0.23960E+01
 0.10000E+00	 0.10000E+00	-0.97418E-01	 0.16036E+00	 0.60139E-02	 0.60139E-02	-0.10872E-01	-0.10872E-01	 0.40908E+00	 0.40908E+00	 0.45723E+01	 0.10005E+04	 0.21891E+06	 0.37872E-13	-0.95860E+00	-0.10265E+01	 0.00000E+00	-0.14400E+02	 0.23960E+01
 0.10000E+02	 0.10000E+00	-0.97418E-01	 0.16036E+00	 0.43723E-02	 0.43723E-02	-0.69106E-05	-0.69106E-05	 0.98612E-06	 0.98612E-06	 0.45723E+01	 0.10005E+04	 0.21891E+06	 0.25748E-12	-0.95860E+00	-0.10265E+01	 0.00000E+00	-0.14400E+02	 0.23960E+01
 0.10000E-01	 0.10000E+00	-0.97418E-01	 0.16036E+00	 0.66927E-02	 0.66927E-02	-0.31385E-01	-0.31385E-01	 0.20249E+02	 0.20249E+02	 0.45723E+01	 0.10005E+04	 0.21891E+06	 0.10980E-11	-0.95860E+00	-0.10265E+01	 0.00000E+00	-0.14400E+02	 0.23960E+01
 0.10000E+03	 0.10000E+00	-0.97418E-01	 0.16036E+00	 0.64482E-03	 0.64482E-03	-0.68880E-07	-0.68880E-07	 0.98772E-09	 0.98772E-09	 0.45723E+01	 0.10005E+04	 0.21891E+06	 0.17765E-10	-0.95860E+00	-0.10265E+01	 0.00000E+00	-0.14400E+02	 0.23960E+01
 0.10000E-02	 0.10000E+00	-0.97418E-01	 0.16036E+00	 0.42729E-02	 0.42726E-02	 0.12993E+00	 0.12991E+00	 0.33347E+03	 0.33346E+03	 0.45723E+01	 0.10005E+04	 0.21891E+06	 0.72160E-10	-0.95860E+00	-0.10265E+01	 0.00000E+00	-0.14400E+02	 0.23960E+01
 0.10000E-03	 0.10000E+00	-0.97418E-01	 0.16036E+00	 0.93327E-03	 0.92617E-03	 0.34718E+00	 0.34258E+00	 0.42747E+04	 0.42532E+04	 0.45723E+01	 0.10005E+04	 0.21891E+06	 0.18250E-07	-0.95860E+00	-0.10265E+01	 0.00000E+00	-0.14400E+02	 0.23960E+01
 0.10000E-04	 0.10000E+00	-0.97418E-01	 0.16036E+00	 0.17975E-03	 0.15087E-03	 0.38585E+00	 0.37609E+00	 0.48027E+05	 0.45606E+05	 0.45723E+01	 0.10005E+04	 0.21891E+06	 0.56625E-05	-0.95860E+00	-0.10265E+01	 0.00000E+00	-0.14400E+02	 0.23960E+01
 0.10000E-05	 0.10000E+00	-0.97418E-01	 0.16036E+00	 0.26042E-03	 0.25327E-04	 0.30279E+00	 0.25712E+00	 0.52555E+06	 0.46110E+06	 0.45723E+01	 0.10005E+04	 0.21891E+06	 0.30190E-03	-0.95860E+00	-0.10265E+01	 0.00000E+00	-0.14400E+02	 0.23960E+01
 0.30000E+01	 0.10000E+00	-0.97418E-01	 0.16036E+00	 0.98983E-02	 0.98983E-02	-0.65936E-04	-0.65936E-04	 0.36035E-04	 0.36035E-04	 0.45723E+01	 0.10005E+04	 0.21891E+06	 0.10139E-12	-0.95860E+00	-0.10265E+01	 0.00000E+00	-0.14400E+02	 0.23960E+01
 0.30000E+00	 0.10000E+00	-0.97418E-01	 0.16036E+00	 0.60669E-02	 0.60669E-02	-0.23666E-02	-0.23666E-02	 0.27999E-01	 0.27999E-01	 0.45723E+01	 0.10005E+04	 0.21891E+06	 0.17566E-13	-0.95860E+00	-0.10265E+01	 0.00000E+00	-0.14400E+02	 0.23960E+01
 0.30000E+02	 0.10000E+00	-0.97418E-01	 0.16036E+00	 0.17585E-02	 0.17585E-02	-0.77699E-06	-0.77699E-06	 0.36574E-07	 0.36574E-07	 0.45723E+01	 0.10005E+04	 0.21891E+06	 0.17909E-11	-0.95860E+00	-0.10265E+01	 0.00000E+00	-0.14400E+02	 0.23960E+01
 0.30000E-01	 0.10000E+00	-0.97418E-01	 0.16036E+00	 0.71191E-02	 0.71191E-02	-0.26019E-01	-0.26019E-01	 0.39216E+01	 0.39216E+01	 0.45723E+01	 0.10005E+04	 0.21891E+06	 0.14663E-12	-0.95860E+00	-0.10265E+01	 0.00000E+00	-0.14400E+02	 0.23960E+01
 0.30000E+03	 0.10000E+00	-0.97418E-01	 0.16036E+00	 0.25700E-03	 0.25700E-03	-0.75454E-08	-0.75454E-08	 0.36584E-10	 0.36584E-10	 0.45723E+01	 0.10005E+04	 0.21891E+06	 0.31688E-10	-0.95860E+00	-0.10265E+01	 0.00000E+00	-0.14400E+02	 0.23960E+01
 0.30000E-02	 0.10000E+00	-0.97418E-01	 0.16036E+00	 0.62245E-02	 0.62245E-02	 0.11467E-01	 0.11468E-01	 0.92214E+02	 0.92214E+02	 0.45723E+01	 0.10005E+04	 0.21891E+06	 0.14553E-10	-0.95860E+00	-0.10265E+01	 0.00000E+00	-0.14400E+02	 0.23960E+01
 0.30000E-03	 0.10000E+00	-0.97418E-01	 0.16036E+00	 0.21129E-02	 0.21101E-02	 0.27564E+00	 0.27483E+00	 0.12975E+04	 0.12967E+04	 0.45723E+01	 0.10005E+04	 0.21891E+06	 0.12353E-08	-0.95860E+00	-0.10265E+01	 0.00000E+00	-0.14400E+02	 0.23960E+01
 0.30000E-04	 0.10000E+00	-0.97418E-01	 0.16036E+00	 0.36623E-03	 0.35186E-03	 0.38859E+00	 0.38223E+00	 0.15275E+05	 0.14915E+05	 0.45723E+01	 0.10005E+04	 0.21891E+06	 0.38231E-06	-0.95860E+00	-0.10265E+01	 0.00000E+00	-0.14400E+02	 0.23960E+01
 0.30000E-05	 0.10000E+00	-0.97418E-01	 0.16036E+00	 0.14218E-03	 0.61597E-04	 0.34977E+00	 0.31539E+00	 0.16723E+06	 0.15328E+06	 0.45723E+01	 0.10005E+04	 0.21891E+06	 0.67963E-04	-0.95860E+00	-0.10265E+01	 0.00000E+00	-0.14400E+02	 0.23960E+01
 0.10000E+01	 0.10000E-01	-0.97418E-02	 0.16036E+00	 0.28810E-01	 0.28810E-01	-0.17040E-03	-0.17040E-03	 0.89379E-03	 0.89379E-03	 0.45723E+01	 0.10005E+04	 0.21891E+06	 0.84517E-13	-0.95860E+00	-0.10265E+01	 0.00000E+00	-0.14400E+02	 0.23960E+01
 0.10000E+00	 0.10000E-01	-0.97418E-02	 0.16036E+00	 0.64314E-02	 0.64314E-02	-0.75554E-02	-0.75554E-02	 0.41932E+00	 0.41932E+00	 0.45723E+01	 0.10005E+04	 0.21891E+06	 0.48337E-13	-0.95860E+00	-0.10265E+01	 0.00000E+00	-0.14400E+02	 0.23960E+01
 0.10000E+02	 0.10000E-01	-0.97418E-02	 0.16036E+00	 0.96328E-01	 0.96328E-01	-0.32656E-05	-0.32656E-05	 0.95928E-06	 0.95928E-06	 0.45723E+01	 0.10005E+04	 0.21891E+06	 0.28823E-11	-0.95860E+00	-0.10265E+01	 0.00000E+00	-0.14400E+02	 0.23960E+01
 0.10000E-01	 0.10000E-01	-0.97418E-02	 0.16036E+00	 0.24270E-02	 0.24270E-02	-0.19250E-01	-0.19250E-01	 0.21386E+02	 0.21386E+02	 0.45723E+01	 0.10005E+04	 0.21891E+06	 0.62222E-12	-0.95860E+00	-0.10265E+01	 0.00000E+00	-0.14400E+02	 0.23960E+01
 0.10000E+03	 0.10000E-01	-0.97418E-02	 0.16036E+00	 0.43502E-01	 0.43502E-01	-0.68931E-07	-0.68931E-07	 0.96058E-09	 0.96058E-09	 0.45723E+01	 0.10005E+04	 0.21891E+06	 0.28821E-10	-0.95860E+00	-0.10265E+01	 0.00000E+00	-0.14400E+02	 0.23960E+01
 0.10000E-02	 0.10000E-01	-0.97418E-02	 0.16036E+00	 0.24058E-02	 0.24050E-02	 0.60347E-01	 0.60347E-01	 0.32617E+03	 0.32617E+03	 0.45723E+01	 0.10005E+04	 0.21891E+06	 0.45873E-10	-0.95860E+00	-0.10265E+01	 0.00000E+00	-0.14400E+02	 0.23960E+01
 0.10000E-03	 0.10000E-01	-0.97418E-02	 0.16036E+00	 0.12393E-02	 0.11082E-02	 0.90630E-01	 0.91544E-01	 0.37373E+04	 0.37313E+04	 0.45723E+01	 0.10005E+04	 0.21891E+06	 0.12195E-07	-0.95860E+00	-0.10265E+01	 0.00000E+00	-0.14400E+02	 0.23960E+01
 0.10000E-04	 0.10000E-01	-0.97418E-02	 0.16036E+00	 0.88562E-03	 0.19964E-03	 0.45304E-01	 0.65560E-01	 0.39906E+05	 0.38571E+05	 0.45723E+01	 0.10005E+04	 0.21891E+06	 0.10279E-03	-0.95860E+00	-0.10265E+01	 0.00000E+00	-0.14400E+02	 0.23960E+01
 0.10000E-05	 0.10000E-01	-0.97418E-02	 0.16036E+00	 0.26228E-03	 0.28331E-04	-0.28696E-01	 0.45970E-01	 0.42092E+06	 0.38635E+06	 0.45723E+01	 0.10005E+04	 0.21891E+06	 0.27153E-01	-0.95860E+00	-0.10265E+01	 0.00000E+00	-0.14400E+02	 0.23960E+01
 0.30000E+01	 0.10000E-01	-0.97418E-02	 0.16036E+00	 0.45979E-01	 0.45979E-01	-0.22915E-04	-0.22915E-04	 0.35107E-04	 0.35107E-04	 0.45723E+01	 0.10005E+04	 0.21891E+06	 0.38009E-12	-0.95860E+00	-0.10265E+01	 0.00000E+00	-0.14400E+02	 0.23960E+01
 0.30000E+00	 0.10000E-01	-0.97418E-02	 0.16036E+00	 0.14135E-01	 0.14135E-01	-0.14515E-02	-0.14515E-02	 0.27759E-01	 0.27759E-01	 0.45723E+01	 0.10005E+04	 0.21891E+06	 0.16273E-13	-0.95860E+00	-0.10265E+01	 0.00000E+00	-0.14400E+02	 0.23960E+01
 0.30000E+02	 0.10000E-01	-0.97418E-02	 0.16036E+00	 0.96417E-01	 0.96417E-01	-0.64414E-06	-0.64414E-06	 0.35572E-07	 0.35572E-07	 0.45723E+01	 0.10005E+04	 0.21891E+06	 0.70651E-11	-0.95860E+00	-0.10265E+01	 0.00000E+00	-0.14400E+02	 0.23960E+01
 0.30000E-01	 0.10000E-01	-0.97418E-02	 0.16036E+00	 0.35010E-02	 0.35010E-02	-0.18244E-01	-0.18244E-01	 0.41343E+01	 0.41343E+01	 0.45723E+01	 0.10005E+04	 0.21891E+06	 0.10397E-12	-0.95860E+00	-0.10265E+01	 0.00000E+00	-0.14400E+02	 0.23960E+01
 0.30000E+03	 0.10000E-01	-0.97418E-02	 0.16036E+00	 0.17552E-01	 0.17552E-01	-0.77683E-08	-0.77683E-08	 0.35577E-10	 0.35577E-10	 0.45723E+01	 0.10005E+04	 0.21891E+06	 0.10585E-09	-0.95860E+00	-0.10265E+01	 0.00000E+00	-0.14400E+02	 0.23960E+01
 0.30000E-02	 0.10000E-01	-0.97418E-02	 0.16036E+00	 0.22179E-02	 0.22179E-02	-0.44261E-02	-0.44260E-02	 0.94783E+02	 0.94783E+02	 0.45723E+01	 0.10005E+04	 0.21891E+06	 0.55006E-10	-0.95860E+00	-0.10265E+01	 0.00000E+00	-0.14400E+02	 0.23960E+01
 0.30000E-03	 0.10000E-01	-0.97418E-02	 0.16036E+00	 0.18794E-02	 0.18612E-02	 0.11619E+00	 0.11617E+00	 0.11875E+04	 0.11875E+04	 0.45723E+01	 0.10005E+04	 0.21891E+06	 0.45087E-09	-0.95860E+00	-0.10265E+01	 0.00000E+00	-0.14400E+02	 0.23960E+01
 0.30000E-04	 0.10000E-01	-0.97418E-02	 0.16036E+00	 0.97793E-03	 0.50392E-03	 0.64581E-01	 0.71900E-01	 0.12936E+05	 0.12761E+05	 0.45723E+01	 0.10005E+04	 0.21891E+06	 0.30643E-05	-0.95860E+00	-0.10265E+01	 0.00000E+00	-0.14400E+02	 0.23960E+01
 0.30000E-05	 0.10000E-01	-0.97418E-02	 0.16036E+00	 0.52243E-03	 0.67771E-04	 0.75764E-02	 0.59374E-01	 0.13652E+06	 0.12875E+06	 0.45723E+01	 0.10005E+04	 0.21891E+06	 0.57033E-01	-0.95860E+00	-0.10265E+01	 0.00000E+00	-0.14400E+02	 0.23960E+01
 0.10000E+01	 0.10000E-02	-0.97418E-03	 0.16036E+00	 0.46971E-01	 0.46971E-01	-0.12811E-03	-0.12811E-03	 0.89371E-03	 0.89371E-03	 0.45723E+01	 0.10005E+04	 0.21891E+06	 0.64205E-13	-0.95860E+00	-0.10265E+01	 0.00000E+00	-0.14400E+02	 0.23960E+01
 0.10000E+00	 0.10000E-02	-0.97418E-03	 0.16036E+00	 0.64271E-02	 0.64271E-02	-0.75483E-02	-0.75483E-02	 0.41943E+00	 0.41943E+00	 0.45723E+01	 0.10005E+04	 0.21891E+06	 0.40762E-13	-0.95860E+00	-0.10265E+01	 0.00000E+00	-0.14400E+02	 0.23960E+01
 0.10000E+02	 0.10000E-02	-0.97418E-03	 0.16036E+00	 0.28370E+00	 0.28370E+00	-0.16239E-05	-0.16239E-05	 0.95907E-06	 0.95907E-06	 0.45723E+01	 0.10005E+04	 0.21891E+06	 0.80916E-11	-0.95860E+00	-0.10265E+01	 0.00000E+00	-0.14400E+02	 0.23960E+01
 0.10000E-01	 0.10000E-02	-0.97418E-03	 0.16036E+00	 0.24303E-02	 0.24303E-02	-0.20000E-01	-0.20000E-01	 0.21496E+02	 0.21496E+02	 0.45723E+01	 0.10005E+04	 0.21891E+06	 0.58341E-12	-0.95860E+00	-0.10265E+01	 0.00000E+00	-0.14400E+02	 0.23960E+01
 0.10000E+03	 0.10000E-02	-0.97418E-03	 0.16036E+00	 0.96237E+00	 0.96237E+00	-0.32620E-07	-0.32620E-07	 0.96031E-09	 0.96031E-09	 0.45723E+01	 0.10005E+04	 0.21891E+06	 0.41084E-09	-0.95860E+00	-0.10265E+01	 0.00000E+00	-0.14400E+02	 0.23960E+01
 0.10000E-02	 0.10000E-02	-0.97418E-03	 0.16036E+00	 0.49040E-02	 0.49031E-02	-0.92799E-02	-0.92797E-02	 0.33120E+03	 0.33120E+03	 0.45723E+01	 0.10005E+04	 0.21891E+06	 0.69162E-10	-0.95860E+00	-0.10265E+01	 0.00000E+00	-0.14400E+02	 0.23960E+01
 0.10000E-03	 0.10000E-02	-0.97418E-03	 0.16036E+00	 0.15564E-01	 0.15362E-01	 0.12063E+00	 0.12150E+00	 0.37540E+04	 0.37476E+04	 0.45723E+01	 0.10005E+04	 0.21891E+06	 0.51242E-08	-0.95860E+00	-0.10265E+01	 0.00000E+00	-0.14400E+02	 0.23960E+01
 0.10000E-04	 0.10000E-02	-0.97418E-03	 0.16036E+00	 0.10479E-01	 0.58484E-02	 0.62860E-01	 0.93880E-01	 0.39769E+05	 0.38597E+05	 0.45723E+01	 0.10005E+04	 0.21891E+06	 0.17393E-04	-0.95860E+00	-0.10265E+01	 0.00000E+00	-0.14400E+02	 0.23960E+01
 0.10000E-05	 0.10000E-02	-0.97418E-03	 0.16036E+00	 0.11049E-01	 0.67889E-03	-0.13762E-01	 0.88325E-01	 0.41970E+06	 0.38677E+06	 0.45723E+01	 0.10005E+04	 0.21891E+06	 0.77590E+00	-0.95860E+00	-0.10265E+01	 0.00000E+00	-0.14400E+02	 0.23960E+01
 0.30000E+01	 0.10000E-02	-0.97418E-03	 0.16036E+00	 0.13116E+00	 0.13116E+00	-0.14174E-04	-0.14174E-04	 0.35100E-04	 0.35100E-04	 0.45723E+01	 0.10005E+04	 0.21891E+06	 0.87217E-12	-0.95860E+00	-0.10265E+01	 0.00000E+00	-0.14400E+02	 0.23960E+01
 0.30000E+00	 0.10000E-02	-0.97418E-03	 0.16036E+00	 0.15017E-01	 0.15017E-01	-0.13823E-02	-0.13823E-02	 0.27761E-01	 0.27761E-01	 0.45723E+01	 0.10005E+04	 0.21891E+06	 0.16309E-13	-0.95860E+00	-0.10265E+01	 0.00000E+00	-0.14400E+02	 0.23960E+01
 0.30000E+02	 0.10000E-02	-0.97418E-03	 0.16036E+00	 0.45819E+00	 0.45819E+00	-0.22717E-06	-0.22717E-06	 0.35562E-07	 0.35562E-07	 0.45723E+01	 0.10005E+04	 0.21891E+06	 0.29253E-10	-0.95860E+00	-0.10265E+01	 0.00000E+00	-0.14400E+02	 0.23960E+01
 0.30000E-01	 0.10000E-02	-0.97418E-03	 0.16036E+00	 0.34840E-02	 0.34840E-02	-0.18291E-01	-0.18291E-01	 0.41400E+01	 0.41400E+01	 0.45723E+01	 0.10005E+04	 0.21891E+06	 0.12932E-12	-0.95860E+00	-0.10265E+01	 0.00000E+00	-0.14400E+02	 0.23960E+01
 0.30000E+03	 0.10000E-02	-0.97418E-03	 0.16036E+00	 0.96391E+00	 0.96391E+00	-0.64398E-08	-0.64398E-08	 0.35567E-10	 0.35567E-10	 0.45723E+01	 0.10005E+04	 0.21891E+06	 0.52949E-09	-0.95860E+00	-0.10265E+01	 0.00000E+00	-0.14400E+02	 0.23960E+01
 0.30000E-02	 0.10000E-02	-0.97418E-03	 0.16036E+00	 0.25727E-02	 0.25727E-02	-0.17566E-01	-0.17566E-01	 0.96057E+02	 0.96057E+02	 0.45723E+01	 0.10005E+04	 0.21891E+06	 0.76395E-11	-0.95860E+00	-0.10265E+01	 0.00000E+00	-0.14400E+02	 0.23960E+01
 0.30000E-03	 0.10000E-02	-0.97418E-03	 0.16036E+00	 0.11193E-01	 0.11173E-01	 0.38790E-01	 0.38863E-01	 0.11980E+04	 0.11979E+04	 0.45723E+01	 0.10005E+04	 0.21891E+06	 0.32641E-08	-0.95860E+00	-0.10265E+01	 0.00000E+00	-0.14400E+02	 0.23960E+01
 0.30000E-04	 0.10000E-02	-0.97418E-03	 0.16036E+00	 0.13027E-01	 0.11457E-01	 0.11226E+00	 0.12741E+00	 0.12935E+05	 0.12774E+05	 0.45723E+01	 0.10005E+04	 0.21891E+06	 0.75727E-07	-0.95860E+00	-0.10265E+01	 0.00000E+00	-0.14400E+02	 0.23960E+01
 0.30000E-05	 0.10000E-02	-0.97418E-03	 0.16036E+00	 0.11157E-01	 0.20006E-02	 0.31192E-01	 0.88273E-01	 0.13604E+06	 0.12889E+06	 0.45723E+01	 0.10005E+04	 0.21891E+06	 0.17306E-01	-0.95860E+00	-0.10265E+01	 0.00000E+00	-0.14400E+02	 0.23960E+01
 0.10000E+01	 0.10000E-03	-0.97418E-04	 0.16036E+00	 0.47474E-01	 0.47474E-01	-0.12729E-03	-0.12729E-03	 0.89371E-03	 0.89371E-03	 0.45723E+01	 0.10005E+04	 0.21891E+06	 0.15526E-12	-0.95860E+00	-0.10265E+01	 0.00000E+00	-0.14400E+02	 0.23960E+01
 0.10000E+00	 0.10000E-03	-0.97418E-04	 0.16036E+00	 0.64293E-02	 0.64293E-02	-0.75490E-02	-0.75490E-02	 0.41943E+00	 0.41943E+00	 0.45723E+01	 0.10005E+04	 0.21891E+06	 0.50094E-13	-0.95860E+00	-0.10265E+01	 0.00000E+00	-0.14400E+02	 0.23960E+01
 0.10000E+02	 0.10000E-03	-0.97418E-04	 0.16036E+00	 0.46663E+00	 0.46663E+00	-0.11887E-05	-0.11887E-05	 0.95907E-06	 0.95907E-06	 0.45723E+01	 0.10005E+04	 0.21891E+06	 0.97145E-11	-0.95860E+00	-0.10265E+01	 0.00000E+00	-0.14400E+02	 0.23960E+01
 0.10000E-01	 0.10000E-03	-0.97418E-04	 0.16036E+00	 0.24305E-02	 0.24305E-02	-0.20008E-01	-0.20008E-01	 0.21497E+02	 0.21497E+02	 0.45723E+01	 0.10005E+04	 0.21891E+06	 0.79401E-12	-0.95860E+00	-0.10265E+01	 0.00000E+00	-0.14400E+02	 0.23960E+01
 0.10000E+03	 0.10000E-03	-0.97418E-04	 0.16036E+00	 0.28366E+01	 0.28366E+01	-0.16221E-07	-0.16221E-07	 0.96031E-09	 0.96031E-09	 0.45723E+01	 0.10005E+04	 0.21891E+06	 0.24925E-09	-0.95860E+00	-0.10265E+01	 0.00000E+00	-0.14400E+02	 0.23960E+01
 0.10000E-02	 0.10000E-03	-0.97418E-04	 0.16036E+00	 0.51396E-02	 0.51387E-02	-0.11163E-01	-0.11163E-01	 0.33142E+03	 0.33142E+03	 0.45723E+01	 0.10005E+04	 0.21891E+06	 0.33528E-09	-0.95860E+00	-0.10265E+01	 0.00000E+00	-0.14400E+02	 0.23960E+01
 0.10000E-03	 0.10000E-03	-0.97418E-04	 0.16036E+00	 0.41908E-01	 0.41667E-01	 0.78089E-01	 0.78630E-01	 0.37601E+04	 0.37537E+04	 0.45723E+01	 0.10005E+04	 0.21891E+06	 0.13835E-07	-0.95860E+00	-0.10265E+01	 0.00000E+00	-0.14400E+02	 0.23960E+01
 0.10000E-04	 0.10000E-03	-0.97418E-04	 0.16036E+00	 0.15556E+00	 0.14585E+00	 0.10422E+00	 0.14563E+00	 0.39788E+05	 0.38642E+05	 0.45723E+01	 0.10005E+04	 0.21891E+06	 0.10059E-04	-0.95860E+00	-0.10265E+01	 0.00000E+00	-0.14400E+02	 0.23960E+01
 0.10000E-05	 0.10000E-03	-0.97418E-04	 0.16036E+00	 0.12990E+00	 0.40336E-01	 0.73025E-01	 0.60354E-01	 0.41977E+06	 0.38752E+06	 0.45723E+01	 0.10005E+04	 0.21891E+06	 0.15990E+00	-0.95860E+00	-0.10265E+01	 0.00000E+00	-0.14400E+02	 0.23960E+01
 0.30000E+01	 0.10000E-03	-0.97418E-04	 0.16036E+00	 0.14133E+00	 0.14133E+00	-0.13311E-04	-0.13311E-04	 0.35100E-04	 0.35100E-04	 0.45723E+01	 0.10005E+04	 0.21891E+06	 0.80140E-12	-0.95860E+00	-0.10265E+01	 0.00000E+00	-0.14400E+02	 0.23960E+01
 0.30000E+00	 0.10000E-03	-0.97418E-04	 0.16036E+00	 0.15051E-01	 0.15051E-01	-0.13823E-02	-0.13823E-02	 0.27761E-01	 0.27761E-01	 0.45723E+01	 0.10005E+04	 0.21891E+06	 0.21405E-13	-0.95860E+00	-0.10265E+01	 0.00000E+00	-0.14400E+02	 0.23960E+01
 0.30000E+02	 0.10000E-03	-0.97418E-04	 0.16036E+00	 0.13104E+01	 0.13104E+01	-0.13962E-06	-0.13962E-06	 0.35562E-07	 0.35562E-07	 0.45723E+01	 0.10005E+04	 0.21891E+06	 0.66801E-10	-0.95860E+00	-0.10265E+01	 0.00000E+00	-0.14400E+02	 0.23960E+01
 0.30000E-01	 0.10000E-03	-0.97418E-04	 0.16036E+00	 0.34838E-02	 0.34838E-02	-0.18291E-01	-0.18291E-01	 0.41401E+01	 0.41401E+01	 0.45723E+01	 0.10005E+04	 0.21891E+06	 0.94630E-13	-0.95860E+00	-0.10265E+01	 0.00000E+00	-0.14400E+02	 0.23960E+01
 0.30000E+03	 0.10000E-03	-0.97418E-04	 0.16036E+00	 0.45817E+01	 0.45817E+01	-0.22714E-08	-0.22714E-08	 0.35567E-10	 0.35567E-10	 0.45723E+01	 0.10005E+04	 0.21891E+06	 0.32585E-08	-0.95860E+00	-0.10265E+01	 0.00000E+00	-0.14400E+02	 0.23960E+01
 0.30000E-02	 0.10000E-03	-0.97418E-04	 0.16036E+00	 0.25848E-02	 0.25848E-02	-0.17731E-01	-0.17731E-01	 0.96076E+02	 0.96076E+02	 0.45723E+01	 0.10005E+04	 0.21891E+06	 0.93496E-11	-0.95860E+00	-0.10265E+01	 0.00000E+00	-0.14400E+02	 0.23960E+01
 0.30000E-03	 0.10000E-03	-0.97418E-04	 0.16036E+00	 0.15056E-01	 0.15034E-01	 0.25920E-01	 0.26025E-01	 0.12001E+04	 0.12001E+04	 0.45723E+01	 0.10005E+04	 0.21891E+06	 0.18363E-08	-0.95860E+00	-0.10265E+01	 0.00000E+00	-0.14400E+02	 0.23960E+01
 0.30000E-04	 0.10000E-03	-0.97418E-04	 0.16036E+00	 0.10797E+00	 0.10591E+00	 0.65082E-01	 0.74626E-01	 0.12947E+05	 0.12788E+05	 0.45723E+01	 0.10005E+04	 0.21891E+06	 0.86105E-07	-0.95860E+00	-0.10265E+01	 0.00000E+00	-0.14400E+02	 0.23960E+01
 0.30000E-05	 0.10000E-03	-0.97418E-04	 0.16036E+00	 0.13635E+00	 0.93805E-01	 0.90248E-01	 0.13203E+00	 0.13608E+06	 0.12911E+06	 0.45723E+01	 0.10005E+04	 0.21891E+06	 0.53456E-03	-0.95860E+00	-0.10265E+01	 0.00000E+00	-0.14400E+02	 0.23960E+01
 0.10000E+01	 0.10000E-04	-0.97418E-05	 0.16036E+00	 0.47498E-01	 0.47498E-01	-0.12730E-03	-0.12730E-03	 0.89371E-03	 0.89371E-03	 0.45723E+01	 0.10005E+04	 0.21891E+06	 0.14023E-12	-0.95860E+00	-0.10265E+01	 0.00000E+00	-0.14400E+02	 0.23960E+01
 0.10000E+00	 0.10000E-04	-0.97418E-05	 0.16036E+00	 0.64294E-02	 0.64294E-02	-0.75490E-02	-0.75490E-02	 0.41943E+00	 0.41943E+00	 0.45723E+01	 0.10005E+04	 0.21891E+06	 0.39826E-13	-0.95860E+00	-0.10265E+01	 0.00000E+00	-0.14400E+02	 0.23960E+01
 0.10000E+02	 0.10000E-04	-0.97418E-05	 0.16036E+00	 0.47170E+00	 0.47170E+00	-0.11801E-05	-0.11801E-05	 0.95907E-06	 0.95907E-06	 0.45723E+01	 0.10005E+04	 0.21891E+06	 0.75376E-11	-0.95860E+00	-0.10265E+01	 0.00000E+00	-0.14400E+02	 0.23960E+01
 0.10000E-01	 0.10000E-04	-0.97418E-05	 0.16036E+00	 0.24305E-02	 0.24305E-02	-0.20008E-01	-0.20008E-01	 0.21497E+02	 0.21497E+02	 0.45723E+01	 0.10005E+04	 0.21891E+06	 0.60933E-12	-0.95860E+00	-0.10265E+01	 0.00000E+00	-0.14400E+02	 0.23960E+01
 0.10000E+03	 0.10000E-04	-0.97418E-05	 0.16036E+00	 0.46659E+01	 0.46659E+01	-0.11867E-07	-0.11867E-07	 0.96031E-09	 0.96031E-09	 0.45723E+01	 0.10005E+04	 0.21891E+06	 0.37039E-09	-0.95860E+00	-0.10265E+01	 0.00000E+00	-0.14400E+02	 0.23960E+01
 0.10000E-02	 0.10000E-04	-0.97418E-05	 0.16036E+00	 0.51425E-02	 0.51416E-02	-0.11179E-01	-0.11179E-01	 0.33142E+03	 0.33142E+03	 0.45723E+01	 0.10005E+04	 0.21891E+06	 0.23548E-09	-0.95860E+00	-0.10265E+01	 0.00000E+00	-0.14400E+02	 0.23960E+01
 0.10000E-03	 0.10000E-04	-0.97418E-05	 0.16036E+00	 0.43807E-01	 0.43563E-01	 0.93575E-01	 0.93946E-01	 0.37607E+04	 0.37543E+04	 0.45723E+01	 0.10005E+04	 0.21891E+06	 0.14719E-07	-0.95860E+00	-0.10265E+01	 0.00000E+00	-0.14400E+02	 0.23960E+01
 0.10000E-04	 0.10000E-04	-0.97418E-05	 0.16036E+00	 0.41403E+00	 0.39914E+00	 0.11641E+00	 0.15586E+00	 0.39795E+05	 0.38653E+05	 0.45723E+01	 0.10005E+04	 0.21891E+06	 0.59738E-05	-0.95860E+00	-0.10265E+01	 0.00000E+00	-0.14400E+02	 0.23960E+01
 0.10000E-05	 0.10000E-04	-0.97418E-05	 0.16036E+00	 0.16309E+01	 0.13871E+01	 0.27442E+00	 0.68724E+00	 0.41980E+06	 0.38781E+06	 0.45723E+01	 0.10005E+04	 0.21891E+06	 0.23361E-02	-0.95860E+00	-0.10265E+01	 0.00000E+00	-0.14400E+02	 0.23960E+01
 0.30000E+01	 0.10000E-04	-0.97418E-05	 0.16036E+00	 0.14167E+00	 0.14167E+00	-0.13310E-04	-0.13310E-04	 0.35100E-04	 0.35100E-04	 0.45723E+01	 0.10005E+04	 0.21891E+06	 0.62441E-12	-0.95860E+00	-0.10265E+01	 0.00000E+00	-0.14400E+02	 0.23960E+01
 0.30000E+00	 0.10000E-04	-0.97418E-05	 0.16036E+00	 0.15052E-01	 0.15052E-01	-0.13823E-02	-0.13823E-02	 0.27761E-01	 0.27761E-01	 0.45723E+01	 0.10005E+04	 0.21891E+06	 0.19058E-13	-0.95860E+00	-0.10265E+01	 0.00000E+00	-0.14400E+02	 0.23960E+01
 0.30000E+02	 0.10000E-04	-0.97418E-05	 0.16036E+00	 0.14122E+01	 0.14122E+01	-0.13095E-06	-0.13095E-06	 0.35562E-07	 0.35562E-07	 0.45723E+01	 0.10005E+04	 0.21891E+06	 0.48412E-10	-0.95860E+00	-0.10265E+01	 0.00000E+00	-0.14400E+02	 0.23960E+01
 0.30000E-01	 0.10000E-04	-0.97418E-05	 0.16036E+00	 0.34838E-02	 0.34838E-02	-0.18291E-01	-0.18291E-01	 0.41401E+01	 0.41401E+01	 0.45723E+01	 0.10005E+04	 0.21891E+06	 0.99512E-13	-0.95860E+00	-0.10265E+01	 0.00000E+00	-0.14400E+02	 0.23960E+01
 0.30000E+03	 0.10000E-04	-0.97418E-05	 0.16036E+00	 0.13104E+02	 0.13104E+02	-0.13960E-08	-0.13960E-08	 0.35567E-10	 0.35567E-10	 0.45723E+01	 0.10005E+04	 0.21891E+06	 0.58078E-08	-0.95860E+00	-0.10265E+01	 0.00000E+00	-0.14400E+02	 0.23960E+01
 0.30000E-02	 0.10000E-04	-0.97418E-05	 0.16036E+00	 0.25849E-02	 0.25849E-02	-0.17733E-01	-0.17733E-01	 0.96076E+02	 0.96076E+02	 0.45723E+01	 0.10005E+04	 0.21891E+06	 0.73761E-11	-0.95860E+00	-0.10265E+01	 0.00000E+00	-0.14400E+02	 0.23960E+01
 0.30000E-03	 0.10000E-04	-0.97418E-05	 0.16036E+00	 0.15145E-01	 0.15124E-01	 0.26316E-01	 0.26421E-01	 0.12002E+04	 0.12001E+04	 0.45723E+01	 0.10005E+04	 0.21891E+06	 0.48210E-08	-0.95860E+00	-0.10265E+01	 0.00000E+00	-0.14400E+02	 0.23960E+01
 0.30000E-04	 0.10000E-04	-0.97418E-05	 0.16036E+00	 0.14339E+00	 0.14102E+00	 0.14659E+00	 0.16188E+00	 0.12950E+05	 0.12791E+05	 0.45723E+01	 0.10005E+04	 0.21891E+06	 0.10498E-05	-0.95860E+00	-0.10265E+01	 0.00000E+00	-0.14400E+02	 0.23960E+01
 0.30000E-05	 0.10000E-04	-0.97418E-05	 0.16036E+00	 0.10949E+01	 0.10173E+01	 0.78483E-01	 0.19810E+00	 0.13609E+06	 0.12917E+06	 0.45723E+01	 0.10005E+04	 0.21891E+06	 0.23135E-03	-0.95860E+00	-0.10265E+01	 0.00000E+00	-0.14400E+02	 0.23960E+01
 0.10000E+01	 0.30000E-01	-0.29226E-01	 0.16036E+00	 0.15753E-01	 0.15753E-01	-0.21327E-03	-0.21327E-03	 0.89516E-03	 0.89516E-03	 0.45723E+01	 0.10005E+04	 0.21891E+06	 0.48736E-13	-0.95860E+00	-0.10265E+01	 0.00000E+00	-0.14400E+02	 0.23960E+01
 0.10000E+00	 0.30000E-01	-0.29226E-01	 0.16036E+00	 0.65414E-02	 0.65414E-02	-0.76806E-02	-0.76806E-02	 0.41836E+00	 0.41836E+00	 0.45723E+01	 0.10005E+04	 0.21891E+06	 0.56137E-13	-0.95860E+00	-0.10265E+01	 0.00000E+00	-0.14400E+02	 0.23960E+01
 0.10000E+02	 0.30000E-01	-0.29226E-01	 0.16036E+00	 0.32209E-01	 0.32209E-01	-0.58088E-05	-0.58088E-05	 0.96134E-06	 0.96134E-06	 0.45723E+01	 0.10005E+04	 0.21891E+06	 0.18121E-11	-0.95860E+00	-0.10265E+01	 0.00000E+00	-0.14400E+02	 0.23960E+01
 0.10000E-01	 0.30000E-01	-0.29226E-01	 0.16036E+00	 0.25842E-02	 0.25842E-02	-0.15800E-01	-0.15800E-01	 0.20836E+02	 0.20836E+02	 0.45723E+01	 0.10005E+04	 0.21891E+06	 0.84714E-12	-0.95860E+00	-0.10265E+01	 0.00000E+00	-0.14400E+02	 0.23960E+01
 0.10000E+03	 0.30000E-01	-0.29226E-01	 0.16036E+00	 0.58515E-02	 0.58515E-02	-0.69916E-07	-0.69916E-07	 0.96276E-09	 0.96276E-09	 0.45723E+01	 0.10005E+04	 0.21891E+06	 0.11350E-10	-0.95860E+00	-0.10265E+01	 0.00000E+00	-0.14400E+02	 0.23960E+01
 0.10000E-02	 0.30000E-01	-0.29226E-01	 0.16036E+00	 0.16416E-02	 0.16408E-02	 0.77361E-01	 0.77363E-01	 0.32290E+03	 0.32290E+03	 0.45723E+01	 0.10005E+04	 0.21891E+06	 0.51987E-10	-0.95860E+00	-0.10265E+01	 0.00000E+00	-0.14400E+02	 0.23960E+01
 0.10000E-03	 0.30000E-01	-0.29226E-01	 0.16036E+00	 0.65615E-03	 0.57739E-03	 0.12043E+00	 0.12070E+00	 0.37744E+04	 0.37695E+04	 0.45723E+01	 0.10005E+04	 0.21891E+06	 0.20260E-07	-0.95860E+00	-0.10265E+01	 0.00000E+00	-0.14400E+02	 0.23960E+01
 0.10000E-04	 0.30000E-01	-0.29226E-01	 0.16036E+00	 0.21378E-03	 0.94107E-04	 0.11243E+00	 0.15389E+00	 0.40859E+05	 0.39410E+05	 0.45723E+01	 0.10005E+04	 0.21891E+06	 0.13061E-04	-0.95860E+00	-0.10265E+01	 0.00000E+00	-0.14400E+02	 0.23960E+01
 0.10000E-05	 0.30000E-01	-0.29226E-01	 0.16036E+00	 0.72512E-04	 0.10634E-04	 0.74371E-01	 0.16035E+00	 0.43214E+06	 0.39531E+06	 0.45723E+01	 0.10005E+04	 0.21891E+06	 0.24539E-01	-0.95860E+00	-0.10265E+01	 0.00000E+00	-0.14400E+02	 0.23960E+01
 0.30000E+01	 0.30000E-01	-0.29226E-01	 0.16036E+00	 0.30788E-01	 0.30788E-01	-0.34459E-04	-0.34459E-04	 0.35169E-04	 0.35169E-04	 0.45723E+01	 0.10005E+04	 0.21891E+06	 0.47188E-12	-0.95860E+00	-0.10265E+01	 0.00000E+00	-0.14400E+02	 0.23960E+01
 0.30000E+00	 0.30000E-01	-0.29226E-01	 0.16036E+00	 0.10413E-01	 0.10413E-01	-0.17607E-02	-0.17607E-02	 0.27759E-01	 0.27759E-01	 0.45723E+01	 0.10005E+04	 0.21891E+06	 0.15533E-13	-0.95860E+00	-0.10265E+01	 0.00000E+00	-0.14400E+02	 0.23960E+01
 0.30000E+02	 0.30000E-01	-0.29226E-01	 0.16036E+00	 0.15748E-01	 0.15748E-01	-0.76256E-06	-0.76256E-06	 0.35652E-07	 0.35652E-07	 0.45723E+01	 0.10005E+04	 0.21891E+06	 0.28910E-11	-0.95860E+00	-0.10265E+01	 0.00000E+00	-0.14400E+02	 0.23960E+01
 0.30000E-01	 0.30000E-01	-0.29226E-01	 0.16036E+00	 0.36920E-02	 0.36920E-02	-0.18057E-01	-0.18057E-01	 0.40937E+01	 0.40937E+01	 0.45723E+01	 0.10005E+04	 0.21891E+06	 0.11427E-12	-0.95860E+00	-0.10265E+01	 0.00000E+00	-0.14400E+02	 0.23960E+01
 0.30000E+03	 0.30000E-01	-0.29226E-01	 0.16036E+00	 0.23429E-02	 0.23429E-02	-0.76660E-08	-0.76660E-08	 0.35659E-10	 0.35659E-10	 0.45723E+01	 0.10005E+04	 0.21891E+06	 0.39578E-10	-0.95860E+00	-0.10265E+01	 0.00000E+00	-0.14400E+02	 0.23960E+01
 0.30000E-02	 0.30000E-01	-0.29226E-01	 0.16036E+00	 0.20600E-02	 0.20600E-02	 0.20437E-01	 0.20437E-01	 0.92465E+02	 0.92465E+02	 0.45723E+01	 0.10005E+04	 0.21891E+06	 0.71188E-11	-0.95860E+00	-0.10265E+01	 0.00000E+00	-0.14400E+02	 0.23960E+01
 0.30000E-03	 0.30000E-01	-0.29226E-01	 0.16036E+00	 0.10661E-02	 0.10476E-02	 0.10654E+00	 0.10643E+00	 0.11890E+04	 0.11890E+04	 0.45723E+01	 0.10005E+04	 0.21891E+06	 0.48128E-09	-0.95860E+00	-0.10265E+01	 0.00000E+00	-0.14400E+02	 0.23960E+01
 0.30000E-04	 0.30000E-01	-0.29226E-01	 0.16036E+00	 0.37740E-03	 0.24438E-03	 0.13459E+00	 0.14222E+00	 0.13156E+05	 0.12998E+05	 0.45723E+01	 0.10005E+04	 0.21891E+06	 0.64517E-06	-0.95860E+00	-0.10265E+01	 0.00000E+00	-0.14400E+02	 0.23960E+01
 0.30000E-05	 0.30000E-01	-0.29226E-01	 0.16036E+00	 0.98873E-04	 0.30009E-04	 0.81572E-01	 0.15678E+00	 0.14017E+06	 0.13168E+06	 0.45723E+01	 0.10005E+04	 0.21891E+06	 0.67803E-03	-0.95860E+00	-0.10265E+01	 0.00000E+00	-0.14400E+02	 0.23960E+01
 0.10000E+01	 0.30000E-02	-0.29226E-02	 0.16036E+00	 0.44025E-01	 0.44025E-01	-0.13483E-03	-0.13483E-03	 0.89371E-03	 0.89371E-03	 0.45723E+01	 0.10005E+04	 0.21891E+06	 0.10311E-12	-0.95860E+00	-0.10265E+01	 0.00000E+00	-0.14400E+02	 0.23960E+01
 0.10000E+00	 0.30000E-02	-0.29226E-02	 0.16036E+00	 0.64213E-02	 0.64213E-02	-0.75468E-02	-0.75468E-02	 0.41942E+00	 0.41942E+00	 0.45723E+01	 0.10005E+04	 0.21891E+06	 0.51837E-13	-0.95860E+00	-0.10265E+01	 0.00000E+00	-0.14400E+02	 0.23960E+01
 0.10000E+02	 0.30000E-02	-0.29226E-02	 0.16036E+00	 0.15277E+00	 0.15277E+00	-0.20461E-05	-0.20461E-05	 0.95909E-06	 0.95909E-06	 0.45723E+01	 0.10005E+04	 0.21891E+06	 0.31475E-11	-0.95860E+00	-0.10265E+01	 0.00000E+00	-0.14400E+02	 0.23960E+01
 0.10000E-01	 0.30000E-02	-0.29226E-02	 0.16036E+00	 0.24290E-02	 0.24290E-02	-0.19938E-01	-0.19938E-01	 0.21486E+02	 0.21486E+02	 0.45723E+01	 0.10005E+04	 0.21891E+06	 0.54360E-12	-0.95860E+00	-0.10265E+01	 0.00000E+00	-0.14400E+02	 0.23960E+01
 0.10000E+03	 0.30000E-02	-0.29226E-02	 0.16036E+00	 0.32131E+00	 0.32131E+00	-0.57959E-07	-0.57959E-07	 0.96033E-09	 0.96033E-09	 0.45723E+01	 0.10005E+04	 0.21891E+06	 0.12759E-09	-0.95860E+00	-0.10265E+01	 0.00000E+00	-0.14400E+02	 0.23960E+01
 0.10000E-02	 0.30000E-02	-0.29226E-02	 0.16036E+00	 0.40449E-02	 0.40441E-02	 0.71096E-02	 0.71096E-02	 0.32999E+03	 0.32999E+03	 0.45723E+01	 0.10005E+04	 0.21891E+06	 0.28713E-09	-0.95860E+00	-0.10265E+01	 0.00000E+00	-0.14400E+02	 0.23960E+01
 0.10000E-03	 0.30000E-02	-0.29226E-02	 0.16036E+00	 0.47021E-02	 0.45071E-02	 0.13501E+00	 0.13600E+00	 0.37470E+04	 0.37408E+04	 0.45723E+01	 0.10005E+04	 0.21891E+06	 0.65801E-08	-0.95860E+00	-0.10265E+01	 0.00000E+00	-0.14400E+02	 0.23960E+01
 0.10000E-04	 0.30000E-02	-0.29226E-02	 0.16036E+00	 0.31806E-02	 0.96925E-03	 0.48173E-01	 0.70254E-01	 0.39745E+05	 0.38541E+05	 0.45723E+01	 0.10005E+04	 0.21891E+06	 0.51937E-04	-0.95860E+00	-0.10265E+01	 0.00000E+00	-0.14400E+02	 0.23960E+01
 0.10000E-05	 0.30000E-02	-0.29226E-02	 0.16036E+00	 0.19479E-02	 0.10241E-03	-0.33672E-01	 0.66867E-01	 0.41951E+06	 0.38601E+06	 0.45723E+01	 0.10005E+04	 0.21891E+06	 0.16559E+01	-0.95860E+00	-0.10265E+01	 0.00000E+00	-0.14400E+02	 0.23960E+01
 0.30000E+01	 0.30000E-02	-0.29226E-02	 0.16036E+00	 0.90604E-01	 0.90604E-01	-0.17735E-04	-0.17735E-04	 0.35101E-04	 0.35101E-04	 0.45723E+01	 0.10005E+04	 0.21891E+06	 0.97453E-12	-0.95860E+00	-0.10265E+01	 0.00000E+00	-0.14400E+02	 0.23960E+01
 0.30000E+00	 0.30000E-02	-0.29226E-02	 0.16036E+00	 0.14929E-01	 0.14929E-01	-0.13881E-02	-0.13881E-02	 0.27761E-01	 0.27761E-01	 0.45723E+01	 0.10005E+04	 0.21891E+06	 0.12106E-13	-0.95860E+00	-0.10265E+01	 0.00000E+00	-0.14400E+02	 0.23960E+01
 0.30000E+02	 0.30000E-02	-0.29226E-02	 0.16036E+00	 0.30501E+00	 0.30501E+00	-0.34077E-06	-0.34077E-06	 0.35563E-07	 0.35563E-07	 0.45723E+01	 0.10005E+04	 0.21891E+06	 0.34649E-10	-0.95860E+00	-0.10265E+01	 0.00000E+00	-0.14400E+02	 0.23960E+01
 0.30000E-01	 0.30000E-02	-0.29226E-02	 0.16036E+00	 0.34855E-02	 0.34855E-02	-0.18286E-01	-0.18286E-01	 0.41396E+01	 0.41396E+01	 0.45723E+01	 0.10005E+04	 0.21891E+06	 0.12144E-12	-0.95860E+00	-0.10265E+01	 0.00000E+00	-0.14400E+02	 0.23960E+01
 0.30000E+03	 0.30000E-02	-0.29226E-02	 0.16036E+00	 0.15740E+00	 0.15740E+00	-0.76233E-08	-0.76233E-08	 0.35568E-10	 0.35568E-10	 0.45723E+01	 0.10005E+04	 0.21891E+06	 0.44601E-09	-0.95860E+00	-0.10265E+01	 0.00000E+00	-0.14400E+02	 0.23960E+01
 0.30000E-02	 0.30000E-02	-0.29226E-02	 0.16036E+00	 0.24984E-02	 0.24983E-02	-0.16209E-01	-0.16209E-01	 0.95911E+02	 0.95911E+02	 0.45723E+01	 0.10005E+04	 0.21891E+06	 0.60356E-11	-0.95860E+00	-0.10265E+01	 0.00000E+00	-0.14400E+02	 0.23960E+01
 0.30000E-03	 0.30000E-02	-0.29226E-02	 0.16036E+00	 0.56032E-02	 0.55840E-02	 0.10911E+00	 0.10908E+00	 0.11941E+04	 0.11941E+04	 0.45723E+01	 0.10005E+04	 0.21891E+06	 0.74989E-09	-0.95860E+00	-0.10265E+01	 0.00000E+00	-0.14400E+02	 0.23960E+01
 0.30000E-04	 0.30000E-02	-0.29226E-02	 0.16036E+00	 0.33622E-02	 0.23880E-02	 0.79497E-01	 0.90287E-01	 0.12922E+05	 0.12760E+05	 0.45723E+01	 0.10005E+04	 0.21891E+06	 0.48687E-06	-0.95860E+00	-0.10265E+01	 0.00000E+00	-0.14400E+02	 0.23960E+01
 0.30000E-05	 0.30000E-02	-0.29226E-02	 0.16036E+00	 0.31607E-02	 0.30554E-03	 0.12629E-01	 0.67094E-01	 0.13598E+06	 0.12865E+06	 0.45723E+01	 0.10005E+04	 0.21891E+06	 0.28568E-01	-0.95860E+00	-0.10265E+01	 0.00000E+00	-0.14400E+02	 0.23960E+01
 0.10000E+01	 0.30000E-03	-0.29226E-03	 0.16036E+00	 0.47381E-01	 0.47381E-01	-0.12730E-03	-0.12730E-03	 0.89371E-03	 0.89371E-03	 0.45723E+01	 0.10005E+04	 0.21891E+06	 0.15388E-12	-0.95860E+00	-0.10265E+01	 0.00000E+00	-0.14400E+02	 0.23960E+01
 0.10000E+00	 0.30000E-03	-0.29226E-03	 0.16036E+00	 0.64291E-02	 0.64291E-02	-0.75489E-02	-0.75489E-02	 0.41943E+00	 0.41943E+00	 0.45723E+01	 0.10005E+04	 0.21891E+06	 0.37720E-13	-0.95860E+00	-0.10265E+01	 0.00000E+00	-0.14400E+02	 0.23960E+01
 0.10000E+02	 0.30000E-03	-0.29226E-03	 0.16036E+00	 0.43683E+00	 0.43683E+00	-0.12583E-05	-0.12583E-05	 0.95907E-06	 0.95907E-06	 0.45723E+01	 0.10005E+04	 0.21891E+06	 0.46491E-11	-0.95860E+00	-0.10265E+01	 0.00000E+00	-0.14400E+02	 0.23960E+01
 0.10000E-01	 0.30000E-03	-0.29226E-03	 0.16036E+00	 0.24305E-02	 0.24305E-02	-0.20007E-01	-0.20007E-01	 0.21497E+02	 0.21497E+02	 0.45723E+01	 0.10005E+04	 0.21891E+06	 0.58562E-12	-0.95860E+00	-0.10265E+01	 0.00000E+00	-0.14400E+02	 0.23960E+01
 0.10000E+03	 0.30000E-03	-0.29226E-03	 0.16036E+00	 0.15272E+01	 0.15272E+01	-0.20443E-07	-0.20443E-07	 0.96031E-09	 0.96031E-09	 0.45723E+01	 0.10005E+04	 0.21891E+06	 0.59140E-09	-0.95860E+00	-0.10265E+01	 0.00000E+00	-0.14400E+02	 0.23960E+01
 0.10000E-02	 0.30000E-03	-0.29226E-03	 0.16036E+00	 0.51168E-02	 0.51159E-02	-0.11031E-01	-0.11031E-01	 0.33140E+03	 0.33140E+03	 0.45723E+01	 0.10005E+04	 0.21891E+06	 0.18132E-09	-0.95860E+00	-0.10265E+01	 0.00000E+00	-0.14400E+02	 0.23960E+01
 0.10000E-03	 0.30000E-03	-0.29226E-03	 0.16036E+00	 0.33862E-01	 0.33635E-01	 0.55906E-01	 0.56714E-01	 0.37582E+04	 0.37518E+04	 0.45723E+01	 0.10005E+04	 0.21891E+06	 0.13567E-07	-0.95860E+00	-0.10265E+01	 0.00000E+00	-0.14400E+02	 0.23960E+01
 0.10000E-04	 0.30000E-03	-0.29226E-03	 0.16036E+00	 0.44883E-01	 0.36200E-01	 0.90767E-01	 0.12889E+00	 0.39781E+05	 0.38628E+05	 0.45723E+01	 0.10005E+04	 0.21891E+06	 0.33482E-05	-0.95860E+00	-0.10265E+01	 0.00000E+00	-0.14400E+02	 0.23960E+01
 0.10000E-05	 0.30000E-03	-0.29226E-03	 0.16036E+00	 0.44028E-01	 0.58239E-02	 0.55886E-01	 0.10168E+00	 0.41975E+06	 0.38727E+06	 0.45723E+01	 0.10005E+04	 0.21891E+06	 0.64184E+01	-0.95860E+00	-0.10265E+01	 0.00000E+00	-0.14400E+02	 0.23960E+01
 0.30000E+01	 0.30000E-03	-0.29226E-03	 0.16036E+00	 0.14032E+00	 0.14032E+00	-0.13384E-04	-0.13384E-04	 0.35100E-04	 0.35100E-04	 0.45723E+01	 0.10005E+04	 0.21891E+06	 0.15063E-11	-0.95860E+00	-0.10265E+01	 0.00000E+00	-0.14400E+02	 0.23960E+01
 0.30000E+00	 0.30000E-03	-0.29226E-03	 0.16036E+00	 0.15045E-01	 0.15045E-01	-0.13822E-02	-0.13822E-02	 0.27761E-01	 0.27761E-01	 0.45723E+01	 0.10005E+04	 0.21891E+06	 0.13897E-13	-0.95860E+00	-0.10265E+01	 0.00000E+00	-0.14400E+02	 0.23960E+01
 0.30000E+02	 0.30000E-03	-0.29226E-03	 0.16036E+00	 0.90457E+00	 0.90457E+00	-0.17539E-06	-0.17539E-06	 0.35562E-07	 0.35562E-07	 0.45723E+01	 0.10005E+04	 0.21891E+06	 0.76076E-10	-0.95860E+00	-0.10265E+01	 0.00000E+00	-0.14400E+02	 0.23960E+01
 0.30000E-01	 0.30000E-03	-0.29226E-03	 0.16036E+00	 0.34839E-02	 0.34839E-02	-0.18291E-01	-0.18291E-01	 0.41401E+01	 0.41401E+01	 0.45723E+01	 0.10005E+04	 0.21891E+06	 0.10126E-12	-0.95860E+00	-0.10265E+01	 0.00000E+00	-0.14400E+02	 0.23960E+01
 0.30000E+03	 0.30000E-03	-0.29226E-03	 0.16036E+00	 0.30498E+01	 0.30498E+01	-0.34073E-08	-0.34073E-08	 0.35567E-10	 0.35567E-10	 0.45723E+01	 0.10005E+04	 0.21891E+06	 0.16185E-08	-0.95860E+00	-0.10265E+01	 0.00000E+00	-0.14400E+02	 0.23960E+01
 0.30000E-02	 0.30000E-03	-0.29226E-03	 0.16036E+00	 0.25838E-02	 0.25838E-02	-0.17718E-01	-0.17718E-01	 0.96074E+02	 0.96074E+02	 0.45723E+01	 0.10005E+04	 0.21891E+06	 0.11498E-10	-0.95860E+00	-0.10265E+01	 0.00000E+00	-0.14400E+02	 0.23960E+01
 0.30000E-03	 0.30000E-03	-0.29226E-03	 0.16036E+00	 0.14441E-01	 0.14419E-01	 0.24085E-01	 0.24191E-01	 0.11998E+04	 0.11998E+04	 0.45723E+01	 0.10005E+04	 0.21891E+06	 0.23949E-08	-0.95860E+00	-0.10265E+01	 0.00000E+00	-0.14400E+02	 0.23960E+01
 0.30000E-04	 0.30000E-03	-0.29226E-03	 0.16036E+00	 0.51391E-01	 0.49657E-01	 0.10639E+00	 0.11970E+00	 0.12943E+05	 0.12784E+05	 0.45723E+01	 0.10005E+04	 0.21891E+06	 0.21468E-06	-0.95860E+00	-0.10265E+01	 0.00000E+00	-0.14400E+02	 0.23960E+01
 0.30000E-05	 0.30000E-03	-0.29226E-03	 0.16036E+00	 0.38412E-01	 0.16095E-01	 0.57317E-01	 0.10338E+00	 0.13606E+06	 0.12905E+06	 0.45723E+01	 0.10005E+04	 0.21891E+06	 0.31926E-02	-0.95860E+00	-0.10265E+01	 0.00000E+00	-0.14400E+02	 0.23960E+01
 0.10000E+01	 0.30000E-04	-0.29226E-04	 0.16036E+00	 0.47496E-01	 0.47496E-01	-0.12730E-03	-0.12730E-03	 0.89371E-03	 0.89371E-03	 0.45723E+01	 0.10005E+04	 0.21891E+06	 0.76936E-13	-0.95860E+00	-0.10265E+01	 0.00000E+00	-0.14400E+02	 0.23960E+01
 0.10000E+00	 0.30000E-04	-0.29226E-04	 0.16036E+00	 0.64294E-02	 0.64294E-02	-0.75490E-02	-0.75490E-02	 0.41943E+00	 0.41943E+00	 0.45723E+01	 0.10005E+04	 0.21891E+06	 0.49599E-13	-0.95860E+00	-0.10265E+01	 0.00000E+00	-0.14400E+02	 0.23960E+01
 0.10000E+02	 0.30000E-04	-0.29226E-04	 0.16036E+00	 0.47077E+00	 0.47077E+00	-0.11803E-05	-0.11803E-05	 0.95907E-06	 0.95907E-06	 0.45723E+01	 0.10005E+04	 0.21891E+06	 0.82995E-11	-0.95860E+00	-0.10265E+01	 0.00000E+00	-0.14400E+02	 0.23960E+01
 0.10000E-01	 0.30000E-04	-0.29226E-04	 0.16036E+00	 0.24305E-02	 0.24305E-02	-0.20008E-01	-0.20008E-01	 0.21497E+02	 0.21497E+02	 0.45723E+01	 0.10005E+04	 0.21891E+06	 0.49439E-12	-0.95860E+00	-0.10265E+01	 0.00000E+00	-0.14400E+02	 0.23960E+01
 0.10000E+03	 0.30000E-04	-0.29226E-04	 0.16036E+00	 0.43679E+01	 0.43679E+01	-0.12564E-07	-0.12564E-07	 0.96031E-09	 0.96031E-09	 0.45723E+01	 0.10005E+04	 0.21891E+06	 0.68289E-09	-0.95860E+00	-0.10265E+01	 0.00000E+00	-0.14400E+02	 0.23960E+01
 0.10000E-02	 0.30000E-04	-0.29226E-04	 0.16036E+00	 0.51423E-02	 0.51414E-02	-0.11178E-01	-0.11177E-01	 0.33142E+03	 0.33142E+03	 0.45723E+01	 0.10005E+04	 0.21891E+06	 0.55211E-09	-0.95860E+00	-0.10265E+01	 0.00000E+00	-0.14400E+02	 0.23960E+01
 0.10000E-04	 0.30000E-04	-0.29226E-04	 0.16036E+00	 0.33811E+00	 0.32531E+00	 0.70410E-01	 0.10662E+00	 0.39792E+05	 0.38649E+05	 0.45723E+01	 0.10005E+04	 0.21891E+06	 0.10289E-04	-0.95860E+00	-0.10265E+01	 0.00000E+00	-0.14400E+02	 0.23960E+01
 0.10000E-05	 0.30000E-04	-0.29226E-04	 0.16036E+00	 0.47838E+00	 0.30340E+00	 0.18970E+00	 0.20744E+00	 0.41979E+06	 0.38770E+06	 0.45723E+01	 0.10005E+04	 0.21891E+06	 0.11534E-01	-0.95860E+00	-0.10265E+01	 0.00000E+00	-0.14400E+02	 0.23960E+01
 0.30000E+01	 0.30000E-04	-0.29226E-04	 0.16036E+00	 0.14162E+00	 0.14162E+00	-0.13309E-04	-0.13309E-04	 0.35100E-04	 0.35100E-04	 0.45723E+01	 0.10005E+04	 0.21891E+06	 0.79311E-12	-0.95860E+00	-0.10265E+01	 0.00000E+00	-0.14400E+02	 0.23960E+01
 0.30000E+00	 0.30000E-04	-0.29226E-04	 0.16036E+00	 0.15052E-01	 0.15052E-01	-0.13823E-02	-0.13823E-02	 0.27761E-01	 0.27761E-01	 0.45723E+01	 0.10005E+04	 0.21891E+06	 0.16133E-13	-0.95860E+00	-0.10265E+01	 0.00000E+00	-0.14400E+02	 0.23960E+01
 0.30000E+02	 0.30000E-04	-0.29226E-04	 0.16036E+00	 0.14022E+01	 0.14022E+01	-0.13168E-06	-0.13168E-06	 0.35562E-07	 0.35562E-07	 0.45723E+01	 0.10005E+04	 0.21891E+06	 0.49024E-10	-0.95860E+00	-0.10265E+01	 0.00000E+00	-0.14400E+02	 0.23960E+01
 0.30000E-01	 0.30000E-04	-0.29226E-04	 0.16036E+00	 0.34838E-02	 0.34838E-02	-0.18291E-01	-0.18291E-01	 0.41401E+01	 0.41401E+01	 0.45723E+01	 0.10005E+04	 0.21891E+06	 0.10341E-12	-0.95860E+00	-0.10265E+01	 0.00000E+00	-0.14400E+02	 0.23960E+01
 0.30000E+03	 0.30000E-04	-0.29226E-04	 0.16036E+00	 0.90456E+01	 0.90456E+01	-0.17537E-08	-0.17537E-08	 0.35567E-10	 0.35567E-10	 0.45723E+01	 0.10005E+04	 0.21891E+06	 0.39663E-08	-0.95860E+00	-0.10265E+01	 0.00000E+00	-0.14400E+02	 0.23960E+01
 0.30000E-02	 0.30000E-04	-0.29226E-04	 0.16036E+00	 0.25849E-02	 0.25849E-02	-0.17733E-01	-0.17733E-01	 0.96076E+02	 0.96076E+02	 0.45723E+01	 0.10005E+04	 0.21891E+06	 0.92924E-11	-0.95860E+00	-0.10265E+01	 0.00000E+00	-0.14400E+02	 0.23960E+01
 0.30000E-03	 0.30000E-04	-0.29226E-04	 0.16036E+00	 0.15138E-01	 0.15116E-01	 0.26282E-01	 0.26387E-01	 0.12002E+04	 0.12001E+04	 0.45723E+01	 0.10005E+04	 0.21891E+06	 0.27863E-08	-0.95860E+00	-0.10265E+01	 0.00000E+00	-0.14400E+02	 0.23960E+01
 0.30000E-04	 0.30000E-04	-0.29226E-04	 0.16036E+00	 0.13816E+00	 0.13583E+00	 0.12021E+00	 0.13376E+00	 0.12949E+05	 0.12790E+05	 0.45723E+01	 0.10005E+04	 0.21891E+06	 0.10031E-06	-0.95860E+00	-0.10265E+01	 0.00000E+00	-0.14400E+02	 0.23960E+01
 0.30000E-05	 0.30000E-04	-0.29226E-04	 0.16036E+00	 0.52852E+00	 0.47568E+00	 0.14512E+00	 0.26328E+00	 0.13608E+06	 0.12915E+06	 0.45723E+01	 0.10005E+04	 0.21891E+06	 0.25985E-03	-0.95860E+00	-0.10265E+01	 0.00000E+00	-0.14400E+02	 0.23960E+01
