     1 -1.60304E-02  3.34095E+00  2.91198E+00  6.40986E-01  2.76002E+00  2.16926E+00  1.30732E+00  2.17084E+00  2.86540E+00  3.32678E+00  0.00000E+00  1.37960E+00
     2  1.30732E+00  2.17084E+00  2.86540E+00  1.98910E+00  1.56801E+00  2.20669E+00  2.57168E+00  1.05290E+00  2.71293E+00  3.32678E+00  0.00000E+00  1.33582E+00
     3  2.57168E+00  1.05290E+00  2.71293E+00  3.23716E+00  4.64481E-01  2.29015E+00  3.72896E+00  2.96298E-02  2.60111E+00  3.32678E+00  0.00000E+00  1.19744E+00
     4  3.72896E+00  2.96298E-02  2.60111E+00  3.77024E+00 -6.86525E-03  2.59767E+00  3.81057E+00 -4.25264E-02  2.60090E+00  3.32678E+00  0.00000E+00  1.10076E+00
     5  3.81057E+00 -4.25264E-02  2.60090E+00  4.30163E+00 -4.76726E-01  2.28945E+00  4.96799E+00 -1.06592E+00  2.71494E+00  3.32678E+00  0.00000E+00  1.10059E+00
     6  4.96799E+00 -1.06592E+00  2.71494E+00  5.55107E+00 -1.58148E+00  2.20601E+00  6.23293E+00 -2.18438E+00  2.86676E+00  3.32678E+00  0.00000E+00  1.19921E+00
     7  6.23293E+00 -2.18438E+00  2.86676E+00  6.89921E+00 -2.77350E+00  2.16917E+00  7.55685E+00 -3.35499E+00  2.91172E+00  3.32678E+00  0.00000E+00  1.33708E+00
     8  7.55685E+00 -3.35499E+00  2.91172E+00  8.18977E+00 -3.91462E+00  2.17649E+00  8.85634E+00 -4.50400E+00  2.81950E+00  3.32678E+00  0.00000E+00  1.37936E+00
     9  8.85634E+00 -4.50400E+00  2.81950E+00  9.53575E+00 -5.10473E+00  2.23319E+00  1.01062E+01 -5.60909E+00  2.65759E+00  3.32678E+00  0.00000E+00  1.29337E+00
    10  1.01062E+01 -5.60909E+00  2.65759E+00  1.06344E+01 -6.07620E+00  2.30512E+00  1.06790E+01 -6.11556E+00  2.30827E+00  3.32678E+00  0.00000E+00  1.14908E+00
    11  1.06790E+01 -6.11556E+00  2.30827E+00  1.07430E+01 -6.17219E+00  2.30111E+00  1.12619E+01 -6.63096E+00  2.62120E+00  3.32678E+00  0.00000E+00  8.66861E-01
    12  1.12619E+01 -6.63096E+00  2.62120E+00  1.18271E+01 -7.13075E+00  2.26172E+00  1.25049E+01 -7.73002E+00  2.77293E+00  3.32678E+00  0.00000E+00  1.11783E+00
    13  1.25049E+01 -7.73002E+00  2.77293E+00  1.31090E+01 -8.26424E+00  2.19211E+00  1.31418E+01 -8.29324E+00  2.19335E+00  3.32678E+00  0.00000E+00  1.25099E+00
    14  1.31418E+01 -8.29324E+00  2.19335E+00  1.31609E+01 -8.31009E+00  2.19305E+00  1.37874E+01 -8.86401E+00  2.89838E+00  3.32678E+00  0.00000E+00  7.82695E-01
    15  1.37874E+01 -8.86401E+00  2.89838E+00  1.44523E+01 -9.45197E+00  2.16852E+00  1.51175E+01 -1.00401E+01  2.89502E+00  3.32678E+00  0.00000E+00  1.36675E+00
    16  1.60303E-02  2.94223E+00  2.91198E+00  6.49659E-01  2.38198E+00  2.17604E+00  1.31634E+00  1.79250E+00  2.82125E+00  2.95641E+00  0.00000E+00  1.37960E+00
    17  1.31634E+00  1.79250E+00  2.82125E+00  1.99580E+00  1.19172E+00  2.23211E+00  2.56653E+00  6.87076E-01  2.65931E+00  2.95641E+00  0.00000E+00  1.29497E+00
    18  2.56653E+00  6.87076E-01  2.65931E+00  3.09517E+00  2.19655E-01  2.30532E+00  3.13889E+00  1.80997E-01  2.30831E+00  2.95641E+00  0.00000E+00  1.15058E+00
    19  3.13889E+00  1.80997E-01  2.30831E+00  3.20397E+00  1.23457E-01  2.30095E+00  3.72225E+00 -3.34812E-01  2.62008E+00  2.95641E+00  0.00000E+00  8.66892E-01
    20  3.72225E+00 -3.34812E-01  2.62008E+00  4.28744E+00 -8.34554E-01  2.26284E+00  4.96507E+00 -1.43371E+00  2.77099E+00  2.95641E+00  0.00000E+00  1.11688E+00
    21  4.96507E+00 -1.43371E+00  2.77099E+00  5.56804E+00 -1.96686E+00  2.19244E+00  5.60454E+00 -1.99913E+00  2.19406E+00  2.95641E+00  0.00000E+00  1.24924E+00
    22  5.60454E+00 -1.99913E+00  2.19406E+00  5.61971E+00 -2.01255E+00  2.19390E+00  6.24697E+00 -2.56716E+00  2.89757E+00  2.95641E+00  0.00000E+00  7.83199E-01
    23  6.24697E+00 -2.56716E+00  2.89757E+00  6.91200E+00 -3.15519E+00  2.16851E+00  7.57716E+00 -3.74332E+00  2.89589E+00  2.95641E+00  0.00000E+00  1.36598E+00
    24  7.57716E+00 -3.74332E+00  2.89589E+00  8.25705E+00 -4.34448E+00  2.19313E+00  8.85785E+00 -4.87571E+00  2.76709E+00  2.95641E+00  0.00000E+00  1.36440E+00
    25  8.85785E+00 -4.87571E+00  2.76709E+00  9.53519E+00 -5.47461E+00  2.26505E+00  1.01003E+01 -5.97430E+00  2.61793E+00  2.95641E+00  0.00000E+00  1.24573E+00
    26  1.01003E+01 -5.97430E+00  2.61793E+00  1.06174E+01 -6.43149E+00  2.30059E+00  1.06847E+01 -6.49097E+00  2.30840E+00  2.95641E+00  0.00000E+00  1.11504E+00
    27  1.06847E+01 -6.49097E+00  2.30840E+00  1.07267E+01 -6.52816E+00  2.30571E+00  1.12561E+01 -6.99622E+00  2.66281E+00  2.95641E+00  0.00000E+00  8.66957E-01
    28  1.12561E+01 -6.99622E+00  2.66281E+00  1.18275E+01 -7.50146E+00  2.22997E+00  1.25071E+01 -8.10234E+00  2.82471E+00  2.95641E+00  0.00000E+00  1.15361E+00
    29  1.25071E+01 -8.10234E+00  2.82471E+00  1.31739E+01 -8.69198E+00  2.17520E+00  1.38090E+01 -9.25355E+00  2.91244E+00  2.95641E+00  0.00000E+00  1.29815E+00
    30  1.38090E+01 -9.25355E+00  2.91244E+00  1.44647E+01 -9.83330E+00  2.16945E+00  1.51312E+01 -1.04226E+01  2.86263E+00  2.95641E+00  0.00000E+00  1.38003E+00
    31  3.67797E-02  2.55351E+00  2.89674E+00  6.65380E-01  1.99770E+00  2.19475E+00  6.75680E-01  1.98860E+00  2.19480E+00  2.58603E+00  0.00000E+00  1.36520E+00
    32  6.75680E-01  1.98860E+00  2.19480E+00  7.16225E-01  1.95275E+00  2.19278E+00  1.31807E+00  1.42059E+00  2.76904E+00  2.58603E+00  0.00000E+00  7.83731E-01
    33  1.31807E+00  1.42059E+00  2.76904E+00  1.99556E+00  8.21556E-01  2.26394E+00  2.56072E+00  3.21846E-01  2.61899E+00  2.58603E+00  0.00000E+00  1.24749E+00
    34  2.56072E+00  3.21846E-01  2.61899E+00  3.07840E+00 -1.35893E-01  2.30077E+00  3.14456E+00 -1.94384E-01  2.30835E+00  2.58603E+00  0.00000E+00  1.11595E+00
    35  3.14456E+00 -1.94384E-01  2.30835E+00  3.18746E+00 -2.32319E-01  2.30551E+00  3.71645E+00 -7.00056E-01  2.66105E+00  2.58603E+00  0.00000E+00  8.66924E-01
    36  3.71645E+00 -7.00056E-01  2.66105E+00  4.28752E+00 -1.20499E+00  2.23103E+00  4.96703E+00 -1.80582E+00  2.82298E+00  2.58603E+00  0.00000E+00  1.15208E+00
    37  4.96703E+00 -1.80582E+00  2.82298E+00  5.63381E+00 -2.39539E+00  2.17561E+00  6.26817E+00 -2.95629E+00  2.91222E+00  2.58603E+00  0.00000E+00  1.29656E+00
    38  6.26817E+00 -2.95629E+00  2.91222E+00  6.92454E+00 -3.53665E+00  2.16935E+00  7.59094E+00 -4.12588E+00  2.86402E+00  2.58603E+00  0.00000E+00  1.37983E+00
    39  7.59094E+00 -4.12588E+00  2.86402E+00  8.27264E+00 -4.72864E+00  2.20739E+00  8.85470E+00 -5.24330E+00  2.71093E+00  2.58603E+00  0.00000E+00  1.33454E+00
    40  8.85470E+00 -5.24330E+00  2.71093E+00  9.51927E+00 -5.83090E+00  2.29083E+00  1.00119E+01 -6.26646E+00  2.60134E+00  2.58603E+00  0.00000E+00  1.19567E+00
    41  1.00119E+01 -6.26646E+00  2.60134E+00  1.00541E+01 -6.30378E+00  2.59770E+00  1.00935E+01 -6.33860E+00  2.60073E+00  2.58603E+00  0.00000E+00  1.10096E+00
    42  1.00935E+01 -6.33860E+00  2.60073E+00  1.05838E+01 -6.77220E+00  2.28873E+00  1.12510E+01 -7.36212E+00  2.71695E+00  2.58603E+00  0.00000E+00  1.10044E+00
    43  1.12510E+01 -7.36212E+00  2.71695E+00  1.18346E+01 -7.87815E+00  2.20534E+00  1.25166E+01 -8.48112E+00  2.86810E+00  2.58603E+00  0.00000E+00  1.20099E+00
    44  1.25166E+01 -8.48112E+00  2.86810E+00  1.31828E+01 -9.07018E+00  2.16910E+00  1.38410E+01 -9.65219E+00  2.91145E+00  2.58603E+00  0.00000E+00  1.33833E+00
   -45  3.72896E+00  2.96298E-02  2.60111E+00  3.81057E+00 -4.25264E-02  2.60090E+00  4.96799E+00 -1.06592E+00  2.71494E+00  0.00000E+00  1.10076E+00  1.19921E+00
   -46  1.01062E+01 -5.60909E+00  2.65759E+00  1.06790E+01 -6.11556E+00  2.30827E+00  1.12619E+01 -6.63096E+00  2.62120E+00  0.00000E+00  1.14908E+00  1.11783E+00
   -47  1.25049E+01 -7.73002E+00  2.77293E+00  1.31418E+01 -8.29324E+00  2.19335E+00  1.37874E+01 -8.86401E+00  2.89838E+00  0.00000E+00  1.25099E+00  1.36675E+00
   -48  2.56653E+00  6.87076E-01  2.65931E+00  3.13889E+00  1.80997E-01  2.30831E+00  3.72225E+00 -3.34812E-01  2.62008E+00  0.00000E+00  1.15058E+00  1.11688E+00
   -49  4.96507E+00 -1.43371E+00  2.77099E+00  5.60454E+00 -1.99913E+00  2.19406E+00  6.24697E+00 -2.56716E+00  2.89757E+00  0.00000E+00  1.24924E+00  1.36598E+00
   -50  1.01003E+01 -5.97430E+00  2.61793E+00  1.06847E+01 -6.49097E+00  2.30840E+00  1.12561E+01 -6.99622E+00  2.66281E+00  0.00000E+00  1.11504E+00  1.15361E+00
   -51  3.67797E-02  2.55351E+00  2.89674E+00  6.75680E-01  1.98860E+00  2.19480E+00  1.31807E+00  1.42059E+00  2.76904E+00  0.00000E+00  1.36520E+00  1.24749E+00
   -52  2.56072E+00  3.21846E-01  2.61899E+00  3.14456E+00 -1.94384E-01  2.30835E+00  3.71645E+00 -7.00056E-01  2.66105E+00  0.00000E+00  1.11595E+00  1.15208E+00
   -53  1.00119E+01 -6.26646E+00  2.60134E+00  1.00935E+01 -6.33860E+00  2.60073E+00  1.12510E+01 -7.36212E+00  2.71695E+00  0.00000E+00  1.10096E+00  1.20099E+00
   -54  2.57168E+00  1.05290E+00  2.71293E+00  3.72896E+00  2.96298E-02  2.60111E+00  4.96799E+00 -1.06592E+00  2.71494E+00  0.00000E+00  1.19744E+00  1.19921E+00
   -55  8.85785E+00 -4.87571E+00  2.76709E+00  1.01003E+01 -5.97430E+00  2.61793E+00  1.12561E+01 -6.99622E+00  2.66281E+00  0.00000E+00  1.24573E+00  1.15361E+00
   -56  1.31807E+00  1.42059E+00  2.76904E+00  2.56072E+00  3.21846E-01  2.61899E+00  3.71645E+00 -7.00056E-01  2.66105E+00  0.00000E+00  1.24749E+00  1.15208E+00
   -57  8.85470E+00 -5.24330E+00  2.71093E+00  1.00119E+01 -6.26646E+00  2.60134E+00  1.12510E+01 -7.36212E+00  2.71695E+00  0.00000E+00  1.19567E+00  1.20099E+00
   -58  1.01062E+01 -5.60909E+00  2.65759E+00  1.12619E+01 -6.63096E+00  2.62120E+00  1.25049E+01 -7.73002E+00  2.77293E+00  0.00000E+00  1.14908E+00  1.25099E+00
   -59  2.56653E+00  6.87076E-01  2.65931E+00  3.72225E+00 -3.34812E-01  2.62008E+00  4.96507E+00 -1.43371E+00  2.77099E+00  0.00000E+00  1.15058E+00  1.24924E+00
   -60  1.30732E+00  2.17084E+00  2.86540E+00  2.57168E+00  1.05290E+00  2.71293E+00  4.96799E+00 -1.06592E+00  2.71494E+00  0.00000E+00  1.33582E+00  1.19921E+00
   -61  8.85634E+00 -4.50400E+00  2.81950E+00  1.01062E+01 -5.60909E+00  2.65759E+00  1.25049E+01 -7.73002E+00  2.77293E+00  0.00000E+00  1.29337E+00  1.25099E+00
   -62  1.31634E+00  1.79250E+00  2.82125E+00  2.56653E+00  6.87076E-01  2.65931E+00  4.96507E+00 -1.43371E+00  2.77099E+00  0.00000E+00  1.29497E+00  1.24924E+00
   -63  7.59094E+00 -4.12588E+00  2.86402E+00  8.85470E+00 -5.24330E+00  2.71093E+00  1.12510E+01 -7.36212E+00  2.71695E+00  0.00000E+00  1.33454E+00  1.20099E+00
   -64  8.85785E+00 -4.87571E+00  2.76709E+00  1.12561E+01 -6.99622E+00  2.66281E+00  1.25071E+01 -8.10234E+00  2.82471E+00  0.00000E+00  1.24573E+00  1.29815E+00
   -65  1.31807E+00  1.42059E+00  2.76904E+00  3.71645E+00 -7.00056E-01  2.66105E+00  4.96703E+00 -1.80582E+00  2.82298E+00  0.00000E+00  1.24749E+00  1.29656E+00
   -66  7.57716E+00 -3.74332E+00  2.89589E+00  8.85785E+00 -4.87571E+00  2.76709E+00  1.25071E+01 -8.10234E+00  2.82471E+00  0.00000E+00  1.36440E+00  1.29815E+00
   -67  3.67797E-02  2.55351E+00  2.89674E+00  1.31807E+00  1.42059E+00  2.76904E+00  4.96703E+00 -1.80582E+00  2.82298E+00  0.00000E+00  1.36520E+00  1.29656E+00
   -68  1.30732E+00  2.17084E+00  2.86540E+00  4.96799E+00 -1.06592E+00  2.71494E+00  6.23293E+00 -2.18438E+00  2.86676E+00  0.00000E+00  1.33582E+00  1.33708E+00
   -69  8.85634E+00 -4.50400E+00  2.81950E+00  1.25049E+01 -7.73002E+00  2.77293E+00  1.37874E+01 -8.86401E+00  2.89838E+00  0.00000E+00  1.29337E+00  1.36675E+00
   -70  1.31634E+00  1.79250E+00  2.82125E+00  4.96507E+00 -1.43371E+00  2.77099E+00  6.24697E+00 -2.56716E+00  2.89757E+00  0.00000E+00  1.29497E+00  1.36598E+00
   -71  7.59094E+00 -4.12588E+00  2.86402E+00  1.12510E+01 -7.36212E+00  2.71695E+00  1.25166E+01 -8.48112E+00  2.86810E+00  0.00000E+00  1.33454E+00  1.33833E+00
   -72 -1.60304E-02  3.34095E+00  2.91198E+00  1.30732E+00  2.17084E+00  2.86540E+00  6.23293E+00 -2.18438E+00  2.86676E+00  0.00000E+00  1.37960E+00  1.33708E+00
   -73  7.55685E+00 -3.35499E+00  2.91172E+00  8.85634E+00 -4.50400E+00  2.81950E+00  1.37874E+01 -8.86401E+00  2.89838E+00  0.00000E+00  1.37936E+00  1.36675E+00
   -74  1.60303E-02  2.94223E+00  2.91198E+00  1.31634E+00  1.79250E+00  2.82125E+00  6.24697E+00 -2.56716E+00  2.89757E+00  0.00000E+00  1.37960E+00  1.36598E+00
   -75  6.26817E+00 -2.95629E+00  2.91222E+00  7.59094E+00 -4.12588E+00  2.86402E+00  1.25166E+01 -8.48112E+00  2.86810E+00  0.00000E+00  1.37983E+00  1.33833E+00
   -76  7.57716E+00 -3.74332E+00  2.89589E+00  1.25071E+01 -8.10234E+00  2.82471E+00  1.38090E+01 -9.25355E+00  2.91244E+00  0.00000E+00  1.36440E+00  1.38003E+00
   -77  3.67797E-02  2.55351E+00  2.89674E+00  4.96703E+00 -1.80582E+00  2.82298E+00  6.26817E+00 -2.95629E+00  2.91222E+00  0.00000E+00  1.36520E+00  1.37983E+00
   -78  6.24697E+00 -2.56716E+00  2.89757E+00  7.57716E+00 -3.74332E+00  2.89589E+00  1.38090E+01 -9.25355E+00  2.91244E+00  0.00000E+00  1.36598E+00  1.38003E+00
   -79 -1.60304E-02  3.34095E+00  2.91198E+00  6.23293E+00 -2.18438E+00  2.86676E+00  7.55685E+00 -3.35499E+00  2.91172E+00  0.00000E+00  1.37960E+00  1.37936E+00
   -80  6.26817E+00 -2.95629E+00  2.91222E+00  1.25166E+01 -8.48112E+00  2.86810E+00  1.38410E+01 -9.65219E+00  2.91145E+00  0.00000E+00  1.37983E+00  1.37910E+00
   -81  1.60303E-02  2.94223E+00  2.91198E+00  6.24697E+00 -2.56716E+00  2.89757E+00  1.38090E+01 -9.25355E+00  2.91244E+00  0.00000E+00  1.37960E+00  1.38003E+00
    82 -2.79996E-02  3.53672E+00  2.90647E+00  6.35146E-01  2.95037E+00  2.16860E+00  1.30075E+00  2.36184E+00  2.88293E+00  3.51197E+00  0.00000E+00  1.37439E+00
    83  1.30075E+00  2.36184E+00  2.88293E+00  1.98302E+00  1.75858E+00  2.19846E+00  2.57360E+00  1.23639E+00  2.74121E+00  3.51197E+00  0.00000E+00  1.35221E+00
    84  2.57360E+00  1.23639E+00  2.74121E+00  3.24765E+00  6.40395E-01  2.27851E+00  3.73407E+00  2.10301E-01  2.60127E+00  3.51197E+00  0.00000E+00  1.22253E+00
    85  3.73407E+00  2.10301E-01  2.60127E+00  3.76069E+00  1.86763E-01  2.60026E+00  3.81422E+00  1.39429E-01  2.60681E+00  3.51197E+00  0.00000E+00  1.10090E+00
    86  3.81422E+00  1.39429E-01  2.60681E+00  4.31961E+00 -3.07435E-01  2.29712E+00  4.40759E+00 -3.85224E-01  2.30906E+00  3.51197E+00  0.00000E+00  1.10560E+00
    87  4.40759E+00 -3.85224E-01  2.30906E+00  4.43370E+00 -4.08311E-01  2.30840E+00  4.97039E+00 -8.82855E-01  2.68710E+00  3.51197E+00  0.00000E+00  8.67455E-01
    88  4.97039E+00 -8.82855E-01  2.68710E+00  5.54685E+00 -1.39256E+00  2.21710E+00  6.22742E+00 -1.99432E+00  2.84621E+00  3.51197E+00  0.00000E+00  1.17475E+00
    89  6.22742E+00 -1.99432E+00  2.84621E+00  6.89449E+00 -2.58415E+00  2.17118E+00  7.54104E+00 -3.15582E+00  2.91366E+00  3.51197E+00  0.00000E+00  1.31799E+00
    90  7.54104E+00 -3.15582E+00  2.91366E+00  8.18575E+00 -3.72587E+00  2.17164E+00  8.85288E+00 -4.31575E+00  2.84306E+00  3.51197E+00  0.00000E+00  1.38120E+00
    91  8.85288E+00 -4.31575E+00  2.84306E+00  9.53327E+00 -4.91735E+00  2.21892E+00  1.01089E+01 -5.42631E+00  2.68326E+00  3.51197E+00  0.00000E+00  1.31507E+00
    92  1.01089E+01 -5.42631E+00  2.68326E+00  1.06439E+01 -5.89942E+00  2.30800E+00  1.06735E+01 -5.92553E+00  2.30896E+00  3.51197E+00  0.00000E+00  1.17139E+00
    93  1.06735E+01 -5.92553E+00  2.30896E+00  1.07574E+01 -5.99971E+00  2.29783E+00  1.12650E+01 -6.44851E+00  2.60817E+00  3.51197E+00  0.00000E+00  8.67378E-01
    94  1.12650E+01 -6.44851E+00  2.60817E+00  1.13205E+01 -6.49762E+00  2.60107E+00  1.13446E+01 -6.51890E+00  2.60182E+00  3.51197E+00  0.00000E+00  1.10675E+00
    95  1.13446E+01 -6.51890E+00  2.60182E+00  1.18311E+01 -6.94907E+00  2.27659E+00  1.25058E+01 -7.54570E+00  2.74521E+00  3.51197E+00  0.00000E+00  1.10137E+00
    96  1.25058E+01 -7.54570E+00  2.74521E+00  1.30977E+01 -8.06905E+00  2.19752E+00  1.37799E+01 -8.67221E+00  2.88513E+00  3.51197E+00  0.00000E+00  1.22610E+00
    97  1.37799E+01 -8.67221E+00  2.88513E+00  1.44454E+01 -9.26068E+00  2.16857E+00  1.51090E+01 -9.84745E+00  2.90535E+00  3.51197E+00  0.00000E+00  1.35427E+00
    98 -1.67199E-16  3.14159E+00  2.91367E+00  6.45629E-01  2.57073E+00  2.17141E+00  1.31274E+00  1.98087E+00  2.84464E+00  3.14159E+00  0.00000E+00  1.38120E+00
    99  1.31274E+00  1.98087E+00  2.84464E+00  1.99321E+00  1.37919E+00  2.21800E+00  2.56925E+00  8.69863E-01  2.68518E+00  3.14159E+00  0.00000E+00  1.31653E+00
   100  2.56925E+00  8.69863E-01  2.68518E+00  3.10509E+00  3.96074E-01  2.30820E+00  3.13298E+00  3.71408E-01  2.30901E+00  3.14159E+00  0.00000E+00  1.17307E+00
   101  3.13298E+00  3.71408E-01  2.30901E+00  3.21887E+00  2.95471E-01  2.29748E+00  3.72537E+00 -1.52377E-01  2.60748E+00  3.14159E+00  0.00000E+00  8.67417E-01
   102  3.72537E+00 -1.52377E-01  2.60748E+00  3.77989E+00 -2.00589E-01  2.60065E+00  3.80526E+00 -2.23020E-01  2.60153E+00  3.14159E+00  0.00000E+00  1.10616E+00
   103  3.80526E+00 -2.23020E-01  2.60153E+00  4.29170E+00 -6.53129E-01  2.27756E+00  4.96612E+00 -1.24945E+00  2.74321E+00  3.14159E+00  0.00000E+00  1.10112E+00
   104  4.96612E+00 -1.24945E+00  2.74321E+00  5.55735E+00 -1.77221E+00  2.19798E+00  6.23956E+00 -2.37543E+00  2.88404E+00  3.14159E+00  0.00000E+00  1.22432E+00
   105  6.23956E+00 -2.37543E+00  2.88404E+00  6.90514E+00 -2.96393E+00  2.16859E+00  7.56853E+00 -3.55050E+00  2.90592E+00  3.14159E+00  0.00000E+00  1.35325E+00
   106  7.56853E+00 -3.55050E+00  2.90592E+00  8.19458E+00 -4.10406E+00  2.18452E+00  8.85789E+00 -4.69055E+00  2.79400E+00  3.14159E+00  0.00000E+00  1.37387E+00
   107  8.85789E+00 -4.69055E+00  2.79400E+00  9.53659E+00 -5.29066E+00  2.24909E+00  1.01033E+01 -5.79174E+00  2.63538E+00  3.14159E+00  0.00000E+00  1.27008E+00
   108  1.01033E+01 -5.79174E+00  2.63538E+00  1.06270E+01 -6.25481E+00  2.30278E+00  1.06817E+01 -6.30315E+00  2.30801E+00  3.14159E+00  0.00000E+00  1.12996E+00
   109  1.06817E+01 -6.30315E+00  2.30801E+00  1.07342E+01 -6.34958E+00  2.30323E+00  1.12589E+01 -6.81355E+00  2.63975E+00  3.14159E+00  0.00000E+00  8.66667E-01
   110  1.12589E+01 -6.81355E+00  2.63975E+00  1.18263E+01 -7.31519E+00  2.24564E+00  1.25051E+01 -7.91544E+00  2.79957E+00  3.14159E+00  0.00000E+00  1.13371E+00
   111  1.25051E+01 -7.91544E+00  2.79957E+00  1.31695E+01 -8.50285E+00  2.18253E+00  1.37965E+01 -9.05725E+00  2.90751E+00  3.14159E+00  0.00000E+00  1.27515E+00
   112  1.37965E+01 -9.05725E+00  2.90751E+00  1.44591E+01 -9.64311E+00  2.16864E+00  1.51247E+01 -1.02317E+01  2.88065E+00  3.14159E+00  0.00000E+00  1.37537E+00
   113  2.79996E-02  2.74646E+00  2.90647E+00  6.54337E-01  2.19265E+00  2.18384E+00  1.31801E+00  1.60583E+00  2.79587E+00  2.77122E+00  0.00000E+00  1.37439E+00
   114  1.31801E+00  1.60583E+00  2.79587E+00  1.99677E+00  1.00568E+00  2.24794E+00  2.56367E+00  5.04419E-01  2.63681E+00  2.77122E+00  0.00000E+00  1.27177E+00
   115  2.56367E+00  5.04419E-01  2.63681E+00  3.08774E+00  4.10377E-02  2.30293E+00  3.14168E+00 -6.65355E-03  2.30801E+00  2.77122E+00  0.00000E+00  1.13119E+00
   116  3.14168E+00 -6.65355E-03  2.30801E+00  3.19490E+00 -5.37101E-02  2.30308E+00  3.71931E+00 -5.17392E-01  2.63827E+00  2.77122E+00  0.00000E+00  8.66664E-01
   117  3.71931E+00 -5.17392E-01  2.63827E+00  4.28642E+00 -1.01884E+00  2.24679E+00  4.96523E+00 -1.61904E+00  2.79772E+00  2.77122E+00  0.00000E+00  1.13244E+00
   118  4.96523E+00 -1.61904E+00  2.79772E+00  5.62925E+00 -2.20616E+00  2.18317E+00  6.25591E+00 -2.76025E+00  2.90700E+00  2.77122E+00  0.00000E+00  1.27346E+00
   119  6.25591E+00 -2.76025E+00  2.90700E+00  6.91879E+00 -3.34637E+00  2.16862E+00  7.58443E+00 -3.93494E+00  2.88180E+00  2.77122E+00  0.00000E+00  1.37489E+00
   120  7.58443E+00 -3.93494E+00  2.88180E+00  8.26673E+00 -4.53822E+00  2.19895E+00  8.85667E+00 -5.05985E+00  2.73921E+00  2.77122E+00  0.00000E+00  1.35115E+00
   121  8.85667E+00 -5.05985E+00  2.73921E+00  9.53033E+00 -5.65550E+00  2.27945E+00  1.00168E+01 -6.08563E+00  2.60104E+00  2.77122E+00  0.00000E+00  1.22075E+00
   122  1.00168E+01 -6.08563E+00  2.60104E+00  1.00446E+01 -6.11023E+00  2.59989E+00  1.00972E+01 -6.15670E+00  2.60618E+00  2.77122E+00  0.00000E+00  1.10070E+00
   123  1.00972E+01 -6.15670E+00  2.60618E+00  1.06014E+01 -6.60256E+00  2.29673E+00  1.06916E+01 -6.68231E+00  2.30911E+00  2.77122E+00  0.00000E+00  1.10506E+00
   124  1.06916E+01 -6.68231E+00  2.30911E+00  1.07157E+01 -6.70365E+00  2.30859E+00  1.12534E+01 -7.17903E+00  2.68904E+00  2.77122E+00  0.00000E+00  8.67494E-01
   125  1.12534E+01 -7.17903E+00  2.68904E+00  1.18303E+01 -7.68912E+00  2.21621E+00  1.25109E+01 -8.29096E+00  2.84777E+00  2.77122E+00  0.00000E+00  1.17644E+00
   126  1.25109E+01 -8.29096E+00  2.84777E+00  1.31780E+01 -8.88076E+00  2.17097E+00  1.38254E+01 -9.45323E+00  2.91364E+00  2.77122E+00  0.00000E+00  1.31943E+00
  -127  2.57360E+00  1.23639E+00  2.74121E+00  3.73407E+00  2.10301E-01  2.60127E+00  3.81422E+00  1.39429E-01  2.60681E+00  0.00000E+00  1.22253E+00  1.10560E+00
  -128  3.81422E+00  1.39429E-01  2.60681E+00  4.40759E+00 -3.85224E-01  2.30906E+00  4.97039E+00 -8.82855E-01  2.68710E+00  0.00000E+00  1.10560E+00  1.17475E+00
  -129  1.01089E+01 -5.42631E+00  2.68326E+00  1.06735E+01 -5.92553E+00  2.30896E+00  1.12650E+01 -6.44851E+00  2.60817E+00  0.00000E+00  1.17139E+00  1.10675E+00
  -130  1.12650E+01 -6.44851E+00  2.60817E+00  1.13446E+01 -6.51890E+00  2.60182E+00  1.25058E+01 -7.54570E+00  2.74521E+00  0.00000E+00  1.10675E+00  1.22610E+00
  -131  2.56925E+00  8.69863E-01  2.68518E+00  3.13298E+00  3.71408E-01  2.30901E+00  3.72537E+00 -1.52377E-01  2.60748E+00  0.00000E+00  1.17307E+00  1.10616E+00
  -132  3.72537E+00 -1.52377E-01  2.60748E+00  3.80526E+00 -2.23020E-01  2.60153E+00  4.96612E+00 -1.24945E+00  2.74321E+00  0.00000E+00  1.10616E+00  1.22432E+00
  -133  1.01033E+01 -5.79174E+00  2.63538E+00  1.06817E+01 -6.30315E+00  2.30801E+00  1.12589E+01 -6.81355E+00  2.63975E+00  0.00000E+00  1.12996E+00  1.13371E+00
  -134  2.56367E+00  5.04419E-01  2.63681E+00  3.14168E+00 -6.65355E-03  2.30801E+00  3.71931E+00 -5.17392E-01  2.63827E+00  0.00000E+00  1.13119E+00  1.13244E+00
  -135  8.85667E+00 -5.05985E+00  2.73921E+00  1.00168E+01 -6.08563E+00  2.60104E+00  1.00972E+01 -6.15670E+00  2.60618E+00  0.00000E+00  1.22075E+00  1.10506E+00
  -136  1.00972E+01 -6.15670E+00  2.60618E+00  1.06916E+01 -6.68231E+00  2.30911E+00  1.12534E+01 -7.17903E+00  2.68904E+00  0.00000E+00  1.10506E+00  1.17644E+00
  -137  8.85789E+00 -4.69055E+00  2.79400E+00  1.01033E+01 -5.79174E+00  2.63538E+00  1.12589E+01 -6.81355E+00  2.63975E+00  0.00000E+00  1.27008E+00  1.13371E+00
  -138  1.31801E+00  1.60583E+00  2.79587E+00  2.56367E+00  5.04419E-01  2.63681E+00  3.71931E+00 -5.17392E-01  2.63827E+00  0.00000E+00  1.27177E+00  1.13244E+00
  -139  2.57360E+00  1.23639E+00  2.74121E+00  3.81422E+00  1.39429E-01  2.60681E+00  4.97039E+00 -8.82855E-01  2.68710E+00  0.00000E+00  1.22253E+00  1.17475E+00
  -140  1.01089E+01 -5.42631E+00  2.68326E+00  1.12650E+01 -6.44851E+00  2.60817E+00  1.25058E+01 -7.54570E+00  2.74521E+00  0.00000E+00  1.17139E+00  1.22610E+00
  -141  2.56925E+00  8.69863E-01  2.68518E+00  3.72537E+00 -1.52377E-01  2.60748E+00  4.96612E+00 -1.24945E+00  2.74321E+00  0.00000E+00  1.17307E+00  1.22432E+00
  -142  8.85667E+00 -5.05985E+00  2.73921E+00  1.00972E+01 -6.15670E+00  2.60618E+00  1.12534E+01 -7.17903E+00  2.68904E+00  0.00000E+00  1.22075E+00  1.17644E+00
  -143  8.85288E+00 -4.31575E+00  2.84306E+00  1.01089E+01 -5.42631E+00  2.68326E+00  1.25058E+01 -7.54570E+00  2.74521E+00  0.00000E+00  1.31507E+00  1.22610E+00
  -144  1.31274E+00  1.98087E+00  2.84464E+00  2.56925E+00  8.69863E-01  2.68518E+00  4.96612E+00 -1.24945E+00  2.74321E+00  0.00000E+00  1.31653E+00  1.22432E+00
  -145  8.85789E+00 -4.69055E+00  2.79400E+00  1.12589E+01 -6.81355E+00  2.63975E+00  1.25051E+01 -7.91544E+00  2.79957E+00  0.00000E+00  1.27008E+00  1.27515E+00
  -146  1.31801E+00  1.60583E+00  2.79587E+00  3.71931E+00 -5.17392E-01  2.63827E+00  4.96523E+00 -1.61904E+00  2.79772E+00  0.00000E+00  1.27177E+00  1.27346E+00
  -147  2.57360E+00  1.23639E+00  2.74121E+00  4.97039E+00 -8.82855E-01  2.68710E+00  6.22742E+00 -1.99432E+00  2.84621E+00  0.00000E+00  1.22253E+00  1.31799E+00
  -148  8.85667E+00 -5.05985E+00  2.73921E+00  1.12534E+01 -7.17903E+00  2.68904E+00  1.25109E+01 -8.29096E+00  2.84777E+00  0.00000E+00  1.22075E+00  1.31943E+00
  -149  1.30075E+00  2.36184E+00  2.88293E+00  2.57360E+00  1.23639E+00  2.74121E+00  6.22742E+00 -1.99432E+00  2.84621E+00  0.00000E+00  1.35221E+00  1.31799E+00
  -150  7.56853E+00 -3.55050E+00  2.90592E+00  8.85789E+00 -4.69055E+00  2.79400E+00  1.25051E+01 -7.91544E+00  2.79957E+00  0.00000E+00  1.37387E+00  1.27515E+00
  -151  2.79996E-02  2.74646E+00  2.90647E+00  1.31801E+00  1.60583E+00  2.79587E+00  4.96523E+00 -1.61904E+00  2.79772E+00  0.00000E+00  1.37439E+00  1.27346E+00
  -152  7.58443E+00 -3.93494E+00  2.88180E+00  8.85667E+00 -5.05985E+00  2.73921E+00  1.25109E+01 -8.29096E+00  2.84777E+00  0.00000E+00  1.35115E+00  1.31943E+00
  -153  8.85288E+00 -4.31575E+00  2.84306E+00  1.25058E+01 -7.54570E+00  2.74521E+00  1.37799E+01 -8.67221E+00  2.88513E+00  0.00000E+00  1.31507E+00  1.35427E+00
  -154  1.31274E+00  1.98087E+00  2.84464E+00  4.96612E+00 -1.24945E+00  2.74321E+00  6.23956E+00 -2.37543E+00  2.88404E+00  0.00000E+00  1.31653E+00  1.35325E+00
  -155  7.54104E+00 -3.15582E+00  2.91366E+00  8.85288E+00 -4.31575E+00  2.84306E+00  1.37799E+01 -8.67221E+00  2.88513E+00  0.00000E+00  1.38120E+00  1.35427E+00
  -156 -1.67199E-16  3.14159E+00  2.91367E+00  1.31274E+00  1.98087E+00  2.84464E+00  6.23956E+00 -2.37543E+00  2.88404E+00  0.00000E+00  1.38120E+00  1.35325E+00
  -157  1.30075E+00  2.36184E+00  2.88293E+00  6.22742E+00 -1.99432E+00  2.84621E+00  7.54104E+00 -3.15582E+00  2.91366E+00  0.00000E+00  1.35221E+00  1.38120E+00
  -158  7.56853E+00 -3.55050E+00  2.90592E+00  1.25051E+01 -7.91544E+00  2.79957E+00  1.37965E+01 -9.05725E+00  2.90751E+00  0.00000E+00  1.37387E+00  1.37537E+00
  -159  2.79996E-02  2.74646E+00  2.90647E+00  4.96523E+00 -1.61904E+00  2.79772E+00  6.25591E+00 -2.76025E+00  2.90700E+00  0.00000E+00  1.37439E+00  1.37489E+00
  -160  7.58443E+00 -3.93494E+00  2.88180E+00  1.25109E+01 -8.29096E+00  2.84777E+00  1.38254E+01 -9.45323E+00  2.91364E+00  0.00000E+00  1.35115E+00  1.38117E+00
  -161 -2.79996E-02  3.53672E+00  2.90647E+00  1.30075E+00  2.36184E+00  2.88293E+00  7.54104E+00 -3.15582E+00  2.91366E+00  0.00000E+00  1.37439E+00  1.38120E+00
  -162  6.25591E+00 -2.76025E+00  2.90700E+00  7.58443E+00 -3.93494E+00  2.88180E+00  1.38254E+01 -9.45323E+00  2.91364E+00  0.00000E+00  1.37489E+00  1.38117E+00
  -163  7.54104E+00 -3.15582E+00  2.91366E+00  1.37799E+01 -8.67221E+00  2.88513E+00  1.51090E+01 -9.84745E+00  2.90535E+00  0.00000E+00  1.38120E+00  1.37333E+00
  -164 -1.67199E-16  3.14159E+00  2.91367E+00  6.23956E+00 -2.37543E+00  2.88404E+00  7.56853E+00 -3.55050E+00  2.90592E+00  0.00000E+00  1.38120E+00  1.37387E+00
  -165 -1.67199E-16  3.14159E+00  2.91367E+00  7.56853E+00 -3.55050E+00  2.90592E+00  1.37965E+01 -9.05725E+00  2.90751E+00  0.00000E+00  1.38120E+00  1.37537E+00
     1 -1.60304E-02  3.34095E+00  2.91198E+00  6.40986E-01  2.76002E+00  2.16926E+00  1.30732E+00  2.17084E+00  2.86540E+00  3.32678E+00  0.00000E+00  1.37960E+00
     2  1.30732E+00  2.17084E+00  2.86540E+00  1.98910E+00  1.56801E+00  2.20669E+00  2.57168E+00  1.05290E+00  2.71293E+00  3.32678E+00  0.00000E+00  1.33582E+00
     3  2.57168E+00  1.05290E+00  2.71293E+00  3.23716E+00  4.64481E-01  2.29015E+00  3.72896E+00  2.96298E-02  2.60111E+00  3.32678E+00  0.00000E+00  1.19744E+00
     4  3.72896E+00  2.96298E-02  2.60111E+00  3.77024E+00 -6.86525E-03  2.59767E+00  3.81057E+00 -4.25264E-02  2.60090E+00  3.32678E+00  0.00000E+00  1.10076E+00
     5  3.81057E+00 -4.25264E-02  2.60090E+00  4.30163E+00 -4.76726E-01  2.28945E+00  4.96799E+00 -1.06592E+00  2.71494E+00  3.32678E+00  0.00000E+00  1.10059E+00
     6  4.96799E+00 -1.06592E+00  2.71494E+00  5.55107E+00 -1.58148E+00  2.20601E+00  6.23293E+00 -2.18438E+00  2.86676E+00  3.32678E+00  0.00000E+00  1.19921E+00
     7  6.23293E+00 -2.18438E+00  2.86676E+00  6.89921E+00 -2.77350E+00  2.16917E+00  7.55685E+00 -3.35499E+00  2.91172E+00  3.32678E+00  0.00000E+00  1.33708E+00
     8  7.55685E+00 -3.35499E+00  2.91172E+00  8.18977E+00 -3.91462E+00  2.17649E+00  8.85634E+00 -4.50400E+00  2.81950E+00  3.32678E+00  0.00000E+00  1.37936E+00
     9  8.85634E+00 -4.50400E+00  2.81950E+00  9.53575E+00 -5.10473E+00  2.23319E+00  1.01062E+01 -5.60909E+00  2.65759E+00  3.32678E+00  0.00000E+00  1.29337E+00
    10  1.01062E+01 -5.60909E+00  2.65759E+00  1.06344E+01 -6.07620E+00  2.30512E+00  1.06790E+01 -6.11556E+00  2.30827E+00  3.32678E+00  0.00000E+00  1.14908E+00
    11  1.06790E+01 -6.11556E+00  2.30827E+00  1.07430E+01 -6.17219E+00  2.30111E+00  1.12619E+01 -6.63096E+00  2.62120E+00  3.32678E+00  0.00000E+00  8.66861E-01
    12  1.12619E+01 -6.63096E+00  2.62120E+00  1.18271E+01 -7.13075E+00  2.26172E+00  1.25049E+01 -7.73002E+00  2.77293E+00  3.32678E+00  0.00000E+00  1.11783E+00
    13  1.25049E+01 -7.73002E+00  2.77293E+00  1.31090E+01 -8.26424E+00  2.19211E+00  1.31418E+01 -8.29324E+00  2.19335E+00  3.32678E+00  0.00000E+00  1.25099E+00
    14  1.31418E+01 -8.29324E+00  2.19335E+00  1.31609E+01 -8.31009E+00  2.19305E+00  1.37874E+01 -8.86401E+00  2.89838E+00  3.32678E+00  0.00000E+00  7.82695E-01
    15  1.37874E+01 -8.86401E+00  2.89838E+00  1.44523E+01 -9.45197E+00  2.16852E+00  1.51175E+01 -1.00401E+01  2.89502E+00  3.32678E+00  0.00000E+00  1.36675E+00
    16  1.60303E-02  2.94223E+00  2.91198E+00  6.49659E-01  2.38198E+00  2.17604E+00  1.31634E+00  1.79250E+00  2.82125E+00  2.95641E+00  0.00000E+00  1.37960E+00
    17  1.31634E+00  1.79250E+00  2.82125E+00  1.99580E+00  1.19172E+00  2.23211E+00  2.56653E+00  6.87076E-01  2.65931E+00  2.95641E+00  0.00000E+00  1.29497E+00
    18  2.56653E+00  6.87076E-01  2.65931E+00  3.09517E+00  2.19655E-01  2.30532E+00  3.13889E+00  1.80997E-01  2.30831E+00  2.95641E+00  0.00000E+00  1.15058E+00
    19  3.13889E+00  1.80997E-01  2.30831E+00  3.20397E+00  1.23457E-01  2.30095E+00  3.72225E+00 -3.34812E-01  2.62008E+00  2.95641E+00  0.00000E+00  8.66892E-01
    20  3.72225E+00 -3.34812E-01  2.62008E+00  4.28744E+00 -8.34554E-01  2.26284E+00  4.96507E+00 -1.43371E+00  2.77099E+00  2.95641E+00  0.00000E+00  1.11688E+00
    21  4.96507E+00 -1.43371E+00  2.77099E+00  5.56804E+00 -1.96686E+00  2.19244E+00  5.60454E+00 -1.99913E+00  2.19406E+00  2.95641E+00  0.00000E+00  1.24924E+00
    22  5.60454E+00 -1.99913E+00  2.19406E+00  5.61971E+00 -2.01255E+00  2.19390E+00  6.24697E+00 -2.56716E+00  2.89757E+00  2.95641E+00  0.00000E+00  7.83199E-01
    23  6.24697E+00 -2.56716E+00  2.89757E+00  6.91200E+00 -3.15519E+00  2.16851E+00  7.57716E+00 -3.74332E+00  2.89589E+00  2.95641E+00  0.00000E+00  1.36598E+00
    24  7.57716E+00 -3.74332E+00  2.89589E+00  8.25705E+00 -4.34448E+00  2.19313E+00  8.85785E+00 -4.87571E+00  2.76709E+00  2.95641E+00  0.00000E+00  1.36440E+00
    25  8.85785E+00 -4.87571E+00  2.76709E+00  9.53519E+00 -5.47461E+00  2.26505E+00  1.01003E+01 -5.97430E+00  2.61793E+00  2.95641E+00  0.00000E+00  1.24573E+00
    26  1.01003E+01 -5.97430E+00  2.61793E+00  1.06174E+01 -6.43149E+00  2.30059E+00  1.06847E+01 -6.49097E+00  2.30840E+00  2.95641E+00  0.00000E+00  1.11504E+00
    27  1.06847E+01 -6.49097E+00  2.30840E+00  1.07267E+01 -6.52816E+00  2.30571E+00  1.12561E+01 -6.99622E+00  2.66281E+00  2.95641E+00  0.00000E+00  8.66957E-01
    28  1.12561E+01 -6.99622E+00  2.66281E+00  1.18275E+01 -7.50146E+00  2.22997E+00  1.25071E+01 -8.10234E+00  2.82471E+00  2.95641E+00  0.00000E+00  1.15361E+00
    29  1.25071E+01 -8.10234E+00  2.82471E+00  1.31739E+01 -8.69198E+00  2.17520E+00  1.38090E+01 -9.25355E+00  2.91244E+00  2.95641E+00  0.00000E+00  1.29815E+00
    30  1.38090E+01 -9.25355E+00  2.91244E+00  1.44647E+01 -9.83330E+00  2.16945E+00  1.51312E+01 -1.04226E+01  2.86263E+00  2.95641E+00  0.00000E+00  1.38003E+00
    31  3.67797E-02  2.55351E+00  2.89674E+00  6.65380E-01  1.99770E+00  2.19475E+00  6.75680E-01  1.98860E+00  2.19480E+00  2.58603E+00  0.00000E+00  1.36520E+00
    32  6.75680E-01  1.98860E+00  2.19480E+00  7.16225E-01  1.95275E+00  2.19278E+00  1.31807E+00  1.42059E+00  2.76904E+00  2.58603E+00  0.00000E+00  7.83731E-01
    33  1.31807E+00  1.42059E+00  2.76904E+00  1.99556E+00  8.21556E-01  2.26394E+00  2.56072E+00  3.21846E-01  2.61899E+00  2.58603E+00  0.00000E+00  1.24749E+00
    34  2.56072E+00  3.21846E-01  2.61899E+00  3.07840E+00 -1.35893E-01  2.30077E+00  3.14456E+00 -1.94384E-01  2.30835E+00  2.58603E+00  0.00000E+00  1.11595E+00
    35  3.14456E+00 -1.94384E-01  2.30835E+00  3.18746E+00 -2.32319E-01  2.30551E+00  3.71645E+00 -7.00056E-01  2.66105E+00  2.58603E+00  0.00000E+00  8.66924E-01
    36  3.71645E+00 -7.00056E-01  2.66105E+00  4.28752E+00 -1.20499E+00  2.23103E+00  4.96703E+00 -1.80582E+00  2.82298E+00  2.58603E+00  0.00000E+00  1.15208E+00
    37  4.96703E+00 -1.80582E+00  2.82298E+00  5.63381E+00 -2.39539E+00  2.17561E+00  6.26817E+00 -2.95629E+00  2.91222E+00  2.58603E+00  0.00000E+00  1.29656E+00
    38  6.26817E+00 -2.95629E+00  2.91222E+00  6.92454E+00 -3.53665E+00  2.16935E+00  7.59094E+00 -4.12588E+00  2.86402E+00  2.58603E+00  0.00000E+00  1.37983E+00
    39  7.59094E+00 -4.12588E+00  2.86402E+00  8.27264E+00 -4.72864E+00  2.20739E+00  8.85470E+00 -5.24330E+00  2.71093E+00  2.58603E+00  0.00000E+00  1.33454E+00
    40  8.85470E+00 -5.24330E+00  2.71093E+00  9.51927E+00 -5.83090E+00  2.29083E+00  1.00119E+01 -6.26646E+00  2.60134E+00  2.58603E+00  0.00000E+00  1.19567E+00
    41  1.00119E+01 -6.26646E+00  2.60134E+00  1.00541E+01 -6.30378E+00  2.59770E+00  1.00935E+01 -6.33860E+00  2.60073E+00  2.58603E+00  0.00000E+00  1.10096E+00
    42  1.00935E+01 -6.33860E+00  2.60073E+00  1.05838E+01 -6.77220E+00  2.28873E+00  1.12510E+01 -7.36212E+00  2.71695E+00  2.58603E+00  0.00000E+00  1.10044E+00
    43  1.12510E+01 -7.36212E+00  2.71695E+00  1.18346E+01 -7.87815E+00  2.20534E+00  1.25166E+01 -8.48112E+00  2.86810E+00  2.58603E+00  0.00000E+00  1.20099E+00
    44  1.25166E+01 -8.48112E+00  2.86810E+00  1.31828E+01 -9.07018E+00  2.16910E+00  1.38410E+01 -9.65219E+00  2.91145E+00  2.58603E+00  0.00000E+00  1.33833E+00
   -45  3.72896E+00  2.96298E-02  2.60111E+00  3.81057E+00 -4.25264E-02  2.60090E+00  4.96799E+00 -1.06592E+00  2.71494E+00  0.00000E+00  1.10076E+00  1.19921E+00
   -46  1.01062E+01 -5.60909E+00  2.65759E+00  1.06790E+01 -6.11556E+00  2.30827E+00  1.12619E+01 -6.63096E+00  2.62120E+00  0.00000E+00  1.14908E+00  1.11783E+00
   -47  1.25049E+01 -7.73002E+00  2.77293E+00  1.31418E+01 -8.29324E+00  2.19335E+00  1.37874E+01 -8.86401E+00  2.89838E+00  0.00000E+00  1.25099E+00  1.36675E+00
   -48  2.56653E+00  6.87076E-01  2.65931E+00  3.13889E+00  1.80997E-01  2.30831E+00  3.72225E+00 -3.34812E-01  2.62008E+00  0.00000E+00  1.15058E+00  1.11688E+00
   -49  4.96507E+00 -1.43371E+00  2.77099E+00  5.60454E+00 -1.99913E+00  2.19406E+00  6.24697E+00 -2.56716E+00  2.89757E+00  0.00000E+00  1.24924E+00  1.36598E+00
   -50  1.01003E+01 -5.97430E+00  2.61793E+00  1.06847E+01 -6.49097E+00  2.30840E+00  1.12561E+01 -6.99622E+00  2.66281E+00  0.00000E+00  1.11504E+00  1.15361E+00
   -51  3.67797E-02  2.55351E+00  2.89674E+00  6.75680E-01  1.98860E+00  2.19480E+00  1.31807E+00  1.42059E+00  2.76904E+00  0.00000E+00  1.36520E+00  1.24749E+00
   -52  2.56072E+00  3.21846E-01  2.61899E+00  3.14456E+00 -1.94384E-01  2.30835E+00  3.71645E+00 -7.00056E-01  2.66105E+00  0.00000E+00  1.11595E+00  1.15208E+00
   -53  1.00119E+01 -6.26646E+00  2.60134E+00  1.00935E+01 -6.33860E+00  2.60073E+00  1.12510E+01 -7.36212E+00  2.71695E+00  0.00000E+00  1.10096E+00  1.20099E+00
   -54  2.57168E+00  1.05290E+00  2.71293E+00  3.72896E+00  2.96298E-02  2.60111E+00  4.96799E+00 -1.06592E+00  2.71494E+00  0.00000E+00  1.19744E+00  1.19921E+00
   -55  8.85785E+00 -4.87571E+00  2.76709E+00  1.01003E+01 -5.97430E+00  2.61793E+00  1.12561E+01 -6.99622E+00  2.66281E+00  0.00000E+00  1.24573E+00  1.15361E+00
   -56  1.31807E+00  1.42059E+00  2.76904E+00  2.56072E+00  3.21846E-01  2.61899E+00  3.71645E+00 -7.00056E-01  2.66105E+00  0.00000E+00  1.24749E+00  1.15208E+00
   -57  8.85470E+00 -5.24330E+00  2.71093E+00  1.00119E+01 -6.26646E+00  2.60134E+00  1.12510E+01 -7.36212E+00  2.71695E+00  0.00000E+00  1.19567E+00  1.20099E+00
   -58  1.01062E+01 -5.60909E+00  2.65759E+00  1.12619E+01 -6.63096E+00  2.62120E+00  1.25049E+01 -7.73002E+00  2.77293E+00  0.00000E+00  1.14908E+00  1.25099E+00
   -59  2.56653E+00  6.87076E-01  2.65931E+00  3.72225E+00 -3.34812E-01  2.62008E+00  4.96507E+00 -1.43371E+00  2.77099E+00  0.00000E+00  1.15058E+00  1.24924E+00
   -60  1.30732E+00  2.17084E+00  2.86540E+00  2.57168E+00  1.05290E+00  2.71293E+00  4.96799E+00 -1.06592E+00  2.71494E+00  0.00000E+00  1.33582E+00  1.19921E+00
   -61  8.85634E+00 -4.50400E+00  2.81950E+00  1.01062E+01 -5.60909E+00  2.65759E+00  1.25049E+01 -7.73002E+00  2.77293E+00  0.00000E+00  1.29337E+00  1.25099E+00
   -62  1.31634E+00  1.79250E+00  2.82125E+00  2.56653E+00  6.87076E-01  2.65931E+00  4.96507E+00 -1.43371E+00  2.77099E+00  0.00000E+00  1.29497E+00  1.24924E+00
   -63  7.59094E+00 -4.12588E+00  2.86402E+00  8.85470E+00 -5.24330E+00  2.71093E+00  1.12510E+01 -7.36212E+00  2.71695E+00  0.00000E+00  1.33454E+00  1.20099E+00
   -64  8.85785E+00 -4.87571E+00  2.76709E+00  1.12561E+01 -6.99622E+00  2.66281E+00  1.25071E+01 -8.10234E+00  2.82471E+00  0.00000E+00  1.24573E+00  1.29815E+00
   -65  1.31807E+00  1.42059E+00  2.76904E+00  3.71645E+00 -7.00056E-01  2.66105E+00  4.96703E+00 -1.80582E+00  2.82298E+00  0.00000E+00  1.24749E+00  1.29656E+00
   -66  7.57716E+00 -3.74332E+00  2.89589E+00  8.85785E+00 -4.87571E+00  2.76709E+00  1.25071E+01 -8.10234E+00  2.82471E+00  0.00000E+00  1.36440E+00  1.29815E+00
   -67  3.67797E-02  2.55351E+00  2.89674E+00  1.31807E+00  1.42059E+00  2.76904E+00  4.96703E+00 -1.80582E+00  2.82298E+00  0.00000E+00  1.36520E+00  1.29656E+00
   -68  1.30732E+00  2.17084E+00  2.86540E+00  4.96799E+00 -1.06592E+00  2.71494E+00  6.23293E+00 -2.18438E+00  2.86676E+00  0.00000E+00  1.33582E+00  1.33708E+00
   -69  8.85634E+00 -4.50400E+00  2.81950E+00  1.25049E+01 -7.73002E+00  2.77293E+00  1.37874E+01 -8.86401E+00  2.89838E+00  0.00000E+00  1.29337E+00  1.36675E+00
   -70  1.31634E+00  1.79250E+00  2.82125E+00  4.96507E+00 -1.43371E+00  2.77099E+00  6.24697E+00 -2.56716E+00  2.89757E+00  0.00000E+00  1.29497E+00  1.36598E+00
   -71  7.59094E+00 -4.12588E+00  2.86402E+00  1.12510E+01 -7.36212E+00  2.71695E+00  1.25166E+01 -8.48112E+00  2.86810E+00  0.00000E+00  1.33454E+00  1.33833E+00
   -72 -1.60304E-02  3.34095E+00  2.91198E+00  1.30732E+00  2.17084E+00  2.86540E+00  6.23293E+00 -2.18438E+00  2.86676E+00  0.00000E+00  1.37960E+00  1.33708E+00
   -73  7.55685E+00 -3.35499E+00  2.91172E+00  8.85634E+00 -4.50400E+00  2.81950E+00  1.37874E+01 -8.86401E+00  2.89838E+00  0.00000E+00  1.37936E+00  1.36675E+00
   -74  1.60303E-02  2.94223E+00  2.91198E+00  1.31634E+00  1.79250E+00  2.82125E+00  6.24697E+00 -2.56716E+00  2.89757E+00  0.00000E+00  1.37960E+00  1.36598E+00
   -75  6.26817E+00 -2.95629E+00  2.91222E+00  7.59094E+00 -4.12588E+00  2.86402E+00  1.25166E+01 -8.48112E+00  2.86810E+00  0.00000E+00  1.37983E+00  1.33833E+00
   -76  7.57716E+00 -3.74332E+00  2.89589E+00  1.25071E+01 -8.10234E+00  2.82471E+00  1.38090E+01 -9.25355E+00  2.91244E+00  0.00000E+00  1.36440E+00  1.38003E+00
   -77  3.67797E-02  2.55351E+00  2.89674E+00  4.96703E+00 -1.80582E+00  2.82298E+00  6.26817E+00 -2.95629E+00  2.91222E+00  0.00000E+00  1.36520E+00  1.37983E+00
   -78  6.24697E+00 -2.56716E+00  2.89757E+00  7.57716E+00 -3.74332E+00  2.89589E+00  1.38090E+01 -9.25355E+00  2.91244E+00  0.00000E+00  1.36598E+00  1.38003E+00
   -79 -1.60304E-02  3.34095E+00  2.91198E+00  6.23293E+00 -2.18438E+00  2.86676E+00  7.55685E+00 -3.35499E+00  2.91172E+00  0.00000E+00  1.37960E+00  1.37936E+00
   -80  6.26817E+00 -2.95629E+00  2.91222E+00  1.25166E+01 -8.48112E+00  2.86810E+00  1.38410E+01 -9.65219E+00  2.91145E+00  0.00000E+00  1.37983E+00  1.37910E+00
   -81  1.60303E-02  2.94223E+00  2.91198E+00  6.24697E+00 -2.56716E+00  2.89757E+00  1.38090E+01 -9.25355E+00  2.91244E+00  0.00000E+00  1.37960E+00  1.38003E+00
    82 -2.79996E-02  3.53672E+00  2.90647E+00  6.35146E-01  2.95037E+00  2.16860E+00  1.30075E+00  2.36184E+00  2.88293E+00  3.51197E+00  0.00000E+00  1.37439E+00
    83  1.30075E+00  2.36184E+00  2.88293E+00  1.98302E+00  1.75858E+00  2.19846E+00  2.57360E+00  1.23639E+00  2.74121E+00  3.51197E+00  0.00000E+00  1.35221E+00
    84  2.57360E+00  1.23639E+00  2.74121E+00  3.24765E+00  6.40395E-01  2.27851E+00  3.73407E+00  2.10301E-01  2.60127E+00  3.51197E+00  0.00000E+00  1.22253E+00
    85  3.73407E+00  2.10301E-01  2.60127E+00  3.76069E+00  1.86763E-01  2.60026E+00  3.81422E+00  1.39429E-01  2.60681E+00  3.51197E+00  0.00000E+00  1.10090E+00
    86  3.81422E+00  1.39429E-01  2.60681E+00  4.31961E+00 -3.07435E-01  2.29712E+00  4.40759E+00 -3.85224E-01  2.30906E+00  3.51197E+00  0.00000E+00  1.10560E+00
    87  4.40759E+00 -3.85224E-01  2.30906E+00  4.43370E+00 -4.08311E-01  2.30840E+00  4.97039E+00 -8.82855E-01  2.68710E+00  3.51197E+00  0.00000E+00  8.67455E-01
    88  4.97039E+00 -8.82855E-01  2.68710E+00  5.54685E+00 -1.39256E+00  2.21710E+00  6.22742E+00 -1.99432E+00  2.84621E+00  3.51197E+00  0.00000E+00  1.17475E+00
    89  6.22742E+00 -1.99432E+00  2.84621E+00  6.89449E+00 -2.58415E+00  2.17118E+00  7.54104E+00 -3.15582E+00  2.91366E+00  3.51197E+00  0.00000E+00  1.31799E+00
    90  7.54104E+00 -3.15582E+00  2.91366E+00  8.18575E+00 -3.72587E+00  2.17164E+00  8.85288E+00 -4.31575E+00  2.84306E+00  3.51197E+00  0.00000E+00  1.38120E+00
    91  8.85288E+00 -4.31575E+00  2.84306E+00  9.53327E+00 -4.91735E+00  2.21892E+00  1.01089E+01 -5.42631E+00  2.68326E+00  3.51197E+00  0.00000E+00  1.31507E+00
    92  1.01089E+01 -5.42631E+00  2.68326E+00  1.06439E+01 -5.89942E+00  2.30800E+00  1.06735E+01 -5.92553E+00  2.30896E+00  3.51197E+00  0.00000E+00  1.17139E+00
    93  1.06735E+01 -5.92553E+00  2.30896E+00  1.07574E+01 -5.99971E+00  2.29783E+00  1.12650E+01 -6.44851E+00  2.60817E+00  3.51197E+00  0.00000E+00  8.67378E-01
    94  1.12650E+01 -6.44851E+00  2.60817E+00  1.13205E+01 -6.49762E+00  2.60107E+00  1.13446E+01 -6.51890E+00  2.60182E+00  3.51197E+00  0.00000E+00  1.10675E+00
    95  1.13446E+01 -6.51890E+00  2.60182E+00  1.18311E+01 -6.94907E+00  2.27659E+00  1.25058E+01 -7.54570E+00  2.74521E+00  3.51197E+00  0.00000E+00  1.10137E+00
    96  1.25058E+01 -7.54570E+00  2.74521E+00  1.30977E+01 -8.06905E+00  2.19752E+00  1.37799E+01 -8.67221E+00  2.88513E+00  3.51197E+00  0.00000E+00  1.22610E+00
    97  1.37799E+01 -8.67221E+00  2.88513E+00  1.44454E+01 -9.26068E+00  2.16857E+00  1.51090E+01 -9.84745E+00  2.90535E+00  3.51197E+00  0.00000E+00  1.35427E+00
    98 -1.67199E-16  3.14159E+00  2.91367E+00  6.45629E-01  2.57073E+00  2.17141E+00  1.31274E+00  1.98087E+00  2.84464E+00  3.14159E+00  0.00000E+00  1.38120E+00
    99  1.31274E+00  1.98087E+00  2.84464E+00  1.99321E+00  1.37919E+00  2.21800E+00  2.56925E+00  8.69863E-01  2.68518E+00  3.14159E+00  0.00000E+00  1.31653E+00
   100  2.56925E+00  8.69863E-01  2.68518E+00  3.10509E+00  3.96074E-01  2.30820E+00  3.13298E+00  3.71408E-01  2.30901E+00  3.14159E+00  0.00000E+00  1.17307E+00
   101  3.13298E+00  3.71408E-01  2.30901E+00  3.21887E+00  2.95471E-01  2.29748E+00  3.72537E+00 -1.52377E-01  2.60748E+00  3.14159E+00  0.00000E+00  8.67417E-01
   102  3.72537E+00 -1.52377E-01  2.60748E+00  3.77989E+00 -2.00589E-01  2.60065E+00  3.80526E+00 -2.23020E-01  2.60153E+00  3.14159E+00  0.00000E+00  1.10616E+00
   103  3.80526E+00 -2.23020E-01  2.60153E+00  4.29170E+00 -6.53129E-01  2.27756E+00  4.96612E+00 -1.24945E+00  2.74321E+00  3.14159E+00  0.00000E+00  1.10112E+00
   104  4.96612E+00 -1.24945E+00  2.74321E+00  5.55735E+00 -1.77221E+00  2.19798E+00  6.23956E+00 -2.37543E+00  2.88404E+00  3.14159E+00  0.00000E+00  1.22432E+00
   105  6.23956E+00 -2.37543E+00  2.88404E+00  6.90514E+00 -2.96393E+00  2.16859E+00  7.56853E+00 -3.55050E+00  2.90592E+00  3.14159E+00  0.00000E+00  1.35325E+00
   106  7.56853E+00 -3.55050E+00  2.90592E+00  8.19458E+00 -4.10406E+00  2.18452E+00  8.85789E+00 -4.69055E+00  2.79400E+00  3.14159E+00  0.00000E+00  1.37387E+00
   107  8.85789E+00 -4.69055E+00  2.79400E+00  9.53659E+00 -5.29066E+00  2.24909E+00  1.01033E+01 -5.79174E+00  2.63538E+00  3.14159E+00  0.00000E+00  1.27008E+00
   108  1.01033E+01 -5.79174E+00  2.63538E+00  1.06270E+01 -6.25481E+00  2.30278E+00  1.06817E+01 -6.30315E+00  2.30801E+00  3.14159E+00  0.00000E+00  1.12996E+00
   109  1.06817E+01 -6.30315E+00  2.30801E+00  1.07342E+01 -6.34958E+00  2.30323E+00  1.12589E+01 -6.81355E+00  2.63975E+00  3.14159E+00  0.00000E+00  8.66667E-01
   110  1.12589E+01 -6.81355E+00  2.63975E+00  1.18263E+01 -7.31519E+00  2.24564E+00  1.25051E+01 -7.91544E+00  2.79957E+00  3.14159E+00  0.00000E+00  1.13371E+00
   111  1.25051E+01 -7.91544E+00  2.79957E+00  1.31695E+01 -8.50285E+00  2.18253E+00  1.37965E+01 -9.05725E+00  2.90751E+00  3.14159E+00  0.00000E+00  1.27515E+00
   112  1.37965E+01 -9.05725E+00  2.90751E+00  1.44591E+01 -9.64311E+00  2.16864E+00  1.51247E+01 -1.02317E+01  2.88065E+00  3.14159E+00  0.00000E+00  1.37537E+00
   113  2.79996E-02  2.74646E+00  2.90647E+00  6.54337E-01  2.19265E+00  2.18384E+00  1.31801E+00  1.60583E+00  2.79587E+00  2.77122E+00  0.00000E+00  1.37439E+00
   114  1.31801E+00  1.60583E+00  2.79587E+00  1.99677E+00  1.00568E+00  2.24794E+00  2.56367E+00  5.04419E-01  2.63681E+00  2.77122E+00  0.00000E+00  1.27177E+00
   115  2.56367E+00  5.04419E-01  2.63681E+00  3.08774E+00  4.10377E-02  2.30293E+00  3.14168E+00 -6.65355E-03  2.30801E+00  2.77122E+00  0.00000E+00  1.13119E+00
   116  3.14168E+00 -6.65355E-03  2.30801E+00  3.19490E+00 -5.37101E-02  2.30308E+00  3.71931E+00 -5.17392E-01  2.63827E+00  2.77122E+00  0.00000E+00  8.66664E-01
   117  3.71931E+00 -5.17392E-01  2.63827E+00  4.28642E+00 -1.01884E+00  2.24679E+00  4.96523E+00 -1.61904E+00  2.79772E+00  2.77122E+00  0.00000E+00  1.13244E+00
   118  4.96523E+00 -1.61904E+00  2.79772E+00  5.62925E+00 -2.20616E+00  2.18317E+00  6.25591E+00 -2.76025E+00  2.90700E+00  2.77122E+00  0.00000E+00  1.27346E+00
   119  6.25591E+00 -2.76025E+00  2.90700E+00  6.91879E+00 -3.34637E+00  2.16862E+00  7.58443E+00 -3.93494E+00  2.88180E+00  2.77122E+00  0.00000E+00  1.37489E+00
   120  7.58443E+00 -3.93494E+00  2.88180E+00  8.26673E+00 -4.53822E+00  2.19895E+00  8.85667E+00 -5.05985E+00  2.73921E+00  2.77122E+00  0.00000E+00  1.35115E+00
   121  8.85667E+00 -5.05985E+00  2.73921E+00  9.53033E+00 -5.65550E+00  2.27945E+00  1.00168E+01 -6.08563E+00  2.60104E+00  2.77122E+00  0.00000E+00  1.22075E+00
   122  1.00168E+01 -6.08563E+00  2.60104E+00  1.00446E+01 -6.11023E+00  2.59989E+00  1.00972E+01 -6.15670E+00  2.60618E+00  2.77122E+00  0.00000E+00  1.10070E+00
   123  1.00972E+01 -6.15670E+00  2.60618E+00  1.06014E+01 -6.60256E+00  2.29673E+00  1.06916E+01 -6.68231E+00  2.30911E+00  2.77122E+00  0.00000E+00  1.10506E+00
   124  1.06916E+01 -6.68231E+00  2.30911E+00  1.07157E+01 -6.70365E+00  2.30859E+00  1.12534E+01 -7.17903E+00  2.68904E+00  2.77122E+00  0.00000E+00  8.67494E-01
   125  1.12534E+01 -7.17903E+00  2.68904E+00  1.18303E+01 -7.68912E+00  2.21621E+00  1.25109E+01 -8.29096E+00  2.84777E+00  2.77122E+00  0.00000E+00  1.17644E+00
   126  1.25109E+01 -8.29096E+00  2.84777E+00  1.31780E+01 -8.88076E+00  2.17097E+00  1.38254E+01 -9.45323E+00  2.91364E+00  2.77122E+00  0.00000E+00  1.31943E+00
  -127  2.57360E+00  1.23639E+00  2.74121E+00  3.73407E+00  2.10301E-01  2.60127E+00  3.81422E+00  1.39429E-01  2.60681E+00  0.00000E+00  1.22253E+00  1.10560E+00
  -128  3.81422E+00  1.39429E-01  2.60681E+00  4.40759E+00 -3.85224E-01  2.30906E+00  4.97039E+00 -8.82855E-01  2.68710E+00  0.00000E+00  1.10560E+00  1.17475E+00
  -129  1.01089E+01 -5.42631E+00  2.68326E+00  1.06735E+01 -5.92553E+00  2.30896E+00  1.12650E+01 -6.44851E+00  2.60817E+00  0.00000E+00  1.17139E+00  1.10675E+00
  -130  1.12650E+01 -6.44851E+00  2.60817E+00  1.13446E+01 -6.51890E+00  2.60182E+00  1.25058E+01 -7.54570E+00  2.74521E+00  0.00000E+00  1.10675E+00  1.22610E+00
  -131  2.56925E+00  8.69863E-01  2.68518E+00  3.13298E+00  3.71408E-01  2.30901E+00  3.72537E+00 -1.52377E-01  2.60748E+00  0.00000E+00  1.17307E+00  1.10616E+00
  -132  3.72537E+00 -1.52377E-01  2.60748E+00  3.80526E+00 -2.23020E-01  2.60153E+00  4.96612E+00 -1.24945E+00  2.74321E+00  0.00000E+00  1.10616E+00  1.22432E+00
  -133  1.01033E+01 -5.79174E+00  2.63538E+00  1.06817E+01 -6.30315E+00  2.30801E+00  1.12589E+01 -6.81355E+00  2.63975E+00  0.00000E+00  1.12996E+00  1.13371E+00
  -134  2.56367E+00  5.04419E-01  2.63681E+00  3.14168E+00 -6.65355E-03  2.30801E+00  3.71931E+00 -5.17392E-01  2.63827E+00  0.00000E+00  1.13119E+00  1.13244E+00
  -135  8.85667E+00 -5.05985E+00  2.73921E+00  1.00168E+01 -6.08563E+00  2.60104E+00  1.00972E+01 -6.15670E+00  2.60618E+00  0.00000E+00  1.22075E+00  1.10506E+00
  -136  1.00972E+01 -6.15670E+00  2.60618E+00  1.06916E+01 -6.68231E+00  2.30911E+00  1.12534E+01 -7.17903E+00  2.68904E+00  0.00000E+00  1.10506E+00  1.17644E+00
  -137  8.85789E+00 -4.69055E+00  2.79400E+00  1.01033E+01 -5.79174E+00  2.63538E+00  1.12589E+01 -6.81355E+00  2.63975E+00  0.00000E+00  1.27008E+00  1.13371E+00
  -138  1.31801E+00  1.60583E+00  2.79587E+00  2.56367E+00  5.04419E-01  2.63681E+00  3.71931E+00 -5.17392E-01  2.63827E+00  0.00000E+00  1.27177E+00  1.13244E+00
  -139  2.57360E+00  1.23639E+00  2.74121E+00  3.81422E+00  1.39429E-01  2.60681E+00  4.97039E+00 -8.82855E-01  2.68710E+00  0.00000E+00  1.22253E+00  1.17475E+00
  -140  1.01089E+01 -5.42631E+00  2.68326E+00  1.12650E+01 -6.44851E+00  2.60817E+00  1.25058E+01 -7.54570E+00  2.74521E+00  0.00000E+00  1.17139E+00  1.22610E+00
  -141  2.56925E+00  8.69863E-01  2.68518E+00  3.72537E+00 -1.52377E-01  2.60748E+00  4.96612E+00 -1.24945E+00  2.74321E+00  0.00000E+00  1.17307E+00  1.22432E+00
  -142  8.85667E+00 -5.05985E+00  2.73921E+00  1.00972E+01 -6.15670E+00  2.60618E+00  1.12534E+01 -7.17903E+00  2.68904E+00  0.00000E+00  1.22075E+00  1.17644E+00
  -143  8.85288E+00 -4.31575E+00  2.84306E+00  1.01089E+01 -5.42631E+00  2.68326E+00  1.25058E+01 -7.54570E+00  2.74521E+00  0.00000E+00  1.31507E+00  1.22610E+00
  -144  1.31274E+00  1.98087E+00  2.84464E+00  2.56925E+00  8.69863E-01  2.68518E+00  4.96612E+00 -1.24945E+00  2.74321E+00  0.00000E+00  1.31653E+00  1.22432E+00
  -145  8.85789E+00 -4.69055E+00  2.79400E+00  1.12589E+01 -6.81355E+00  2.63975E+00  1.25051E+01 -7.91544E+00  2.79957E+00  0.00000E+00  1.27008E+00  1.27515E+00
  -146  1.31801E+00  1.60583E+00  2.79587E+00  3.71931E+00 -5.17392E-01  2.63827E+00  4.96523E+00 -1.61904E+00  2.79772E+00  0.00000E+00  1.27177E+00  1.27346E+00
  -147  2.57360E+00  1.23639E+00  2.74121E+00  4.97039E+00 -8.82855E-01  2.68710E+00  6.22742E+00 -1.99432E+00  2.84621E+00  0.00000E+00  1.22253E+00  1.31799E+00
  -148  8.85667E+00 -5.05985E+00  2.73921E+00  1.12534E+01 -7.17903E+00  2.68904E+00  1.25109E+01 -8.29096E+00  2.84777E+00  0.00000E+00  1.22075E+00  1.31943E+00
  -149  1.30075E+00  2.36184E+00  2.88293E+00  2.57360E+00  1.23639E+00  2.74121E+00  6.22742E+00 -1.99432E+00  2.84621E+00  0.00000E+00  1.35221E+00  1.31799E+00
  -150  7.56853E+00 -3.55050E+00  2.90592E+00  8.85789E+00 -4.69055E+00  2.79400E+00  1.25051E+01 -7.91544E+00  2.79957E+00  0.00000E+00  1.37387E+00  1.27515E+00
  -151  2.79996E-02  2.74646E+00  2.90647E+00  1.31801E+00  1.60583E+00  2.79587E+00  4.96523E+00 -1.61904E+00  2.79772E+00  0.00000E+00  1.37439E+00  1.27346E+00
  -152  7.58443E+00 -3.93494E+00  2.88180E+00  8.85667E+00 -5.05985E+00  2.73921E+00  1.25109E+01 -8.29096E+00  2.84777E+00  0.00000E+00  1.35115E+00  1.31943E+00
  -153  8.85288E+00 -4.31575E+00  2.84306E+00  1.25058E+01 -7.54570E+00  2.74521E+00  1.37799E+01 -8.67221E+00  2.88513E+00  0.00000E+00  1.31507E+00  1.35427E+00
  -154  1.31274E+00  1.98087E+00  2.84464E+00  4.96612E+00 -1.24945E+00  2.74321E+00  6.23956E+00 -2.37543E+00  2.88404E+00  0.00000E+00  1.31653E+00  1.35325E+00
  -155  7.54104E+00 -3.15582E+00  2.91366E+00  8.85288E+00 -4.31575E+00  2.84306E+00  1.37799E+01 -8.67221E+00  2.88513E+00  0.00000E+00  1.38120E+00  1.35427E+00
  -156 -1.67199E-16  3.14159E+00  2.91367E+00  1.31274E+00  1.98087E+00  2.84464E+00  6.23956E+00 -2.37543E+00  2.88404E+00  0.00000E+00  1.38120E+00  1.35325E+00
  -157  1.30075E+00  2.36184E+00  2.88293E+00  6.22742E+00 -1.99432E+00  2.84621E+00  7.54104E+00 -3.15582E+00  2.91366E+00  0.00000E+00  1.35221E+00  1.38120E+00
  -158  7.56853E+00 -3.55050E+00  2.90592E+00  1.25051E+01 -7.91544E+00  2.79957E+00  1.37965E+01 -9.05725E+00  2.90751E+00  0.00000E+00  1.37387E+00  1.37537E+00
  -159  2.79996E-02  2.74646E+00  2.90647E+00  4.96523E+00 -1.61904E+00  2.79772E+00  6.25591E+00 -2.76025E+00  2.90700E+00  0.00000E+00  1.37439E+00  1.37489E+00
  -160  7.58443E+00 -3.93494E+00  2.88180E+00  1.25109E+01 -8.29096E+00  2.84777E+00  1.38254E+01 -9.45323E+00  2.91364E+00  0.00000E+00  1.35115E+00  1.38117E+00
  -161 -2.79996E-02  3.53672E+00  2.90647E+00  1.30075E+00  2.36184E+00  2.88293E+00  7.54104E+00 -3.15582E+00  2.91366E+00  0.00000E+00  1.37439E+00  1.38120E+00
  -162  6.25591E+00 -2.76025E+00  2.90700E+00  7.58443E+00 -3.93494E+00  2.88180E+00  1.38254E+01 -9.45323E+00  2.91364E+00  0.00000E+00  1.37489E+00  1.38117E+00
  -163  7.54104E+00 -3.15582E+00  2.91366E+00  1.37799E+01 -8.67221E+00  2.88513E+00  1.51090E+01 -9.84745E+00  2.90535E+00  0.00000E+00  1.38120E+00  1.37333E+00
  -164 -1.67199E-16  3.14159E+00  2.91367E+00  6.23956E+00 -2.37543E+00  2.88404E+00  7.56853E+00 -3.55050E+00  2.90592E+00  0.00000E+00  1.38120E+00  1.37387E+00
  -165 -1.67199E-16  3.14159E+00  2.91367E+00  7.56853E+00 -3.55050E+00  2.90592E+00  1.37965E+01 -9.05725E+00  2.90751E+00  0.00000E+00  1.38120E+00  1.37537E+00
