 ##################################################
 #WARNING: these are left-handed Boozer coordinates
 #(similar, but not equal, to PEST)
 ##################################################
  0.172000000000000     
          65
          65
           5
 -2.33803E-01 -2.42574E-01 -2.55281E-01 -2.68011E-01 -2.78461E-01 -2.86755E-01 -2.94761E-01 -3.04516E-01 -3.16857E-01 -3.31081E-01 -3.45751E-01 -3.59963E-01 -3.74158E-01 -3.89919E-01 -4.08965E-01 -4.32127E-01 -4.59130E-01 -4.89423E-01 -5.23440E-01 -5.63233E-01 -6.11635E-01 -6.70069E-01 -7.36098E-01 -8.02363E-01 -8.58034E-01 -8.92604E-01 -9.00460E-01 -8.83899E-01 -8.52790E-01 -8.20689E-01 -7.99041E-01 -7.92278E-01 -7.96310E-01 -8.01266E-01 -7.97150E-01 -7.79529E-01 -7.52262E-01 -7.25793E-01 -7.11834E-01 -7.17151E-01 -7.39670E-01 -7.68913E-01 -7.90558E-01 -7.92781E-01 -7.71227E-01 -7.30225E-01 -6.79904E-01 -6.30921E-01 -5.89638E-01 -5.56115E-01 -5.25629E-01 -4.92532E-01 -4.54082E-01 -4.12159E-01 -3.72085E-01 -3.39468E-01 -3.17037E-01 -3.03284E-01 -2.93585E-01 -2.83023E-01 -2.69197E-01 -2.53422E-01 -2.39747E-01 -2.32495E-01 -2.33803E-01
 -2.26665E-01 -2.36756E-01 -2.47327E-01 -2.54918E-01 -2.59046E-01 -2.62202E-01 -2.68100E-01 -2.79330E-01 -2.95864E-01 -3.15293E-01 -3.34530E-01 -3.51839E-01 -3.67861E-01 -3.85047E-01 -4.05933E-01 -4.31493E-01 -4.60744E-01 -4.91911E-01 -5.24351E-01 -5.59785E-01 -6.01690E-01 -6.52820E-01 -7.12170E-01 -7.73287E-01 -8.25391E-01 -8.57273E-01 -8.62284E-01 -8.41884E-01 -8.05715E-01 -7.67832E-01 -7.40787E-01 -7.30442E-01 -7.34117E-01 -7.43007E-01 -7.47519E-01 -7.42676E-01 -7.30682E-01 -7.19308E-01 -7.17017E-01 -7.27545E-01 -7.46929E-01 -7.64663E-01 -7.68412E-01 -7.49830E-01 -7.08454E-01 -6.51729E-01 -5.91290E-01 -5.37582E-01 -4.95617E-01 -4.63928E-01 -4.36912E-01 -4.08944E-01 -3.77841E-01 -3.45814E-01 -3.17638E-01 -2.97367E-01 -2.85669E-01 -2.79375E-01 -2.73398E-01 -2.63788E-01 -2.50056E-01 -2.35383E-01 -2.24671E-01 -2.21630E-01 -2.26665E-01
 -2.06623E-01 -2.14430E-01 -2.19506E-01 -2.19387E-01 -2.15396E-01 -2.11908E-01 -2.13892E-01 -2.24210E-01 -2.42220E-01 -2.64449E-01 -2.86814E-01 -3.06992E-01 -3.25510E-01 -3.44992E-01 -3.68157E-01 -3.95978E-01 -4.27228E-01 -4.59737E-01 -4.92456E-01 -5.26826E-01 -5.66248E-01 -6.13651E-01 -6.68437E-01 -7.24746E-01 -7.72437E-01 -8.00787E-01 -8.03260E-01 -7.80959E-01 -7.42814E-01 -7.02200E-01 -6.71510E-01 -6.57350E-01 -6.58680E-01 -6.68690E-01 -6.79238E-01 -6.85316E-01 -6.87150E-01 -6.88891E-01 -6.94829E-01 -7.05466E-01 -7.15823E-01 -7.17078E-01 -7.00737E-01 -6.63070E-01 -6.07389E-01 -5.42906E-01 -4.80776E-01 -4.29428E-01 -3.91568E-01 -3.64277E-01 -3.41849E-01 -3.19581E-01 -2.96352E-01 -2.74665E-01 -2.58377E-01 -2.49705E-01 -2.47389E-01 -2.47131E-01 -2.44019E-01 -2.35399E-01 -2.22448E-01 -2.09485E-01 -2.01420E-01 -2.00865E-01 -2.06623E-01
 -1.79814E-01 -1.81550E-01 -1.77867E-01 -1.67737E-01 -1.54059E-01 -1.42405E-01 -1.38321E-01 -1.44696E-01 -1.60643E-01 -1.82394E-01 -2.05611E-01 -2.27697E-01 -2.48814E-01 -2.71150E-01 -2.97076E-01 -3.27447E-01 -3.61183E-01 -3.96337E-01 -4.31860E-01 -4.68741E-01 -5.09532E-01 -5.56284E-01 -6.08034E-01 -6.59445E-01 -7.01741E-01 -7.25855E-01 -7.26408E-01 -7.04523E-01 -6.67948E-01 -6.28280E-01 -5.96563E-01 -5.79370E-01 -5.77177E-01 -5.85598E-01 -5.98537E-01 -6.11382E-01 -6.22515E-01 -6.32495E-01 -6.41718E-01 -6.48220E-01 -6.47195E-01 -6.32715E-01 -6.00778E-01 -5.51952E-01 -4.92005E-01 -4.30025E-01 -3.74896E-01 -3.31949E-01 -3.01462E-01 -2.79694E-01 -2.61712E-01 -2.44358E-01 -2.27704E-01 -2.14318E-01 -2.06967E-01 -2.06247E-01 -2.09661E-01 -2.12700E-01 -2.11275E-01 -2.04025E-01 -1.93068E-01 -1.82720E-01 -1.76897E-01 -1.76731E-01 -1.79814E-01
 -1.54301E-01 -1.47020E-01 -1.32068E-01 -1.10109E-01 -8.53687E-02 -6.40533E-02 -5.17606E-02 -5.12433E-02 -6.16377E-02 -7.94572E-02 -1.00689E-01 -1.22791E-01 -1.45549E-01 -1.70473E-01 -1.99305E-01 -2.32658E-01 -2.69648E-01 -3.08658E-01 -3.48624E-01 -3.89842E-01 -4.33589E-01 -4.80644E-01 -5.29525E-01 -5.75652E-01 -6.12168E-01 -6.32318E-01 -6.32344E-01 -6.13460E-01 -5.81874E-01 -5.46753E-01 -5.17063E-01 -4.98724E-01 -4.93315E-01 -4.98671E-01 -5.10744E-01 -5.25570E-01 -5.40268E-01 -5.52794E-01 -5.60957E-01 -5.61702E-01 -5.51417E-01 -5.27320E-01 -4.89187E-01 -4.40325E-01 -3.87026E-01 -3.36552E-01 -2.94565E-01 -2.63259E-01 -2.41159E-01 -2.24608E-01 -2.10105E-01 -1.96182E-01 -1.83845E-01 -1.75418E-01 -1.72596E-01 -1.74918E-01 -1.79604E-01 -1.82874E-01 -1.81947E-01 -1.76518E-01 -1.68777E-01 -1.61933E-01 -1.58067E-01 -1.56594E-01 -1.54301E-01
 -1.36948E-01 -1.19100E-01 -9.14854E-02 -5.65254E-02 -1.96344E-02  1.26009E-02  3.47625E-02  4.43537E-02  4.21747E-02  3.12577E-02  1.50224E-02 -4.35176E-03 -2.65556E-02 -5.26177E-02 -8.36978E-02 -1.20015E-01 -1.60547E-01 -2.03583E-01 -2.47682E-01 -2.92299E-01 -3.37596E-01 -3.83479E-01 -4.28463E-01 -4.69123E-01 -5.00673E-01 -5.18544E-01 -5.20307E-01 -5.06982E-01 -4.83078E-01 -4.55292E-01 -4.30444E-01 -4.13540E-01 -4.06727E-01 -4.09378E-01 -4.18997E-01 -4.32306E-01 -4.45984E-01 -4.56887E-01 -4.62017E-01 -4.58643E-01 -4.44830E-01 -4.20246E-01 -3.86751E-01 -3.48290E-01 -3.09879E-01 -2.76026E-01 -2.49271E-01 -2.29563E-01 -2.14803E-01 -2.02257E-01 -1.90093E-01 -1.78235E-01 -1.68109E-01 -1.61491E-01 -1.59175E-01 -1.60271E-01 -1.62548E-01 -1.63612E-01 -1.62192E-01 -1.58725E-01 -1.54825E-01 -1.51907E-01 -1.49771E-01 -1.46045E-01 -1.36948E-01
 -1.31216E-01 -1.02615E-01 -6.20698E-02 -1.36733E-02  3.59791E-02  7.98637E-02  1.12720E-01  1.32400E-01  1.39854E-01  1.37881E-01  1.29367E-01  1.15912E-01  9.74503E-02  7.29154E-02  4.14272E-02  3.27191E-03 -3.98733E-02 -8.55336E-02 -1.31425E-01 -1.76207E-01 -2.19533E-01 -2.61382E-01 -3.01101E-01 -3.36773E-01 -3.65377E-01 -3.83754E-01 -3.89953E-01 -3.84304E-01 -3.69672E-01 -3.50749E-01 -3.32708E-01 -3.19757E-01 -3.14177E-01 -3.16077E-01 -3.23804E-01 -3.34662E-01 -3.45635E-01 -3.53894E-01 -3.57144E-01 -3.53894E-01 -3.43737E-01 -3.27530E-01 -3.07319E-01 -2.85875E-01 -2.65892E-01 -2.49147E-01 -2.35990E-01 -2.25445E-01 -2.15896E-01 -2.06016E-01 -1.95473E-01 -1.85027E-01 -1.75992E-01 -1.69398E-01 -1.65348E-01 -1.62976E-01 -1.61025E-01 -1.58682E-01 -1.56104E-01 -1.54221E-01 -1.53833E-01 -1.54458E-01 -1.53651E-01 -1.47342E-01 -1.31216E-01
 -1.36718E-01 -9.81014E-02 -4.52646E-02  1.62352E-02  7.85782E-02  1.34104E-01  1.77558E-01  2.07217E-01  2.24514E-01  2.32452E-01  2.33670E-01  2.29126E-01  2.17959E-01  1.98489E-01  1.69695E-01  1.32332E-01  8.90790E-02  4.36726E-02 -4.81105E-04 -4.14498E-02 -7.90773E-02 -1.14323E-01 -1.48045E-01 -1.79921E-01 -2.08116E-01 -2.29890E-01 -2.42845E-01 -2.46171E-01 -2.41282E-01 -2.31532E-01 -2.21150E-01 -2.13895E-01 -2.11991E-01 -2.15723E-01 -2.23740E-01 -2.33816E-01 -2.43681E-01 -2.51624E-01 -2.56754E-01 -2.58956E-01 -2.58695E-01 -2.56764E-01 -2.54034E-01 -2.51207E-01 -2.48597E-01 -2.46016E-01 -2.42858E-01 -2.38379E-01 -2.32104E-01 -2.24144E-01 -2.15230E-01 -2.06414E-01 -1.98560E-01 -1.91922E-01 -1.86089E-01 -1.80374E-01 -1.74454E-01 -1.68850E-01 -1.64850E-01 -1.63749E-01 -1.65680E-01 -1.68653E-01 -1.68406E-01 -1.59402E-01 -1.36718E-01
 -1.50457E-01 -1.03000E-01 -3.91654E-02  3.43198E-02  1.08472E-01  1.74870E-01  2.28123E-01  2.66954E-01  2.93523E-01  3.11424E-01  3.23399E-01  3.29902E-01  3.29141E-01  3.18485E-01  2.96397E-01  2.63836E-01  2.24376E-01  1.82979E-01  1.44078E-01  1.09940E-01  8.01529E-02  5.24341E-02  2.43061E-02 -5.25256E-03 -3.50257E-02 -6.20126E-02 -8.28438E-02 -9.54177E-02 -9.99468E-02 -9.89394E-02 -9.61889E-02 -9.53087E-02 -9.85120E-02 -1.06141E-01 -1.17039E-01 -1.29451E-01 -1.41958E-01 -1.54005E-01 -1.65876E-01 -1.78245E-01 -1.91605E-01 -2.05874E-01 -2.20302E-01 -2.33673E-01 -2.44658E-01 -2.52169E-01 -2.55631E-01 -2.55119E-01 -2.51354E-01 -2.45517E-01 -2.38914E-01 -2.32548E-01 -2.26774E-01 -2.21217E-01 -2.15087E-01 -2.07800E-01 -1.99615E-01 -1.91887E-01 -1.86637E-01 -1.85454E-01 -1.88145E-01 -1.91816E-01 -1.91005E-01 -1.79068E-01 -1.50457E-01
 -1.68874E-01 -1.13943E-01 -4.09569E-02  4.25855E-02  1.26829E-01  2.02707E-01  2.64658E-01  3.11754E-01  3.46848E-01  3.74231E-01  3.97000E-01  4.15426E-01  4.27054E-01  4.28383E-01  4.17174E-01  3.94133E-01  3.63089E-01  3.29580E-01  2.98561E-01  2.72438E-01  2.50373E-01  2.29188E-01  2.05353E-01  1.77021E-01  1.45114E-01  1.12959E-01  8.47458E-02  6.36188E-02  5.03437E-02  4.31313E-02  3.85832E-02  3.31917E-02  2.46229E-02  1.22254E-02 -3.33510E-03 -2.09648E-02 -3.99933E-02 -6.05371E-02 -8.32507E-02 -1.08687E-01 -1.36661E-01 -1.65973E-01 -1.94593E-01 -2.20212E-01 -2.40877E-01 -2.55472E-01 -2.63917E-01 -2.67074E-01 -2.66444E-01 -2.63752E-01 -2.60483E-01 -2.57492E-01 -2.54784E-01 -2.51612E-01 -2.46949E-01 -2.40186E-01 -2.31781E-01 -2.23427E-01 -2.17484E-01 -2.15734E-01 -2.17909E-01 -2.20739E-01 -2.18156E-01 -2.02868E-01 -1.68874E-01
 -1.89588E-01 -1.28822E-01 -4.91328E-02  4.17063E-02  1.33541E-01  2.17070E-01  2.86647E-01  3.41462E-01  3.84673E-01  4.20986E-01  4.53889E-01  4.83879E-01  5.08444E-01  5.23713E-01  5.26816E-01  5.17713E-01  4.99542E-01  4.77349E-01  4.55867E-01  4.37511E-01  4.21563E-01  4.04931E-01  3.84023E-01  3.56777E-01  3.23842E-01  2.88379E-01  2.54692E-01  2.26404E-01  2.05068E-01  1.89812E-01  1.78012E-01  1.66553E-01  1.52966E-01  1.35970E-01  1.15301E-01  9.11196E-02  6.34532E-02  3.20380E-02 -3.39039E-03 -4.25731E-02 -8.43235E-02 -1.26505E-01 -1.66431E-01 -2.01516E-01 -2.29892E-01 -2.50791E-01 -2.64582E-01 -2.72543E-01 -2.76460E-01 -2.78175E-01 -2.79150E-01 -2.80121E-01 -2.80943E-01 -2.80749E-01 -2.78441E-01 -2.73404E-01 -2.66134E-01 -2.58378E-01 -2.52530E-01 -2.50357E-01 -2.51510E-01 -2.52584E-01 -2.47347E-01 -2.28370E-01 -1.89588E-01
 -2.12032E-01 -1.47570E-01 -6.43125E-02  3.02757E-02  1.26522E-01  2.15526E-01  2.91749E-01  3.54178E-01  4.05627E-01  4.50607E-01  4.92785E-01  5.33204E-01  5.70014E-01  5.99704E-01  6.19101E-01  6.27107E-01  6.25303E-01  6.17191E-01  6.06523E-01  5.95606E-01  5.84422E-01  5.70962E-01  5.52531E-01  5.27347E-01  4.95632E-01  4.59710E-01  4.23150E-01  3.89415E-01  3.60663E-01  3.37194E-01  3.17661E-01  2.99790E-01  2.81195E-01  2.59923E-01  2.34602E-01  2.04320E-01  1.68476E-01  1.26806E-01  7.95909E-02  2.79211E-02 -2.61988E-02 -8.00365E-02 -1.30598E-01 -1.75227E-01 -2.12122E-01 -2.40634E-01 -2.61264E-01 -2.75414E-01 -2.84971E-01 -2.91827E-01 -2.97418E-01 -3.02391E-01 -3.06509E-01 -3.08883E-01 -3.08514E-01 -3.04989E-01 -2.99008E-01 -2.92394E-01 -2.87411E-01 -2.85510E-01 -2.85994E-01 -2.85258E-01 -2.77156E-01 -2.54613E-01 -2.12032E-01
 -2.36902E-01 -1.71487E-01 -8.83921E-02  5.81113E-03  1.02763E-01  1.94673E-01  2.76390E-01  3.46407E-01  4.06512E-01  4.60284E-01  5.11143E-01  5.60769E-01  6.08502E-01  6.51867E-01  6.87867E-01  7.14383E-01  7.31033E-01  7.39148E-01  7.40966E-01  7.38502E-01  7.32654E-01  7.22969E-01  7.08121E-01  6.86838E-01  6.58797E-01  6.25092E-01  5.88056E-01  5.50578E-01  5.15213E-01  4.83462E-01  4.55456E-01  4.30086E-01  4.05434E-01  3.79285E-01  3.49539E-01  3.14467E-01  2.72845E-01  2.24079E-01  1.68348E-01  1.06769E-01  4.14669E-02 -2.45608E-02 -8.78326E-02 -1.44988E-01 -1.93453E-01 -2.31970E-01 -2.60803E-01 -2.81539E-01 -2.96518E-01 -3.08078E-01 -3.17854E-01 -3.26380E-01 -3.33143E-01 -3.37090E-01 -3.37385E-01 -3.34109E-01 -3.28552E-01 -3.22888E-01 -3.19247E-01 -3.18494E-01 -3.19204E-01 -3.17337E-01 -3.06923E-01 -2.81651E-01 -2.36902E-01
 -2.64955E-01 -2.01714E-01 -1.22737E-01 -3.32333E-02  6.04279E-02  1.52201E-01  2.37642E-01  3.14664E-01  3.83566E-01  4.46391E-01  5.05808E-01  5.63916E-01  6.21362E-01  6.77074E-01  7.28685E-01  7.73436E-01  8.09195E-01  8.35139E-01  8.51842E-01  8.60757E-01  8.63378E-01  8.60496E-01  8.51919E-01  8.36785E-01  8.14283E-01  7.84429E-01  7.48473E-01  7.08748E-01  6.68016E-01  6.28619E-01  5.91816E-01  5.57559E-01  5.24720E-01  4.91575E-01  4.56262E-01  4.17022E-01  3.72243E-01  3.20473E-01  2.60618E-01  1.92411E-01  1.16986E-01  3.72445E-02 -4.23150E-02 -1.16427E-01 -1.80361E-01 -2.31214E-01 -2.68674E-01 -2.94883E-01 -3.13435E-01 -3.27917E-01 -3.40619E-01 -3.51950E-01 -3.60784E-01 -3.65526E-01 -3.65343E-01 -3.60964E-01 -3.54641E-01 -3.49260E-01 -3.46975E-01 -3.47958E-01 -3.49793E-01 -3.47801E-01 -3.36193E-01 -3.09674E-01 -2.64955E-01
 -2.95967E-01 -2.37892E-01 -1.66605E-01 -8.57265E-02  7.34543E-04  8.88883E-02  1.75352E-01  2.57636E-01  3.34520E-01  4.06253E-01  4.74351E-01  5.40889E-01  6.07490E-01  6.74400E-01  7.40111E-01  8.01762E-01  8.56154E-01  9.00908E-01  9.35186E-01  9.59641E-01  9.75655E-01  9.84316E-01  9.85732E-01  9.79046E-01  9.63140E-01  9.37593E-01  9.03336E-01  8.62627E-01  8.18351E-01  7.73059E-01  7.28259E-01  6.84311E-01  6.40857E-01  5.97398E-01  5.53562E-01  5.08815E-01  4.61837E-01  4.10097E-01  3.50145E-01  2.78816E-01  1.94935E-01  1.00727E-01  2.08307E-03 -9.26857E-02 -1.75278E-01 -2.40045E-01 -2.85691E-01 -3.15281E-01 -3.34538E-01 -3.49261E-01 -3.63045E-01 -3.76328E-01 -3.87087E-01 -3.92699E-01 -3.91921E-01 -3.85970E-01 -3.78166E-01 -3.72364E-01 -3.71003E-01 -3.73708E-01 -3.77104E-01 -3.75843E-01 -3.64318E-01 -3.38311E-01 -2.95967E-01
 -3.28444E-01 -2.77792E-01 -2.16768E-01 -1.47454E-01 -7.15225E-02  9.41216E-03  9.33243E-02  1.77749E-01  2.60354E-01  3.39810E-01  4.16353E-01  4.91588E-01  5.67497E-01  6.45139E-01  7.23745E-01  8.00724E-01  8.72592E-01  9.36283E-01  9.90119E-01  1.03392E+00  1.06827E+00  1.09344E+00  1.10876E+00  1.11277E+00  1.10416E+00  1.08282E+00  1.05039E+00  1.00983E+00  9.64283E-01  9.15903E-01  8.65361E-01  8.12354E-01  7.56764E-01  6.99624E-01  6.43106E-01  5.89299E-01  5.38357E-01  4.87158E-01  4.29534E-01  3.58391E-01  2.69011E-01  1.62004E-01  4.43727E-02 -7.21114E-02 -1.74704E-01 -2.54082E-01 -3.07388E-01 -3.38568E-01 -3.55956E-01 -3.68315E-01 -3.81262E-01 -3.95673E-01 -4.08615E-01 -4.16067E-01 -4.15837E-01 -4.09139E-01 -4.00089E-01 -3.93531E-01 -3.92438E-01 -3.96263E-01 -4.01008E-01 -4.00859E-01 -3.90425E-01 -3.66472E-01 -3.28444E-01
 -3.60151E-01 -3.18061E-01 -2.68497E-01 -2.12291E-01 -1.49129E-01 -7.85527E-02 -1.09620E-03  8.12984E-02  1.65892E-01  2.50402E-01  3.34070E-01  4.17829E-01  5.03426E-01  5.92013E-01  6.83052E-01  7.74186E-01  8.62107E-01  9.43823E-01  1.01752E+00  1.08251E+00  1.13831E+00  1.18367E+00  1.21621E+00  1.23321E+00  1.23298E+00  1.21617E+00  1.18592E+00  1.14669E+00  1.10227E+00  1.05414E+00  1.00128E+00  9.41600E-01  8.74258E-01  8.01452E-01  7.28322E-01  6.60686E-01  6.01599E-01  5.48610E-01  4.93498E-01  4.25124E-01  3.34407E-01  2.19162E-01  8.63843E-02 -4.93590E-02 -1.70937E-01 -2.64878E-01 -3.26028E-01 -3.58584E-01 -3.73222E-01 -3.81859E-01 -3.92652E-01 -4.07498E-01 -4.22922E-01 -4.33476E-01 -4.35603E-01 -4.29896E-01 -4.20713E-01 -4.13626E-01 -4.12269E-01 -4.16341E-01 -4.21738E-01 -4.22547E-01 -4.13684E-01 -3.92730E-01 -3.60151E-01
 -3.89032E-01 -3.55546E-01 -3.17316E-01 -2.74285E-01 -2.24702E-01 -1.66512E-01 -9.88894E-02 -2.29234E-02  5.89629E-02  1.44397E-01  2.32299E-01  3.23165E-01  4.18228E-01  5.18075E-01  6.21659E-01  7.26340E-01  8.28898E-01  9.26779E-01  1.01868E+00  1.10402E+00  1.18164E+00  1.24868E+00  1.30069E+00  1.33303E+00  1.34318E+00  1.33238E+00  1.30551E+00  1.26902E+00  1.22786E+00  1.18310E+00  1.13173E+00  1.06906E+00  9.92466E-01  9.04377E-01  8.12517E-01  7.26863E-01  6.54575E-01  5.95507E-01  5.40916E-01  4.76497E-01  3.88710E-01  2.71535E-01  1.30348E-01 -1.91052E-02 -1.56371E-01 -2.64039E-01 -3.34054E-01 -3.69799E-01 -3.83259E-01 -3.88916E-01 -3.97485E-01 -4.12374E-01 -4.30202E-01 -4.44512E-01 -4.50375E-01 -4.47353E-01 -4.39466E-01 -4.32565E-01 -4.30831E-01 -4.34467E-01 -4.39715E-01 -4.40972E-01 -4.33616E-01 -4.15906E-01 -3.89032E-01
 -4.13943E-01 -3.88391E-01 -3.60471E-01 -3.29511E-01 -2.92880E-01 -2.47558E-01 -1.91810E-01 -1.25890E-01 -5.14397E-02  2.99064E-02  1.17654E-01  2.12525E-01  3.15427E-01  4.26052E-01  5.42139E-01  6.59973E-01  7.75857E-01  8.87562E-01  9.94675E-01  1.09746E+00  1.19486E+00  1.28302E+00  1.35547E+00  1.40538E+00  1.42872E+00  1.42661E+00  1.40530E+00  1.37331E+00  1.33717E+00  1.29808E+00  1.25140E+00  1.18966E+00  1.10773E+00  1.00714E+00  8.97221E-01  7.91687E-01  7.02284E-01  6.32518E-01  5.74915E-01  5.13604E-01  4.31380E-01  3.18022E-01  1.75872E-01  1.98873E-02 -1.27963E-01 -2.47352E-01 -3.27265E-01 -3.69276E-01 -3.85222E-01 -3.90842E-01 -3.98706E-01 -4.13792E-01 -4.33424E-01 -4.50916E-01 -4.60507E-01 -4.60827E-01 -4.55252E-01 -4.49430E-01 -4.47731E-01 -4.50780E-01 -4.55364E-01 -4.56497E-01 -4.50228E-01 -4.35475E-01 -4.13943E-01
 -4.34780E-01 -4.16282E-01 -3.97345E-01 -3.76747E-01 -3.51374E-01 -3.17890E-01 -2.74314E-01 -2.20479E-01 -1.57192E-01 -8.48158E-02 -2.40166E-03  9.18823E-02  1.99222E-01  3.18544E-01  4.46010E-01  5.76150E-01  7.04086E-01  8.27467E-01  9.46774E-01  1.06360E+00  1.17778E+00  1.28521E+00  1.37798E+00  1.44702E+00  1.48632E+00  1.49614E+00  1.48328E+00  1.45789E+00  1.42820E+00  1.39611E+00  1.35603E+00  1.29825E+00  1.21499E+00  1.10620E+00  9.81591E-01  8.57513E-01  7.49781E-01  6.65976E-01  6.01227E-01  5.39900E-01  4.62706E-01  3.55941E-01  2.18430E-01  6.28001E-02 -8.94917E-02 -2.16946E-01 -3.06420E-01 -3.57329E-01 -3.80064E-01 -3.89945E-01 -4.00016E-01 -4.16209E-01 -4.36807E-01 -4.55753E-01 -4.67448E-01 -4.70267E-01 -4.67090E-01 -4.63046E-01 -4.62167E-01 -4.65077E-01 -4.68966E-01 -4.69588E-01 -4.63885E-01 -4.51565E-01 -4.34780E-01
 -4.52038E-01 -4.39845E-01 -4.28714E-01 -4.16749E-01 -4.00513E-01 -3.76842E-01 -3.44198E-01 -3.02636E-01 -2.52481E-01 -1.92731E-01 -1.20484E-01 -3.20340E-02  7.48584E-02  1.98906E-01  3.34887E-01  4.75401E-01  6.13953E-01  7.47566E-01  8.77260E-01  1.00588E+00  1.13444E+00  1.25916E+00  1.37122E+00  1.45977E+00  1.51680E+00  1.54124E+00  1.53972E+00  1.52325E+00  1.50139E+00  1.47689E+00  1.44398E+00  1.39159E+00  1.30997E+00  1.19740E+00  1.06314E+00  9.24705E-01  8.00558E-01  7.01600E-01  6.25925E-01  5.59589E-01  4.83250E-01  3.81528E-01  2.50557E-01  1.00132E-01 -5.04440E-02 -1.80611E-01 -2.76817E-01 -3.36981E-01 -3.69471E-01 -3.87695E-01 -4.03453E-01 -4.22398E-01 -4.43457E-01 -4.61779E-01 -4.73015E-01 -4.76332E-01 -4.74689E-01 -4.72649E-01 -4.73412E-01 -4.76998E-01 -4.80588E-01 -4.80602E-01 -4.75050E-01 -4.64642E-01 -4.52038E-01
 -4.66174E-01 -4.59660E-01 -4.55428E-01 -4.50714E-01 -4.41710E-01 -4.25637E-01 -4.01861E-01 -3.71261E-01 -3.34241E-01 -2.88789E-01 -2.30074E-01 -1.52184E-01 -5.12000E-02  7.21582E-02  2.12031E-01  3.59600E-01  5.06883E-01  6.49996E-01  7.89900E-01  9.30039E-01  1.07216E+00  1.21277E+00  1.34260E+00  1.44965E+00  1.52452E+00  1.56492E+00  1.57689E+00  1.57154E+00  1.55894E+00  1.54239E+00  1.51632E+00  1.46931E+00  1.39076E+00  1.27795E+00  1.13933E+00  9.92272E-01  8.55974E-01  7.42984E-01  6.53689E-01  5.76578E-01  4.94213E-01  3.91979E-01  2.65283E-01  1.21796E-01 -2.21262E-02 -1.48761E-01 -2.46333E-01 -3.12859E-01 -3.55099E-01 -3.83790E-01 -4.08015E-01 -4.31682E-01 -4.53511E-01 -4.69883E-01 -4.78421E-01 -4.80067E-01 -4.78608E-01 -4.78286E-01 -4.81207E-01 -4.86260E-01 -4.90139E-01 -4.89698E-01 -4.84060E-01 -4.75118E-01 -4.66174E-01
 -4.77227E-01 -4.75614E-01 -4.77422E-01 -4.78941E-01 -4.75859E-01 -4.65692E-01 -4.48779E-01 -4.27112E-01 -4.01688E-01 -3.70110E-01 -3.26168E-01 -2.61991E-01 -1.71754E-01 -5.48829E-02  8.31884E-02  2.33299E-01  3.86697E-01  5.38671E-01  6.89546E-01  8.42367E-01  9.98618E-01  1.15456E+00  1.30056E+00  1.42419E+00  1.51550E+00  1.57165E+00  1.59810E+00  1.60546E+00  1.60344E+00  1.59526E+00  1.57556E+00  1.53330E+00  1.45823E+00  1.34756E+00  1.20910E+00  1.05915E+00  9.15850E-01  7.91436E-01  6.87287E-01  5.94304E-01  4.98340E-01  3.87872E-01  2.59989E-01  1.21834E-01 -1.29324E-02 -1.30532E-01 -2.22896E-01 -2.90104E-01 -3.38613E-01 -3.76759E-01 -4.10263E-01 -4.40158E-01 -4.63895E-01 -4.78506E-01 -4.83603E-01 -4.82356E-01 -4.79966E-01 -4.80768E-01 -4.85869E-01 -4.92828E-01 -4.97510E-01 -4.96902E-01 -4.91090E-01 -4.83175E-01 -4.77227E-01
 -4.84932E-01 -4.86986E-01 -4.93663E-01 -5.00484E-01 -5.02570E-01 -4.97444E-01 -4.86081E-01 -4.71450E-01 -4.55379E-01 -4.35729E-01 -4.05764E-01 -3.56375E-01 -2.80079E-01 -1.74598E-01 -4.39472E-02  1.03613E-01  2.59594E-01  4.18910E-01  5.80960E-01  7.47533E-01  9.18817E-01  1.09005E+00  1.25108E+00  1.38941E+00  1.49529E+00  1.56599E+00  1.60668E+00  1.62723E+00  1.63648E+00  1.63703E+00  1.62360E+00  1.58593E+00  1.51484E+00  1.40819E+00  1.27344E+00  1.12529E+00  9.79656E-01  8.46913E-01  7.28130E-01  6.16096E-01  5.00491E-01  3.74374E-01  2.38506E-01  1.01353E-01 -2.50141E-02 -1.30705E-01 -2.12316E-01 -2.73582E-01 -3.22329E-01 -3.65729E-01 -4.06628E-01 -4.42901E-01 -4.69925E-01 -4.84419E-01 -4.87242E-01 -4.83479E-01 -4.79870E-01 -4.81242E-01 -4.88122E-01 -4.96961E-01 -5.02732E-01 -5.02268E-01 -4.96283E-01 -4.88881E-01 -4.84932E-01
 -4.89206E-01 -4.93178E-01 -5.03030E-01 -5.13952E-01 -5.20610E-01 -5.20241E-01 -5.13915E-01 -5.05091E-01 -4.96323E-01 -4.86137E-01 -4.68078E-01 -4.32693E-01 -3.71442E-01 -2.80384E-01 -1.61571E-01 -2.14401E-02  1.32745E-01  2.96188E-01  4.67569E-01  6.47175E-01  8.33397E-01  1.01993E+00  1.19570E+00  1.34805E+00  1.46750E+00  1.55160E+00  1.60540E+00  1.63823E+00  1.65814E+00  1.66721E+00  1.66035E+00  1.62819E+00  1.56273E+00  1.46254E+00  1.33462E+00  1.19186E+00  1.04744E+00  9.09210E-01  7.77184E-01  6.45405E-01  5.07120E-01  3.60278E-01  2.10252E-01  6.82426E-02 -5.37414E-02 -1.48544E-01 -2.17055E-01 -2.67249E-01 -3.09712E-01 -3.52185E-01 -3.96124E-01 -4.37007E-01 -4.67969E-01 -4.84513E-01 -4.87538E-01 -4.83057E-01 -4.78930E-01 -4.80665E-01 -4.88768E-01 -4.99128E-01 -5.06046E-01 -5.06011E-01 -4.99913E-01 -4.92455E-01 -4.89206E-01
 -4.90610E-01 -4.94552E-01 -5.05490E-01 -5.18848E-01 -5.29146E-01 -5.33230E-01 -5.31799E-01 -5.28243E-01 -5.25478E-01 -5.22735E-01 -5.14301E-01 -4.91080E-01 -4.44169E-01 -3.68416E-01 -2.64003E-01 -1.35279E-01  1.22558E-02  1.74780E-01  3.50962E-01  5.40197E-01  7.39448E-01  9.40885E-01  1.13217E+00  1.29975E+00  1.43360E+00  1.53090E+00  1.59645E+00  1.63933E+00  1.66761E+00  1.68382E+00  1.68367E+00  1.65884E+00  1.60210E+00  1.51205E+00  1.39456E+00  1.26034E+00  1.11985E+00  9.78572E-01  8.35459E-01  6.85443E-01  5.24631E-01  3.55161E-01  1.86776E-01  3.39831E-02 -8.98969E-02 -1.78663E-01 -2.35984E-01 -2.73459E-01 -3.04997E-01 -3.40463E-01 -3.81850E-01 -4.23787E-01 -4.57792E-01 -4.77721E-01 -4.83383E-01 -4.80472E-01 -4.77152E-01 -4.79488E-01 -4.88408E-01 -4.99858E-01 -5.07862E-01 -5.08502E-01 -5.02429E-01 -4.94454E-01 -4.90610E-01
 -4.90410E-01 -4.92750E-01 -5.02758E-01 -5.16559E-01 -5.28943E-01 -5.36545E-01 -5.39569E-01 -5.40987E-01 -5.43678E-01 -5.47304E-01 -5.46865E-01 -5.33895E-01 -4.99642E-01 -4.38407E-01 -3.49145E-01 -2.34539E-01 -9.83410E-02  5.71254E-02  2.31541E-01  4.24708E-01  6.33344E-01  8.48719E-01  1.05700E+00  1.24269E+00  1.39369E+00  1.50544E+00  1.58170E+00  1.63167E+00  1.66463E+00  1.68508E+00  1.69085E+00  1.67508E+00  1.63087E+00  1.55568E+00  1.45313E+00  1.33107E+00  1.19725E+00  1.05534E+00  9.03737E-01  7.38308E-01  5.57350E-01  3.66055E-01  1.77521E-01  9.27258E-03 -1.23276E-01 -2.13191E-01 -2.64928E-01 -2.92193E-01 -3.11775E-01 -3.36427E-01 -3.70285E-01 -4.08873E-01 -4.43298E-01 -4.66073E-01 -4.75364E-01 -4.75568E-01 -4.74282E-01 -4.77721E-01 -4.87353E-01 -4.99607E-01 -5.08609E-01 -5.10127E-01 -5.04320E-01 -4.95689E-01 -4.90410E-01
 -4.90140E-01 -4.90216E-01 -4.97934E-01 -5.10292E-01 -5.22716E-01 -5.32036E-01 -5.38256E-01 -5.43981E-01 -5.51841E-01 -5.61535E-01 -5.68387E-01 -5.64375E-01 -5.41092E-01 -4.92889E-01 -4.18353E-01 -3.19333E-01 -1.98268E-01 -5.57314E-02  1.09966E-01  3.00542E-01  5.14007E-01  7.41730E-01  9.68422E-01  1.17566E+00  1.34759E+00  1.47614E+00  1.56297E+00  1.61735E+00  1.65079E+00  1.67143E+00  1.68081E+00  1.67446E+00  1.64570E+00  1.58997E+00  1.50740E+00  1.40198E+00  1.27845E+00  1.13890E+00  9.81763E-01  8.04131E-01  6.06211E-01  3.95372E-01  1.86946E-01  6.82636E-04 -1.45896E-01 -2.44154E-01 -2.97682E-01 -3.20534E-01 -3.31144E-01 -3.44853E-01 -3.68589E-01 -4.00042E-01 -4.31251E-01 -4.54313E-01 -4.66044E-01 -4.69257E-01 -4.70401E-01 -4.75314E-01 -4.85757E-01 -4.98702E-01 -5.08604E-01 -5.11109E-01 -5.05881E-01 -4.96895E-01 -4.90140E-01
 -4.90901E-01 -4.89151E-01 -4.94270E-01 -5.03940E-01 -5.14376E-01 -5.23057E-01 -5.30348E-01 -5.38907E-01 -5.51213E-01 -5.66751E-01 -5.80706E-01 -5.85090E-01 -5.71724E-01 -5.35320E-01 -4.74775E-01 -3.91887E-01 -2.88333E-01 -1.62971E-01 -1.14832E-02  1.70893E-01  3.84758E-01  6.22600E-01  8.68023E-01  1.09920E+00  1.29538E+00  1.44349E+00  1.54190E+00  1.59936E+00  1.62996E+00  1.64656E+00  1.65580E+00  1.65688E+00  1.64398E+00  1.61047E+00  1.55220E+00  1.46837E+00  1.35984E+00  1.22673E+00  1.06755E+00  8.80859E-01  6.68941E-01  4.41121E-01  2.14345E-01  9.79592E-03 -1.53486E-01 -2.65177E-01 -3.27272E-01 -3.52850E-01 -3.60477E-01 -3.66873E-01 -3.81264E-01 -4.03831E-01 -4.28511E-01 -4.48193E-01 -4.59334E-01 -4.63653E-01 -4.66395E-01 -4.72606E-01 -4.83861E-01 -4.97393E-01 -5.08004E-01 -5.11431E-01 -5.07064E-01 -4.98371E-01 -4.90901E-01
 -4.92844E-01 -4.90515E-01 -4.93760E-01 -5.00485E-01 -5.07571E-01 -5.13411E-01 -5.19259E-01 -5.28391E-01 -5.43501E-01 -5.63923E-01 -5.84501E-01 -5.96962E-01 -5.93117E-01 -5.68008E-01 -5.21045E-01 -4.54336E-01 -3.69166E-01 -2.62893E-01 -1.28536E-01  4.20601E-02  2.52693E-01  4.97694E-01  7.60205E-01  1.01533E+00  1.23725E+00  1.40727E+00  1.51938E+00  1.58078E+00  1.60743E+00  1.61685E+00  1.62154E+00  1.62564E+00  1.62562E+00  1.61373E+00  1.58188E+00  1.52388E+00  1.43564E+00  1.31419E+00  1.15732E+00  9.64930E-01  7.41655E-01  4.99179E-01  2.56169E-01  3.48418E-02 -1.45018E-01 -2.72159E-01 -3.47266E-01 -3.81942E-01 -3.93648E-01 -3.98903E-01 -4.07871E-01 -4.22584E-01 -4.39144E-01 -4.52212E-01 -4.59139E-01 -4.61567E-01 -4.63995E-01 -4.70557E-01 -4.82195E-01 -4.95975E-01 -5.06891E-01 -5.10936E-01 -5.07532E-01 -4.99837E-01 -4.92844E-01
 -4.95176E-01 -4.93691E-01 -4.96381E-01 -5.00862E-01 -5.04332E-01 -5.06030E-01 -5.08311E-01 -5.15465E-01 -5.30847E-01 -5.54014E-01 -5.79691E-01 -5.99370E-01 -6.04736E-01 -5.90924E-01 -5.57585E-01 -5.06947E-01 -4.39914E-01 -3.52622E-01 -2.35894E-01 -7.86438E-02  1.25937E-01  3.74337E-01  6.50069E-01  9.26280E-01  1.17301E+00  1.36625E+00  1.49502E+00  1.56357E+00  1.58804E+00  1.58938E+00  1.58567E+00  1.58690E+00  1.59363E+00  1.59899E+00  1.59230E+00  1.56231E+00  1.49914E+00  1.39524E+00  1.24623E+00  1.05249E+00  8.20958E-01  5.66230E-01  3.09286E-01  7.35284E-02 -1.21007E-01 -2.63073E-01 -3.52908E-01 -4.00912E-01 -4.22841E-01 -4.33693E-01 -4.42997E-01 -4.53409E-01 -4.62740E-01 -4.67823E-01 -4.67871E-01 -4.65518E-01 -4.65269E-01 -4.70587E-01 -4.81604E-01 -4.94894E-01 -5.05442E-01 -5.09552E-01 -5.06923E-01 -5.00641E-01 -4.95176E-01
 -4.96714E-01 -4.97021E-01 -5.00422E-01 -5.03901E-01 -5.04555E-01 -5.02094E-01 -4.99754E-01 -5.02851E-01 -5.15672E-01 -5.38479E-01 -5.66454E-01 -5.91327E-01 -6.04848E-01 -6.02073E-01 -5.82423E-01 -5.47705E-01 -4.98144E-01 -4.28821E-01 -3.29031E-01 -1.85668E-01  1.03857E-02  2.57737E-01  5.41114E-01  8.33240E-01  1.10170E+00  1.31823E+00  1.46683E+00  1.54743E+00  1.57419E+00  1.56929E+00  1.55513E+00  1.54775E+00  1.55341E+00  1.56857E+00  1.58224E+00  1.57943E+00  1.54444E+00  1.46388E+00  1.32945E+00  1.14043E+00  9.05313E-01  6.41624E-01  3.73237E-01  1.25292E-01 -8.18256E-02 -2.37334E-01 -3.41793E-01 -4.05021E-01 -4.41150E-01 -4.63036E-01 -4.78452E-01 -4.89458E-01 -4.94698E-01 -4.92899E-01 -4.85456E-01 -4.76677E-01 -4.71787E-01 -4.74079E-01 -4.83059E-01 -4.94765E-01 -5.04055E-01 -5.07503E-01 -5.05167E-01 -5.00215E-01 -4.96714E-01
 -4.96669E-01 -4.98908E-01 -5.03702E-01 -5.07343E-01 -5.06540E-01 -5.01000E-01 -4.94307E-01 -4.92405E-01 -5.00430E-01 -5.19650E-01 -5.46308E-01 -5.73081E-01 -5.92327E-01 -5.99187E-01 -5.92604E-01 -5.73477E-01 -5.40933E-01 -4.88958E-01 -4.05779E-01 -2.77082E-01 -9.21939E-02  1.49387E-01  4.34230E-01  7.36080E-01  1.02187E+00  1.26056E+00  1.43154E+00  1.52954E+00  1.56467E+00  1.55784E+00  1.53377E+00  1.51386E+00  1.51097E+00  1.52706E+00  1.55359E+00  1.57403E+00  1.56787E+00  1.51547E+00  1.40301E+00  1.22669E+00  9.94848E-01  7.27102E-01  4.50237E-01  1.91737E-01 -2.69602E-02 -1.95159E-01 -3.13844E-01 -3.92702E-01 -4.44709E-01 -4.80749E-01 -5.06533E-01 -5.22820E-01 -5.28219E-01 -5.22634E-01 -5.09291E-01 -4.94254E-01 -4.83871E-01 -4.81788E-01 -4.87337E-01 -4.96263E-01 -5.03348E-01 -5.05363E-01 -5.02655E-01 -4.98492E-01 -4.96669E-01
 -4.95154E-01 -4.98798E-01 -5.04919E-01 -5.09301E-01 -5.08235E-01 -5.01121E-01 -4.91356E-01 -4.84911E-01 -4.87302E-01 -5.00662E-01 -5.22564E-01 -5.47233E-01 -5.68373E-01 -5.81835E-01 -5.86398E-01 -5.82013E-01 -5.66436E-01 -5.32295E-01 -4.66710E-01 -3.54420E-01 -1.83621E-01  4.78223E-02  3.28548E-01  6.34205E-01  9.32475E-01  1.19099E+00  1.38543E+00  1.50517E+00  1.55488E+00  1.55202E+00  1.52128E+00  1.48784E+00  1.47104E+00  1.47977E+00  1.51045E+00  1.54780E+00  1.56852E+00  1.54732E+00  1.46395E+00  1.30946E+00  1.08972E+00  8.24609E-01  5.43058E-01  2.75209E-01  4.45641E-02 -1.37133E-01 -2.70565E-01 -3.65200E-01 -4.33311E-01 -4.84450E-01 -5.22707E-01 -5.47522E-01 -5.56980E-01 -5.51413E-01 -5.35166E-01 -5.15643E-01 -5.00303E-01 -4.93458E-01 -4.94717E-01 -4.99928E-01 -5.03994E-01 -5.03885E-01 -5.00131E-01 -4.96029E-01 -4.95154E-01
 -4.93114E-01 -4.97455E-01 -5.04341E-01 -5.09301E-01 -5.08434E-01 -5.00885E-01 -4.89652E-01 -4.80227E-01 -4.77827E-01 -4.84821E-01 -4.99784E-01 -5.18653E-01 -5.37137E-01 -5.52757E-01 -5.65066E-01 -5.73652E-01 -5.74974E-01 -5.59933E-01 -5.14001E-01 -4.20583E-01 -2.66697E-01 -4.88222E-02  2.23512E-01  5.28001E-01  8.33818E-01  1.10850E+00  1.32532E+00  1.46897E+00  1.53832E+00  1.54579E+00  1.51375E+00  1.46898E+00  1.43606E+00  1.43124E+00  1.45776E+00  1.50442E+00  1.54781E+00  1.55855E+00  1.50985E+00  1.38604E+00  1.18800E+00  9.33517E-01  6.52172E-01  3.76542E-01  1.33077E-01 -6.40264E-02 -2.13876E-01 -3.25069E-01 -4.09272E-01 -4.75325E-01 -5.26440E-01 -5.61209E-01 -5.77208E-01 -5.74776E-01 -5.58755E-01 -5.37311E-01 -5.18685E-01 -5.07828E-01 -5.04832E-01 -5.05951E-01 -5.06468E-01 -5.03691E-01 -4.98352E-01 -4.93718E-01 -4.93114E-01
 -4.91690E-01 -4.96353E-01 -5.03438E-01 -5.08336E-01 -5.07282E-01 -4.99577E-01 -4.88072E-01 -4.77639E-01 -4.72588E-01 -4.74600E-01 -4.82370E-01 -4.93119E-01 -5.04838E-01 -5.17672E-01 -5.33215E-01 -5.51783E-01 -5.69027E-01 -5.73880E-01 -5.49441E-01 -4.77030E-01 -3.42151E-01 -1.40131E-01  1.20755E-01  4.19828E-01  7.27976E-01  1.01369E+00  1.24939E+00  1.41651E+00  1.50864E+00  1.53233E+00  1.50564E+00  1.45437E+00  1.40638E+00  1.38457E+00  1.40016E+00  1.44836E+00  1.50851E+00  1.54931E+00  1.53823E+00  1.45198E+00  1.28445E+00  1.04896E+00  7.73866E-01  4.93402E-01  2.37275E-01  2.32110E-02 -1.45059E-01 -2.74318E-01 -3.75256E-01 -4.56192E-01 -5.19964E-01 -5.64857E-01 -5.88278E-01 -5.90626E-01 -5.77027E-01 -5.56040E-01 -5.36286E-01 -5.23042E-01 -5.16731E-01 -5.14044E-01 -5.10838E-01 -5.05015E-01 -4.97721E-01 -4.92278E-01 -4.91690E-01
 -4.91440E-01 -4.96592E-01 -5.03726E-01 -5.07967E-01 -5.05902E-01 -4.97520E-01 -4.86115E-01 -4.76246E-01 -4.71064E-01 -4.70726E-01 -4.72942E-01 -4.75290E-01 -4.77753E-01 -4.83594E-01 -4.97544E-01 -5.21860E-01 -5.52215E-01 -5.75749E-01 -5.72787E-01 -5.21982E-01 -4.07028E-01 -2.22325E-01  2.44891E-02  3.13816E-01  6.18328E-01  9.08444E-01  1.15743E+00  1.34528E+00  1.46140E+00  1.50624E+00  1.49187E+00  1.44064E+00  1.38121E+00  1.34175E+00  1.34157E+00  1.38408E+00  1.45388E+00  1.52024E+00  1.54632E+00  1.50132E+00  1.37097E+00  1.16225E+00  9.00447E-01  6.20163E-01  3.53929E-01  1.23307E-01 -6.43777E-02 -2.13243E-01 -3.32327E-01 -4.29060E-01 -5.05861E-01 -5.60904E-01 -5.91762E-01 -5.99241E-01 -5.88982E-01 -5.69964E-01 -5.50979E-01 -5.37247E-01 -5.29117E-01 -5.23461E-01 -5.16714E-01 -5.07632E-01 -4.98128E-01 -4.91834E-01 -4.91440E-01
 -4.91921E-01 -4.98033E-01 -5.05589E-01 -5.09115E-01 -5.05472E-01 -4.95641E-01 -4.83958E-01 -4.75267E-01 -4.71804E-01 -4.71876E-01 -4.71333E-01 -4.67022E-01 -4.60045E-01 -4.56494E-01 -4.64631E-01 -4.89552E-01 -5.27967E-01 -5.66006E-01 -5.81606E-01 -5.50839E-01 -4.55607E-01 -2.89543E-01 -5.99492E-02  2.14465E-01  5.08432E-01  7.95277E-01  1.05073E+00  1.25511E+00  1.39491E+00  1.46465E+00  1.46923E+00  1.42531E+00  1.35984E+00  1.30430E+00  1.28552E+00  1.31593E+00  1.38748E+00  1.47242E+00  1.53167E+00  1.52795E+00  1.43866E+00  1.26325E+00  1.02234E+00  7.49304E-01  4.78371E-01  2.34420E-01  2.84291E-02 -1.40577E-01 -2.79304E-01 -3.93593E-01 -4.84894E-01 -5.50978E-01 -5.89596E-01 -6.02229E-01 -5.95428E-01 -5.78933E-01 -5.61823E-01 -5.49095E-01 -5.40649E-01 -5.33144E-01 -5.23378E-01 -5.11031E-01 -4.99096E-01 -4.91873E-01 -4.91921E-01
 -4.91920E-01 -4.99243E-01 -5.07843E-01 -5.11312E-01 -5.06370E-01 -4.94793E-01 -4.82174E-01 -4.74231E-01 -4.72966E-01 -4.75225E-01 -4.74781E-01 -4.66883E-01 -4.52510E-01 -4.39436E-01 -4.38891E-01 -4.59066E-01 -4.98715E-01 -5.44354E-01 -5.72878E-01 -5.58715E-01 -4.82396E-01 -3.36779E-01 -1.28555E-01  1.24881E-01  4.00929E-01  6.76726E-01  9.31686E-01  1.14787E+00  1.31001E+00  1.40716E+00  1.43644E+00  1.40713E+00  1.34209E+00  1.27390E+00  1.23549E+00  1.24839E+00  1.31330E+00  1.40786E+00  1.49323E+00  1.52749E+00  1.48037E+00  1.34331E+00  1.13085E+00  8.73411E-01  6.05358E-01  3.53840E-01  1.33032E-01 -5.48382E-02 -2.13721E-01 -3.47259E-01 -4.55252E-01 -5.34462E-01 -5.82383E-01 -6.01014E-01 -5.97951E-01 -5.84038E-01 -5.69032E-01 -5.57944E-01 -5.50194E-01 -5.41947E-01 -5.29994E-01 -5.14693E-01 -5.00147E-01 -4.91617E-01 -4.91920E-01
 -4.90242E-01 -4.98316E-01 -5.08353E-01 -5.12891E-01 -5.07910E-01 -4.95244E-01 -4.81344E-01 -4.73064E-01 -4.73042E-01 -4.77688E-01 -4.79271E-01 -4.71105E-01 -4.52778E-01 -4.32032E-01 -4.21643E-01 -4.32454E-01 -4.66063E-01 -5.11136E-01 -5.45573E-01 -5.43761E-01 -4.85544E-01 -3.62749E-01 -1.80616E-01  4.57365E-02  2.97159E-01  5.55191E-01  8.03559E-01  1.02689E+00  1.20918E+00  1.33481E+00  1.39321E+00  1.38531E+00  1.32786E+00  1.25204E+00  1.19487E+00  1.18612E+00  1.23613E+00  1.33012E+00  1.43234E+00  1.49870E+00  1.49259E+00  1.39732E+00  1.22010E+00  9.86647E-01  7.29793E-01  4.77787E-01  2.47415E-01  4.39417E-02 -1.33772E-01 -2.86983E-01 -4.13511E-01 -5.08562E-01 -5.68660E-01 -5.95606E-01 -5.97590E-01 -5.86557E-01 -5.73375E-01 -5.63696E-01 -5.56939E-01 -5.48832E-01 -5.35787E-01 -5.18276E-01 -5.01120E-01 -4.90585E-01 -4.90242E-01
 -4.86529E-01 -4.94094E-01 -5.05321E-01 -5.11972E-01 -5.08770E-01 -4.96570E-01 -4.81747E-01 -4.72060E-01 -4.71481E-01 -4.77279E-01 -4.81380E-01 -4.75452E-01 -4.56791E-01 -4.31337E-01 -4.11592E-01 -4.10090E-01 -4.31691E-01 -4.68870E-01 -5.02715E-01 -5.09349E-01 -4.68634E-01 -3.70934E-01 -2.18922E-01 -2.43282E-02  1.97749E-01  4.33322E-01  6.70367E-01  8.96396E-01  1.09559E+00  1.24894E+00  1.33909E+00  1.35842E+00  1.31605E+00  1.23913E+00  1.16612E+00  1.13346E+00  1.16125E+00  1.24428E+00  1.35291E+00  1.44372E+00  1.47554E+00  1.42377E+00  1.28716E+00  1.08500E+00  8.46983E-01  6.01477E-01  3.67469E-01  1.53128E-01 -4.00573E-02 -2.11282E-01 -3.56654E-01 -4.69722E-01 -5.45383E-01 -5.84179E-01 -5.93838E-01 -5.86844E-01 -5.75351E-01 -5.66421E-01 -5.60363E-01 -5.52963E-01 -5.40070E-01 -5.21557E-01 -5.02192E-01 -4.88947E-01 -4.86529E-01
 -4.81578E-01 -4.86981E-01 -4.98438E-01 -5.07585E-01 -5.07746E-01 -4.97904E-01 -4.83227E-01 -4.71700E-01 -4.68855E-01 -4.73882E-01 -4.79670E-01 -4.77025E-01 -4.60698E-01 -4.33575E-01 -4.06255E-01 -3.91790E-01 -3.98214E-01 -4.22849E-01 -4.51603E-01 -4.63750E-01 -4.39748E-01 -3.68105E-01 -2.48015E-01 -8.70699E-02  1.03802E-01  3.14580E-01  5.36887E-01  7.61107E-01  9.72579E-01  1.15062E+00  1.27281E+00  1.32360E+00  1.30350E+00  1.23322E+00  1.14954E+00  1.09322E+00  1.09353E+00  1.15623E+00  1.26059E+00  1.36699E+00  1.43186E+00  1.42328E+00  1.33073E+00  1.16544E+00  9.52511E-01  7.19556E-01  4.87572E-01  2.67686E-01  6.38491E-02 -1.21652E-01 -2.83984E-01 -4.15513E-01 -5.09291E-01 -5.63625E-01 -5.84452E-01 -5.83724E-01 -5.74565E-01 -5.65977E-01 -5.60135E-01 -5.53703E-01 -5.42132E-01 -5.24136E-01 -5.03539E-01 -4.87381E-01 -4.81578E-01
 -4.76863E-01 -4.78807E-01 -4.89125E-01 -5.00193E-01 -5.04322E-01 -4.98287E-01 -4.85181E-01 -4.72324E-01 -4.66441E-01 -4.69042E-01 -4.74951E-01 -4.75117E-01 -4.62214E-01 -4.35739E-01 -4.03417E-01 -3.77736E-01 -3.69239E-01 -3.80139E-01 -4.01770E-01 -4.17288E-01 -4.08183E-01 -3.61095E-01 -2.71494E-01 -1.42777E-01  1.78434E-02  2.03431E-01  4.08425E-01  6.25965E-01  8.43566E-01  1.04087E+00  1.19259E+00  1.27671E+00  1.28487E+00  1.22932E+00  1.14211E+00  1.06538E+00  1.03600E+00  1.07115E+00  1.16125E+00  1.27354E+00  1.36464E+00  1.39661E+00  1.34938E+00  1.22485E+00  1.04202E+00  8.26783E-01  6.01867E-01  3.81531E-01  1.72273E-01 -2.25254E-02 -1.97935E-01 -3.46032E-01 -4.58425E-01 -5.30781E-01 -5.66155E-01 -5.74689E-01 -5.69623E-01 -5.61829E-01 -5.55996E-01 -5.50550E-01 -5.41104E-01 -5.25118E-01 -5.04801E-01 -4.86472E-01 -4.76863E-01
 -4.73498E-01 -4.71709E-01 -4.79665E-01 -4.91268E-01 -4.98674E-01 -4.96875E-01 -4.86617E-01 -4.73759E-01 -4.65357E-01 -4.64842E-01 -4.69306E-01 -4.70767E-01 -4.60867E-01 -4.36331E-01 -4.01877E-01 -3.68584E-01 -3.48339E-01 -3.47240E-01 -3.61535E-01 -3.78327E-01 -3.80580E-01 -3.53673E-01 -2.89983E-01 -1.89396E-01 -5.62214E-02  1.04794E-01  2.90199E-01  4.95813E-01  7.12224E-01  9.21290E-01  1.09721E+00  1.21347E+00  1.25349E+00  1.21991E+00  1.13743E+00  1.04635E+00  9.88635E-01  9.92099E-01  1.05953E+00  1.16763E+00  1.27625E+00  1.34361E+00  1.34076E+00  1.25952E+00  1.11125E+00  9.18672E-01  7.05510E-01  4.89194E-01  2.79161E-01  8.00601E-02 -1.03489E-01 -2.64185E-01 -3.93134E-01 -4.83794E-01 -5.35935E-01 -5.56819E-01 -5.58568E-01 -5.53131E-01 -5.47692E-01 -5.43092E-01 -5.35965E-01 -5.23028E-01 -5.04732E-01 -4.85974E-01 -4.73498E-01
 -4.71231E-01 -4.66685E-01 -4.71703E-01 -4.82176E-01 -4.91167E-01 -4.92924E-01 -4.86249E-01 -4.75066E-01 -4.65697E-01 -4.62491E-01 -4.64501E-01 -4.65450E-01 -4.57241E-01 -4.35091E-01 -4.01227E-01 -3.64752E-01 -3.37430E-01 -3.27500E-01 -3.34850E-01 -3.50176E-01 -3.58541E-01 -3.45287E-01 -3.01050E-01 -2.23334E-01 -1.14346E-01  2.28032E-02  1.86410E-01  3.74921E-01  5.82541E-01  7.94689E-01  9.87118E-01  1.13102E+00  1.20311E+00  1.19650E+00  1.12678E+00  1.02938E+00  9.48150E-01  9.19395E-01  9.58120E-01  1.05244E+00  1.16855E+00  1.26385E+00  1.30235E+00  1.26575E+00  1.15635E+00  9.91727E-01  7.95148E-01  5.86797E-01  3.79578E-01  1.80206E-01 -6.67728E-03 -1.74905E-01 -3.16239E-01 -4.23079E-01 -4.92382E-01 -5.27992E-01 -5.39641E-01 -5.38989E-01 -5.34969E-01 -5.31034E-01 -5.25760E-01 -5.16138E-01 -5.01330E-01 -4.84440E-01 -4.71231E-01
 -4.68163E-01 -4.62698E-01 -4.65043E-01 -4.73105E-01 -4.81750E-01 -4.85715E-01 -4.82696E-01 -4.74612E-01 -4.66153E-01 -4.61409E-01 -4.60707E-01 -4.59757E-01 -4.51873E-01 -4.32143E-01 -4.01089E-01 -3.65481E-01 -3.35519E-01 -3.19693E-01 -3.20057E-01 -3.30511E-01 -3.39005E-01 -3.32394E-01 -3.01181E-01 -2.41592E-01 -1.54200E-01 -4.05582E-02  9.93472E-02  2.66445E-01  4.58525E-01  6.65099E-01  8.64908E-01  1.02903E+00  1.12973E+00  1.15181E+00  1.10125E+00  1.00620E+00  9.08911E-01  8.51005E-01  8.58195E-01  9.30810E-01  1.04417E+00  1.15841E+00  1.23319E+00  1.24109E+00  1.17431E+00  1.04315E+00  8.68343E-01  6.71794E-01  4.70162E-01  2.73331E-01  8.69473E-02 -8.38501E-02 -2.32409E-01 -3.51528E-01 -4.36482E-01 -4.87837E-01 -5.11973E-01 -5.18753E-01 -5.17612E-01 -5.14289E-01 -5.09977E-01 -5.03128E-01 -4.92527E-01 -4.79553E-01 -4.68163E-01
 -4.61444E-01 -4.56951E-01 -4.57542E-01 -4.62774E-01 -4.69741E-01 -4.74601E-01 -4.74803E-01 -4.70540E-01 -4.64398E-01 -4.59343E-01 -4.56286E-01 -4.52891E-01 -4.44571E-01 -4.27277E-01 -4.00476E-01 -3.68422E-01 -3.38700E-01 -3.18611E-01 -3.11268E-01 -3.13552E-01 -3.17077E-01 -3.11563E-01 -2.88658E-01 -2.44018E-01 -1.76628E-01 -8.62201E-02  2.89941E-02  1.72032E-01  3.43629E-01  5.37121E-01  7.34967E-01  9.10040E-01  1.03272E+00  1.08173E+00  1.05408E+00  9.69252E-01  8.64748E-01  7.83860E-01  7.60363E-01  8.06311E-01  9.07987E-01  1.03153E+00  1.13558E+00  1.18546E+00  1.16323E+00  1.07022E+00  9.22371E-01  7.41736E-01  5.48409E-01  3.56260E-01  1.73121E-01  3.75509E-03 -1.47134E-01 -2.73934E-01 -3.71564E-01 -4.37999E-01 -4.75917E-01 -4.92212E-01 -4.95502E-01 -4.93063E-01 -4.88882E-01 -4.83768E-01 -4.77133E-01 -4.69093E-01 -4.61444E-01
 -4.48689E-01 -4.46293E-01 -4.46234E-01 -4.49158E-01 -4.54213E-01 -4.59266E-01 -4.62053E-01 -4.61474E-01 -4.58099E-01 -4.53494E-01 -4.48751E-01 -4.43244E-01 -4.34563E-01 -4.19850E-01 -3.97818E-01 -3.70204E-01 -3.41598E-01 -3.17511E-01 -3.01636E-01 -2.93784E-01 -2.89646E-01 -2.82475E-01 -2.65614E-01 -2.34310E-01 -1.85773E-01 -1.17688E-01 -2.66353E-02  9.17756E-02  2.40172E-01  4.14924E-01  6.02375E-01  7.78677E-01  9.14848E-01  9.86134E-01  9.82210E-01  9.13609E-01  8.10795E-01  7.15254E-01  6.65537E-01  6.83645E-01  7.67254E-01  8.90886E-01  1.01537E+00  1.10152E+00  1.12241E+00  1.06984E+00  9.53285E-01  7.93023E-01  6.11468E-01  4.26455E-01  2.48777E-01  8.36985E-02 -6.57037E-02 -1.95891E-01 -3.02441E-01 -3.81677E-01 -4.32921E-01 -4.59640E-01 -4.68667E-01 -4.67867E-01 -4.63588E-01 -4.59240E-01 -4.55557E-01 -4.52075E-01 -4.48689E-01
 -4.29312E-01 -4.28986E-01 -4.29093E-01 -4.30827E-01 -4.34748E-01 -4.40056E-01 -4.44842E-01 -4.47143E-01 -4.46044E-01 -4.42027E-01 -4.36308E-01 -4.29611E-01 -4.21255E-01 -4.09275E-01 -3.91623E-01 -3.67767E-01 -3.39634E-01 -3.11205E-01 -2.86828E-01 -2.69140E-01 -2.57698E-01 -2.49031E-01 -2.37931E-01 -2.19035E-01 -1.87689E-01 -1.39695E-01 -7.05518E-02  2.45612E-02  1.49027E-01  3.01362E-01  4.71672E-01  6.40389E-01  7.81222E-01  8.68487E-01  8.86601E-01  8.37844E-01  7.44520E-01  6.43572E-01  5.74937E-01  5.67792E-01  6.30126E-01  7.45849E-01  8.80616E-01  9.93883E-01  1.05225E+00  1.03891E+00  9.56118E-01  8.20666E-01  6.55437E-01  4.81121E-01  3.11410E-01  1.52773E-01  7.49405E-03 -1.22610E-01 -2.34153E-01 -3.22706E-01 -3.85110E-01 -4.21768E-01 -4.37352E-01 -4.39419E-01 -4.35734E-01 -4.31800E-01 -4.29822E-01 -4.29409E-01 -4.29312E-01
 -4.05011E-01 -4.05811E-01 -4.06358E-01 -4.08037E-01 -4.12024E-01 -4.18094E-01 -4.24425E-01 -4.28541E-01 -4.28748E-01 -4.25073E-01 -4.19007E-01 -4.12203E-01 -4.04972E-01 -3.95638E-01 -3.81306E-01 -3.59687E-01 -3.30919E-01 -2.98229E-01 -2.66896E-01 -2.41993E-01 -2.26054E-01 -2.17879E-01 -2.12965E-01 -2.05109E-01 -1.88093E-01 -1.56533E-01 -1.05745E-01 -3.14293E-02  6.96741E-02  1.97584E-01  3.45992E-01  5.00144E-01  6.37814E-01  7.34402E-01  7.71163E-01  7.43517E-01  6.65571E-01  5.68011E-01  4.89168E-01  4.62150E-01  5.02984E-01  6.04595E-01  7.39180E-01  8.67985E-01  9.54451E-01  9.75442E-01  9.26445E-01  8.19500E-01  6.75804E-01  5.16928E-01  3.58505E-01  2.08451E-01  6.92469E-02 -5.80672E-02 -1.70891E-01 -2.64663E-01 -3.34859E-01 -3.79764E-01 -4.02104E-01 -4.08474E-01 -4.06889E-01 -4.03898E-01 -4.02778E-01 -4.03636E-01 -4.05011E-01
 -3.79014E-01 -3.79786E-01 -3.80575E-01 -3.82832E-01 -3.87728E-01 -3.94938E-01 -4.02425E-01 -4.07445E-01 -4.08139E-01 -4.04623E-01 -3.98765E-01 -3.92705E-01 -3.87037E-01 -3.79866E-01 -3.67524E-01 -3.46691E-01 -3.16755E-01 -2.80976E-01 -2.45644E-01 -2.17510E-01 -2.00783E-01 -1.95244E-01 -1.96355E-01 -1.97127E-01 -1.90511E-01 -1.70978E-01 -1.34631E-01 -7.83856E-02  4.64399E-04  1.03159E-01  2.26816E-01  3.61613E-01  4.90030E-01  5.89872E-01  6.41026E-01  6.33733E-01  5.74689E-01  4.87611E-01  4.06979E-01  3.66712E-01  3.88045E-01  4.71549E-01  5.96686E-01  7.29085E-01  8.32468E-01  8.80297E-01  8.62668E-01  7.86329E-01  6.68885E-01  5.30565E-01  3.87429E-01  2.48559E-01  1.17377E-01 -4.78864E-03 -1.15529E-01 -2.10428E-01 -2.84592E-01 -3.35298E-01 -3.63891E-01 -3.75693E-01 -3.77956E-01 -3.77113E-01 -3.76823E-01 -3.77772E-01 -3.79014E-01
 -3.54426E-01 -3.54567E-01 -3.55230E-01 -3.57970E-01 -3.63742E-01 -3.71875E-01 -3.80063E-01 -3.85494E-01 -3.86449E-01 -3.83309E-01 -3.78178E-01 -3.73273E-01 -3.69031E-01 -3.63204E-01 -3.51720E-01 -3.30993E-01 -3.00462E-01 -2.63809E-01 -2.28007E-01 -2.00494E-01 -1.85895E-01 -1.83970E-01 -1.89824E-01 -1.96111E-01 -1.95879E-01 -1.84431E-01 -1.59323E-01 -1.18944E-01 -6.11533E-02  1.64589E-02  1.14209E-01  2.26937E-01  3.41870E-01  4.39894E-01  5.00895E-01  5.11587E-01  4.72482E-01  4.00421E-01  3.24682E-01  2.77530E-01  2.82721E-01  3.46660E-01  4.55918E-01  5.82114E-01  6.91984E-01  7.58364E-01  7.67724E-01  7.21761E-01  6.33372E-01  5.19700E-01  3.95739E-01  2.71073E-01  1.50293E-01  3.57051E-02 -6.99236E-02 -1.62337E-01 -2.36875E-01 -2.90646E-01 -3.24221E-01 -3.41667E-01 -3.48930E-01 -3.51510E-01 -3.52796E-01 -3.53836E-01 -3.54426E-01
 -3.32582E-01 -3.32406E-01 -3.32733E-01 -3.35293E-01 -3.41024E-01 -3.49198E-01 -3.57523E-01 -3.63295E-01 -3.64914E-01 -3.62770E-01 -3.58825E-01 -3.55047E-01 -3.51646E-01 -3.46310E-01 -3.35122E-01 -3.14831E-01 -2.85250E-01 -2.50320E-01 -2.17043E-01 -1.92641E-01 -1.81361E-01 -1.82599E-01 -1.91317E-01 -2.00449E-01 -2.03868E-01 -1.98198E-01 -1.82550E-01 -1.56595E-01 -1.18575E-01 -6.49963E-02  7.20736E-03  9.69241E-02  1.95748E-01  2.87883E-01  3.54183E-01  3.79285E-01  3.58881E-01  3.03573E-01  2.36962E-01  1.88134E-01  1.81318E-01  2.26956E-01  3.17882E-01  4.32119E-01  5.40891E-01  6.18351E-01  6.49040E-01  6.30514E-01  5.70935E-01  4.83630E-01  3.81552E-01  2.74007E-01  1.66400E-01  6.20476E-02 -3.57256E-02 -1.22716E-01 -1.94621E-01 -2.48722E-01 -2.85198E-01 -3.07141E-01 -3.19219E-01 -3.25809E-01 -3.29677E-01 -3.31860E-01 -3.32582E-01
 -3.12366E-01 -3.12875E-01 -3.12965E-01 -3.14555E-01 -3.18971E-01 -3.26012E-01 -3.33888E-01 -3.40152E-01 -3.43089E-01 -3.42629E-01 -3.40149E-01 -3.37203E-01 -3.33993E-01 -3.28640E-01 -3.17908E-01 -2.99149E-01 -2.72403E-01 -2.41345E-01 -2.12337E-01 -1.91869E-01 -1.83684E-01 -1.87102E-01 -1.97481E-01 -2.08535E-01 -2.15155E-01 -2.15095E-01 -2.08553E-01 -1.96037E-01 -1.76038E-01 -1.44335E-01 -9.58779E-02 -2.86173E-02  5.27962E-02  1.35871E-01  2.03119E-01  2.38315E-01  2.33666E-01  1.94513E-01  1.39028E-01  9.25065E-02  7.83594E-02  1.09497E-01  1.83673E-01  2.84614E-01  3.88183E-01  4.70765E-01  5.16347E-01  5.19729E-01  4.85346E-01  4.23090E-01  3.43628E-01  2.55321E-01  1.63609E-01  7.22303E-02 -1.51712E-02 -9.43605E-02 -1.61166E-01 -2.12897E-01 -2.49462E-01 -2.73352E-01 -2.88458E-01 -2.98401E-01 -3.05367E-01 -3.10018E-01 -3.12366E-01
 -2.91014E-01 -2.93194E-01 -2.93378E-01 -2.93577E-01 -2.95808E-01 -3.00880E-01 -3.07881E-01 -3.14709E-01 -3.19311E-01 -3.20808E-01 -3.19749E-01 -3.17311E-01 -3.13993E-01 -3.08738E-01 -2.99230E-01 -2.83338E-01 -2.60942E-01 -2.34956E-01 -2.10761E-01 -1.94138E-01 -1.88705E-01 -1.94267E-01 -2.07013E-01 -2.21487E-01 -2.33185E-01 -2.40244E-01 -2.43194E-01 -2.42940E-01 -2.38335E-01 -2.25096E-01 -1.97213E-01 -1.50516E-01 -8.66085E-02 -1.48138E-02  4.95435E-02  9.04053E-02  9.77665E-02  7.28764E-02  2.91909E-02 -1.17716E-02 -2.81764E-02 -6.02261E-03  5.57268E-02  1.45082E-01  2.41797E-01  3.24672E-01  3.78203E-01  3.96064E-01  3.80594E-01  3.39398E-01  2.81192E-01  2.12956E-01  1.39266E-01  6.33736E-02 -1.12989E-02 -8.05243E-02 -1.39946E-01 -1.86559E-01 -2.19932E-01 -2.42304E-01 -2.57416E-01 -2.68758E-01 -2.78224E-01 -2.85908E-01 -2.91014E-01
 -2.66059E-01 -2.70134E-01 -2.70752E-01 -2.69833E-01 -2.70021E-01 -2.73143E-01 -2.79174E-01 -2.86335E-01 -2.92221E-01 -2.95198E-01 -2.95139E-01 -2.93057E-01 -2.89921E-01 -2.85526E-01 -2.78300E-01 -2.66326E-01 -2.49026E-01 -2.28441E-01 -2.09153E-01 -1.96661E-01 -1.94965E-01 -2.04686E-01 -2.22799E-01 -2.44188E-01 -2.64133E-01 -2.80268E-01 -2.92795E-01 -3.02832E-01 -3.09951E-01 -3.10641E-01 -2.99005E-01 -2.69784E-01 -2.22256E-01 -1.62787E-01 -1.04167E-01 -6.13977E-02 -4.54868E-02 -5.80614E-02 -8.95147E-02 -1.21893E-01 -1.35528E-01 -1.16628E-01 -6.25447E-02  1.74687E-02  1.06125E-01  1.84635E-01  2.38949E-01  2.63169E-01  2.59221E-01  2.33695E-01  1.93914E-01  1.45274E-01  9.07863E-02  3.24036E-02 -2.72668E-02 -8.42129E-02 -1.33786E-01 -1.72460E-01 -1.99392E-01 -2.16747E-01 -2.28519E-01 -2.38502E-01 -2.48601E-01 -2.58387E-01 -2.66059E-01
 -2.37401E-01 -2.42509E-01 -2.43731E-01 -2.42669E-01 -2.42100E-01 -2.44277E-01 -2.49612E-01 -2.56537E-01 -2.62571E-01 -2.65850E-01 -2.66110E-01 -2.64494E-01 -2.62363E-01 -2.59972E-01 -2.56010E-01 -2.48449E-01 -2.36290E-01 -2.21103E-01 -2.07270E-01 -2.00540E-01 -2.05514E-01 -2.23400E-01 -2.51331E-01 -2.83685E-01 -3.14701E-01 -3.40910E-01 -3.61939E-01 -3.79253E-01 -3.93628E-01 -4.03062E-01 -4.02655E-01 -3.86925E-01 -3.53489E-01 -3.06027E-01 -2.54545E-01 -2.12234E-01 -1.90021E-01 -1.91332E-01 -2.09706E-01 -2.30713E-01 -2.37535E-01 -2.17806E-01 -1.68639E-01 -9.76238E-02 -1.95403E-02  4.95266E-02  9.78669E-02  1.21201E-01  1.22178E-01  1.07196E-01  8.25796E-02  5.21428E-02  1.70660E-02 -2.24002E-02 -6.48806E-02 -1.06951E-01 -1.43955E-01 -1.72016E-01 -1.89928E-01 -1.99728E-01 -2.05557E-01 -2.11481E-01 -2.19512E-01 -2.28965E-01 -2.37401E-01
 -2.08289E-01 -2.12809E-01 -2.14633E-01 -2.14831E-01 -2.15523E-01 -2.18392E-01 -2.23558E-01 -2.29531E-01 -2.34236E-01 -2.36398E-01 -2.36315E-01 -2.35502E-01 -2.35409E-01 -2.36125E-01 -2.36045E-01 -2.32893E-01 -2.25635E-01 -2.16097E-01 -2.09159E-01 -2.11120E-01 -2.26906E-01 -2.57557E-01 -2.99411E-01 -3.45520E-01 -3.88616E-01 -4.24049E-01 -4.51081E-01 -4.71870E-01 -4.88799E-01 -5.01829E-01 -5.07599E-01 -5.01012E-01 -4.78569E-01 -4.41549E-01 -3.97038E-01 -3.55838E-01 -3.27975E-01 -3.17941E-01 -3.22121E-01 -3.29888E-01 -3.28046E-01 -3.06594E-01 -2.63111E-01 -2.03737E-01 -1.40409E-01 -8.58308E-02 -4.86509E-02 -3.10114E-02 -2.92960E-02 -3.72259E-02 -4.94004E-02 -6.34072E-02 -7.96585E-02 -9.94755E-02 -1.22873E-01 -1.47501E-01 -1.69363E-01 -1.84786E-01 -1.92372E-01 -1.93731E-01 -1.92558E-01 -1.92629E-01 -1.95920E-01 -2.01894E-01 -2.08289E-01
 -1.84500E-01 -1.86897E-01 -1.89343E-01 -1.92194E-01 -1.96129E-01 -2.01296E-01 -2.06861E-01 -2.11350E-01 -2.13600E-01 -2.13658E-01 -2.12928E-01 -2.13366E-01 -2.16128E-01 -2.20598E-01 -2.24542E-01 -2.25564E-01 -2.23130E-01 -2.19982E-01 -2.21893E-01 -2.35593E-01 -2.65693E-01 -3.12169E-01 -3.69771E-01 -4.29817E-01 -4.83578E-01 -5.25578E-01 -5.55142E-01 -5.75439E-01 -5.90635E-01 -6.02791E-01 -6.10312E-01 -6.08838E-01 -5.94136E-01 -5.65311E-01 -5.26462E-01 -4.85661E-01 -4.51611E-01 -4.29638E-01 -4.19115E-01 -4.13714E-01 -4.04448E-01 -3.84014E-01 -3.50287E-01 -3.07275E-01 -2.63154E-01 -2.26509E-01 -2.02686E-01 -1.92014E-01 -1.90562E-01 -1.92739E-01 -1.94209E-01 -1.93592E-01 -1.92232E-01 -1.92490E-01 -1.95713E-01 -2.01133E-01 -2.06245E-01 -2.08285E-01 -2.05856E-01 -1.99688E-01 -1.92167E-01 -1.85992E-01 -1.82825E-01 -1.82710E-01 -1.84500E-01
 -1.71926E-01 -1.71662E-01 -1.75010E-01 -1.81466E-01 -1.89819E-01 -1.98200E-01 -2.04574E-01 -2.07564E-01 -2.07222E-01 -2.05208E-01 -2.04133E-01 -2.06241E-01 -2.12137E-01 -2.20324E-01 -2.28024E-01 -2.33031E-01 -2.35695E-01 -2.39870E-01 -2.52074E-01 -2.78972E-01 -3.24227E-01 -3.86238E-01 -4.57993E-01 -5.29280E-01 -5.90346E-01 -6.35340E-01 -6.63919E-01 -6.80313E-01 -6.90387E-01 -6.98250E-01 -7.04149E-01 -7.04668E-01 -6.95051E-01 -6.72341E-01 -6.37615E-01 -5.96128E-01 -5.55280E-01 -5.21472E-01 -4.97478E-01 -4.81636E-01 -4.69210E-01 -4.55103E-01 -4.36495E-01 -4.14079E-01 -3.91363E-01 -3.72561E-01 -3.60262E-01 -3.54101E-01 -3.51040E-01 -3.46969E-01 -3.38701E-01 -3.25312E-01 -3.08224E-01 -2.90160E-01 -2.73645E-01 -2.59887E-01 -2.48525E-01 -2.38228E-01 -2.27651E-01 -2.16196E-01 -2.04221E-01 -1.92746E-01 -1.82950E-01 -1.75799E-01 -1.71926E-01
 -1.73650E-01 -1.71648E-01 -1.76522E-01 -1.86811E-01 -1.99493E-01 -2.10952E-01 -2.18288E-01 -2.20444E-01 -2.18633E-01 -2.15808E-01 -2.15333E-01 -2.19425E-01 -2.28118E-01 -2.39355E-01 -2.50285E-01 -2.59246E-01 -2.67454E-01 -2.79447E-01 -3.01805E-01 -3.40516E-01 -3.98039E-01 -4.71438E-01 -5.52562E-01 -6.30399E-01 -6.94712E-01 -7.39443E-01 -7.64407E-01 -7.74562E-01 -7.77210E-01 -7.78447E-01 -7.80483E-01 -7.81031E-01 -7.74930E-01 -7.57172E-01 -7.25815E-01 -6.83437E-01 -6.36477E-01 -5.92861E-01 -5.59070E-01 -5.37981E-01 -5.28365E-01 -5.26079E-01 -5.26223E-01 -5.25158E-01 -5.21495E-01 -5.15772E-01 -5.09201E-01 -5.02300E-01 -4.94148E-01 -4.82631E-01 -4.65485E-01 -4.41532E-01 -4.11478E-01 -3.77871E-01 -3.44254E-01 -3.13925E-01 -2.88846E-01 -2.69147E-01 -2.53377E-01 -2.39341E-01 -2.25165E-01 -2.10146E-01 -1.95106E-01 -1.82106E-01 -1.73650E-01
 -1.87990E-01 -1.86350E-01 -1.93503E-01 -2.07026E-01 -2.22692E-01 -2.36093E-01 -2.44296E-01 -2.46842E-01 -2.45700E-01 -2.44255E-01 -2.45780E-01 -2.52067E-01 -2.62818E-01 -2.76098E-01 -2.89658E-01 -3.02597E-01 -3.16566E-01 -3.35873E-01 -3.66237E-01 -4.12523E-01 -4.76294E-01 -5.54237E-01 -6.38272E-01 -7.17537E-01 -7.81664E-01 -8.24112E-01 -8.44218E-01 -8.47039E-01 -8.40984E-01 -8.34163E-01 -8.31002E-01 -8.30584E-01 -8.27478E-01 -8.14672E-01 -7.87329E-01 -7.45641E-01 -6.95487E-01 -6.46576E-01 -6.08876E-01 -5.88916E-01 -5.87528E-01 -5.99948E-01 -6.18073E-01 -6.33743E-01 -6.41561E-01 -6.40066E-01 -6.30985E-01 -6.17202E-01 -6.00612E-01 -5.81002E-01 -5.56432E-01 -5.24789E-01 -4.85579E-01 -4.40935E-01 -3.95263E-01 -3.53678E-01 -3.19996E-01 -2.95279E-01 -2.77627E-01 -2.63313E-01 -2.48691E-01 -2.31981E-01 -2.14089E-01 -1.98144E-01 -1.87990E-01
 -2.08556E-01 -2.09606E-01 -2.19457E-01 -2.34843E-01 -2.51279E-01 -2.64863E-01 -2.73630E-01 -2.77941E-01 -2.79910E-01 -2.82279E-01 -2.87284E-01 -2.95953E-01 -3.08019E-01 -3.22409E-01 -3.38068E-01 -3.54865E-01 -3.74234E-01 -3.99269E-01 -4.34052E-01 -4.82227E-01 -5.45181E-01 -6.20486E-01 -7.01408E-01 -7.78030E-01 -8.39914E-01 -8.79477E-01 -8.94755E-01 -8.90221E-01 -8.75076E-01 -8.59499E-01 -8.50384E-01 -8.48478E-01 -8.48334E-01 -8.41221E-01 -8.19765E-01 -7.82157E-01 -7.33903E-01 -6.86168E-01 -6.51391E-01 -6.38137E-01 -6.47545E-01 -6.72966E-01 -7.02875E-01 -7.25616E-01 -7.33735E-01 -7.25996E-01 -7.06398E-01 -6.80998E-01 -6.54356E-01 -6.27420E-01 -5.97802E-01 -5.62024E-01 -5.18353E-01 -4.68574E-01 -4.17752E-01 -3.72139E-01 -3.36387E-01 -3.11562E-01 -2.94949E-01 -2.81709E-01 -2.67459E-01 -2.50446E-01 -2.32273E-01 -2.16902E-01 -2.08556E-01
 -2.26472E-01 -2.31591E-01 -2.43689E-01 -2.58951E-01 -2.73611E-01 -2.85447E-01 -2.94256E-01 -3.01290E-01 -3.08209E-01 -3.16226E-01 -3.25846E-01 -3.37141E-01 -3.50164E-01 -3.65173E-01 -3.82576E-01 -4.02842E-01 -4.26644E-01 -4.55245E-01 -4.90779E-01 -5.35909E-01 -5.92575E-01 -6.60187E-01 -7.34158E-01 -8.05889E-01 -8.64759E-01 -9.01695E-01 -9.12874E-01 -9.01720E-01 -8.77931E-01 -8.53626E-01 -8.38194E-01 -8.34248E-01 -8.36753E-01 -8.35910E-01 -8.22514E-01 -7.93199E-01 -7.52901E-01 -7.13202E-01 -6.87234E-01 -6.83598E-01 -7.02222E-01 -7.34191E-01 -7.65567E-01 -7.83305E-01 -7.80386E-01 -7.57817E-01 -7.22801E-01 -6.84335E-01 -6.48636E-01 -6.16719E-01 -5.85120E-01 -5.49018E-01 -5.05836E-01 -4.57269E-01 -4.08724E-01 -3.66628E-01 -3.35214E-01 -3.14577E-01 -3.00994E-01 -2.89203E-01 -2.75313E-01 -2.58752E-01 -2.42300E-01 -2.30351E-01 -2.26472E-01
 -2.33803E-01 -2.42574E-01 -2.55281E-01 -2.68011E-01 -2.78461E-01 -2.86755E-01 -2.94761E-01 -3.04516E-01 -3.16857E-01 -3.31081E-01 -3.45751E-01 -3.59963E-01 -3.74158E-01 -3.89919E-01 -4.08965E-01 -4.32127E-01 -4.59130E-01 -4.89423E-01 -5.23440E-01 -5.63233E-01 -6.11635E-01 -6.70069E-01 -7.36098E-01 -8.02363E-01 -8.58034E-01 -8.92604E-01 -9.00460E-01 -8.83899E-01 -8.52790E-01 -8.20689E-01 -7.99041E-01 -7.92278E-01 -7.96310E-01 -8.01266E-01 -7.97150E-01 -7.79529E-01 -7.52262E-01 -7.25793E-01 -7.11834E-01 -7.17151E-01 -7.39670E-01 -7.68913E-01 -7.90558E-01 -7.92781E-01 -7.71227E-01 -7.30225E-01 -6.79904E-01 -6.30921E-01 -5.89638E-01 -5.56115E-01 -5.25629E-01 -4.92532E-01 -4.54082E-01 -4.12159E-01 -3.72085E-01 -3.39468E-01 -3.17037E-01 -3.03284E-01 -2.93585E-01 -2.83023E-01 -2.69197E-01 -2.53422E-01 -2.39747E-01 -2.32495E-01 -2.33803E-01
