x/a=sqrt(s)   E_r[V/m]    <Q_i\dot\nabla x>[W/m^2] <Q_e\dot\nabla x>[W/m^2] ... <Gamma_i\dot\nabla x>[1/m^2] <Gamma_e\dot\nabla x>[1/m^2] ... 
  1.79245E-02 -7.81250E+01  6.10715E+02  2.10684E+03  6.01940E-02  7.33185E-02
  5.37736E-02 -1.86813E+02  2.39005E+03  6.00767E+03  2.25934E-01  2.11658E-01
  8.96227E-02 -3.63281E+02  3.07211E+03  8.60710E+03  3.04741E-01  3.12489E-01
  1.25472E-01 -5.50781E+02  3.73891E+03  9.75602E+03  3.73015E-01  3.69917E-01
  1.61321E-01 -8.08594E+02  4.07701E+03  9.92663E+03  4.04643E-01  3.98515E-01
  1.97170E-01 -1.13672E+03  3.89718E+03  8.80066E+03  3.77875E-01  3.80961E-01
  2.33019E-01 -1.66563E+03  3.55417E+03  6.89586E+03  3.30609E-01  3.28168E-01
  2.68868E-01 -2.15712E+03  3.26056E+03  4.87865E+03  2.65347E-01  2.67593E-01
  3.04717E-01 -2.53338E+03  3.01491E+03  3.48593E+03  2.16273E-01  2.17178E-01
  3.40566E-01 -3.09994E+03  3.15195E+03  2.45879E+03  1.78904E-01  1.77954E-01
  3.76415E-01 -3.35482E+03  2.93506E+03  1.73211E+03  1.46342E-01  1.45999E-01
  4.12264E-01 -3.55028E+03  2.69930E+03  1.13628E+03  1.17948E-01  1.16645E-01
  4.48113E-01 -4.06153E+03  3.03274E+03  7.79028E+02  9.90946E-02  9.72437E-02
  4.83962E-01 -4.20862E+03  2.83243E+03  6.02078E+02  8.49425E-02  8.51115E-02
  5.19812E-01 -4.50697E+03  2.89865E+03  4.69373E+02  7.74560E-02  7.54998E-02
  5.55660E-01 -4.71026E+03  2.67846E+03  3.64786E+02  6.42211E-02  6.67838E-02
  5.91509E-01 -4.88049E+03  2.45636E+03  2.84285E+02  5.73446E-02  5.93000E-02
  6.27359E-01 -5.07138E+03  2.25011E+03  2.24008E+02  5.62347E-02  5.33205E-02
  6.63207E-01 -5.29418E+03  2.00135E+03  1.78433E+02  4.99775E-02  4.85975E-02
  6.99057E-01 -5.50280E+03  1.72057E+03  1.43264E+02  4.20401E-02  4.47642E-02
  7.34905E-01 -5.65690E+03  1.44641E+03  1.14857E+02  3.92617E-02  4.13767E-02
  7.70755E-01 -5.72600E+03  1.16414E+03  9.10300E+01  3.69056E-02  3.80782E-02
  8.06604E-01 -5.64704E+03  8.82548E+02  7.02664E+01  3.49837E-02  3.44849E-02
  8.42453E-01 -5.38707E+03  6.25320E+02  5.18096E+01  3.15602E-02  3.04421E-02
  8.78302E-01 -4.86133E+03  4.09357E+02  3.54944E+01  2.49196E-02  2.56023E-02
  9.14151E-01 -4.02363E+03  2.49509E+02  2.19111E+01  2.10374E-02  2.00743E-02
  9.50000E-01 -2.91243E+03  1.36766E+02  1.17998E+01  1.32393E-02  1.42163E-02
