x/a=sqrt(s)   E_r[V/m]    <Q_i\dot\nabla x>[W/m^2] <Q_e\dot\nabla x>[W/m^2] ... <Gamma_i\dot\nabla x>[1/m^2] <Gamma_e\dot\nabla x>[1/m^2] ... 
  8.36660E-02 -4.21875E+02  4.67331E+03  1.26625E+03 -1.38707E+01  6.10053E-02  6.65347E-02 -2.97695E-03
  1.44914E-01 -5.78125E+02  6.61205E+03  1.32584E+03 -1.79847E+01  7.90010E-02  6.87782E-02 -4.54346E-03
  2.23607E-01 -7.65625E+02  8.74330E+03  1.98408E+03 -2.07126E+01  1.55210E-01  1.03963E-01 -5.90837E-03
  2.66458E-01 -9.08853E+02  9.79374E+03  2.75645E+03 -2.45527E+01  1.98848E-01  1.44336E-01 -7.04394E-03
  3.16228E-01 -1.09061E+03  1.05014E+04  3.50353E+03 -2.95968E+01  2.20853E-01  1.93096E-01 -8.49510E-03
  3.87298E-01 -1.35081E+03  1.29084E+04  4.65938E+03 -3.62477E+01  3.56173E-01  2.79966E-01 -1.04977E-02
  4.47214E-01 -1.52683E+03  1.33033E+04  5.57939E+03 -3.97184E+01  4.22314E-01  3.64438E-01 -1.18614E-02
  5.00000E-01 -1.63435E+03  1.35446E+04  6.10286E+03 -4.10014E+01  5.17330E-01  4.32610E-01 -1.27515E-02
  5.47723E-01 -1.72854E+03  1.33176E+04  6.40404E+03 -4.18357E+01  5.76092E-01  4.92850E-01 -1.35050E-02
  5.91608E-01 -1.81383E+03  1.28566E+04  6.39730E+03 -4.21549E+01  6.18529E-01  5.35297E-01 -1.41125E-02
  6.32456E-01 -1.89383E+03  1.23457E+04  6.28311E+03 -4.21441E+01  6.64968E-01  5.70356E-01 -1.45979E-02
  6.70820E-01 -2.00391E+03  1.16493E+04  5.97680E+03 -4.24612E+01  6.81239E-01  5.91544E-01 -1.52016E-02
  7.07107E-01 -2.14453E+03  1.10437E+04  5.52393E+03 -4.29451E+01  7.00053E-01  5.97997E-01 -1.59592E-02
  7.41620E-01 -2.33203E+03  1.04912E+04  5.00072E+03 -4.37274E+01  7.14863E-01  5.95023E-01 -1.69430E-02
  7.74597E-01 -2.58984E+03  9.87533E+03  4.42774E+03 -4.51442E+01  7.00515E-01  5.82497E-01 -1.83432E-02
  8.06226E-01 -2.90476E+03  9.25223E+03  3.81570E+03 -4.64745E+01  6.79853E-01  5.59157E-01 -2.00290E-02
  8.36660E-01 -3.27260E+03  8.61057E+03  3.18538E+03 -4.75620E+01  6.61330E-01  5.24143E-01 -2.20436E-02
  8.66025E-01 -3.70252E+03  7.87878E+03  2.54834E+03 -4.86565E+01  6.30896E-01  4.77028E-01 -2.46111E-02
  8.94427E-01 -4.17882E+03  7.03615E+03  1.91399E+03 -4.96485E+01  5.85789E-01  4.15257E-01 -2.79701E-02
  9.21954E-01 -4.61807E+03  6.10174E+03  1.31553E+03 -4.97057E+01  5.38890E-01  3.39914E-01 -3.20552E-02
  9.48683E-01 -4.87470E+03  5.08344E+03  7.91978E+02 -4.77950E+01  4.77200E-01  2.54579E-01 -3.66857E-02
  9.74679E-01 -4.57703E+03  3.99369E+03  3.86392E+02 -4.17772E+01  4.09970E-01  1.71048E-01 -4.00379E-02
