 0.10000E+01	 0.00000E+00	 0.00000E+00	 0.39443E+00	 0.68725E+00	 0.68725E+00	 0.68084E-03	 0.68084E-03	 0.33549E-03	 0.33549E-03	 0.45723E+01	 0.10005E+04	 0.21891E+06	 0.18285E-12	 0.22780E+00	 0.38720E+00	 0.16400E-01	 0.23457E+01	 0.36360E+00
 0.10000E+00	 0.00000E+00	 0.00000E+00	 0.39443E+00	 0.11563E+00	 0.11563E+00	 0.61372E-01	 0.61372E-01	 0.13908E+00	 0.13908E+00	 0.45723E+01	 0.10005E+04	 0.21891E+06	 0.66484E-13	 0.22780E+00	 0.38720E+00	 0.16400E-01	 0.23457E+01	 0.36360E+00
 0.10000E+02	 0.00000E+00	 0.00000E+00	 0.39443E+00	 0.68044E+01	 0.68044E+01	 0.66242E-05	 0.66242E-05	 0.40431E-06	 0.40431E-06	 0.45723E+01	 0.10005E+04	 0.21891E+06	 0.10389E-10	 0.22780E+00	 0.38720E+00	 0.16400E-01	 0.23457E+01	 0.36360E+00
 0.10000E-01	 0.00000E+00	 0.00000E+00	 0.39443E+00	 0.64836E-01	 0.64836E-01	 0.64236E+00	 0.64236E+00	 0.12369E+02	 0.12369E+02	 0.45723E+01	 0.10005E+04	 0.21891E+06	 0.60955E-12	 0.22780E+00	 0.38720E+00	 0.16400E-01	 0.23457E+01	 0.36360E+00
 0.10000E+03	 0.00000E+00	 0.00000E+00	 0.39443E+00	 0.68037E+02	 0.68037E+02	 0.66224E-07	 0.66224E-07	 0.40571E-09	 0.40571E-09	 0.45723E+01	 0.10005E+04	 0.21891E+06	 0.88467E-09	 0.22780E+00	 0.38720E+00	 0.16400E-01	 0.23457E+01	 0.36360E+00
 0.10000E-02	 0.00000E+00	 0.00000E+00	 0.39443E+00	 0.46374E-01	 0.46363E-01	 0.11738E+01	 0.11738E+01	 0.23793E+03	 0.23793E+03	 0.45723E+01	 0.10005E+04	 0.21891E+06	 0.69770E-10	 0.22780E+00	 0.38720E+00	 0.16400E-01	 0.23457E+01	 0.36360E+00
 0.10000E-03	 0.00000E+00	 0.00000E+00	 0.39443E+00	 0.19948E+00	 0.18611E+00	 0.12033E+01	 0.12268E+01	 0.28046E+04	 0.27905E+04	 0.45723E+01	 0.10005E+04	 0.21891E+06	 0.56942E-08	 0.22780E+00	 0.38720E+00	 0.16400E-01	 0.23457E+01	 0.36360E+00
 0.10000E-04	 0.00000E+00	 0.00000E+00	 0.39443E+00	 0.18207E+01	 0.11930E+01	 0.11903E+01	 0.16872E+01	 0.29894E+05	 0.28978E+05	 0.45723E+01	 0.10005E+04	 0.21891E+06	 0.55192E-06	 0.22780E+00	 0.38720E+00	 0.16400E-01	 0.23457E+01	 0.36360E+00
 0.10000E-05	 0.00000E+00	 0.00000E+00	 0.39443E+00	 0.18154E+02	 0.70380E+01	 0.24341E+01	 0.67618E+01	 0.31910E+06	 0.29074E+06	 0.45723E+01	 0.10005E+04	 0.21891E+06	 0.86021E-04	 0.22780E+00	 0.38720E+00	 0.16400E-01	 0.23457E+01	 0.36360E+00
 0.30000E+01	 0.00000E+00	 0.00000E+00	 0.39443E+00	 0.20435E+01	 0.20435E+01	 0.73828E-04	 0.73828E-04	 0.14512E-04	 0.14512E-04	 0.45723E+01	 0.10005E+04	 0.21891E+06	 0.16827E-11	 0.22780E+00	 0.38720E+00	 0.16400E-01	 0.23457E+01	 0.36360E+00
 0.30000E+00	 0.00000E+00	 0.00000E+00	 0.39443E+00	 0.22498E+00	 0.22498E+00	 0.80265E-02	 0.80265E-02	 0.84605E-02	 0.84605E-02	 0.45723E+01	 0.10005E+04	 0.21891E+06	 0.21648E-13	 0.22780E+00	 0.38720E+00	 0.16400E-01	 0.23457E+01	 0.36360E+00
 0.30000E+02	 0.00000E+00	 0.00000E+00	 0.39443E+00	 0.20411E+02	 0.20411E+02	 0.73584E-06	 0.73584E-06	 0.15021E-07	 0.15021E-07	 0.45723E+01	 0.10005E+04	 0.21891E+06	 0.15475E-09	 0.22780E+00	 0.38720E+00	 0.16400E-01	 0.23457E+01	 0.36360E+00
 0.30000E-01	 0.00000E+00	 0.00000E+00	 0.39443E+00	 0.85546E-01	 0.85546E-01	 0.27725E+00	 0.27725E+00	 0.18557E+01	 0.18557E+01	 0.45723E+01	 0.10005E+04	 0.21891E+06	 0.18964E-12	 0.22780E+00	 0.38720E+00	 0.16400E-01	 0.23457E+01	 0.36360E+00
 0.30000E+03	 0.00000E+00	 0.00000E+00	 0.39443E+00	 0.20411E+03	 0.20411E+03	 0.73582E-08	 0.73582E-08	 0.15027E-10	 0.15027E-10	 0.45723E+01	 0.10005E+04	 0.21891E+06	 0.13464E-07	 0.22780E+00	 0.38720E+00	 0.16400E-01	 0.23457E+01	 0.36360E+00
 0.30000E-02	 0.00000E+00	 0.00000E+00	 0.39443E+00	 0.46216E-01	 0.46216E-01	 0.10276E+01	 0.10276E+01	 0.65192E+02	 0.65192E+02	 0.45723E+01	 0.10005E+04	 0.21891E+06	 0.10643E-10	 0.22780E+00	 0.38720E+00	 0.16400E-01	 0.23457E+01	 0.36360E+00
 0.30000E-03	 0.00000E+00	 0.00000E+00	 0.39443E+00	 0.83565E-01	 0.82650E-01	 0.12266E+01	 0.12285E+01	 0.88500E+03	 0.88417E+03	 0.45723E+01	 0.10005E+04	 0.21891E+06	 0.68336E-09	 0.22780E+00	 0.38720E+00	 0.16400E-01	 0.23457E+01	 0.36360E+00
 0.30000E-04	 0.00000E+00	 0.00000E+00	 0.39443E+00	 0.61570E+00	 0.49497E+00	 0.11708E+01	 0.13187E+01	 0.97017E+04	 0.95651E+04	 0.45723E+01	 0.10005E+04	 0.21891E+06	 0.66978E-07	 0.22780E+00	 0.38720E+00	 0.16400E-01	 0.23457E+01	 0.36360E+00
 0.30000E-05	 0.00000E+00	 0.00000E+00	 0.39443E+00	 0.60533E+01	 0.30551E+01	 0.13477E+01	 0.28867E+01	 0.10285E+06	 0.96846E+05	 0.45723E+01	 0.10005E+04	 0.21891E+06	 0.56118E-05	 0.22780E+00	 0.38720E+00	 0.16400E-01	 0.23457E+01	 0.36360E+00
 0.10000E+01	 0.10000E+00	 0.25826E+00	 0.39443E+00	 0.40198E-01	 0.40198E-01	 0.24019E-02	 0.24019E-02	 0.61000E-03	 0.61000E-03	 0.45723E+01	 0.10005E+04	 0.21891E+06	 0.77701E-13	 0.22780E+00	 0.38720E+00	 0.16400E-01	 0.23457E+01	 0.36360E+00
 0.10000E+00	 0.10000E+00	 0.25826E+00	 0.39443E+00	 0.18545E+00	 0.18545E+00	 0.94792E-01	 0.94792E-01	 0.13903E+00	 0.13903E+00	 0.45723E+01	 0.10005E+04	 0.21891E+06	 0.49039E-12	 0.22780E+00	 0.38720E+00	 0.16400E-01	 0.23457E+01	 0.36360E+00
 0.10000E+02	 0.10000E+00	 0.25826E+00	 0.39443E+00	 0.63216E-02	 0.63216E-02	 0.22905E-04	 0.22905E-04	 0.72326E-06	 0.72326E-06	 0.45723E+01	 0.10005E+04	 0.21891E+06	 0.17531E-11	 0.22780E+00	 0.38720E+00	 0.16400E-01	 0.23457E+01	 0.36360E+00
 0.10000E-01	 0.10000E+00	 0.25826E+00	 0.39443E+00	 0.11339E+00	 0.11339E+00	 0.60059E+00	 0.60059E+00	 0.82207E+01	 0.82207E+01	 0.45723E+01	 0.10005E+04	 0.21891E+06	 0.20754E-11	 0.22780E+00	 0.38720E+00	 0.16400E-01	 0.23457E+01	 0.36360E+00
 0.10000E+03	 0.10000E+00	 0.25826E+00	 0.39443E+00	 0.89284E-03	 0.89284E-03	 0.22652E-06	 0.22652E-06	 0.72742E-09	 0.72742E-09	 0.45723E+01	 0.10005E+04	 0.21891E+06	 0.11324E-09	 0.22780E+00	 0.38720E+00	 0.16400E-01	 0.23457E+01	 0.36360E+00
 0.10000E-02	 0.10000E+00	 0.25826E+00	 0.39443E+00	 0.25655E-01	 0.25655E-01	 0.12059E+01	 0.12059E+01	 0.28709E+03	 0.28708E+03	 0.45723E+01	 0.10005E+04	 0.21891E+06	 0.17089E-09	 0.22780E+00	 0.38720E+00	 0.16400E-01	 0.23457E+01	 0.36360E+00
 0.10000E-03	 0.10000E+00	 0.25826E+00	 0.39443E+00	 0.35205E-02	 0.35150E-02	 0.14297E+01	 0.14315E+01	 0.48540E+04	 0.48320E+04	 0.45723E+01	 0.10005E+04	 0.21891E+06	 0.87388E-08	 0.22780E+00	 0.38720E+00	 0.16400E-01	 0.23457E+01	 0.36360E+00
 0.10000E-04	 0.10000E+00	 0.25826E+00	 0.39443E+00	 0.50565E-03	 0.41029E-03	 0.14676E+01	 0.14662E+01	 0.55915E+05	 0.54361E+05	 0.45723E+01	 0.10005E+04	 0.21891E+06	 0.73795E-06	 0.22780E+00	 0.38720E+00	 0.16400E-01	 0.23457E+01	 0.36360E+00
 0.10000E-05	 0.10000E+00	 0.25826E+00	 0.39443E+00	 0.90750E-03	 0.44383E-04	 0.11835E+01	 0.14107E+01	 0.59295E+06	 0.54933E+06	 0.45723E+01	 0.10005E+04	 0.21891E+06	 0.41960E-04	 0.22780E+00	 0.38720E+00	 0.16400E-01	 0.23457E+01	 0.36360E+00
 0.30000E+01	 0.10000E+00	 0.25826E+00	 0.39443E+00	 0.15804E-01	 0.15804E-01	 0.26445E-03	 0.26445E-03	 0.25989E-04	 0.25989E-04	 0.45723E+01	 0.10005E+04	 0.21891E+06	 0.20547E-12	 0.22780E+00	 0.38720E+00	 0.16400E-01	 0.23457E+01	 0.36360E+00
 0.30000E+00	 0.10000E+00	 0.25826E+00	 0.39443E+00	 0.10726E+00	 0.10726E+00	 0.21910E-01	 0.21910E-01	 0.14089E-01	 0.14089E-01	 0.45723E+01	 0.10005E+04	 0.21891E+06	 0.18604E-12	 0.22780E+00	 0.38720E+00	 0.16400E-01	 0.23457E+01	 0.36360E+00
 0.30000E+02	 0.10000E+00	 0.25826E+00	 0.39443E+00	 0.26003E-02	 0.26003E-02	 0.25101E-05	 0.25101E-05	 0.26914E-07	 0.26914E-07	 0.45723E+01	 0.10005E+04	 0.21891E+06	 0.18907E-10	 0.22780E+00	 0.38720E+00	 0.16400E-01	 0.23457E+01	 0.36360E+00
 0.30000E-01	 0.10000E+00	 0.25826E+00	 0.39443E+00	 0.17057E+00	 0.17057E+00	 0.27730E+00	 0.27730E+00	 0.11915E+01	 0.11915E+01	 0.45723E+01	 0.10005E+04	 0.21891E+06	 0.63353E-12	 0.22780E+00	 0.38720E+00	 0.16400E-01	 0.23457E+01	 0.36360E+00
 0.30000E+03	 0.10000E+00	 0.25826E+00	 0.39443E+00	 0.32079E-03	 0.32079E-03	 0.25177E-07	 0.25177E-07	 0.26945E-10	 0.26945E-10	 0.45723E+01	 0.10005E+04	 0.21891E+06	 0.35348E-09	 0.22780E+00	 0.38720E+00	 0.16400E-01	 0.23457E+01	 0.36360E+00
 0.30000E-02	 0.10000E+00	 0.25826E+00	 0.39443E+00	 0.58196E-01	 0.58196E-01	 0.10091E+01	 0.10091E+01	 0.58109E+02	 0.58109E+02	 0.45723E+01	 0.10005E+04	 0.21891E+06	 0.58343E-10	 0.22780E+00	 0.38720E+00	 0.16400E-01	 0.23457E+01	 0.36360E+00
 0.30000E-03	 0.10000E+00	 0.25826E+00	 0.39443E+00	 0.93690E-02	 0.93684E-02	 0.13260E+01	 0.13261E+01	 0.13579E+04	 0.13570E+04	 0.45723E+01	 0.10005E+04	 0.21891E+06	 0.15604E-08	 0.22780E+00	 0.38720E+00	 0.16400E-01	 0.23457E+01	 0.36360E+00
 0.30000E-04	 0.10000E+00	 0.25826E+00	 0.39443E+00	 0.11914E-02	 0.11588E-02	 0.14885E+01	 0.14896E+01	 0.17833E+05	 0.17580E+05	 0.45723E+01	 0.10005E+04	 0.21891E+06	 0.90647E-07	 0.22780E+00	 0.38720E+00	 0.16400E-01	 0.23457E+01	 0.36360E+00
 0.30000E-05	 0.10000E+00	 0.25826E+00	 0.39443E+00	 0.42391E-03	 0.12884E-03	 0.13382E+01	 0.14296E+01	 0.19270E+06	 0.18284E+06	 0.45723E+01	 0.10005E+04	 0.21891E+06	 0.65197E-05	 0.22780E+00	 0.38720E+00	 0.16400E-01	 0.23457E+01	 0.36360E+00
 0.10000E+01	 0.10000E-01	 0.25826E-01	 0.39443E+00	 0.56595E+00	 0.56595E+00	 0.10047E-02	 0.10047E-02	 0.33747E-03	 0.33747E-03	 0.45723E+01	 0.10005E+04	 0.21891E+06	 0.18619E-12	 0.22780E+00	 0.38720E+00	 0.16400E-01	 0.23457E+01	 0.36360E+00
 0.10000E+00	 0.10000E-01	 0.25826E-01	 0.39443E+00	 0.11664E+00	 0.11664E+00	 0.61790E-01	 0.61790E-01	 0.13891E+00	 0.13891E+00	 0.45723E+01	 0.10005E+04	 0.21891E+06	 0.54750E-13	 0.22780E+00	 0.38720E+00	 0.16400E-01	 0.23457E+01	 0.36360E+00
 0.10000E+02	 0.10000E-01	 0.25826E-01	 0.39443E+00	 0.36204E+00	 0.36204E+00	 0.23997E-04	 0.23997E-04	 0.40736E-06	 0.40736E-06	 0.45723E+01	 0.10005E+04	 0.21891E+06	 0.10497E-11	 0.22780E+00	 0.38720E+00	 0.16400E-01	 0.23457E+01	 0.36360E+00
 0.10000E-01	 0.10000E-01	 0.25826E-01	 0.39443E+00	 0.63938E-01	 0.63938E-01	 0.63202E+00	 0.63202E+00	 0.12238E+02	 0.12238E+02	 0.45723E+01	 0.10005E+04	 0.21891E+06	 0.98510E-12	 0.22780E+00	 0.38720E+00	 0.16400E-01	 0.23457E+01	 0.36360E+00
 0.10000E+03	 0.10000E-01	 0.25826E-01	 0.39443E+00	 0.61413E-01	 0.61413E-01	 0.23005E-06	 0.23005E-06	 0.40890E-09	 0.40890E-09	 0.45723E+01	 0.10005E+04	 0.21891E+06	 0.94548E-11	 0.22780E+00	 0.38720E+00	 0.16400E-01	 0.23457E+01	 0.36360E+00
 0.10000E-02	 0.10000E-01	 0.25826E-01	 0.39443E+00	 0.25680E-01	 0.25676E-01	 0.10131E+01	 0.10131E+01	 0.23341E+03	 0.23341E+03	 0.45723E+01	 0.10005E+04	 0.21891E+06	 0.18584E-09	 0.22780E+00	 0.38720E+00	 0.16400E-01	 0.23457E+01	 0.36360E+00
 0.10000E-03	 0.10000E-01	 0.25826E-01	 0.39443E+00	 0.70717E-02	 0.67205E-02	 0.82117E+00	 0.82726E+00	 0.28715E+04	 0.28595E+04	 0.45723E+01	 0.10005E+04	 0.21891E+06	 0.91428E-08	 0.22780E+00	 0.38720E+00	 0.16400E-01	 0.23457E+01	 0.36360E+00
 0.10000E-04	 0.10000E-01	 0.25826E-01	 0.39443E+00	 0.15008E-02	 0.10010E-02	 0.45324E+00	 0.56969E+00	 0.31456E+05	 0.30588E+05	 0.45723E+01	 0.10005E+04	 0.21891E+06	 0.48137E-05	 0.22780E+00	 0.38720E+00	 0.16400E-01	 0.23457E+01	 0.36360E+00
 0.10000E-05	 0.10000E-01	 0.25826E-01	 0.39443E+00	 0.83530E-03	 0.10487E-03	 0.38064E+00	 0.54385E+00	 0.34108E+06	 0.30867E+06	 0.45723E+01	 0.10005E+04	 0.21891E+06	 0.62759E-03	 0.22780E+00	 0.38720E+00	 0.16400E-01	 0.23457E+01	 0.36360E+00
 0.30000E+01	 0.10000E-01	 0.25826E-01	 0.39443E+00	 0.71502E+00	 0.71502E+00	 0.20429E-03	 0.20429E-03	 0.14609E-04	 0.14609E-04	 0.45723E+01	 0.10005E+04	 0.21891E+06	 0.37892E-12	 0.22780E+00	 0.38720E+00	 0.16400E-01	 0.23457E+01	 0.36360E+00
 0.30000E+00	 0.10000E-01	 0.25826E-01	 0.39443E+00	 0.22369E+00	 0.22369E+00	 0.84829E-02	 0.84829E-02	 0.85055E-02	 0.85055E-02	 0.45723E+01	 0.10005E+04	 0.21891E+06	 0.34175E-13	 0.22780E+00	 0.38720E+00	 0.16400E-01	 0.23457E+01	 0.36360E+00
 0.30000E+02	 0.10000E-01	 0.25826E-01	 0.39443E+00	 0.15003E+00	 0.15003E+00	 0.26680E-05	 0.26680E-05	 0.15138E-07	 0.15138E-07	 0.45723E+01	 0.10005E+04	 0.21891E+06	 0.22117E-11	 0.22780E+00	 0.38720E+00	 0.16400E-01	 0.23457E+01	 0.36360E+00
 0.30000E-01	 0.10000E-01	 0.25826E-01	 0.39443E+00	 0.85958E-01	 0.85958E-01	 0.27678E+00	 0.27678E+00	 0.18437E+01	 0.18437E+01	 0.45723E+01	 0.10005E+04	 0.21891E+06	 0.23256E-12	 0.22780E+00	 0.38720E+00	 0.16400E-01	 0.23457E+01	 0.36360E+00
 0.30000E+03	 0.10000E-01	 0.25826E-01	 0.39443E+00	 0.25622E-01	 0.25622E-01	 0.25121E-07	 0.25121E-07	 0.15146E-10	 0.15146E-10	 0.45723E+01	 0.10005E+04	 0.21891E+06	 0.24983E-10	 0.22780E+00	 0.38720E+00	 0.16400E-01	 0.23457E+01	 0.36360E+00
 0.30000E-02	 0.10000E-01	 0.25826E-01	 0.39443E+00	 0.40590E-01	 0.40590E-01	 0.95987E+00	 0.95987E+00	 0.63911E+02	 0.63911E+02	 0.45723E+01	 0.10005E+04	 0.21891E+06	 0.20018E-10	 0.22780E+00	 0.38720E+00	 0.16400E-01	 0.23457E+01	 0.36360E+00
 0.30000E-03	 0.10000E-01	 0.25826E-01	 0.39443E+00	 0.13821E-01	 0.13729E-01	 0.92123E+00	 0.92212E+00	 0.88695E+03	 0.88629E+03	 0.45723E+01	 0.10005E+04	 0.21891E+06	 0.11449E-08	 0.22780E+00	 0.38720E+00	 0.16400E-01	 0.23457E+01	 0.36360E+00
 0.30000E-04	 0.10000E-01	 0.25826E-01	 0.39443E+00	 0.32599E-02	 0.26625E-02	 0.66074E+00	 0.69159E+00	 0.10089E+05	 0.99741E+04	 0.45723E+01	 0.10005E+04	 0.21891E+06	 0.18140E-06	 0.22780E+00	 0.38720E+00	 0.16400E-01	 0.23457E+01	 0.36360E+00
 0.30000E-05	 0.10000E-01	 0.25826E-01	 0.39443E+00	 0.73281E-03	 0.31202E-03	 0.33046E+00	 0.53820E+00	 0.10886E+06	 0.10273E+06	 0.45723E+01	 0.10005E+04	 0.21891E+06	 0.76968E-04	 0.22780E+00	 0.38720E+00	 0.16400E-01	 0.23457E+01	 0.36360E+00
 0.10000E+01	 0.10000E-02	 0.25826E-02	 0.39443E+00	 0.68372E+00	 0.68372E+00	 0.68663E-03	 0.68663E-03	 0.33551E-03	 0.33551E-03	 0.45723E+01	 0.10005E+04	 0.21891E+06	 0.16770E-12	 0.22780E+00	 0.38720E+00	 0.16400E-01	 0.23457E+01	 0.36360E+00
 0.10000E+00	 0.10000E-02	 0.25826E-02	 0.39443E+00	 0.11546E+00	 0.11546E+00	 0.61436E-01	 0.61436E-01	 0.13906E+00	 0.13906E+00	 0.45723E+01	 0.10005E+04	 0.21891E+06	 0.53121E-13	 0.22780E+00	 0.38720E+00	 0.16400E-01	 0.23457E+01	 0.36360E+00
 0.10000E+02	 0.10000E-02	 0.25826E-02	 0.39443E+00	 0.55202E+01	 0.55202E+01	 0.97431E-05	 0.97431E-05	 0.40433E-06	 0.40433E-06	 0.45723E+01	 0.10005E+04	 0.21891E+06	 0.96912E-11	 0.22780E+00	 0.38720E+00	 0.16400E-01	 0.23457E+01	 0.36360E+00
 0.10000E-01	 0.10000E-02	 0.25826E-02	 0.39443E+00	 0.64818E-01	 0.64818E-01	 0.64179E+00	 0.64179E+00	 0.12361E+02	 0.12361E+02	 0.45723E+01	 0.10005E+04	 0.21891E+06	 0.13998E-11	 0.22780E+00	 0.38720E+00	 0.16400E-01	 0.23457E+01	 0.36360E+00
 0.10000E+03	 0.10000E-02	 0.25826E-02	 0.39443E+00	 0.36140E+01	 0.36140E+01	 0.23976E-06	 0.23976E-06	 0.40574E-09	 0.40574E-09	 0.45723E+01	 0.10005E+04	 0.21891E+06	 0.10556E-09	 0.22780E+00	 0.38720E+00	 0.16400E-01	 0.23457E+01	 0.36360E+00
 0.10000E-02	 0.10000E-02	 0.25826E-02	 0.39443E+00	 0.44069E-01	 0.44059E-01	 0.11599E+01	 0.11599E+01	 0.23756E+03	 0.23755E+03	 0.45723E+01	 0.10005E+04	 0.21891E+06	 0.12476E-09	 0.22780E+00	 0.38720E+00	 0.16400E-01	 0.23457E+01	 0.36360E+00
 0.10000E-03	 0.10000E-02	 0.25826E-02	 0.39443E+00	 0.76635E-01	 0.69335E-01	 0.99720E+00	 0.10014E+01	 0.27999E+04	 0.27850E+04	 0.45723E+01	 0.10005E+04	 0.21891E+06	 0.73268E-08	 0.22780E+00	 0.38720E+00	 0.16400E-01	 0.23457E+01	 0.36360E+00
 0.10000E-04	 0.10000E-02	 0.25826E-02	 0.39443E+00	 0.54602E-01	 0.19908E-01	 0.11387E+00	 0.35859E+00	 0.30158E+05	 0.29132E+05	 0.45723E+01	 0.10005E+04	 0.21891E+06	 0.33807E-04	 0.22780E+00	 0.38720E+00	 0.16400E-01	 0.23457E+01	 0.36360E+00
 0.10000E-05	 0.10000E-02	 0.25826E-02	 0.39443E+00	 0.14081E-01	 0.27420E-02	-0.51789E+01	-0.18518E+01	 0.33853E+06	 0.29970E+06	 0.45723E+01	 0.10005E+04	 0.21891E+06	 0.31874E-02	 0.22780E+00	 0.38720E+00	 0.16400E-01	 0.23457E+01	 0.36360E+00
 0.30000E+01	 0.10000E-02	 0.25826E-02	 0.39443E+00	 0.19938E+01	 0.19938E+01	 0.77740E-04	 0.77740E-04	 0.14513E-04	 0.14513E-04	 0.45723E+01	 0.10005E+04	 0.21891E+06	 0.32482E-12	 0.22780E+00	 0.38720E+00	 0.16400E-01	 0.23457E+01	 0.36360E+00
 0.30000E+00	 0.10000E-02	 0.25826E-02	 0.39443E+00	 0.22440E+00	 0.22440E+00	 0.80452E-02	 0.80452E-02	 0.84605E-02	 0.84605E-02	 0.45723E+01	 0.10005E+04	 0.21891E+06	 0.28400E-13	 0.22780E+00	 0.38720E+00	 0.16400E-01	 0.23457E+01	 0.36360E+00
 0.30000E+02	 0.10000E-02	 0.25826E-02	 0.39443E+00	 0.70930E+01	 0.70930E+01	 0.20285E-05	 0.20285E-05	 0.15022E-07	 0.15022E-07	 0.45723E+01	 0.10005E+04	 0.21891E+06	 0.32423E-10	 0.22780E+00	 0.38720E+00	 0.16400E-01	 0.23457E+01	 0.36360E+00
 0.30000E-01	 0.10000E-02	 0.25826E-02	 0.39443E+00	 0.85550E-01	 0.85550E-01	 0.27734E+00	 0.27734E+00	 0.18548E+01	 0.18548E+01	 0.45723E+01	 0.10005E+04	 0.21891E+06	 0.22227E-12	 0.22780E+00	 0.38720E+00	 0.16400E-01	 0.23457E+01	 0.36360E+00
 0.30000E+03	 0.10000E-02	 0.25826E-02	 0.39443E+00	 0.14994E+01	 0.14994E+01	 0.26680E-07	 0.26680E-07	 0.15028E-10	 0.15028E-10	 0.45723E+01	 0.10005E+04	 0.21891E+06	 0.16031E-09	 0.22780E+00	 0.38720E+00	 0.16400E-01	 0.23457E+01	 0.36360E+00
 0.30000E-02	 0.10000E-02	 0.25826E-02	 0.39443E+00	 0.45827E-01	 0.45827E-01	 0.10238E+01	 0.10238E+01	 0.65124E+02	 0.65124E+02	 0.45723E+01	 0.10005E+04	 0.21891E+06	 0.11097E-10	 0.22780E+00	 0.38720E+00	 0.16400E-01	 0.23457E+01	 0.36360E+00
 0.30000E-03	 0.10000E-02	 0.25826E-02	 0.39443E+00	 0.63451E-01	 0.62719E-01	 0.11569E+01	 0.11573E+01	 0.88254E+03	 0.88169E+03	 0.45723E+01	 0.10005E+04	 0.21891E+06	 0.81193E-09	 0.22780E+00	 0.38720E+00	 0.16400E-01	 0.23457E+01	 0.36360E+00
 0.30000E-04	 0.10000E-02	 0.25826E-02	 0.39443E+00	 0.66877E-01	 0.44026E-01	 0.71782E+00	 0.76781E+00	 0.97162E+04	 0.95707E+04	 0.45723E+01	 0.10005E+04	 0.21891E+06	 0.10937E-06	 0.22780E+00	 0.38720E+00	 0.16400E-01	 0.23457E+01	 0.36360E+00
 0.30000E-05	 0.10000E-02	 0.25826E-02	 0.39443E+00	 0.31485E-01	 0.72165E-02	-0.18732E+01	-0.73671E+00	 0.10598E+06	 0.98601E+05	 0.45723E+01	 0.10005E+04	 0.21891E+06	 0.23606E-03	 0.22780E+00	 0.38720E+00	 0.16400E-01	 0.23457E+01	 0.36360E+00
 0.10000E+01	 0.10000E-03	 0.25826E-03	 0.39443E+00	 0.68554E+00	 0.68554E+00	 0.68261E-03	 0.68261E-03	 0.33549E-03	 0.33549E-03	 0.45723E+01	 0.10005E+04	 0.21891E+06	 0.17256E-12	 0.22780E+00	 0.38720E+00	 0.16400E-01	 0.23457E+01	 0.36360E+00
 0.10000E+00	 0.10000E-03	 0.25826E-03	 0.39443E+00	 0.11561E+00	 0.11561E+00	 0.61376E-01	 0.61376E-01	 0.13908E+00	 0.13908E+00	 0.45723E+01	 0.10005E+04	 0.21891E+06	 0.62548E-13	 0.22780E+00	 0.38720E+00	 0.16400E-01	 0.23457E+01	 0.36360E+00
 0.10000E+02	 0.10000E-03	 0.25826E-03	 0.39443E+00	 0.67679E+01	 0.67679E+01	 0.66842E-05	 0.66842E-05	 0.40431E-06	 0.40431E-06	 0.45723E+01	 0.10005E+04	 0.21891E+06	 0.11709E-10	 0.22780E+00	 0.38720E+00	 0.16400E-01	 0.23457E+01	 0.36360E+00
 0.10000E-01	 0.10000E-03	 0.25826E-03	 0.39443E+00	 0.64835E-01	 0.64835E-01	 0.64235E+00	 0.64235E+00	 0.12368E+02	 0.12368E+02	 0.45723E+01	 0.10005E+04	 0.21891E+06	 0.89767E-12	 0.22780E+00	 0.38720E+00	 0.16400E-01	 0.23457E+01	 0.36360E+00
 0.10000E+03	 0.10000E-03	 0.25826E-03	 0.39443E+00	 0.55188E+02	 0.55188E+02	 0.97399E-07	 0.97399E-07	 0.40571E-09	 0.40571E-09	 0.45723E+01	 0.10005E+04	 0.21891E+06	 0.40681E-09	 0.22780E+00	 0.38720E+00	 0.16400E-01	 0.23457E+01	 0.36360E+00
 0.10000E-02	 0.10000E-03	 0.25826E-03	 0.39443E+00	 0.46233E-01	 0.46222E-01	 0.11730E+01	 0.11730E+01	 0.23793E+03	 0.23792E+03	 0.45723E+01	 0.10005E+04	 0.21891E+06	 0.78350E-10	 0.22780E+00	 0.38720E+00	 0.16400E-01	 0.23457E+01	 0.36360E+00
 0.10000E-03	 0.10000E-03	 0.25826E-03	 0.39443E+00	 0.17821E+00	 0.16502E+00	 0.11638E+01	 0.11711E+01	 0.28040E+04	 0.27899E+04	 0.45723E+01	 0.10005E+04	 0.21891E+06	 0.72687E-08	 0.22780E+00	 0.38720E+00	 0.16400E-01	 0.23457E+01	 0.36360E+00
 0.10000E-04	 0.10000E-03	 0.25826E-03	 0.39443E+00	 0.71058E+00	 0.32283E+00	 0.88667E+00	 0.76722E+00	 0.29886E+05	 0.28964E+05	 0.45723E+01	 0.10005E+04	 0.21891E+06	 0.91175E-06	 0.22780E+00	 0.38720E+00	 0.16400E-01	 0.23457E+01	 0.36360E+00
 0.10000E-05	 0.10000E-03	 0.25826E-03	 0.39443E+00	 0.68608E+00	 0.52070E-01	 0.37656E+00	 0.65668E+00	 0.31904E+06	 0.29042E+06	 0.45723E+01	 0.10005E+04	 0.21891E+06	 0.70563E-01	 0.22780E+00	 0.38720E+00	 0.16400E-01	 0.23457E+01	 0.36360E+00
 0.30000E+01	 0.10000E-03	 0.25826E-03	 0.39443E+00	 0.20372E+01	 0.20372E+01	 0.74114E-04	 0.74114E-04	 0.14512E-04	 0.14512E-04	 0.45723E+01	 0.10005E+04	 0.21891E+06	 0.12798E-11	 0.22780E+00	 0.38720E+00	 0.16400E-01	 0.23457E+01	 0.36360E+00
 0.30000E+00	 0.10000E-03	 0.25826E-03	 0.39443E+00	 0.22477E+00	 0.22477E+00	 0.80318E-02	 0.80318E-02	 0.84603E-02	 0.84603E-02	 0.45723E+01	 0.10005E+04	 0.21891E+06	 0.23225E-13	 0.22780E+00	 0.38720E+00	 0.16400E-01	 0.23457E+01	 0.36360E+00
 0.30000E+02	 0.10000E-03	 0.25826E-03	 0.39443E+00	 0.19911E+02	 0.19911E+02	 0.77486E-06	 0.77486E-06	 0.15021E-07	 0.15021E-07	 0.45723E+01	 0.10005E+04	 0.21891E+06	 0.13673E-09	 0.22780E+00	 0.38720E+00	 0.16400E-01	 0.23457E+01	 0.36360E+00
 0.30000E-01	 0.10000E-03	 0.25826E-03	 0.39443E+00	 0.85546E-01	 0.85546E-01	 0.27725E+00	 0.27725E+00	 0.18557E+01	 0.18557E+01	 0.45723E+01	 0.10005E+04	 0.21891E+06	 0.18310E-12	 0.22780E+00	 0.38720E+00	 0.16400E-01	 0.23457E+01	 0.36360E+00
 0.30000E+03	 0.10000E-03	 0.25826E-03	 0.39443E+00	 0.70925E+02	 0.70925E+02	 0.20284E-07	 0.20284E-07	 0.15027E-10	 0.15027E-10	 0.45723E+01	 0.10005E+04	 0.21891E+06	 0.18425E-08	 0.22780E+00	 0.38720E+00	 0.16400E-01	 0.23457E+01	 0.36360E+00
 0.30000E-02	 0.10000E-03	 0.25826E-03	 0.39443E+00	 0.46206E-01	 0.46206E-01	 0.10275E+01	 0.10275E+01	 0.65191E+02	 0.65191E+02	 0.45723E+01	 0.10005E+04	 0.21891E+06	 0.99485E-11	 0.22780E+00	 0.38720E+00	 0.16400E-01	 0.23457E+01	 0.36360E+00
 0.30000E-03	 0.10000E-03	 0.25826E-03	 0.39443E+00	 0.80946E-01	 0.80037E-01	 0.12185E+01	 0.12198E+01	 0.88492E+03	 0.88409E+03	 0.45723E+01	 0.10005E+04	 0.21891E+06	 0.64639E-09	 0.22780E+00	 0.38720E+00	 0.16400E-01	 0.23457E+01	 0.36360E+00
 0.30000E-04	 0.10000E-03	 0.25826E-03	 0.39443E+00	 0.43771E+00	 0.32560E+00	 0.10319E+01	 0.10104E+01	 0.96990E+04	 0.95618E+04	 0.45723E+01	 0.10005E+04	 0.21891E+06	 0.76513E-07	 0.22780E+00	 0.38720E+00	 0.16400E-01	 0.23457E+01	 0.36360E+00
 0.30000E-05	 0.10000E-03	 0.25826E-03	 0.39443E+00	 0.75338E+00	 0.14599E+00	 0.75184E+00	 0.67136E+00	 0.10282E+06	 0.96775E+05	 0.45723E+01	 0.10005E+04	 0.21891E+06	 0.11431E-02	 0.22780E+00	 0.38720E+00	 0.16400E-01	 0.23457E+01	 0.36360E+00
 0.10000E+01	 0.10000E-04	 0.25826E-04	 0.39443E+00	 0.68713E+00	 0.68713E+00	 0.68096E-03	 0.68096E-03	 0.33549E-03	 0.33549E-03	 0.45723E+01	 0.10005E+04	 0.21891E+06	 0.13716E-12	 0.22780E+00	 0.38720E+00	 0.16400E-01	 0.23457E+01	 0.36360E+00
 0.10000E+00	 0.10000E-04	 0.25826E-04	 0.39443E+00	 0.11563E+00	 0.11563E+00	 0.61372E-01	 0.61372E-01	 0.13908E+00	 0.13908E+00	 0.45723E+01	 0.10005E+04	 0.21891E+06	 0.58023E-13	 0.22780E+00	 0.38720E+00	 0.16400E-01	 0.23457E+01	 0.36360E+00
 0.10000E+02	 0.10000E-04	 0.25826E-04	 0.39443E+00	 0.67874E+01	 0.67874E+01	 0.66446E-05	 0.66446E-05	 0.40431E-06	 0.40431E-06	 0.45723E+01	 0.10005E+04	 0.21891E+06	 0.10059E-10	 0.22780E+00	 0.38720E+00	 0.16400E-01	 0.23457E+01	 0.36360E+00
 0.10000E-01	 0.10000E-04	 0.25826E-04	 0.39443E+00	 0.64836E-01	 0.64836E-01	 0.64236E+00	 0.64236E+00	 0.12369E+02	 0.12369E+02	 0.45723E+01	 0.10005E+04	 0.21891E+06	 0.67424E-12	 0.22780E+00	 0.38720E+00	 0.16400E-01	 0.23457E+01	 0.36360E+00
 0.10000E+03	 0.10000E-04	 0.25826E-04	 0.39443E+00	 0.67672E+02	 0.67672E+02	 0.66825E-07	 0.66825E-07	 0.40571E-09	 0.40571E-09	 0.45723E+01	 0.10005E+04	 0.21891E+06	 0.11326E-08	 0.22780E+00	 0.38720E+00	 0.16400E-01	 0.23457E+01	 0.36360E+00
 0.10000E-02	 0.10000E-04	 0.25826E-04	 0.39443E+00	 0.46372E-01	 0.46362E-01	 0.11738E+01	 0.11738E+01	 0.23793E+03	 0.23793E+03	 0.45723E+01	 0.10005E+04	 0.21891E+06	 0.81576E-10	 0.22780E+00	 0.38720E+00	 0.16400E-01	 0.23457E+01	 0.36360E+00
 0.10000E-03	 0.10000E-04	 0.25826E-04	 0.39443E+00	 0.19867E+00	 0.18531E+00	 0.12016E+01	 0.12244E+01	 0.28046E+04	 0.27905E+04	 0.45723E+01	 0.10005E+04	 0.21891E+06	 0.73134E-08	 0.22780E+00	 0.38720E+00	 0.16400E-01	 0.23457E+01	 0.36360E+00
 0.10000E-04	 0.10000E-04	 0.25826E-04	 0.39443E+00	 0.16361E+01	 0.10160E+01	 0.10953E+01	 0.12707E+01	 0.29893E+05	 0.28975E+05	 0.45723E+01	 0.10005E+04	 0.21891E+06	 0.58125E-06	 0.22780E+00	 0.38720E+00	 0.16400E-01	 0.23457E+01	 0.36360E+00
 0.10000E-05	 0.10000E-04	 0.25826E-04	 0.39443E+00	 0.75711E+01	 0.11887E+01	-0.30396E-01	-0.12242E+01	 0.31908E+06	 0.29065E+06	 0.45723E+01	 0.10005E+04	 0.21891E+06	 0.65005E-01	 0.22780E+00	 0.38720E+00	 0.16400E-01	 0.23457E+01	 0.36360E+00
 0.30000E+01	 0.10000E-04	 0.25826E-04	 0.39443E+00	 0.20413E+01	 0.20413E+01	 0.73920E-04	 0.73920E-04	 0.14512E-04	 0.14512E-04	 0.45723E+01	 0.10005E+04	 0.21891E+06	 0.13019E-11	 0.22780E+00	 0.38720E+00	 0.16400E-01	 0.23457E+01	 0.36360E+00
 0.30000E+00	 0.10000E-04	 0.25826E-04	 0.39443E+00	 0.22498E+00	 0.22498E+00	 0.80265E-02	 0.80265E-02	 0.84605E-02	 0.84605E-02	 0.45723E+01	 0.10005E+04	 0.21891E+06	 0.23733E-13	 0.22780E+00	 0.38720E+00	 0.16400E-01	 0.23457E+01	 0.36360E+00
 0.30000E+02	 0.10000E-04	 0.25826E-04	 0.39443E+00	 0.20349E+02	 0.20349E+02	 0.73875E-06	 0.73875E-06	 0.15021E-07	 0.15021E-07	 0.45723E+01	 0.10005E+04	 0.21891E+06	 0.27042E-09	 0.22780E+00	 0.38720E+00	 0.16400E-01	 0.23457E+01	 0.36360E+00
 0.30000E-01	 0.10000E-04	 0.25826E-04	 0.39443E+00	 0.85546E-01	 0.85546E-01	 0.27725E+00	 0.27725E+00	 0.18557E+01	 0.18557E+01	 0.45723E+01	 0.10005E+04	 0.21891E+06	 0.16480E-12	 0.22780E+00	 0.38720E+00	 0.16400E-01	 0.23457E+01	 0.36360E+00
 0.30000E+03	 0.10000E-04	 0.25826E-04	 0.39443E+00	 0.19911E+03	 0.19911E+03	 0.77484E-08	 0.77484E-08	 0.15027E-10	 0.15027E-10	 0.45723E+01	 0.10005E+04	 0.21891E+06	 0.14494E-07	 0.22780E+00	 0.38720E+00	 0.16400E-01	 0.23457E+01	 0.36360E+00
 0.30000E-02	 0.10000E-04	 0.25826E-04	 0.39443E+00	 0.46216E-01	 0.46216E-01	 0.10276E+01	 0.10276E+01	 0.65192E+02	 0.65192E+02	 0.45723E+01	 0.10005E+04	 0.21891E+06	 0.10314E-10	 0.22780E+00	 0.38720E+00	 0.16400E-01	 0.23457E+01	 0.36360E+00
 0.30000E-03	 0.10000E-04	 0.25826E-04	 0.39443E+00	 0.83525E-01	 0.82610E-01	 0.12265E+01	 0.12283E+01	 0.88500E+03	 0.88417E+03	 0.45723E+01	 0.10005E+04	 0.21891E+06	 0.89324E-09	 0.22780E+00	 0.38720E+00	 0.16400E-01	 0.23457E+01	 0.36360E+00
 0.30000E-04	 0.10000E-04	 0.25826E-04	 0.39443E+00	 0.59681E+00	 0.47643E+00	 0.11499E+01	 0.12680E+01	 0.97016E+04	 0.95649E+04	 0.45723E+01	 0.10005E+04	 0.21891E+06	 0.62185E-07	 0.22780E+00	 0.38720E+00	 0.16400E-01	 0.23457E+01	 0.36360E+00
 0.30000E-05	 0.10000E-04	 0.25826E-04	 0.39443E+00	 0.44249E+01	 0.16347E+01	 0.93568E+00	 0.47728E+00	 0.10284E+06	 0.96830E+05	 0.45723E+01	 0.10005E+04	 0.21891E+06	 0.70705E-04	 0.22780E+00	 0.38720E+00	 0.16400E-01	 0.23457E+01	 0.36360E+00
 0.10000E+01	 0.30000E-01	 0.77479E-01	 0.39443E+00	 0.25374E+00	 0.25374E+00	 0.19363E-02	 0.19363E-02	 0.35826E-03	 0.35826E-03	 0.45723E+01	 0.10005E+04	 0.21891E+06	 0.37696E-13	 0.22780E+00	 0.38720E+00	 0.16400E-01	 0.23457E+01	 0.36360E+00
 0.10000E+00	 0.30000E-01	 0.77479E-01	 0.39443E+00	 0.12574E+00	 0.12574E+00	 0.65089E-01	 0.65089E-01	 0.13802E+00	 0.13802E+00	 0.45723E+01	 0.10005E+04	 0.21891E+06	 0.52819E-13	 0.22780E+00	 0.38720E+00	 0.16400E-01	 0.23457E+01	 0.36360E+00
 0.10000E+02	 0.30000E-01	 0.77479E-01	 0.39443E+00	 0.50255E-01	 0.50255E-01	 0.24010E-04	 0.24010E-04	 0.43264E-06	 0.43264E-06	 0.45723E+01	 0.10005E+04	 0.21891E+06	 0.40344E-12	 0.22780E+00	 0.38720E+00	 0.16400E-01	 0.23457E+01	 0.36360E+00
 0.10000E-01	 0.30000E-01	 0.77479E-01	 0.39443E+00	 0.63859E-01	 0.63859E-01	 0.60309E+00	 0.60309E+00	 0.11644E+02	 0.11644E+02	 0.45723E+01	 0.10005E+04	 0.21891E+06	 0.15843E-11	 0.22780E+00	 0.38720E+00	 0.16400E-01	 0.23457E+01	 0.36360E+00
 0.10000E+03	 0.30000E-01	 0.77479E-01	 0.39443E+00	 0.85510E-02	 0.85510E-02	 0.22607E-06	 0.22607E-06	 0.43461E-09	 0.43461E-09	 0.45723E+01	 0.10005E+04	 0.21891E+06	 0.12528E-10	 0.22780E+00	 0.38720E+00	 0.16400E-01	 0.23457E+01	 0.36360E+00
 0.10000E-02	 0.30000E-01	 0.77479E-01	 0.39443E+00	 0.17257E-01	 0.17256E-01	 0.92237E+00	 0.92241E+00	 0.24070E+03	 0.24070E+03	 0.45723E+01	 0.10005E+04	 0.21891E+06	 0.18453E-09	 0.22780E+00	 0.38720E+00	 0.16400E-01	 0.23457E+01	 0.36360E+00
 0.10000E-03	 0.30000E-01	 0.77479E-01	 0.39443E+00	 0.46134E-02	 0.45546E-02	 0.50751E+00	 0.51514E+00	 0.34129E+04	 0.33883E+04	 0.45723E+01	 0.10005E+04	 0.21891E+06	 0.88690E-08	 0.22780E+00	 0.38720E+00	 0.16400E-01	 0.23457E+01	 0.36360E+00
 0.10000E-04	 0.30000E-01	 0.77479E-01	 0.39443E+00	 0.98820E-03	 0.93233E-03	-0.15350E+00	-0.15246E+00	 0.39279E+05	 0.37864E+05	 0.45723E+01	 0.10005E+04	 0.21891E+06	 0.11771E-05	 0.22780E+00	 0.38720E+00	 0.16400E-01	 0.23457E+01	 0.36360E+00
 0.10000E-05	 0.30000E-01	 0.77479E-01	 0.39443E+00	 0.36591E-03	 0.11893E-03	 0.13106E+00	-0.25916E+00	 0.43398E+06	 0.38494E+06	 0.45723E+01	 0.10005E+04	 0.21891E+06	 0.21170E-03	 0.22780E+00	 0.38720E+00	 0.16400E-01	 0.23457E+01	 0.36360E+00
 0.30000E+01	 0.30000E-01	 0.77479E-01	 0.39443E+00	 0.13292E+00	 0.13292E+00	 0.26697E-03	 0.26697E-03	 0.15516E-04	 0.15516E-04	 0.45723E+01	 0.10005E+04	 0.21891E+06	 0.52776E-13	 0.22780E+00	 0.38720E+00	 0.16400E-01	 0.23457E+01	 0.36360E+00
 0.30000E+00	 0.30000E-01	 0.77479E-01	 0.39443E+00	 0.21551E+00	 0.21551E+00	 0.11929E-01	 0.11929E-01	 0.89232E-02	 0.89232E-02	 0.45723E+01	 0.10005E+04	 0.21891E+06	 0.19881E-13	 0.22780E+00	 0.38720E+00	 0.16400E-01	 0.23457E+01	 0.36360E+00
 0.30000E+02	 0.30000E-01	 0.77479E-01	 0.39443E+00	 0.22197E-01	 0.22197E-01	 0.25642E-05	 0.25642E-05	 0.16084E-07	 0.16084E-07	 0.45723E+01	 0.10005E+04	 0.21891E+06	 0.11595E-11	 0.22780E+00	 0.38720E+00	 0.16400E-01	 0.23457E+01	 0.36360E+00
 0.30000E-01	 0.30000E-01	 0.77479E-01	 0.39443E+00	 0.91348E-01	 0.91348E-01	 0.27257E+00	 0.27257E+00	 0.17613E+01	 0.17613E+01	 0.45723E+01	 0.10005E+04	 0.21891E+06	 0.16553E-12	 0.22780E+00	 0.38720E+00	 0.16400E-01	 0.23457E+01	 0.36360E+00
 0.30000E+03	 0.30000E-01	 0.77479E-01	 0.39443E+00	 0.32483E-02	 0.32483E-02	 0.25166E-07	 0.25166E-07	 0.16099E-10	 0.16099E-10	 0.45723E+01	 0.10005E+04	 0.21891E+06	 0.21759E-10	 0.22780E+00	 0.38720E+00	 0.16400E-01	 0.23457E+01	 0.36360E+00
 0.30000E-02	 0.30000E-01	 0.77479E-01	 0.39443E+00	 0.33935E-01	 0.33935E-01	 0.87377E+00	 0.87377E+00	 0.62211E+02	 0.62211E+02	 0.45723E+01	 0.10005E+04	 0.21891E+06	 0.27020E-10	 0.22780E+00	 0.38720E+00	 0.16400E-01	 0.23457E+01	 0.36360E+00
 0.30000E-03	 0.30000E-01	 0.77479E-01	 0.39443E+00	 0.84063E-02	 0.83868E-02	 0.79194E+00	 0.79322E+00	 0.98781E+03	 0.98665E+03	 0.45723E+01	 0.10005E+04	 0.21891E+06	 0.15539E-08	 0.22780E+00	 0.38720E+00	 0.16400E-01	 0.23457E+01	 0.36360E+00
 0.30000E-04	 0.30000E-01	 0.77479E-01	 0.39443E+00	 0.22543E-02	 0.21898E-02	 0.93463E-01	 0.10862E+00	 0.12504E+05	 0.12250E+05	 0.45723E+01	 0.10005E+04	 0.21891E+06	 0.11651E-06	 0.22780E+00	 0.38720E+00	 0.16400E-01	 0.23457E+01	 0.36360E+00
 0.30000E-05	 0.30000E-01	 0.77479E-01	 0.39443E+00	 0.42751E-03	 0.32785E-03	-0.20673E+00	-0.27567E+00	 0.13618E+06	 0.12775E+06	 0.45723E+01	 0.10005E+04	 0.21891E+06	 0.27554E-04	 0.22780E+00	 0.38720E+00	 0.16400E-01	 0.23457E+01	 0.36360E+00
 0.10000E+01	 0.30000E-02	 0.77479E-02	 0.39443E+00	 0.67161E+00	 0.67161E+00	 0.71658E-03	 0.71658E-03	 0.33565E-03	 0.33565E-03	 0.45723E+01	 0.10005E+04	 0.21891E+06	 0.16095E-12	 0.22780E+00	 0.38720E+00	 0.16400E-01	 0.23457E+01	 0.36360E+00
 0.10000E+00	 0.30000E-02	 0.77479E-02	 0.39443E+00	 0.11553E+00	 0.11553E+00	 0.61473E-01	 0.61473E-01	 0.13904E+00	 0.13904E+00	 0.45723E+01	 0.10005E+04	 0.21891E+06	 0.68928E-13	 0.22780E+00	 0.38720E+00	 0.16400E-01	 0.23457E+01	 0.36360E+00
 0.10000E+02	 0.30000E-02	 0.77479E-02	 0.39443E+00	 0.23659E+01	 0.23659E+01	 0.18267E-04	 0.18267E-04	 0.40455E-06	 0.40455E-06	 0.45723E+01	 0.10005E+04	 0.21891E+06	 0.24977E-11	 0.22780E+00	 0.38720E+00	 0.16400E-01	 0.23457E+01	 0.36360E+00
 0.10000E-01	 0.30000E-02	 0.77479E-02	 0.39443E+00	 0.64751E-01	 0.64751E-01	 0.64253E+00	 0.64253E+00	 0.12350E+02	 0.12350E+02	 0.45723E+01	 0.10005E+04	 0.21891E+06	 0.95567E-12	 0.22780E+00	 0.38720E+00	 0.16400E-01	 0.23457E+01	 0.36360E+00
 0.10000E+03	 0.30000E-02	 0.77479E-02	 0.39443E+00	 0.49981E+00	 0.49981E+00	 0.24012E-06	 0.24012E-06	 0.40600E-09	 0.40600E-09	 0.45723E+01	 0.10005E+04	 0.21891E+06	 0.31280E-10	 0.22780E+00	 0.38720E+00	 0.16400E-01	 0.23457E+01	 0.36360E+00
 0.10000E-02	 0.30000E-02	 0.77479E-02	 0.39443E+00	 0.38597E-01	 0.38590E-01	 0.11424E+01	 0.11424E+01	 0.23563E+03	 0.23562E+03	 0.45723E+01	 0.10005E+04	 0.21891E+06	 0.12351E-09	 0.22780E+00	 0.38720E+00	 0.16400E-01	 0.23457E+01	 0.36360E+00
 0.10000E-03	 0.30000E-02	 0.77479E-02	 0.39443E+00	 0.26440E-01	 0.24428E-01	 0.10242E+01	 0.10330E+01	 0.27910E+04	 0.27742E+04	 0.45723E+01	 0.10005E+04	 0.21891E+06	 0.69342E-08	 0.22780E+00	 0.38720E+00	 0.16400E-01	 0.23457E+01	 0.36360E+00
 0.10000E-04	 0.30000E-02	 0.77479E-02	 0.39443E+00	 0.10185E-01	 0.46427E-02	 0.79699E+00	 0.91060E+00	 0.29965E+05	 0.28938E+05	 0.45723E+01	 0.10005E+04	 0.21891E+06	 0.77044E-05	 0.22780E+00	 0.38720E+00	 0.16400E-01	 0.23457E+01	 0.36360E+00
 0.10000E-05	 0.30000E-02	 0.77479E-02	 0.39443E+00	 0.22742E-02	 0.11257E-02	 0.68269E+00	 0.88101E+00	 0.32001E+06	 0.29000E+06	 0.45723E+01	 0.10005E+04	 0.21891E+06	 0.51986E-02	 0.22780E+00	 0.38720E+00	 0.16400E-01	 0.23457E+01	 0.36360E+00
 0.30000E+01	 0.30000E-02	 0.77479E-02	 0.39443E+00	 0.17189E+01	 0.17189E+01	 0.10303E-03	 0.10303E-03	 0.14519E-04	 0.14519E-04	 0.45723E+01	 0.10005E+04	 0.21891E+06	 0.10350E-11	 0.22780E+00	 0.38720E+00	 0.16400E-01	 0.23457E+01	 0.36360E+00
 0.30000E+00	 0.30000E-02	 0.77479E-02	 0.39443E+00	 0.22434E+00	 0.22434E+00	 0.80808E-02	 0.80808E-02	 0.84641E-02	 0.84641E-02	 0.45723E+01	 0.10005E+04	 0.21891E+06	 0.29791E-13	 0.22780E+00	 0.38720E+00	 0.16400E-01	 0.23457E+01	 0.36360E+00
 0.30000E+02	 0.30000E-02	 0.77479E-02	 0.39443E+00	 0.13057E+01	 0.13057E+01	 0.26460E-05	 0.26460E-05	 0.15031E-07	 0.15031E-07	 0.45723E+01	 0.10005E+04	 0.21891E+06	 0.45138E-11	 0.22780E+00	 0.38720E+00	 0.16400E-01	 0.23457E+01	 0.36360E+00
 0.30000E-01	 0.30000E-02	 0.77479E-02	 0.39443E+00	 0.85549E-01	 0.85549E-01	 0.27752E+00	 0.27752E+00	 0.18538E+01	 0.18538E+01	 0.45723E+01	 0.10005E+04	 0.21891E+06	 0.18169E-12	 0.22780E+00	 0.38720E+00	 0.16400E-01	 0.23457E+01	 0.36360E+00
 0.30000E+03	 0.30000E-02	 0.77479E-02	 0.39443E+00	 0.22132E+00	 0.22132E+00	 0.25652E-07	 0.25652E-07	 0.15037E-10	 0.15037E-10	 0.45723E+01	 0.10005E+04	 0.21891E+06	 0.75341E-10	 0.22780E+00	 0.38720E+00	 0.16400E-01	 0.23457E+01	 0.36360E+00
 0.30000E-02	 0.30000E-02	 0.77479E-02	 0.39443E+00	 0.44846E-01	 0.44846E-01	 0.10206E+01	 0.10206E+01	 0.64923E+02	 0.64923E+02	 0.45723E+01	 0.10005E+04	 0.21891E+06	 0.15135E-10	 0.22780E+00	 0.38720E+00	 0.16400E-01	 0.23457E+01	 0.36360E+00
 0.30000E-03	 0.30000E-02	 0.77479E-02	 0.39443E+00	 0.35564E-01	 0.35232E-01	 0.11322E+01	 0.11329E+01	 0.87509E+03	 0.87419E+03	 0.45723E+01	 0.10005E+04	 0.21891E+06	 0.12078E-08	 0.22780E+00	 0.38720E+00	 0.16400E-01	 0.23457E+01	 0.36360E+00
 0.30000E-04	 0.30000E-02	 0.77479E-02	 0.39443E+00	 0.16885E-01	 0.11524E-01	 0.91002E+00	 0.94589E+00	 0.97102E+04	 0.95475E+04	 0.45723E+01	 0.10005E+04	 0.21891E+06	 0.18810E-06	 0.22780E+00	 0.38720E+00	 0.16400E-01	 0.23457E+01	 0.36360E+00
 0.30000E-05	 0.30000E-02	 0.77479E-02	 0.39443E+00	 0.44448E-02	 0.17953E-02	 0.70989E+00	 0.89804E+00	 0.10314E+06	 0.96647E+05	 0.45723E+01	 0.10005E+04	 0.21891E+06	 0.47693E-03	 0.22780E+00	 0.38720E+00	 0.16400E-01	 0.23457E+01	 0.36360E+00
 0.10000E+01	 0.30000E-03	 0.77479E-03	 0.39443E+00	 0.68518E+00	 0.68518E+00	 0.68316E-03	 0.68316E-03	 0.33549E-03	 0.33549E-03	 0.45723E+01	 0.10005E+04	 0.21891E+06	 0.34155E-12	 0.22780E+00	 0.38720E+00	 0.16400E-01	 0.23457E+01	 0.36360E+00
 0.10000E+00	 0.30000E-03	 0.77479E-03	 0.39443E+00	 0.11555E+00	 0.11555E+00	 0.61397E-01	 0.61397E-01	 0.13907E+00	 0.13907E+00	 0.45723E+01	 0.10005E+04	 0.21891E+06	 0.68524E-13	 0.22780E+00	 0.38720E+00	 0.16400E-01	 0.23457E+01	 0.36360E+00
 0.10000E+02	 0.30000E-03	 0.77479E-03	 0.39443E+00	 0.66378E+01	 0.66378E+01	 0.69754E-05	 0.69754E-05	 0.40431E-06	 0.40431E-06	 0.45723E+01	 0.10005E+04	 0.21891E+06	 0.13465E-10	 0.22780E+00	 0.38720E+00	 0.16400E-01	 0.23457E+01	 0.36360E+00
 0.10000E-01	 0.30000E-03	 0.77479E-03	 0.39443E+00	 0.64832E-01	 0.64832E-01	 0.64229E+00	 0.64229E+00	 0.12368E+02	 0.12368E+02	 0.45723E+01	 0.10005E+04	 0.21891E+06	 0.92583E-12	 0.22780E+00	 0.38720E+00	 0.16400E-01	 0.23457E+01	 0.36360E+00
 0.10000E+03	 0.30000E-03	 0.77479E-03	 0.39443E+00	 0.23642E+02	 0.23642E+02	 0.18255E-06	 0.18255E-06	 0.40571E-09	 0.40571E-09	 0.45723E+01	 0.10005E+04	 0.21891E+06	 0.17240E-09	 0.22780E+00	 0.38720E+00	 0.16400E-01	 0.23457E+01	 0.36360E+00
 0.10000E-02	 0.30000E-03	 0.77479E-03	 0.39443E+00	 0.45567E-01	 0.45556E-01	 0.11692E+01	 0.11692E+01	 0.23788E+03	 0.23788E+03	 0.45723E+01	 0.10005E+04	 0.21891E+06	 0.83760E-10	 0.22780E+00	 0.38720E+00	 0.16400E-01	 0.23457E+01	 0.36360E+00
 0.10000E-03	 0.30000E-03	 0.77479E-03	 0.39443E+00	 0.14806E+00	 0.13585E+00	 0.11156E+01	 0.11133E+01	 0.28023E+04	 0.27881E+04	 0.45723E+01	 0.10005E+04	 0.21891E+06	 0.59753E-08	 0.22780E+00	 0.38720E+00	 0.16400E-01	 0.23457E+01	 0.36360E+00
 0.10000E-04	 0.30000E-03	 0.77479E-03	 0.39443E+00	 0.23252E+00	 0.89528E-01	 0.79063E+00	 0.81450E+00	 0.29881E+05	 0.28956E+05	 0.45723E+01	 0.10005E+04	 0.21891E+06	 0.19849E-05	 0.22780E+00	 0.38720E+00	 0.16400E-01	 0.23457E+01	 0.36360E+00
 0.10000E-05	 0.30000E-03	 0.77479E-03	 0.39443E+00	 0.11738E+00	 0.10861E-01	 0.26637E+00	 0.76931E+00	 0.31899E+06	 0.29029E+06	 0.45723E+01	 0.10005E+04	 0.21891E+06	 0.42712E-01	 0.22780E+00	 0.38720E+00	 0.16400E-01	 0.23457E+01	 0.36360E+00
 0.30000E+01	 0.30000E-03	 0.77479E-03	 0.39443E+00	 0.20335E+01	 0.20335E+01	 0.74414E-04	 0.74414E-04	 0.14512E-04	 0.14512E-04	 0.45723E+01	 0.10005E+04	 0.21891E+06	 0.11762E-11	 0.22780E+00	 0.38720E+00	 0.16400E-01	 0.23457E+01	 0.36360E+00
 0.30000E+00	 0.30000E-03	 0.77479E-03	 0.39443E+00	 0.22449E+00	 0.22449E+00	 0.80391E-02	 0.80391E-02	 0.84602E-02	 0.84602E-02	 0.45723E+01	 0.10005E+04	 0.21891E+06	 0.22461E-13	 0.22780E+00	 0.38720E+00	 0.16400E-01	 0.23457E+01	 0.36360E+00
 0.30000E+02	 0.30000E-03	 0.77479E-03	 0.39443E+00	 0.17145E+02	 0.17145E+02	 0.10265E-05	 0.10265E-05	 0.15021E-07	 0.15021E-07	 0.45723E+01	 0.10005E+04	 0.21891E+06	 0.12147E-09	 0.22780E+00	 0.38720E+00	 0.16400E-01	 0.23457E+01	 0.36360E+00
 0.30000E-01	 0.30000E-03	 0.77479E-03	 0.39443E+00	 0.85547E-01	 0.85547E-01	 0.27726E+00	 0.27726E+00	 0.18556E+01	 0.18556E+01	 0.45723E+01	 0.10005E+04	 0.21891E+06	 0.17414E-12	 0.22780E+00	 0.38720E+00	 0.16400E-01	 0.23457E+01	 0.36360E+00
 0.30000E+03	 0.30000E-03	 0.77479E-03	 0.39443E+00	 0.13055E+02	 0.13055E+02	 0.26457E-07	 0.26457E-07	 0.15027E-10	 0.15027E-10	 0.45723E+01	 0.10005E+04	 0.21891E+06	 0.62628E-09	 0.22780E+00	 0.38720E+00	 0.16400E-01	 0.23457E+01	 0.36360E+00
 0.30000E-02	 0.30000E-03	 0.77479E-03	 0.39443E+00	 0.46134E-01	 0.46134E-01	 0.10268E+01	 0.10268E+01	 0.65182E+02	 0.65182E+02	 0.45723E+01	 0.10005E+04	 0.21891E+06	 0.97185E-11	 0.22780E+00	 0.38720E+00	 0.16400E-01	 0.23457E+01	 0.36360E+00
 0.30000E-03	 0.30000E-03	 0.77479E-03	 0.39443E+00	 0.76165E-01	 0.75275E-01	 0.12035E+01	 0.12041E+01	 0.88454E+03	 0.88371E+03	 0.45723E+01	 0.10005E+04	 0.21891E+06	 0.98904E-09	 0.22780E+00	 0.38720E+00	 0.16400E-01	 0.23457E+01	 0.36360E+00
 0.30000E-04	 0.30000E-03	 0.77479E-03	 0.39443E+00	 0.23234E+00	 0.15652E+00	 0.92756E+00	 0.90931E+00	 0.96962E+04	 0.95586E+04	 0.45723E+01	 0.10005E+04	 0.21891E+06	 0.68192E-07	 0.22780E+00	 0.38720E+00	 0.16400E-01	 0.23457E+01	 0.36360E+00
 0.30000E-05	 0.30000E-03	 0.77479E-03	 0.39443E+00	 0.20603E+00	 0.31838E-01	 0.60524E+00	 0.77568E+00	 0.10281E+06	 0.96737E+05	 0.45723E+01	 0.10005E+04	 0.21891E+06	 0.92944E-03	 0.22780E+00	 0.38720E+00	 0.16400E-01	 0.23457E+01	 0.36360E+00
 0.10000E+01	 0.30000E-04	 0.77479E-04	 0.39443E+00	 0.68654E+00	 0.68654E+00	 0.68157E-03	 0.68157E-03	 0.33549E-03	 0.33549E-03	 0.45723E+01	 0.10005E+04	 0.21891E+06	 0.18402E-12	 0.22780E+00	 0.38720E+00	 0.16400E-01	 0.23457E+01	 0.36360E+00
 0.10000E+00	 0.30000E-04	 0.77479E-04	 0.39443E+00	 0.11563E+00	 0.11563E+00	 0.61372E-01	 0.61372E-01	 0.13908E+00	 0.13908E+00	 0.45723E+01	 0.10005E+04	 0.21891E+06	 0.58363E-13	 0.22780E+00	 0.38720E+00	 0.16400E-01	 0.23457E+01	 0.36360E+00
 0.10000E+02	 0.30000E-04	 0.77479E-04	 0.39443E+00	 0.67837E+01	 0.67837E+01	 0.66503E-05	 0.66503E-05	 0.40431E-06	 0.40431E-06	 0.45723E+01	 0.10005E+04	 0.21891E+06	 0.12076E-10	 0.22780E+00	 0.38720E+00	 0.16400E-01	 0.23457E+01	 0.36360E+00
 0.10000E-01	 0.30000E-04	 0.77479E-04	 0.39443E+00	 0.64836E-01	 0.64836E-01	 0.64236E+00	 0.64236E+00	 0.12369E+02	 0.12369E+02	 0.45723E+01	 0.10005E+04	 0.21891E+06	 0.10660E-11	 0.22780E+00	 0.38720E+00	 0.16400E-01	 0.23457E+01	 0.36360E+00
 0.10000E+03	 0.30000E-04	 0.77479E-04	 0.39443E+00	 0.66370E+02	 0.66370E+02	 0.69736E-07	 0.69736E-07	 0.40571E-09	 0.40571E-09	 0.45723E+01	 0.10005E+04	 0.21891E+06	 0.46020E-09	 0.22780E+00	 0.38720E+00	 0.16400E-01	 0.23457E+01	 0.36360E+00
 0.10000E-02	 0.30000E-04	 0.77479E-04	 0.39443E+00	 0.46360E-01	 0.46349E-01	 0.11737E+01	 0.11737E+01	 0.23793E+03	 0.23793E+03	 0.45723E+01	 0.10005E+04	 0.21891E+06	 0.10662E-09	 0.22780E+00	 0.38720E+00	 0.16400E-01	 0.23457E+01	 0.36360E+00
 0.10000E-03	 0.30000E-04	 0.77479E-04	 0.39443E+00	 0.19377E+00	 0.18045E+00	 0.11917E+01	 0.12104E+01	 0.28045E+04	 0.27904E+04	 0.45723E+01	 0.10005E+04	 0.21891E+06	 0.71554E-08	 0.22780E+00	 0.38720E+00	 0.16400E-01	 0.23457E+01	 0.36360E+00
 0.10000E-04	 0.30000E-04	 0.77479E-04	 0.39443E+00	 0.13540E+01	 0.76224E+00	 0.10024E+01	 0.91258E+00	 0.29891E+05	 0.28972E+05	 0.45723E+01	 0.10005E+04	 0.21891E+06	 0.65936E-06	 0.22780E+00	 0.38720E+00	 0.16400E-01	 0.23457E+01	 0.36360E+00
 0.10000E-05	 0.30000E-04	 0.77479E-04	 0.39443E+00	 0.27199E+01	 0.30087E+00	 0.19823E+00	 0.60407E-01	 0.31907E+06	 0.29057E+06	 0.45723E+01	 0.10005E+04	 0.21891E+06	 0.65293E-01	 0.22780E+00	 0.38720E+00	 0.16400E-01	 0.23457E+01	 0.36360E+00
 0.30000E+01	 0.30000E-04	 0.77479E-04	 0.39443E+00	 0.20385E+01	 0.20385E+01	 0.74043E-04	 0.74043E-04	 0.14512E-04	 0.14512E-04	 0.45723E+01	 0.10005E+04	 0.21891E+06	 0.12897E-11	 0.22780E+00	 0.38720E+00	 0.16400E-01	 0.23457E+01	 0.36360E+00
 0.30000E+00	 0.30000E-04	 0.77479E-04	 0.39443E+00	 0.22496E+00	 0.22496E+00	 0.80272E-02	 0.80272E-02	 0.84604E-02	 0.84604E-02	 0.45723E+01	 0.10005E+04	 0.21891E+06	 0.22275E-13	 0.22780E+00	 0.38720E+00	 0.16400E-01	 0.23457E+01	 0.36360E+00
 0.30000E+02	 0.30000E-04	 0.77479E-04	 0.39443E+00	 0.20312E+02	 0.20312E+02	 0.74174E-06	 0.74174E-06	 0.15021E-07	 0.15021E-07	 0.45723E+01	 0.10005E+04	 0.21891E+06	 0.21407E-09	 0.22780E+00	 0.38720E+00	 0.16400E-01	 0.23457E+01	 0.36360E+00
 0.30000E-01	 0.30000E-04	 0.77479E-04	 0.39443E+00	 0.85546E-01	 0.85546E-01	 0.27725E+00	 0.27725E+00	 0.18557E+01	 0.18557E+01	 0.45723E+01	 0.10005E+04	 0.21891E+06	 0.19435E-12	 0.22780E+00	 0.38720E+00	 0.16400E-01	 0.23457E+01	 0.36360E+00
 0.30000E+03	 0.30000E-04	 0.77479E-04	 0.39443E+00	 0.17144E+03	 0.17144E+03	 0.10265E-07	 0.10265E-07	 0.15027E-10	 0.15027E-10	 0.45723E+01	 0.10005E+04	 0.21891E+06	 0.69484E-08	 0.22780E+00	 0.38720E+00	 0.16400E-01	 0.23457E+01	 0.36360E+00
 0.30000E-02	 0.30000E-04	 0.77479E-04	 0.39443E+00	 0.46215E-01	 0.46215E-01	 0.10276E+01	 0.10276E+01	 0.65192E+02	 0.65192E+02	 0.45723E+01	 0.10005E+04	 0.21891E+06	 0.10396E-10	 0.22780E+00	 0.38720E+00	 0.16400E-01	 0.23457E+01	 0.36360E+00
 0.30000E-03	 0.30000E-04	 0.77479E-04	 0.39443E+00	 0.83220E-01	 0.82306E-01	 0.12256E+01	 0.12273E+01	 0.88499E+03	 0.88416E+03	 0.45723E+01	 0.10005E+04	 0.21891E+06	 0.77491E-09	 0.22780E+00	 0.38720E+00	 0.16400E-01	 0.23457E+01	 0.36360E+00
 0.30000E-04	 0.30000E-04	 0.77479E-04	 0.39443E+00	 0.55013E+00	 0.43072E+00	 0.11048E+01	 0.11581E+01	 0.97010E+04	 0.95640E+04	 0.45723E+01	 0.10005E+04	 0.21891E+06	 0.65854E-07	 0.22780E+00	 0.38720E+00	 0.16400E-01	 0.23457E+01	 0.36360E+00
 0.30000E-05	 0.30000E-04	 0.77479E-04	 0.39443E+00	 0.24553E+01	 0.67545E+00	 0.78086E+00	 0.23002E+00	 0.10283E+06	 0.96811E+05	 0.45723E+01	 0.10005E+04	 0.21891E+06	 0.77331E-04	 0.22780E+00	 0.38720E+00	 0.16400E-01	 0.23457E+01	 0.36360E+00
