 ##################################################
 #WARNING: these are left-handed Boozer coordinates
 #(similar, but not equal, to PEST)
 ##################################################
  4.700000000000000E-002
          65
          65
           5
 -3.06901E-02 -3.97166E-02 -5.58932E-02 -7.70607E-02 -1.02860E-01 -1.33688E-01 -1.69291E-01 -2.08271E-01 -2.48964E-01 -2.91051E-01 -3.36572E-01 -3.89324E-01 -4.52747E-01 -5.27581E-01 -6.11014E-01 -6.98270E-01 -7.86052E-01 -8.75836E-01 -9.74680E-01 -1.09240E+00 -1.23601E+00 -1.40414E+00 -1.58467E+00 -1.75744E+00 -1.90121E+00 -2.00181E+00 -2.05741E+00 -2.07835E+00 -2.08142E+00 -2.08168E+00 -2.08601E+00 -2.09172E+00 -2.09060E+00 -2.07599E+00 -2.04834E+00 -2.01609E+00 -1.99086E+00 -1.97970E+00 -1.97874E+00 -1.97222E+00 -1.93804E+00 -1.85749E+00 -1.72433E+00 -1.54877E+00 -1.35401E+00 -1.16718E+00 -1.00880E+00 -8.86004E-01 -7.92208E-01 -7.12997E-01 -6.34650E-01 -5.50910E-01 -4.64825E-01 -3.85361E-01 -3.21223E-01 -2.75539E-01 -2.44214E-01 -2.18480E-01 -1.89817E-01 -1.54339E-01 -1.14321E-01 -7.63597E-02 -4.76085E-02 -3.23476E-02 -3.06901E-02
 -3.37133E-02 -4.23459E-02 -5.71946E-02 -7.71524E-02 -1.02449E-01 -1.33422E-01 -1.69379E-01 -2.08569E-01 -2.49419E-01 -2.92137E-01 -3.39363E-01 -3.95103E-01 -4.62352E-01 -5.40894E-01 -6.26899E-01 -7.15047E-01 -8.02254E-01 -8.90852E-01 -9.88982E-01 -1.10728E+00 -1.25298E+00 -1.42442E+00 -1.60881E+00 -1.78520E+00 -1.93148E+00 -2.03252E+00 -2.08544E+00 -2.09966E+00 -2.09181E+00 -2.07813E+00 -2.06828E+00 -2.06340E+00 -2.05892E+00 -2.04986E+00 -2.03527E+00 -2.01885E+00 -2.00560E+00 -1.99640E+00 -1.98422E+00 -1.95463E+00 -1.89117E+00 -1.78301E+00 -1.63110E+00 -1.44954E+00 -1.26089E+00 -1.08785E+00 -9.44900E-01 -8.34118E-01 -7.46695E-01 -6.69114E-01 -5.90563E-01 -5.07835E-01 -4.25582E-01 -3.52353E-01 -2.94991E-01 -2.54600E-01 -2.26083E-01 -2.01157E-01 -1.72852E-01 -1.38906E-01 -1.02347E-01 -6.92900E-02 -4.55215E-02 -3.38771E-02 -3.37133E-02
 -3.08485E-02 -3.84982E-02 -5.09325E-02 -6.80336E-02 -9.07082E-02 -1.19503E-01 -1.53638E-01 -1.91305E-01 -2.31126E-01 -2.73709E-01 -3.22028E-01 -3.80053E-01 -4.50257E-01 -5.31592E-01 -6.19492E-01 -7.08374E-01 -7.95538E-01 -8.84181E-01 -9.83413E-01 -1.10451E+00 -1.25482E+00 -1.43216E+00 -1.62289E+00 -1.80494E+00 -1.95502E+00 -2.05679E+00 -2.10633E+00 -2.11248E+00 -2.09221E+00 -2.06333E+00 -2.03828E+00 -2.02146E+00 -2.01097E+00 -2.00266E+00 -1.99384E+00 -1.98431E+00 -1.97422E+00 -1.96065E+00 -1.93549E+00 -1.88667E+00 -1.80272E+00 -1.67863E+00 -1.51972E+00 -1.34131E+00 -1.16379E+00 -1.00532E+00 -8.75582E-01 -7.73461E-01 -6.89612E-01 -6.12371E-01 -5.33851E-01 -4.53249E-01 -3.75985E-01 -3.09620E-01 -2.59052E-01 -2.23672E-01 -1.97828E-01 -1.74028E-01 -1.46872E-01 -1.15503E-01 -8.34100E-02 -5.60108E-02 -3.76477E-02 -2.97256E-02 -3.08485E-02
 -2.24481E-02 -2.85160E-02 -3.73512E-02 -4.97044E-02 -6.73232E-02 -9.13716E-02 -1.21447E-01 -1.55976E-01 -1.93763E-01 -2.35531E-01 -2.84231E-01 -3.43582E-01 -4.15605E-01 -4.98740E-01 -5.88078E-01 -6.78045E-01 -7.66345E-01 -8.56848E-01 -9.59332E-01 -1.08547E+00 -1.24253E+00 -1.42775E+00 -1.62642E+00 -1.81517E+00 -1.96930E+00 -2.07128E+00 -2.11642E+00 -2.11360E+00 -2.08068E+00 -2.03732E+00 -1.99822E+00 -1.96999E+00 -1.95196E+00 -1.93980E+00 -1.92918E+00 -1.91732E+00 -1.90199E+00 -1.87912E+00 -1.84138E+00 -1.77930E+00 -1.68493E+00 -1.55629E+00 -1.40008E+00 -1.23073E+00 -1.06583E+00 -9.20031E-01 -8.00083E-01 -7.03625E-01 -6.21984E-01 -5.45486E-01 -4.68470E-01 -3.91521E-01 -3.20088E-01 -2.60581E-01 -2.16314E-01 -1.85529E-01 -1.62416E-01 -1.40310E-01 -1.15106E-01 -8.69838E-02 -5.96696E-02 -3.79015E-02 -2.47507E-02 -2.03307E-02 -2.24481E-02
 -9.80577E-03 -1.36592E-02 -1.77209E-02 -2.34617E-02 -3.36383E-02 -5.04519E-02 -7.43353E-02 -1.04208E-01 -1.38987E-01 -1.79203E-01 -2.27428E-01 -2.86975E-01 -3.59554E-01 -4.43474E-01 -5.33893E-01 -6.25484E-01 -7.16307E-01 -8.10606E-01 -9.18437E-01 -1.05152E+00 -1.21684E+00 -1.41090E+00 -1.61790E+00 -1.81309E+00 -1.97048E+00 -2.07158E+00 -2.11151E+00 -2.09973E+00 -2.05549E+00 -2.00010E+00 -1.94978E+00 -1.91192E+00 -1.88572E+00 -1.86593E+00 -1.84695E+00 -1.82514E+00 -1.79826E+00 -1.76340E+00 -1.71521E+00 -1.64641E+00 -1.55064E+00 -1.42627E+00 -1.27894E+00 -1.12095E+00 -9.67429E-01 -8.31017E-01 -7.17563E-01 -6.25011E-01 -5.45897E-01 -4.72033E-01 -3.98859E-01 -3.27279E-01 -2.62250E-01 -2.09208E-01 -1.70508E-01 -1.43893E-01 -1.23695E-01 -1.03925E-01 -8.13349E-02 -5.67333E-02 -3.39407E-02 -1.71817E-02 -8.56681E-03 -7.12443E-03 -9.80577E-03
  5.16006E-03  4.18182E-03  5.91857E-03  8.32567E-03  7.54194E-03  3.71935E-05 -1.57853E-02 -3.95269E-02 -7.01839E-02 -1.07882E-01 -1.54587E-01 -2.13115E-01 -2.84994E-01 -3.68701E-01 -4.59787E-01 -5.53362E-01 -6.47801E-01 -7.47460E-01 -8.62275E-01 -1.00362E+00 -1.17786E+00 -1.38063E+00 -1.59504E+00 -1.79518E+00 -1.95417E+00 -2.05317E+00 -2.08768E+00 -2.06827E+00 -2.01554E+00 -1.95194E+00 -1.89409E+00 -1.84892E+00 -1.81448E+00 -1.78436E+00 -1.75248E+00 -1.71589E+00 -1.67425E+00 -1.62715E+00 -1.57162E+00 -1.50165E+00 -1.41068E+00 -1.29548E+00 -1.15926E+00 -1.01195E+00 -8.67112E-01 -7.36978E-01 -6.28005E-01 -5.39294E-01 -4.64493E-01 -3.96029E-01 -3.29314E-01 -2.64721E-01 -2.06477E-01 -1.59408E-01 -1.25572E-01 -1.02768E-01 -8.56578E-02 -6.87076E-02 -4.91070E-02 -2.79503E-02 -9.07943E-03  3.59466E-03  8.61150E-03  7.82175E-03  5.16006E-03
  2.03486E-02  2.28858E-02  3.11538E-02  4.26528E-02  5.24516E-02  5.56345E-02  4.93337E-02  3.31671E-02  8.00850E-03 -2.58585E-02 -6.97642E-02 -1.26021E-01 -1.96030E-01 -2.78552E-01 -3.69689E-01 -4.65111E-01 -5.63536E-01 -6.69304E-01 -7.91946E-01 -9.42085E-01 -1.12508E+00 -1.33547E+00 -1.55530E+00 -1.75798E+00 -1.91643E+00 -2.01230E+00 -2.04212E+00 -2.01769E+00 -1.96054E+00 -1.89329E+00 -1.83180E+00 -1.78152E+00 -1.73899E+00 -1.69700E+00 -1.65002E+00 -1.59703E+00 -1.54055E+00 -1.48304E+00 -1.42336E+00 -1.35572E+00 -1.27211E+00 -1.16684E+00 -1.04058E+00 -9.01526E-01 -7.62778E-01 -6.37258E-01 -5.32724E-01 -4.49458E-01 -3.81641E-01 -3.21441E-01 -2.63447E-01 -2.07074E-01 -1.55866E-01 -1.14418E-01 -8.49713E-02 -6.57145E-02 -5.17074E-02 -3.77098E-02 -2.10916E-02 -3.04248E-03  1.26002E-02  2.21098E-02  2.44813E-02  2.22969E-02  2.03486E-02
  3.39257E-02  4.05088E-02  5.56308E-02  7.64130E-02  9.70337E-02  1.11409E-01  1.15552E-01  1.08309E-01  9.02791E-02  6.19271E-02  2.23550E-02 -3.03362E-02 -9.73836E-02 -1.77740E-01 -2.68001E-01 -3.64441E-01 -4.66232E-01 -5.77761E-01 -7.08044E-01 -8.66633E-01 -1.05747E+00 -1.27369E+00 -1.49638E+00 -1.69879E+00 -1.85455E+00 -1.94675E+00 -1.97348E+00 -1.94763E+00 -1.89083E+00 -1.82465E+00 -1.76303E+00 -1.70938E+00 -1.65894E+00 -1.60458E+00 -1.54240E+00 -1.47411E+00 -1.40517E+00 -1.34024E+00 -1.27894E+00 -1.21469E+00 -1.13759E+00 -1.03977E+00 -9.20306E-01 -7.86810E-01 -6.52861E-01 -5.32445E-01 -4.34357E-01 -3.59364E-01 -3.01376E-01 -2.51693E-01 -2.03825E-01 -1.56313E-01 -1.12273E-01 -7.63450E-02 -5.11216E-02 -3.52308E-02 -2.41048E-02 -1.27578E-02  1.27814E-03  1.67183E-02  2.97273E-02  3.67615E-02  3.72523E-02  3.44560E-02  3.39257E-02
  4.46630E-02  5.55996E-02  7.74198E-02  1.06896E-01  1.37613E-01  1.62765E-01  1.77632E-01  1.80412E-01  1.71234E-01  1.50335E-01  1.16852E-01  6.91116E-02  6.12864E-03 -7.09818E-02 -1.59073E-01 -2.54978E-01 -3.58481E-01 -4.74240E-01 -6.10847E-01 -7.76628E-01 -9.73764E-01 -1.19370E+00 -1.41664E+00 -1.61617E+00 -1.76755E+00 -1.85611E+00 -1.88192E+00 -1.85864E+00 -1.80698E+00 -1.74618E+00 -1.68731E+00 -1.63155E+00 -1.57346E+00 -1.50707E+00 -1.43109E+00 -1.35026E+00 -1.27241E+00 -1.20318E+00 -1.14166E+00 -1.07979E+00 -1.00606E+00 -9.11578E-01 -7.95337E-01 -6.65675E-01 -5.37153E-01 -4.24442E-01 -3.36357E-01 -2.73007E-01 -2.27240E-01 -1.89283E-01 -1.51870E-01 -1.13171E-01 -7.62730E-02 -4.59680E-02 -2.50578E-02 -1.24014E-02 -3.70772E-03  5.66554E-03  1.78235E-02  3.12204E-02  4.20026E-02  4.69273E-02  4.60059E-02  4.31958E-02  4.46630E-02
  5.20911E-02  6.73573E-02  9.52342E-02  1.32142E-01  1.71417E-01  2.06101E-01  2.31271E-01  2.44710E-01  2.45904E-01  2.34401E-01  2.08878E-01  1.67618E-01  1.09954E-01  3.73825E-02 -4.68761E-02 -1.40080E-01 -2.42761E-01 -3.60153E-01 -5.00684E-01 -6.71504E-01 -8.72881E-01 -1.09439E+00 -1.31536E+00 -1.51011E+00 -1.65614E+00 -1.74164E+00 -1.76885E+00 -1.75177E+00 -1.70932E+00 -1.65738E+00 -1.60352E+00 -1.54671E+00 -1.48150E+00 -1.40410E+00 -1.31646E+00 -1.22629E+00 -1.14293E+00 -1.07173E+00 -1.01020E+00 -9.48540E-01 -8.74356E-01 -7.79232E-01 -6.63681E-01 -5.37771E-01 -4.17083E-01 -3.16068E-01 -2.42186E-01 -1.93660E-01 -1.61683E-01 -1.35573E-01 -1.07964E-01 -7.74069E-02 -4.73892E-02 -2.28356E-02 -6.42135E-03  3.12711E-03  9.96118E-03  1.82240E-02  2.93411E-02  4.12509E-02  5.00449E-02  5.29562E-02  5.07991E-02  4.83072E-02  5.20911E-02
  5.64455E-02  7.56154E-02  1.08476E-01  1.51081E-01  1.96834E-01  2.39175E-01  2.73532E-01  2.97583E-01  3.10116E-01  3.09626E-01  2.93868E-01  2.60769E-01  2.09951E-01  1.43524E-01  6.50921E-02 -2.28321E-02 -1.21579E-01 -2.37221E-01 -3.78363E-01 -5.51247E-01 -7.54342E-01 -9.75368E-01 -1.19280E+00 -1.38183E+00 -1.52243E+00 -1.60580E+00 -1.63635E+00 -1.62810E+00 -1.59764E+00 -1.55697E+00 -1.50987E+00 -1.45323E+00 -1.38209E+00 -1.29529E+00 -1.19827E+00 -1.10140E+00 -1.01480E+00 -9.42663E-01 -8.80429E-01 -8.16722E-01 -7.39140E-01 -6.41006E-01 -5.25484E-01 -4.04876E-01 -2.95434E-01 -2.10357E-01 -1.54482E-01 -1.23183E-01 -1.05687E-01 -9.07669E-02 -7.17142E-02 -4.81990E-02 -2.45018E-02 -5.62391E-03  6.23457E-03  1.28434E-02  1.83630E-02  2.63100E-02  3.71468E-02  4.80571E-02  5.50289E-02  5.59093E-02  5.25034E-02  5.03817E-02  5.64455E-02
  5.84478E-02  8.06854E-02  1.17126E-01  1.63466E-01  2.13392E-01  2.61147E-01  3.02960E-01  3.36752E-01  3.60729E-01  3.72198E-01  3.67703E-01  3.44513E-01  3.02379E-01  2.44050E-01  1.73701E-01  9.38119E-02  2.34297E-03 -1.07738E-01 -2.45532E-01 -4.16803E-01 -6.18636E-01 -8.37166E-01 -1.05010E+00 -1.23338E+00 -1.36920E+00 -1.45152E+00 -1.48664E+00 -1.48846E+00 -1.47118E+00 -1.44301E+00 -1.40409E+00 -1.34933E+00 -1.27429E+00 -1.18032E+00 -1.07604E+00 -9.74095E-01 -8.85024E-01 -8.11721E-01 -7.47735E-01 -6.80601E-01 -5.98603E-01 -4.97439E-01 -3.83277E-01 -2.70558E-01 -1.75685E-01 -1.09835E-01 -7.44825E-02 -6.16966E-02 -5.86990E-02 -5.40526E-02 -4.22396E-02 -2.45420E-02 -6.31188E-03  7.35815E-03  1.49151E-02  1.88382E-02  2.34220E-02  3.15441E-02  4.25939E-02  5.28821E-02  5.82394E-02  5.71479E-02  5.24439E-02  5.05184E-02  5.84478E-02
  5.90024E-02  8.31290E-02  1.21549E-01  1.69651E-01  2.21507E-01  2.72329E-01  3.19412E-01  3.61239E-01  3.95730E-01  4.19173E-01  4.26869E-01  4.15218E-01  3.83812E-01  3.35825E-01  2.75967E-01  2.06844E-01  1.25916E-01  2.52770E-02 -1.04874E-01 -2.70326E-01 -4.67438E-01 -6.81315E-01 -8.89080E-01 -1.06716E+00 -1.19932E+00 -1.28158E+00 -1.32165E+00 -1.33333E+00 -1.32889E+00 -1.31336E+00 -1.28376E+00 -1.23315E+00 -1.15715E+00 -1.05887E+00 -9.49347E-01 -8.43076E-01 -7.51120E-01 -6.75649E-01 -6.09098E-01 -5.38594E-01 -4.53406E-01 -3.51456E-01 -2.41432E-01 -1.39325E-01 -6.12188E-02 -1.60372E-02 -1.90165E-03 -7.72184E-03 -1.88815E-02 -2.38601E-02 -1.84124E-02 -5.51627E-03  8.28555E-03  1.76619E-02  2.15820E-02  2.31911E-02  2.69819E-02  3.53336E-02  4.67072E-02  5.66122E-02  6.06816E-02  5.78983E-02  5.19602E-02  4.99367E-02  5.90024E-02
  5.89098E-02  8.35402E-02  1.22275E-01  1.70318E-01  2.22113E-01  2.73779E-01  3.23705E-01  3.71174E-01  4.14242E-01  4.48628E-01  4.68649E-01  4.69778E-01  4.51102E-01  4.15800E-01  3.68858E-01  3.13053E-01  2.45635E-01  1.58096E-01  3.99130E-02 -1.15199E-01 -3.03665E-01 -5.10329E-01 -7.12082E-01 -8.85538E-01 -1.01520E+00 -1.09812E+00 -1.14282E+00 -1.16304E+00 -1.16986E+00 -1.16623E+00 -1.14682E+00 -1.10295E+00 -1.02960E+00 -9.30474E-01 -8.17919E-01 -7.07835E-01 -6.12213E-01 -5.33551E-01 -4.64334E-01 -3.91979E-01 -3.06637E-01 -2.07639E-01 -1.05068E-01 -1.55863E-02  4.53166E-02  7.05881E-02  6.47149E-02  4.12592E-02  1.63756E-02  1.82768E-03  1.01290E-03  9.62919E-03  2.00144E-02  2.63331E-02  2.76481E-02  2.74441E-02  3.03781E-02  3.85952E-02  5.00167E-02  5.96250E-02  6.28559E-02  5.89269E-02  5.20229E-02  4.96133E-02  5.89098E-02
  5.86771E-02  8.23991E-02  1.19848E-01  1.66234E-01  2.16307E-01  2.66859E-01  3.17200E-01  3.67521E-01  4.16460E-01  4.59785E-01  4.91337E-01  5.05793E-01  5.01453E-01  4.80981E-01  4.49210E-01  4.09002E-01  3.57662E-01  2.86473E-01  1.84339E-01  4.41549E-02 -1.31343E-01 -3.27618E-01 -5.21856E-01 -6.90700E-01 -8.18585E-01 -9.02552E-01 -9.51138E-01 -9.78028E-01 -9.93898E-01 -1.00081E+00 -9.92061E-01 -9.57422E-01 -8.90564E-01 -7.94467E-01 -6.81609E-01 -5.68774E-01 -4.69315E-01 -3.87194E-01 -3.16152E-01 -2.44497E-01 -1.62915E-01 -7.09847E-02  2.12004E-02  9.72519E-02  1.42314E-01  1.50373E-01  1.27267E-01  8.79770E-02  4.98139E-02  2.51571E-02  1.73679E-02  2.15664E-02  2.92472E-02  3.37809E-02  3.37048E-02  3.22963E-02  3.42208E-02  4.16847E-02  5.26010E-02  6.18524E-02  6.47440E-02  6.04087E-02  5.30178E-02  5.00508E-02  5.86771E-02
  5.84669E-02  8.00289E-02  1.14761E-01  1.58116E-01  2.05108E-01  2.52913E-01  3.01464E-01  3.51813E-01  4.03529E-01  4.53068E-01  4.94427E-01  5.21819E-01  5.32638E-01  5.28583E-01  5.13849E-01  4.91160E-01  4.58040E-01  4.05946E-01  3.23496E-01  2.02637E-01  4.46650E-02 -1.37351E-01 -3.21559E-01 -4.84752E-01 -6.10770E-01 -6.95720E-01 -7.47378E-01 -7.79151E-01 -8.01842E-01 -8.17638E-01 -8.19473E-01 -7.95967E-01 -7.39059E-01 -6.49998E-01 -5.40272E-01 -4.26930E-01 -3.24857E-01 -2.40288E-01 -1.69149E-01 -1.01097E-01 -2.69891E-02  5.44159E-02  1.34280E-01  1.97290E-01  2.29133E-01  2.23860E-01  1.87254E-01  1.34525E-01  8.36816E-02  4.81125E-02  3.20809E-02  3.10719E-02  3.62075E-02  3.98968E-02  3.95437E-02  3.75860E-02  3.84185E-02  4.45117E-02  5.42845E-02  6.30002E-02  6.59806E-02  6.20096E-02  5.47423E-02  5.12305E-02  5.84669E-02
  5.81799E-02  7.66470E-02  1.07479E-01  1.46623E-01  1.89392E-01  2.33128E-01  2.78065E-01  3.25938E-01  3.77396E-01  4.30064E-01  4.78722E-01  5.17600E-01  5.43312E-01  5.56359E-01  5.59889E-01  5.56188E-01  5.42992E-01  5.12207E-01  4.52487E-01  3.54919E-01  2.19029E-01  5.57355E-02 -1.14816E-01 -2.70007E-01 -3.92992E-01 -4.78381E-01 -5.32460E-01 -5.67884E-01 -5.95658E-01 -6.18707E-01 -6.30432E-01 -6.18944E-01 -5.74534E-01 -4.96218E-01 -3.93664E-01 -2.83448E-01 -1.81683E-01 -9.70705E-02 -2.81717E-02  3.36964E-02  9.76454E-02  1.66363E-01  2.33088E-01  2.84154E-01  3.05735E-01  2.91193E-01  2.45075E-01  1.81715E-01  1.19257E-01  7.22652E-02  4.66549E-02  3.91876E-02  4.12413E-02  4.43614E-02  4.44446E-02  4.25410E-02  4.24028E-02  4.67672E-02  5.48885E-02  6.28227E-02  6.61290E-02  6.31307E-02  5.65951E-02  5.27416E-02  5.81799E-02
  5.76181E-02  7.24669E-02  9.85194E-02  1.32436E-01  1.69972E-01  2.08574E-01  2.48534E-01  2.92002E-01  3.40610E-01  3.93365E-01  4.46301E-01  4.94212E-01  5.33321E-01  5.63003E-01  5.85153E-01  6.01314E-01  6.09264E-01  6.01443E-01  5.66822E-01  4.95879E-01  3.86341E-01  2.46552E-01  9.42275E-02 -4.93273E-02 -1.66978E-01 -2.51712E-01 -3.07768E-01 -3.46350E-01 -3.78225E-01 -4.07128E-01 -4.27502E-01 -4.27743E-01 -3.97122E-01 -3.32541E-01 -2.41408E-01 -1.39025E-01 -4.19228E-02  3.92336E-02  1.03332E-01  1.57193E-01  2.09673E-01  2.64896E-01  3.18431E-01  3.58596E-01  3.72214E-01  3.51703E-01  2.99706E-01  2.28819E-01  1.56610E-01  9.85678E-02  6.25481E-02  4.72540E-02  4.50339E-02  4.70158E-02  4.76189E-02  4.61996E-02  4.54651E-02  4.81713E-02  5.44339E-02  6.13412E-02  6.49494E-02  6.32154E-02  5.78761E-02  5.40241E-02  5.76181E-02
  5.66590E-02  6.77949E-02  8.85275E-02  1.16374E-01  1.47759E-01  1.80364E-01  2.14437E-01  2.52246E-01  2.96099E-01  3.46277E-01  4.00300E-01  4.54039E-01  5.03900E-01  5.48517E-01  5.88594E-01  6.24720E-01  6.54436E-01  6.70616E-01  6.62723E-01  6.20960E-01  5.41483E-01  4.29913E-01  3.00923E-01  1.73616E-01  6.46227E-02 -1.77482E-02 -7.53638E-02 -1.17187E-01 -1.52894E-01 -1.86587E-01 -2.13996E-01 -2.24640E-01 -2.07779E-01 -1.58879E-01 -8.30473E-02  6.45652E-03  9.38508E-02  1.67558E-01  2.24432E-01  2.69287E-01  3.10148E-01  3.51969E-01  3.92383E-01  4.21894E-01  4.28435E-01  4.03855E-01  3.48851E-01  2.73728E-01  1.94627E-01  1.27204E-01  8.09413E-02  5.67555E-02  4.86648E-02  4.81532E-02  4.86538E-02  4.78622E-02  4.70928E-02  4.86551E-02  5.32256E-02  5.89284E-02  6.25644E-02  6.20091E-02  5.80858E-02  5.46296E-02  5.66590E-02
  5.53731E-02  6.30723E-02  7.83003E-02  9.94644E-02  1.23915E-01  1.49836E-01  1.77486E-01  2.09001E-01  2.46923E-01  2.92447E-01  3.44547E-01  4.00543E-01  4.57659E-01  5.14402E-01  5.70601E-01  6.25840E-01  6.77156E-01  7.17638E-01  7.37302E-01  7.26408E-01  6.79916E-01  6.00802E-01  5.00268E-01  3.94311E-01  2.98044E-01  2.20417E-01  1.61964E-01  1.16686E-01  7.70331E-02  3.93147E-02  6.60369E-03 -1.24447E-02 -8.22806E-03  2.42339E-02  8.18440E-02  1.53997E-01  2.26902E-01  2.89363E-01  3.36939E-01  3.72337E-01  4.01958E-01  4.30617E-01  4.57445E-01  4.75277E-01  4.73925E-01  4.45587E-01  3.89516E-01  3.13483E-01  2.31270E-01  1.57509E-01  1.02432E-01  6.89972E-02  5.34570E-02  4.86197E-02  4.78041E-02  4.74260E-02  4.72034E-02  4.84316E-02  5.17972E-02  5.62351E-02  5.94656E-02  5.96813E-02  5.71220E-02  5.44108E-02  5.53731E-02
  5.40420E-02  5.88409E-02  6.87285E-02  8.29193E-02  9.98901E-02  1.18641E-01  1.39603E-01  1.64623E-01  1.96039E-01  2.35470E-01  2.83095E-01  3.37855E-01  3.98341E-01  4.63601E-01  5.33082E-01  6.05510E-01  6.77269E-01  7.41464E-01  7.88644E-01  8.09397E-01  7.97884E-01  7.54655E-01  6.87190E-01  6.07629E-01  5.28548E-01  4.58711E-01  4.00817E-01  3.52306E-01  3.08693E-01  2.67588E-01  2.31204E-01  2.05948E-01  1.99304E-01  2.15688E-01  2.53533E-01  3.05226E-01  3.59981E-01  4.08155E-01  4.44744E-01  4.70289E-01  4.88795E-01  5.03949E-01  5.15769E-01  5.19607E-01  5.08076E-01  4.74931E-01  4.18828E-01  3.45002E-01  2.63984E-01  1.87989E-01  1.26747E-01  8.46973E-02  6.06459E-02  4.96714E-02  4.60290E-02  4.55011E-02  4.62154E-02  4.79473E-02  5.07534E-02  5.39962E-02  5.63713E-02  5.67800E-02  5.53143E-02  5.35762E-02  5.40420E-02
  5.30789E-02  5.56375E-02  6.06661E-02  6.80064E-02  7.73313E-02  8.86887E-02  1.02876E-01  1.21408E-01  1.46103E-01  1.78542E-01  2.19758E-01  2.70275E-01  3.30370E-01  4.00177E-01  4.79298E-01  5.65916E-01  6.55832E-01  7.42099E-01  8.15806E-01  8.68058E-01  8.92537E-01  8.87603E-01  8.56929E-01  8.08276E-01  7.50856E-01  6.92427E-01  6.37412E-01  5.86813E-01  5.39815E-01  4.96081E-01  4.57435E-01  4.27963E-01  4.12454E-01  4.13992E-01  4.32018E-01  4.61931E-01  4.96492E-01  5.28370E-01  5.52546E-01  5.67401E-01  5.74043E-01  5.74324E-01  5.68743E-01  5.55388E-01  5.30554E-01  4.90719E-01  4.34844E-01  3.65803E-01  2.90172E-01  2.16463E-01  1.52577E-01  1.03629E-01  7.09663E-02  5.26228E-02  4.47558E-02  4.32718E-02  4.49459E-02  4.77508E-02  5.05792E-02  5.27955E-02  5.39906E-02  5.40415E-02  5.32951E-02  5.26052E-02  5.30789E-02
  5.28844E-02  5.38589E-02  5.47654E-02  5.58400E-02  5.78483E-02  6.19399E-02  6.94023E-02  8.14751E-02  9.93346E-02  1.24246E-01  1.57762E-01  2.01779E-01  2.58292E-01  3.28799E-01  4.13471E-01  5.10367E-01  6.15007E-01  7.20570E-01  8.18802E-01  9.01472E-01  9.61983E-01  9.96679E-01  1.00543E+00  9.91356E-01  9.59759E-01  9.16729E-01  8.67854E-01  8.17467E-01  7.68580E-01  7.23344E-01  6.83663E-01  6.51562E-01  6.29048E-01  6.17512E-01  6.16964E-01  6.25522E-01  6.39485E-01  6.54053E-01  6.64456E-01  6.67049E-01  6.59948E-01  6.42973E-01  6.16997E-01  5.83070E-01  5.41772E-01  4.93127E-01  4.37121E-01  3.74531E-01  3.07631E-01  2.40339E-01  1.77642E-01  1.24447E-01  8.42902E-02  5.83923E-02  4.54402E-02  4.21493E-02  4.43748E-02  4.83322E-02  5.14914E-02  5.28788E-02  5.27887E-02  5.21330E-02  5.17649E-02  5.20612E-02  5.28844E-02
  5.36973E-02  5.36450E-02  5.13315E-02  4.71599E-02  4.27224E-02  4.00974E-02  4.10452E-02  4.66260E-02  5.74676E-02  7.44851E-02  9.95572E-02  1.35660E-01  1.86255E-01  2.54142E-01  3.40254E-01  4.42925E-01  5.57878E-01  6.78855E-01  7.98574E-01  9.09649E-01  1.00531E+00  1.07995E+00  1.12968E+00  1.15288E+00  1.15073E+00  1.12717E+00  1.08839E+00  1.04157E+00  9.93258E-01  9.48173E-01  9.08662E-01  8.75161E-01  8.47243E-01  8.24645E-01  8.07648E-01  7.96587E-01  7.90807E-01  7.87765E-01  7.82963E-01  7.70998E-01  7.47360E-01  7.10144E-01  6.60802E-01  6.03480E-01  5.43220E-01  4.83891E-01  4.26881E-01  3.71198E-01  3.14892E-01  2.57006E-01  1.98992E-01  1.44782E-01  9.94455E-02  6.70912E-02  4.90599E-02  4.33226E-02  4.53507E-02  4.99887E-02  5.33873E-02  5.40863E-02  5.28368E-02  5.14248E-02  5.12400E-02  5.23796E-02  5.36973E-02
  5.54975E-02  5.48282E-02  5.02510E-02  4.21727E-02  3.26450E-02  2.42989E-02  1.91765E-02  1.82263E-02  2.17650E-02  3.05680E-02  4.68372E-02  7.43549E-02  1.17620E-01  1.80362E-01  2.64185E-01  3.67967E-01  4.88186E-01  6.19788E-01  7.56982E-01  8.93522E-01  1.02256E+00  1.13654E+00  1.22784E+00  1.29012E+00  1.32034E+00  1.32007E+00  1.29562E+00  1.25632E+00  1.21178E+00  1.16903E+00  1.13107E+00  1.09729E+00  1.06540E+00  1.03380E+00  1.00290E+00  9.74640E-01  9.50655E-01  9.30074E-01  9.08565E-01  8.79366E-01  8.36051E-01  7.75678E-01  7.00651E-01  6.18187E-01  5.37515E-01  4.66100E-01  4.06762E-01  3.57091E-01  3.11421E-01  2.64284E-01  2.13540E-01  1.61617E-01  1.14298E-01  7.77971E-02  5.57019E-02  4.73443E-02  4.83247E-02  5.27510E-02  5.59024E-02  5.59233E-02  5.38006E-02  5.18712E-02  5.18754E-02  5.37075E-02  5.54975E-02
  5.79997E-02  5.69705E-02  5.10238E-02  4.05122E-02  2.75748E-02  1.49049E-02  4.48169E-03 -2.88357E-03 -6.91537E-03 -6.62023E-03  7.06876E-04  1.94910E-02  5.47966E-02  1.10734E-01  1.89228E-01  2.89762E-01  4.10040E-01  5.46914E-01  6.96760E-01  8.54936E-01  1.01471E+00  1.16663E+00  1.29927E+00  1.40165E+00  1.46646E+00  1.49276E+00  1.48655E+00  1.45877E+00  1.42143E+00  1.38354E+00  1.34882E+00  1.31604E+00  1.28168E+00  1.24318E+00  1.20098E+00  1.15809E+00  1.11761E+00  1.07972E+00  1.04013E+00  9.91195E-01  9.25447E-01  8.39722E-01  7.37755E-01  6.29629E-01  5.28125E-01  4.43664E-01  3.80258E-01  3.34450E-01  2.97685E-01  2.60854E-01  2.18686E-01  1.71881E-01  1.26103E-01  8.86014E-02  6.43804E-02  5.38779E-02  5.31827E-02  5.63791E-02  5.85446E-02  5.77401E-02  5.50684E-02  5.30426E-02  5.34239E-02  5.58537E-02  5.79997E-02
  6.07381E-02  5.94818E-02  5.28950E-02  4.13403E-02  2.67683E-02  1.14543E-02 -3.11449E-03 -1.64188E-02 -2.80492E-02 -3.64333E-02 -3.80755E-02 -2.79172E-02 -6.89478E-04  4.75323E-02  1.18500E-01  2.12129E-01  3.27605E-01  4.64281E-01  6.21427E-01  7.96623E-01  9.83645E-01  1.17128E+00  1.34437E+00  1.48718E+00  1.58810E+00  1.64348E+00  1.65870E+00  1.64583E+00  1.61881E+00  1.58831E+00  1.55876E+00  1.52864E+00  1.49359E+00  1.45040E+00  1.39946E+00  1.34437E+00  1.28906E+00  1.23428E+00  1.17573E+00  1.10536E+00  1.01544E+00  9.03302E-01  7.74267E-01  6.40930E-01  5.18844E-01  4.20593E-01  3.51038E-01  3.06030E-01  2.75079E-01  2.46569E-01  2.12890E-01  1.73093E-01  1.32048E-01  9.69406E-02  7.31505E-02  6.16799E-02  5.92150E-02  6.04103E-02  6.08463E-02  5.89506E-02  5.59689E-02  5.42903E-02  5.53401E-02  5.83628E-02  6.07381E-02
  6.32149E-02  6.17813E-02  5.50502E-02  4.35643E-02  2.89794E-02  1.28052E-02 -4.37938E-03 -2.26250E-02 -4.14034E-02 -5.83462E-02 -6.88879E-02 -6.72055E-02 -4.79753E-02 -7.86714E-03  5.41990E-02  1.38212E-01  2.44807E-01  3.76182E-01  5.35111E-01  7.22101E-01  9.32039E-01  1.15234E+00  1.36422E+00  1.54717E+00  1.68505E+00  1.77120E+00  1.81006E+00  1.81448E+00  1.80008E+00  1.77908E+00  1.75664E+00  1.73112E+00  1.69754E+00  1.65211E+00  1.59502E+00  1.53015E+00  1.46184E+00  1.39109E+00  1.31363E+00  1.22141E+00  1.10694E+00  9.68505E-01  8.13101E-01  6.55450E-01  5.13177E-01  4.00340E-01  3.22352E-01  2.74680E-01  2.45761E-01  2.22572E-01  1.96054E-01  1.63917E-01  1.29865E-01  1.00136E-01  7.94999E-02  6.88275E-02  6.52265E-02  6.42316E-02  6.24711E-02  5.92048E-02  5.59964E-02  5.49827E-02  5.69878E-02  6.06822E-02  6.32149E-02
  6.50561E-02  6.34511E-02  5.68166E-02  4.61073E-02  3.27711E-02  1.74206E-02 -5.82015E-04 -2.22071E-02 -4.70425E-02 -7.19525E-02 -9.11499E-02 -9.78451E-02 -8.65738E-02 -5.47415E-02 -2.29692E-03  7.03882E-02  1.65089E-01  2.86838E-01  4.42277E-01  6.35498E-01  8.63256E-01  1.11224E+00  1.36040E+00  1.58243E+00  1.75741E+00  1.87525E+00  1.93899E+00  1.96203E+00  1.96154E+00  1.95134E+00  1.93753E+00  1.91851E+00  1.88874E+00  1.84377E+00  1.78343E+00  1.71155E+00  1.63264E+00  1.54784E+00  1.45290E+00  1.33990E+00  1.20187E+00  1.03817E+00  8.57430E-01  6.76224E-01  5.13831E-01  3.85386E-01  2.96694E-01  2.43049E-01  2.12414E-01  1.91175E-01  1.69586E-01  1.44468E-01  1.18330E-01  9.59981E-02  8.09133E-02  7.31272E-02  6.97518E-02  6.71478E-02  6.32332E-02  5.84538E-02  5.49628E-02  5.47245E-02  5.78710E-02  6.23587E-02  6.50561E-02
  6.61207E-02  6.43314E-02  5.78082E-02  4.81529E-02  3.68487E-02  2.37142E-02  6.76417E-03 -1.62303E-02 -4.53807E-02 -7.70806E-02 -1.04381E-01 -1.19356E-01 -1.16143E-01 -9.27347E-02 -5.02197E-02  1.02906E-02  9.12192E-02  2.00080E-01  3.47393E-01  5.41281E-01  7.81157E-01  1.05385E+00  1.33468E+00  1.59380E+00  1.80528E+00  1.95505E+00  2.04424E+00  2.08638E+00  2.10011E+00  2.10107E+00  2.09660E+00  2.08541E+00  2.06155E+00  2.01986E+00  1.95959E+00  1.88429E+00  1.79836E+00  1.70285E+00  1.59345E+00  1.46224E+00  1.30270E+00  1.11521E+00  9.10003E-01  7.05461E-01  5.22460E-01  3.77165E-01  2.75757E-01  2.13449E-01  1.77966E-01  1.55506E-01  1.36144E-01  1.16289E-01  9.75543E-02  8.33452E-02  7.54580E-02  7.25963E-02  7.13220E-02  6.84345E-02  6.30294E-02  5.68845E-02  5.30209E-02  5.34792E-02  5.78044E-02  6.31916E-02  6.61207E-02
  6.65254E-02  6.45292E-02  5.79760E-02  4.92928E-02  4.03163E-02  3.03582E-02  1.61565E-02 -6.01132E-03 -3.72497E-02 -7.39797E-02 -1.08387E-01 -1.31381E-01 -1.36393E-01 -1.21639E-01 -8.91870E-02 -4.10882E-02  2.52054E-02  1.19081E-01  2.54563E-01  4.43924E-01  6.89873E-01  9.80342E-01  1.28900E+00  1.58201E+00  1.82845E+00  2.00988E+00  2.12477E+00  2.18615E+00  2.21388E+00  2.22548E+00  2.22996E+00  2.22686E+00  2.21025E+00  2.17442E+00  2.11796E+00  2.04382E+00  1.95590E+00  1.85473E+00  1.73546E+00  1.58981E+00  1.41147E+00  1.20175E+00  9.72535E-01  7.44277E-01  5.39727E-01  3.76302E-01  2.60650E-01  1.87849E-01  1.45300E-01  1.19019E-01  9.91223E-02  8.20288E-02  6.89585E-02  6.22825E-02  6.22338E-02  6.58906E-02  6.87237E-02  6.73805E-02  6.17214E-02  5.47544E-02  5.05534E-02  5.15514E-02  5.69609E-02  6.32875E-02  6.65254E-02
  6.65771E-02  6.43404E-02  5.75513E-02  4.95412E-02  4.27886E-02  3.64712E-02  2.62957E-02  6.98877E-03 -2.39363E-02 -6.34971E-02 -1.03505E-01 -1.33878E-01 -1.47145E-01 -1.41309E-01 -1.19033E-01 -8.32575E-02 -3.17072E-02  4.61700E-02  1.67217E-01  3.47560E-01  5.93541E-01  8.95102E-01  1.22543E+00  1.54771E+00  1.82654E+00  2.03883E+00  2.17967E+00  2.26066E+00  2.30216E+00  2.32340E+00  2.33541E+00  2.33934E+00  2.33006E+00  2.30195E+00  2.25308E+00  2.18551E+00  2.10198E+00  2.00167E+00  1.87839E+00  1.72295E+00  1.52885E+00  1.29837E+00  1.04534E+00  7.92714E-01  5.65606E-01  3.83035E-01  2.52210E-01  1.67929E-01  1.16975E-01  8.49533E-02  6.20120E-02  4.48943E-02  3.49781E-02  3.41871E-02  4.15690E-02  5.25757E-02  6.12017E-02  6.33358E-02  5.90291E-02  5.21961E-02  4.79720E-02  4.94375E-02  5.57809E-02  6.29984E-02  6.65771E-02
  6.66409E-02  6.41167E-02  5.69101E-02  4.92208E-02  4.43383E-02  4.16496E-02  3.61841E-02  2.12703E-02 -7.14414E-03 -4.71577E-02 -9.07855E-02 -1.27358E-01 -1.48521E-01 -1.51722E-01 -1.39734E-01 -1.16091E-01 -7.89423E-02 -1.72086E-02  8.79001E-02  2.55688E-01  4.96039E-01  8.01588E-01  1.14630E+00  1.49181E+00  1.79919E+00  2.04092E+00  2.20807E+00  2.30963E+00  2.36526E+00  2.39525E+00  2.41280E+00  2.42148E+00  2.41821E+00  2.39848E+00  2.36038E+00  2.30489E+00  2.23276E+00  2.14069E+00  2.02006E+00  1.85995E+00  1.65341E+00  1.40380E+00  1.12733E+00  8.50004E-01  5.99793E-01  3.97606E-01  2.51264E-01  1.55108E-01  9.50081E-02  5.58794E-02  2.78122E-02  8.04911E-03 -1.43580E-03  1.40270E-03  1.49238E-02  3.31844E-02  4.85733E-02  5.57848E-02  5.44987E-02  4.90739E-02  4.55046E-02  4.76007E-02  5.47788E-02  6.27675E-02  6.66409E-02
  6.69919E-02  6.41262E-02  5.64068E-02  4.87693E-02  4.53142E-02  4.58577E-02  4.51292E-02  3.54009E-02  1.11461E-02 -2.70830E-02 -7.20464E-02 -1.13047E-01 -1.41151E-01 -1.53134E-01 -1.51435E-01 -1.39719E-01 -1.16438E-01 -7.04100E-02  1.82163E-02  1.70968E-01  4.00759E-01  7.03233E-01  1.05430E+00  1.41570E+00  1.74644E+00  2.01533E+00  2.20904E+00  2.33275E+00  2.40387E+00  2.44255E+00  2.46381E+00  2.47439E+00  2.47457E+00  2.46241E+00  2.43693E+00  2.39809E+00  2.34388E+00  2.26730E+00  2.15605E+00  1.99665E+00  1.78141E+00  1.51495E+00  1.21628E+00  9.14930E-01  6.42012E-01  4.20464E-01  2.58703E-01  1.50511E-01  8.07172E-02  3.34329E-02 -1.37068E-03 -2.58985E-02 -3.73715E-02 -3.32609E-02 -1.54590E-02  9.06486E-03  3.12471E-02  4.44460E-02  4.75778E-02  4.49575E-02  4.30524E-02  4.62559E-02  5.43189E-02  6.29427E-02  6.69919E-02
  6.77079E-02  6.44564E-02  5.62389E-02  4.85375E-02  4.61047E-02  4.92378E-02  5.26858E-02  4.81270E-02  2.89127E-02 -5.73783E-03 -4.97118E-02 -9.28994E-02 -1.26319E-01 -1.46247E-01 -1.54529E-01 -1.54465E-01 -1.44466E-01 -1.13399E-01 -4.10906E-02  9.51549E-02  3.10441E-01  6.03311E-01  9.52509E-01  1.32150E+00  1.66909E+00  1.96165E+00  2.18161E+00  2.32936E+00  2.41836E+00  2.46700E+00  2.49127E+00  2.50125E+00  2.50177E+00  2.49495E+00  2.48200E+00  2.46230E+00  2.43075E+00  2.37562E+00  2.27990E+00  2.12670E+00  1.90725E+00  1.62744E+00  1.30933E+00  9.86111E-01  6.92086E-01  4.52159E-01  2.75312E-01  1.54836E-01  7.46718E-02  1.82743E-02 -2.44490E-02 -5.51935E-02 -7.04294E-02 -6.70831E-02 -4.70479E-02 -1.79239E-02  1.01538E-02  2.93849E-02  3.77881E-02  3.92340E-02  4.01772E-02  4.52449E-02  5.44451E-02  6.36258E-02  6.77079E-02
  6.86395E-02  6.49955E-02  5.63858E-02  4.86496E-02  4.69341E-02  5.19187E-02  5.85809E-02  5.84844E-02  4.43850E-02  1.44513E-02 -2.64762E-02 -6.94028E-02 -1.05946E-01 -1.32313E-01 -1.49751E-01 -1.60826E-01 -1.63473E-01 -1.46518E-01 -8.99388E-02  2.91685E-02  2.27092E-01  5.04794E-01  8.44294E-01  1.21218E+00  1.56896E+00  1.88018E+00  2.12488E+00  2.29816E+00  2.40813E+00  2.46958E+00  2.49802E+00  2.50638E+00  2.50450E+00  2.49985E+00  2.49716E+00  2.49626E+00  2.48921E+00  2.45927E+00  2.38401E+00  2.24248E+00  2.02428E+00  1.73628E+00  1.40334E+00  1.06206E+00  7.49694E-01  4.92953E-01  3.01420E-01  1.68186E-01  7.67350E-02  1.02618E-02 -4.12132E-02 -7.89740E-02 -9.90036E-02 -9.78970E-02 -7.75198E-02 -4.57785E-02 -1.33901E-02  1.11020E-02  2.49432E-02  3.13271E-02  3.62296E-02  4.40533E-02  5.48298E-02  6.46163E-02  6.86395E-02
  6.94698E-02  6.54923E-02  5.66404E-02  4.89708E-02  4.77638E-02  5.38976E-02  6.26606E-02  6.58949E-02  5.63210E-02  3.15127E-02 -4.85510E-03 -4.52221E-02 -8.23999E-02 -1.13092E-01 -1.38219E-01 -1.59478E-01 -1.73982E-01 -1.70270E-01 -1.28665E-01 -2.67455E-02  1.52001E-01  4.10210E-01  7.33138E-01  1.09141E+00  1.44886E+00  1.77215E+00  2.03825E+00  2.23736E+00  2.37137E+00  2.44983E+00  2.48589E+00  2.49390E+00  2.48833E+00  2.48251E+00  2.48600E+00  2.50050E+00  2.51639E+00  2.51254E+00  2.46106E+00  2.33645E+00  2.12595E+00  1.83654E+00  1.49509E+00  1.14096E+00  8.13902E-01  5.42287E-01  3.36500E-01  1.89918E-01  8.61855E-02  8.75424E-03 -5.20091E-02 -9.70889E-02 -1.22330E-01 -1.24353E-01 -1.05133E-01 -7.26880E-02 -3.78622E-02 -9.44603E-03  9.33029E-03  2.09481E-02  3.05777E-02  4.19674E-02  5.48630E-02  6.54692E-02  6.94698E-02
  6.98389E-02  6.56728E-02  5.67171E-02  4.91872E-02  4.83240E-02  5.50292E-02  6.48795E-02  7.02251E-02  6.41976E-02  4.42678E-02  1.32535E-02 -2.27568E-02 -5.81503E-02 -9.06801E-02 -1.21396E-01 -1.51306E-01 -1.76567E-01 -1.85197E-01 -1.57805E-01 -7.27978E-02  8.58241E-02  3.21533E-01  6.22348E-01  9.63208E-01  1.31249E+00  1.63977E+00  1.92180E+00  2.14508E+00  2.30534E+00  2.40566E+00  2.45480E+00  2.46640E+00  2.45803E+00  2.44857E+00  2.45320E+00  2.47724E+00  2.51140E+00  2.53167E+00  2.50545E+00  2.40248E+00  2.20664E+00  1.92371E+00  1.58122E+00  1.22027E+00  8.82627E-01  5.98298E-01  3.78861E-01  2.18581E-01  1.01880E-01  1.29280E-02 -5.73708E-02 -1.09792E-01 -1.40327E-01 -1.45942E-01 -1.28898E-01 -9.72670E-02 -6.17307E-02 -3.09259E-02 -8.22131E-03  8.28675E-03  2.28577E-02  3.83201E-02  5.38540E-02  6.56484E-02  6.98389E-02
  6.94860E-02  6.53645E-02  5.63902E-02  4.89619E-02  4.82567E-02  5.51155E-02  6.53256E-02  7.17816E-02  6.82515E-02  5.24921E-02  2.68759E-02 -3.73689E-03 -3.53769E-02 -6.72235E-02 -1.00986E-01 -1.37422E-01 -1.71910E-01 -1.91849E-01 -1.77946E-01 -1.09450E-01  2.87219E-02  2.40127E-01  5.14771E-01  8.31607E-01  1.16411E+00  1.48626E+00  1.77669E+00  2.02009E+00  2.20704E+00  2.33367E+00  2.40254E+00  2.42398E+00  2.41623E+00  2.40233E+00  2.40339E+00  2.42999E+00  2.47558E+00  2.51566E+00  2.51433E+00  2.43666E+00  2.26218E+00  1.99376E+00  1.65789E+00  1.29630E+00  9.52255E-01  6.57585E-01  4.25581E-01  2.51972E-01  1.22404E-01  2.19969E-02 -5.77470E-02 -1.17442E-01 -1.53321E-01 -1.62802E-01 -1.48527E-01 -1.18654E-01 -8.36444E-02 -5.18146E-02 -2.64314E-02 -5.93540E-03  1.31581E-02  3.27411E-02  5.12745E-02  6.47187E-02  6.94860E-02
  6.83537E-02  6.45800E-02  5.56095E-02  4.81034E-02  4.73050E-02  5.40466E-02  6.42509E-02  7.12281E-02  6.93508E-02  5.68487E-02  3.60475E-02  1.10265E-02 -1.56270E-02 -4.46171E-02 -7.87609E-02 -1.19166E-01 -1.60895E-01 -1.90857E-01 -1.89690E-01 -1.37267E-01 -1.94864E-02  1.66755E-01  4.12579E-01  7.00200E-01  1.00812E+00  1.31574E+00  1.60549E+00  1.86262E+00  2.07428E+00  2.23012E+00  2.32520E+00  2.36396E+00  2.36238E+00  2.34556E+00  2.33994E+00  2.36259E+00  2.41219E+00  2.46638E+00  2.48785E+00  2.43755E+00  2.28979E+00  2.04286E+00  1.72054E+00  1.36398E+00  1.01761E+00  7.15342E-01  4.72705E-01  2.87311E-01  1.46164E-01  3.52581E-02 -5.34183E-02 -1.20313E-01 -1.61751E-01 -1.75413E-01 -1.64222E-01 -1.36482E-01 -1.02592E-01 -7.06642E-02 -4.38122E-02 -2.05802E-02  2.06621E-03  2.53226E-02  4.69574E-02  6.25062E-02  6.83537E-02
  6.66134E-02  6.35265E-02  5.45457E-02  4.66794E-02  4.54701E-02  5.19232E-02  6.20740E-02  6.94292E-02  6.87216E-02  5.86096E-02  4.16502E-02  2.16645E-02  3.67283E-04 -2.42634E-02 -5.63950E-02 -9.80767E-02 -1.44698E-01 -1.83059E-01 -1.93703E-01 -1.56846E-01 -5.91935E-02  1.01650E-01  3.17162E-01  5.71869E-01  8.48744E-01  1.13298E+00  1.41237E+00  1.67498E+00  1.90677E+00  2.09209E+00  2.21811E+00  2.28138E+00  2.29278E+00  2.27684E+00  2.26401E+00  2.27831E+00  2.32549E+00  2.38779E+00  2.42859E+00  2.40561E+00  2.28762E+00  2.06710E+00  1.76371E+00  1.41703E+00  1.07234E+00  7.65859E-01  5.15690E-01  3.21474E-01  1.71392E-01  5.19552E-02 -4.46241E-02 -1.18579E-01 -1.65974E-01 -1.84280E-01 -1.76391E-01 -1.50761E-01 -1.18008E-01 -8.63828E-02 -5.90014E-02 -3.43512E-02 -9.44473E-03  1.66385E-02  4.11776E-02  5.91667E-02  6.66134E-02
  6.46003E-02  6.25323E-02  5.35460E-02  4.50291E-02  4.30695E-02  4.91006E-02  5.93280E-02  6.72459E-02  6.76000E-02  5.92420E-02  4.50524E-02  2.90425E-02  1.26660E-02 -6.96216E-03 -3.53208E-02 -7.58170E-02 -1.24828E-01 -1.69607E-01 -1.90808E-01 -1.68834E-01 -9.09222E-02  4.46243E-02  2.29162E-01  4.48651E-01  6.89717E-01  9.43159E-01  1.20296E+00  1.46182E+00  1.70677E+00  1.91865E+00  2.07727E+00  2.17030E+00  2.20133E+00  2.19178E+00  2.17419E+00  2.17887E+00  2.21947E+00  2.28462E+00  2.34027E+00  2.34227E+00  2.25419E+00  2.06232E+00  1.78135E+00  1.44856E+00  1.10972E+00  8.03275E-01  5.49942E-01  3.51224E-01  1.96074E-01  7.10155E-02 -3.18429E-02 -1.12465E-01 -1.66207E-01 -1.89724E-01 -1.85399E-01 -1.61728E-01 -1.29806E-01 -9.84513E-02 -7.10856E-02 -4.61160E-02 -2.02562E-02  7.60696E-03  3.45853E-02  5.51357E-02  6.46003E-02
  6.26805E-02  6.19184E-02  5.30135E-02  4.36665E-02  4.06671E-02  4.61251E-02  5.65542E-02  6.53319E-02  6.69026E-02  5.99790E-02  4.76559E-02  3.43852E-02  2.19029E-02  7.04587E-03 -1.66507E-02 -5.40663E-02 -1.03071E-01 -1.52004E-01 -1.82087E-01 -1.73997E-01 -1.15308E-01 -4.81704E-03  1.48593E-01  3.31754E-01  5.34105E-01  7.51408E-01  9.83883E-01  1.22990E+00  1.47936E+00  1.71162E+00  1.90061E+00  2.02540E+00  2.08118E+00  2.08419E+00  2.06680E+00  2.06396E+00  2.09672E+00  2.16084E+00  2.22632E+00  2.24882E+00  2.18796E+00  2.02432E+00  1.76751E+00  1.45204E+00  1.12359E+00  8.22368E-01  5.71305E-01  3.73371E-01  2.17834E-01  9.07720E-02 -1.61048E-02 -1.02473E-01 -1.62624E-01 -1.91825E-01 -1.91428E-01 -1.69708E-01 -1.38328E-01 -1.07006E-01 -7.98076E-02 -5.51883E-02 -2.93966E-02 -7.61824E-04  2.80100E-02  5.09767E-02  6.26805E-02
  6.11001E-02  6.18617E-02  5.32539E-02  4.31042E-02  3.88967E-02  4.35779E-02  5.41662E-02  6.39831E-02  6.70083E-02  6.14977E-02  5.04857E-02  3.88504E-02  2.89461E-02  1.79095E-02 -1.16063E-03 -3.43834E-02 -8.13421E-02 -1.32043E-01 -1.68917E-01 -1.73314E-01 -1.33141E-01 -4.74073E-02  7.50098E-02  2.21673E-01  3.84202E-01  5.62403E-01  7.62055E-01  9.87256E-01  1.23188E+00  1.47575E+00  1.68901E+00  1.84363E+00  1.92660E+00  1.94771E+00  1.93689E+00  1.93129E+00  1.95767E+00  2.01849E+00  2.08880E+00  2.12586E+00  2.08732E+00  1.94946E+00  1.71734E+00  1.42236E+00  1.10928E+00  8.19162E-01  5.76369E-01  3.84846E-01  2.33854E-01  1.08795E-01  7.96155E-04 -8.96106E-02 -1.55537E-01 -1.90537E-01 -1.94482E-01 -1.75029E-01 -1.44221E-01 -1.12750E-01 -8.55835E-02 -6.14757E-02 -3.62892E-02 -7.64971E-03  2.22038E-02  4.71819E-02  6.11001E-02
  5.98759E-02  6.23032E-02  5.43454E-02  4.36639E-02  3.82389E-02  4.18810E-02  5.23306E-02  6.30861E-02  6.77123E-02  6.37933E-02  5.39366E-02  4.31760E-02  3.45462E-02  2.59371E-02  1.06746E-02 -1.80635E-02 -6.14726E-02 -1.11641E-01 -1.52943E-01 -1.68054E-01 -1.45457E-01 -8.41072E-02  7.62607E-03  1.18323E-01  2.41454E-01  3.79899E-01  5.43754E-01  7.42057E-01  9.72924E-01  1.21818E+00  1.44660E+00  1.62542E+00  1.73477E+00  1.77768E+00  1.77969E+00  1.77737E+00  1.80064E+00  1.85736E+00  1.92803E+00  1.97329E+00  1.95115E+00  1.83562E+00  1.62813E+00  1.35675E+00  1.06423E+00  7.91211E-01  5.62544E-01  3.82702E-01  2.40901E-01  1.21937E-01  1.62983E-02 -7.54916E-02 -1.45599E-01 -1.85900E-01 -1.94513E-01 -1.77982E-01 -1.48241E-01 -1.16704E-01 -8.93153E-02 -6.54397E-02 -4.08729E-02 -1.26513E-02  1.76115E-02  4.40000E-02  5.98759E-02
  5.87741E-02  6.29417E-02  5.60835E-02  4.53391E-02  3.88357E-02  4.11394E-02  5.09123E-02  6.21869E-02  6.83597E-02  6.62751E-02  5.77398E-02  4.74997E-02  3.90790E-02  3.13855E-02  1.86239E-02 -6.01880E-03 -4.49780E-02 -9.26301E-02 -1.35980E-01 -1.59821E-01 -1.53637E-01 -1.16161E-01 -5.46342E-02  2.11218E-02  1.06416E-01  2.06323E-01  3.33776E-01  5.01357E-01  7.10966E-01  9.47397E-01  1.18034E+00  1.37503E+00  1.50685E+00  1.57258E+00  1.59208E+00  1.59869E+00  1.62270E+00  1.67561E+00  1.74318E+00  1.79098E+00  1.77968E+00  1.68311E+00  1.50013E+00  1.25523E+00  9.88077E-01  7.37504E-01  5.27939E-01  3.64133E-01  2.35520E-01  1.26621E-01  2.73146E-02 -6.22706E-02 -1.33934E-01 -1.78273E-01 -1.91602E-01 -1.78830E-01 -1.51059E-01 -1.19869E-01 -9.20529E-02 -6.78823E-02 -4.35584E-02 -1.58573E-02  1.42514E-02  4.13565E-02  5.87741E-02
  5.73923E-02  6.33215E-02  5.80235E-02  4.77665E-02  4.04118E-02  4.10836E-02  4.95147E-02  6.06626E-02  6.81145E-02  6.80397E-02  6.11416E-02  5.13890E-02  4.24525E-02  3.43335E-02  2.26403E-02  1.28822E-03 -3.28888E-02 -7.65602E-02 -1.19892E-01 -1.50541E-01 -1.59492E-01 -1.45193E-01 -1.13177E-01 -7.09941E-02 -2.12974E-02  4.25203E-02  1.34798E-01  2.70064E-01  4.53060E-01  6.71919E-01  8.99002E-01  1.10010E+00  1.24818E+00  1.33490E+00  1.37384E+00  1.39321E+00  1.42123E+00  1.47116E+00  1.53362E+00  1.57997E+00  1.57539E+00  1.49522E+00  1.33665E+00  1.12049E+00  8.82314E-01  6.58098E-01  4.71177E-01  3.26582E-01  2.14414E-01  1.19354E-01  3.06793E-02 -5.24037E-02 -1.22139E-01 -1.68501E-01 -1.86129E-01 -1.77836E-01 -1.53081E-01 -1.22892E-01 -9.46153E-02 -6.96310E-02 -4.50380E-02 -1.77748E-02  1.17470E-02  3.89008E-02  5.73923E-02
  5.53209E-02  6.29885E-02  5.96117E-02  5.03161E-02  4.23367E-02  4.11423E-02  4.76124E-02  5.79473E-02  6.62726E-02  6.82213E-02  6.32145E-02  5.40494E-02  4.41880E-02  3.46647E-02  2.28127E-02  3.83011E-03 -2.56963E-02 -6.45953E-02 -1.06487E-01 -1.42415E-01 -1.65287E-01 -1.73286E-01 -1.69823E-01 -1.59609E-01 -1.43005E-01 -1.12284E-01 -5.28174E-02  5.04293E-02  2.03945E-01  3.99047E-01  6.11778E-01  8.10384E-01  9.67444E-01  1.07088E+00  1.12822E+00  1.16157E+00  1.19547E+00  1.24353E+00  1.30043E+00  1.34359E+00  1.34355E+00  1.27819E+00  1.14370E+00  9.57153E-01  7.49621E-01  5.53666E-01  3.91295E-01  2.67997E-01  1.74961E-01  9.73378E-02  2.36876E-02 -4.82986E-02 -1.12156E-01 -1.57946E-01 -1.78864E-01 -1.75296E-01 -1.54370E-01 -1.25862E-01 -9.72999E-02 -7.12348E-02 -4.60181E-02 -1.91138E-02  9.50104E-03  3.61662E-02  5.53209E-02
  5.23282E-02  6.16612E-02  6.03586E-02  5.22750E-02  4.38119E-02  4.06257E-02  4.47368E-02  5.37400E-02  6.25135E-02  6.62924E-02  6.31832E-02  5.46203E-02  4.36245E-02  3.21432E-02  1.93215E-02  1.90746E-03 -2.34466E-02 -5.75373E-02 -9.74585E-02 -1.37834E-01 -1.73692E-01 -2.02994E-01 -2.26852E-01 -2.46841E-01 -2.60854E-01 -2.60238E-01 -2.30746E-01 -1.57829E-01 -3.42226E-02  1.34054E-01  3.26936E-01  5.16083E-01  6.75091E-01  7.89512E-01  8.61676E-01  9.07704E-01  9.47918E-01  9.95287E-01  1.04770E+00  1.08803E+00  1.09206E+00  1.04047E+00  9.28800E-01  7.70737E-01  5.93094E-01  4.25189E-01  2.87862E-01  1.87254E-01  1.15780E-01  5.90380E-02  4.58255E-03 -5.19509E-02 -1.06039E-01 -1.48368E-01 -1.70934E-01 -1.71570E-01 -1.54672E-01 -1.28291E-01 -9.97894E-02 -7.27835E-02 -4.69739E-02 -2.05184E-02  6.94904E-03  3.27880E-02  5.23282E-02
  4.84988E-02  5.93515E-02  5.99940E-02  5.30575E-02  4.41157E-02  3.89567E-02  4.06512E-02  4.81213E-02  5.70023E-02  6.22106E-02  6.06457E-02  5.24430E-02  4.01540E-02  2.65260E-02  1.23825E-02 -4.04236E-03 -2.59688E-02 -5.59790E-02 -9.44084E-02 -1.39269E-01 -1.87626E-01 -2.37231E-01 -2.86947E-01 -3.35247E-01 -3.77557E-01 -4.04348E-01 -4.01959E-01 -3.56785E-01 -2.61461E-01 -1.20057E-01  5.07914E-02  2.26197E-01  3.81446E-01  5.00876E-01  5.82926E-01  6.38725E-01  6.84694E-01  7.32716E-01  7.82805E-01  8.22047E-01  8.30514E-01  7.91276E-01  6.99567E-01  5.66529E-01  4.15692E-01  2.73938E-01  1.61341E-01  8.46601E-02  3.72052E-02  4.56240E-03 -2.71427E-02 -6.46650E-02 -1.05676E-01 -1.41698E-01 -1.63707E-01 -1.67108E-01 -1.53579E-01 -1.29322E-01 -1.01300E-01 -7.39204E-02 -4.80162E-02 -2.23397E-02  3.79880E-03  2.86959E-02  4.84988E-02
  4.42642E-02  5.63855E-02  5.85424E-02  5.23675E-02  4.28204E-02  3.58627E-02  3.54436E-02  4.15292E-02  5.02998E-02  5.63556E-02  5.56100E-02  4.72005E-02  3.33882E-02  1.76438E-02  2.16425E-03 -1.36871E-02 -3.31796E-02 -6.05348E-02 -9.88969E-02 -1.49146E-01 -2.10020E-01 -2.79011E-01 -3.52962E-01 -4.27563E-01 -4.95967E-01 -5.47747E-01 -5.69697E-01 -5.49160E-01 -4.79035E-01 -3.62194E-01 -2.12737E-01 -5.26991E-02  9.49871E-02  2.14363E-01  3.01458E-01  3.63877E-01  4.14949E-01  4.65233E-01  5.15641E-01  5.55785E-01  5.68579E-01  5.38959E-01  4.62383E-01  3.48821E-01  2.20101E-01  1.01817E-01  1.36134E-02 -3.75889E-02 -5.84635E-02 -6.42577E-02 -7.07034E-02 -8.69269E-02 -1.12544E-01 -1.39743E-01 -1.58596E-01 -1.62468E-01 -1.50770E-01 -1.28107E-01 -1.00940E-01 -7.40571E-02 -4.89218E-02 -2.45347E-02  1.65594E-04  2.42044E-02  4.42642E-02
  4.03015E-02  5.33029E-02  5.62863E-02  5.02512E-02  3.98969E-02  3.14507E-02  2.94916E-02  3.45869E-02  4.31028E-02  4.92767E-02  4.83376E-02  3.88813E-02  2.31897E-02  5.40271E-03 -1.13251E-02 -2.70374E-02 -4.53725E-02 -7.20620E-02 -1.12495E-01 -1.69686E-01 -2.43502E-01 -3.31071E-01 -4.27530E-01 -5.26273E-01 -6.18509E-01 -6.92897E-01 -7.36404E-01 -7.37095E-01 -6.88303E-01 -5.92395E-01 -4.61943E-01 -3.16955E-01 -1.78734E-01 -6.27802E-02  2.59381E-02  9.29438E-02  1.49238E-01  2.03701E-01  2.56770E-01  2.98799E-01  3.14206E-01  2.89547E-01  2.21512E-01  1.20701E-01  9.05786E-03 -8.80602E-02 -1.51500E-01 -1.75164E-01 -1.67020E-01 -1.44109E-01 -1.24241E-01 -1.18442E-01 -1.27543E-01 -1.43926E-01 -1.56870E-01 -1.58336E-01 -1.46279E-01 -1.24238E-01 -9.81618E-02 -7.27180E-02 -4.93185E-02 -2.67292E-02 -3.45366E-03  1.99552E-02  4.03015E-02
  3.73177E-02  5.06595E-02  5.36226E-02  4.70166E-02  3.56651E-02  2.61253E-02  2.32915E-02  2.78256E-02  3.58919E-02  4.13376E-02  3.90527E-02  2.75859E-02  9.55717E-03 -1.03085E-02 -2.83594E-02 -4.46139E-02 -6.33961E-02 -9.17767E-02 -1.36766E-01 -2.02722E-01 -2.90062E-01 -3.95424E-01 -5.12562E-01 -6.33077E-01 -7.46597E-01 -8.40892E-01 -9.02884E-01 -9.21176E-01 -8.89690E-01 -8.10893E-01 -6.96647E-01 -5.65558E-01 -4.37300E-01 -3.26205E-01 -2.37098E-01 -1.65556E-01 -1.02665E-01 -4.19661E-02  1.50548E-02  5.80162E-02  7.21022E-02  4.59473E-02 -2.09929E-02 -1.15505E-01 -2.13973E-01 -2.90776E-01 -3.27959E-01 -3.21713E-01 -2.82762E-01 -2.30706E-01 -1.85219E-01 -1.58295E-01 -1.50918E-01 -1.55089E-01 -1.59497E-01 -1.55541E-01 -1.40705E-01 -1.18101E-01 -9.31621E-02 -6.98958E-02 -4.89583E-02 -2.84250E-02 -6.36668E-03  1.67155E-02  3.73177E-02
  3.57840E-02  4.87920E-02  5.08583E-02  4.30459E-02  3.06010E-02  2.03690E-02  1.71986E-02  2.13845E-02  2.86073E-02  3.23880E-02  2.76349E-02  1.32619E-02 -7.58352E-03 -2.97650E-02 -4.95826E-02 -6.74842E-02 -8.86420E-02 -1.21191E-01 -1.73136E-01 -2.49481E-01 -3.50724E-01 -4.72937E-01 -6.08759E-01 -7.48387E-01 -8.80153E-01 -9.91037E-01 -1.06791E+00 -1.09999E+00 -1.08211E+00 -1.01733E+00 -9.17267E-01 -7.99201E-01 -6.80778E-01 -5.74380E-01 -4.83934E-01 -4.05870E-01 -3.33900E-01 -2.65188E-01 -2.04508E-01 -1.63812E-01 -1.56949E-01 -1.91912E-01 -2.64557E-01 -3.57309E-01 -4.44037E-01 -4.99266E-01 -5.07650E-01 -4.69389E-01 -3.99190E-01 -3.19433E-01 -2.50871E-01 -2.05153E-01 -1.82270E-01 -1.73403E-01 -1.67059E-01 -1.55020E-01 -1.35273E-01 -1.11016E-01 -8.70744E-02 -6.62792E-02 -4.79710E-02 -2.92743E-02 -7.97305E-03  1.50935E-02  3.57840E-02
  3.57068E-02  4.76258E-02  4.80180E-02  3.85694E-02  2.50692E-02  1.44587E-02  1.11651E-02  1.47937E-02  2.04681E-02  2.15895E-02  1.34230E-02 -4.51537E-03 -2.85830E-02 -5.35332E-02 -7.60106E-02 -9.71285E-02 -1.22815E-01 -1.61845E-01 -2.22642E-01 -3.10353E-01 -4.25309E-01 -5.63045E-01 -7.15271E-01 -8.70990E-01 -1.01739E+00 -1.14082E+00 -1.22836E+00 -1.27031E+00 -1.26296E+00 -1.21038E+00 -1.12392E+00 -1.01904E+00 -9.10462E-01 -8.07748E-01 -7.13601E-01 -6.25808E-01 -5.41955E-01 -4.64329E-01 -4.02029E-01 -3.68577E-01 -3.75675E-01 -4.25988E-01 -5.08758E-01 -6.00959E-01 -6.74170E-01 -7.04468E-01 -6.81056E-01 -6.09752E-01 -5.09862E-01 -4.05981E-01 -3.18565E-01 -2.57423E-01 -2.20598E-01 -1.98368E-01 -1.79711E-01 -1.57748E-01 -1.31702E-01 -1.05082E-01 -8.18609E-02 -6.32506E-02 -4.69935E-02 -2.93178E-02 -8.05163E-03  1.52638E-02  3.57068E-02
  3.65218E-02  4.66000E-02  4.47393E-02  3.34875E-02  1.90837E-02  8.22732E-03  4.57863E-03  6.93003E-03  1.00221E-02  7.48624E-03 -4.76879E-03 -2.66031E-02 -5.41578E-02 -8.24941E-02 -1.08901E-01 -1.35136E-01 -1.67510E-01 -2.14882E-01 -2.85592E-01 -3.84676E-01 -5.12314E-01 -6.63657E-01 -8.29617E-01 -9.98030E-01 -1.15497E+00 -1.28633E+00 -1.37991E+00 -1.42787E+00 -1.42869E+00 -1.38776E+00 -1.31583E+00 -1.22553E+00 -1.12743E+00 -1.02745E+00 -9.27111E-01 -8.26587E-01 -7.28932E-01 -6.42958E-01 -5.82544E-01 -5.61937E-01 -5.88807E-01 -6.58363E-01 -7.51803E-01 -8.40600E-01 -8.95408E-01 -8.96058E-01 -8.38375E-01 -7.34889E-01 -6.09226E-01 -4.86805E-01 -3.85984E-01 -3.13310E-01 -2.64353E-01 -2.28867E-01 -1.97183E-01 -1.64579E-01 -1.31879E-01 -1.02751E-01 -7.98988E-02 -6.26166E-02 -4.71031E-02 -2.90879E-02 -6.93960E-03  1.68050E-02  3.65218E-02
  3.71633E-02  4.47518E-02  4.03091E-02  2.73220E-02  1.21986E-02  9.76368E-04 -3.71218E-03 -3.80312E-03 -4.55455E-03 -1.16673E-02 -2.83868E-02 -5.41290E-02 -8.52852E-02 -1.17697E-01 -1.49477E-01 -1.82771E-01 -2.23692E-01 -2.80554E-01 -3.61225E-01 -4.70604E-01 -6.08958E-01 -7.71326E-01 -9.47921E-01 -1.12534E+00 -1.28848E+00 -1.42299E+00 -1.51803E+00 -1.56846E+00 -1.57572E+00 -1.54677E+00 -1.49119E+00 -1.41764E+00 -1.33136E+00 -1.23401E+00 -1.12625E+00 -1.01178E+00 -9.00507E-01 -8.08585E-01 -7.54336E-01 -7.51238E-01 -8.00873E-01 -8.89328E-01 -9.89342E-01 -1.06804E+00 -1.09745E+00 -1.06369E+00 -9.70889E-01 -8.38507E-01 -6.93257E-01 -5.59342E-01 -4.51102E-01 -3.70768E-01 -3.11469E-01 -2.63251E-01 -2.18774E-01 -1.76037E-01 -1.37402E-01 -1.06198E-01 -8.33539E-02 -6.61269E-02 -4.95491E-02 -2.95189E-02 -5.52481E-03  1.87199E-02  3.71633E-02
  3.63097E-02  4.09556E-02  3.38506E-02  1.93340E-02  3.59497E-03 -8.39321E-03 -1.51506E-02 -1.90849E-02 -2.49600E-02 -3.73846E-02 -5.86737E-02 -8.81166E-02 -1.22889E-01 -1.60037E-01 -1.98529E-01 -2.40494E-01 -2.91189E-01 -3.57796E-01 -4.47459E-01 -5.65087E-01 -7.11395E-01 -8.81640E-01 -1.06545E+00 -1.24811E+00 -1.41327E+00 -1.54657E+00 -1.63904E+00 -1.68901E+00 -1.70146E+00 -1.68496E+00 -1.64742E+00 -1.59271E+00 -1.51997E+00 -1.42640E+00 -1.31227E+00 -1.18563E+00 -1.06383E+00 -9.70140E-01 -9.26151E-01 -9.42778E-01 -1.01390E+00 -1.11591E+00 -1.21403E+00 -1.27330E+00 -1.26993E+00 -1.19849E+00 -1.07226E+00 -9.16763E-01 -7.59761E-01 -6.21946E-01 -5.12007E-01 -4.27390E-01 -3.59386E-01 -2.99414E-01 -2.43331E-01 -1.92073E-01 -1.49093E-01 -1.16674E-01 -9.35077E-02 -7.49076E-02 -5.53478E-02 -3.16760E-02 -5.03201E-03  1.96574E-02  3.63097E-02
  3.27495E-02  3.42601E-02  2.46196E-02  8.79443E-03 -7.63594E-03 -2.10364E-02 -3.10352E-02 -4.01515E-02 -5.21875E-02 -7.03639E-02 -9.61186E-02 -1.28984E-01 -1.67377E-01 -2.09804E-01 -2.55976E-01 -3.07547E-01 -3.68343E-01 -4.43997E-01 -5.40843E-01 -6.64023E-01 -8.15079E-01 -9.89790E-01 -1.17734E+00 -1.36171E+00 -1.52533E+00 -1.65400E+00 -1.74098E+00 -1.78840E+00 -1.80495E+00 -1.80075E+00 -1.78179E+00 -1.74688E+00 -1.68916E+00 -1.60173E+00 -1.48493E+00 -1.35128E+00 -1.22495E+00 -1.13490E+00 -1.10408E+00 -1.13916E+00 -1.22570E+00 -1.33133E+00 -1.41610E+00 -1.44597E+00 -1.40397E+00 -1.29448E+00 -1.13945E+00 -9.68609E-01 -8.08296E-01 -6.73624E-01 -5.66665E-01 -4.80332E-01 -4.05104E-01 -3.34866E-01 -2.69224E-01 -2.11853E-01 -1.66602E-01 -1.34003E-01 -1.10236E-01 -8.89820E-02 -6.48626E-02 -3.63749E-02 -6.65386E-03  1.82840E-02  3.27495E-02
  2.57675E-02  2.42313E-02  1.23286E-02 -4.66684E-03 -2.20809E-02 -3.76839E-02 -5.19940E-02 -6.72635E-02 -8.60138E-02 -1.10000E-01 -1.39979E-01 -1.76057E-01 -2.18148E-01 -2.66225E-01 -3.20482E-01 -3.81695E-01 -4.51908E-01 -5.35053E-01 -6.36741E-01 -7.62589E-01 -9.15231E-01 -1.09118E+00 -1.27934E+00 -1.46250E+00 -1.62205E+00 -1.74406E+00 -1.82401E+00 -1.86767E+00 -1.88715E+00 -1.89390E+00 -1.89205E+00 -1.87603E+00 -1.83391E+00 -1.75566E+00 -1.64202E+00 -1.50926E+00 -1.38648E+00 -1.30575E+00 -1.28902E+00 -1.33758E+00 -1.42936E+00 -1.52566E+00 -1.58480E+00 -1.57693E+00 -1.49376E+00 -1.34948E+00 -1.17299E+00 -9.95585E-01 -8.39765E-01 -7.13691E-01 -6.12775E-01 -5.26350E-01 -4.45314E-01 -3.66840E-01 -2.94342E-01 -2.33658E-01 -1.88250E-01 -1.56395E-01 -1.31803E-01 -1.07032E-01 -7.75053E-02 -4.38133E-02 -1.11344E-02  1.37053E-02  2.57675E-02
  1.54382E-02  1.11976E-02 -2.60112E-03 -2.07387E-02 -3.95884E-02 -5.81631E-02 -7.75160E-02 -9.93108E-02 -1.24696E-01 -1.54138E-01 -1.88020E-01 -2.27253E-01 -2.73230E-01 -3.27128E-01 -3.89253E-01 -4.59225E-01 -5.37251E-01 -6.25724E-01 -7.29781E-01 -8.55711E-01 -1.00734E+00 -1.18200E+00 -1.36841E+00 -1.54845E+00 -1.70269E+00 -1.81751E+00 -1.89029E+00 -1.92975E+00 -1.95066E+00 -1.96548E+00 -1.97707E+00 -1.97677E+00 -1.94944E+00 -1.88330E+00 -1.77963E+00 -1.65690E+00 -1.54624E+00 -1.47957E+00 -1.47547E+00 -1.52954E+00 -1.61402E+00 -1.68750E+00 -1.71049E+00 -1.66013E+00 -1.53757E+00 -1.36535E+00 -1.17654E+00 -1.00110E+00 -8.55791E-01 -7.41457E-01 -6.47788E-01 -5.62019E-01 -4.76640E-01 -3.92449E-01 -3.16181E-01 -2.54955E-01 -2.11149E-01 -1.80636E-01 -1.55060E-01 -1.26502E-01 -9.16731E-02 -5.33409E-02 -1.84379E-02  5.80763E-03  1.54382E-02
  2.72969E-03 -3.68314E-03 -1.89463E-02 -3.82467E-02 -5.89868E-02 -8.10774E-02 -1.05686E-01 -1.33679E-01 -1.64977E-01 -1.99146E-01 -2.36568E-01 -2.79046E-01 -3.29180E-01 -3.88864E-01 -4.58091E-01 -5.35211E-01 -6.18832E-01 -7.10238E-01 -8.14461E-01 -9.38607E-01 -1.08763E+00 -1.25956E+00 -1.44304E+00 -1.61930E+00 -1.76834E+00 -1.87680E+00 -1.94334E+00 -1.97856E+00 -1.99893E+00 -2.01762E+00 -2.03702E+00 -2.04735E+00 -2.03249E+00 -1.98044E+00 -1.89293E+00 -1.78859E+00 -1.69723E+00 -1.64729E+00 -1.65216E+00 -1.70225E+00 -1.76699E+00 -1.80632E+00 -1.78664E+00 -1.69388E+00 -1.53803E+00 -1.34740E+00 -1.15586E+00 -9.89417E-01 -8.58078E-01 -7.56084E-01 -6.69149E-01 -5.84135E-01 -4.96003E-01 -4.08943E-01 -3.32039E-01 -2.72665E-01 -2.31629E-01 -2.02646E-01 -1.76018E-01 -1.44041E-01 -1.04968E-01 -6.34594E-02 -2.76178E-02 -4.59071E-03  2.72969E-03
 -1.06244E-02 -1.85704E-02 -3.47950E-02 -5.51885E-02 -7.80517E-02 -1.03770E-01 -1.33233E-01 -1.66447E-01 -2.02419E-01 -2.40321E-01 -2.80888E-01 -3.26767E-01 -3.81316E-01 -4.46546E-01 -5.21746E-01 -6.04032E-01 -6.90860E-01 -7.83006E-01 -8.85821E-01 -1.00731E+00 -1.15335E+00 -1.32247E+00 -1.50319E+00 -1.67630E+00 -1.82143E+00 -1.92527E+00 -1.98701E+00 -2.01798E+00 -2.03537E+00 -2.05285E+00 -2.07342E+00 -2.08814E+00 -2.08215E+00 -2.04460E+00 -1.97730E+00 -1.89696E+00 -1.82902E+00 -1.79572E+00 -1.80431E+00 -1.84130E+00 -1.87648E+00 -1.87486E+00 -1.81137E+00 -1.68127E+00 -1.50158E+00 -1.30312E+00 -1.11741E+00 -9.64578E-01 -8.47906E-01 -7.56645E-01 -6.74709E-01 -5.90224E-01 -5.01049E-01 -4.14035E-01 -3.39349E-01 -2.83623E-01 -2.45888E-01 -2.18282E-01 -1.90663E-01 -1.56187E-01 -1.14664E-01 -7.20801E-02 -3.69463E-02 -1.58403E-02 -1.06244E-02
 -2.24672E-02 -3.12773E-02 -4.78552E-02 -6.90085E-02 -9.37692E-02 -1.22627E-01 -1.55933E-01 -1.92900E-01 -2.32017E-01 -2.72546E-01 -3.15828E-01 -3.65198E-01 -4.24269E-01 -4.94611E-01 -5.74518E-01 -6.60039E-01 -7.48012E-01 -8.39315E-01 -9.40018E-01 -1.05904E+00 -1.20295E+00 -1.37047E+00 -1.54990E+00 -1.72162E+00 -1.86491E+00 -1.96621E+00 -2.02448E+00 -2.05087E+00 -2.06249E+00 -2.07360E+00 -2.08874E+00 -2.10158E+00 -2.10018E+00 -2.07567E+00 -2.02948E+00 -1.97466E+00 -1.93013E+00 -1.91053E+00 -1.91699E+00 -1.93397E+00 -1.93435E+00 -1.89082E+00 -1.78799E+00 -1.62958E+00 -1.43706E+00 -1.24066E+00 -1.06701E+00 -9.29582E-01 -8.25917E-01 -7.42370E-01 -6.63202E-01 -5.79038E-01 -4.90574E-01 -4.06273E-01 -3.36092E-01 -2.85136E-01 -2.50729E-01 -2.24184E-01 -1.95817E-01 -1.60130E-01 -1.18313E-01 -7.69828E-02 -4.42858E-02 -2.58025E-02 -2.24672E-02
 -3.06901E-02 -3.97166E-02 -5.58932E-02 -7.70607E-02 -1.02860E-01 -1.33688E-01 -1.69291E-01 -2.08271E-01 -2.48964E-01 -2.91051E-01 -3.36572E-01 -3.89324E-01 -4.52747E-01 -5.27581E-01 -6.11014E-01 -6.98270E-01 -7.86052E-01 -8.75836E-01 -9.74680E-01 -1.09240E+00 -1.23601E+00 -1.40414E+00 -1.58467E+00 -1.75744E+00 -1.90121E+00 -2.00181E+00 -2.05741E+00 -2.07835E+00 -2.08142E+00 -2.08168E+00 -2.08601E+00 -2.09172E+00 -2.09060E+00 -2.07599E+00 -2.04834E+00 -2.01609E+00 -1.99086E+00 -1.97970E+00 -1.97874E+00 -1.97222E+00 -1.93804E+00 -1.85749E+00 -1.72433E+00 -1.54877E+00 -1.35401E+00 -1.16718E+00 -1.00880E+00 -8.86004E-01 -7.92208E-01 -7.12997E-01 -6.34650E-01 -5.50910E-01 -4.64825E-01 -3.85361E-01 -3.21223E-01 -2.75539E-01 -2.44214E-01 -2.18480E-01 -1.89817E-01 -1.54339E-01 -1.14321E-01 -7.63597E-02 -4.76085E-02 -3.23476E-02 -3.06901E-02
