# Postprocessed output from file: /home/jose/RUNS/marconis/lhdis_0120/flsurf_phi.dat
# Time average interval         : 600000	1000000
# load_s0, nchi, nphi, nfp
#
0.640625
65
65
10
9.01562463531	8.70780914789	8.50281997108	8.40952916574	8.43125537623	8.56597348674	8.80700871128	9.14381936437	9.56297175374	10.0491357578	10.5859882587	11.1570228569	11.7461837422	12.3383668306	12.9197653509	13.4780996685	14.002781944	14.4849813056	14.9176877282	15.2956838156	15.6155233718	15.8754362048	16.0752028441	16.2159760086	16.3000437216	16.330649924	16.3116574484	16.2473427665	16.142236378	16.0008711849	15.8277716461	15.6274531566	15.4044299231	15.1633910544	14.9093286732	14.6477260323	14.3846283376	14.1267301888	13.8812907139	13.6558415067	13.4579005059	13.2944155337	13.1711129733	13.0918923344	13.0581113551	13.0680415315	13.1164842196	13.1946437014	13.2903253958	13.3884611119	13.4720176948	13.5231606612	13.5246798905	13.4614764589	13.322028828	13.0996609628	12.7934536153	12.4087240554	11.9569484484	11.4551763898	10.9249105924	10.3905967827	9.87794990437	9.41203500219	9.01562463531	
8.16668313459	8.02896668366	8.01360705348	8.120674156	8.34442455397	8.67416545118	9.09544429424	9.59123348081	10.1432007325	10.7328005131	11.3422000598	11.9549402585	12.5563835095	13.1339292088	13.6770721226	14.1773569483	14.6282378357	15.0249259023	15.3642281632	15.6444102024	15.8650364725	16.0268402012	16.1316027904	16.1819734351	16.1813543213	16.1337092445	16.043444224	15.9151896728	15.7537878282	15.5641037826	15.3510069663	15.1194959655	14.8745554132	14.6213827907	14.3654290455	14.1124487408	13.8685415406	13.6400730898	13.4334719813	13.2549222873	13.1099518994	13.0028856603	12.9362688787	12.9102571341	12.922140439	12.9659894891	13.0325417398	13.1094206353	13.181649459	13.232554283	13.2449395432	13.2025015884	13.0913482936	12.9014585745	12.627963031	12.2720287319	11.8412911742	11.3497032666	10.8168029976	10.2664788144	9.72522983149	9.22033114824	8.77780224024	8.42049022902	8.16668313459	
7.47203455827	7.53844345393	7.73205791568	8.04398527129	8.46026750351	8.96318520156	9.53272394315	10.1479817183	10.7884501943	11.4350244647	12.0707498309	12.6812515725	13.2548652582	13.7826010504	14.2579272941	14.6764459741	15.0355501521	15.3341185998	15.5722525491	15.750998364	15.8722145943	15.9384452953	15.9527961214	15.9188901609	15.8407885992	15.7229068423	15.5699786153	15.3869671814	15.179036965	14.9514601423	14.709573441	14.4588325251	14.2047303893	13.9528098816	13.7086578079	13.4778566687	13.2658700986	13.0778862737	12.918560473	12.7916706881	12.6997141784	12.6434323992	12.6214271474	12.6296913528	12.6614544081	12.707095087	12.7543859115	12.7890399401	12.7955226516	12.7582220802	12.6627223537	12.49727329	12.2541296162	11.9307461813	11.5305719223	11.063399729	10.5451243788	9.99695057839	9.44406688901	8.91388768282	8.43406945445	8.03050044618	7.72537507645	7.5356501951	7.47203455827	
7.04518294827	7.32838412721	7.7280065562	8.22748321624	8.80667579409	9.44341049737	10.114983394	10.7995262221	11.4770851754	12.1304006238	12.7453644735	13.3111219576	13.8199564871	14.2670186418	14.6497982764	14.9677113081	15.2216319907	15.4134700025	15.5458711947	15.6219344443	15.6451135022	15.6191224457	15.5479091546	15.4356663288	15.2868521145	15.106208605	14.8987671181	14.6698254459	14.4249237149	14.1697757792	13.9101586524	13.6519170366	13.4008308794	13.1624044966	12.9418584431	12.7439107835	12.5725813874	12.4309838994	12.3210305996	12.2431626811	12.1960500226	12.176304049	12.1783193941	12.1941783042	12.2137433415	12.2250137696	12.2146574094	12.1688282984	12.0741998678	11.9191602159	11.6950259628	11.3972370913	11.0263026527	10.588431765	10.0956988768	9.56570101774	9.02068214479	8.48618497928	7.98932709562	7.55685928747	7.21323441038	6.97878748803	6.86828634719	6.88998457337	7.04518294827	
6.97310065737	7.46058429759	8.03942301371	8.68777433404	9.38217267689	10.0990086025	10.8158868993	11.5127126143	12.1724414069	12.7815466676	13.3301017444	13.8116249539	14.2227708175	14.5627296813	14.8327259538	15.0354465021	15.1745245329	15.2541259301	15.2786550139	15.2525724851	15.1802938903	15.0662096755	14.9147402646	14.7304158099	14.5179540572	14.2824067942	14.0291045953	13.7636711902	13.4920325268	13.2202870068	12.9545430455	12.700722113	12.4643977138	12.2505489825	12.0633020574	11.905697426	11.7794437737	11.6846997778	11.6198527625	11.5813838172	11.5637815718	11.5595504474	11.5593662465	11.5523677671	11.5266248222	11.4697635494	11.3698347558	11.2162172773	11.0006426669	10.7182182032	10.3682909812	9.95512571206	9.48822131213	8.98223551248	8.45645799622	7.93381357781	7.43952469976	6.99942533141	6.63819404165	6.37758858382	6.23483728965	6.22142826655	6.34230272368	6.59564362109	6.97310065737	
7.29677886524	7.95086923167	8.66038711397	9.4012472162	10.1497577915	10.8838371372	11.5840625477	12.2343021221	12.822161423	13.339029451	13.7798341019	14.142770167	14.4286982739	14.6404940025	14.7824862221	14.8598778183	14.8782617609	14.8432722773	14.7603637776	14.6347089922	14.4711915255	14.2745351533	14.0493540648	13.800414088	13.5326697148	13.2514084129	12.9622990079	12.6713042556	12.3846085858	12.1084696384	11.8489940329	11.6117112425	11.4014156799	11.2217817357	11.0750354348	10.9617041848	10.8803789013	10.827585909	10.7977379381	10.7832352039	10.7746647802	10.7611936673	10.7310667099	10.6722746033	10.5733189398	10.4240727087	10.2166980463	9.94648524193	9.61262267831	9.21876193863	8.77331846242	8.28944103129	7.78460844923	7.2798482273	6.79860844765	6.36535820487	6.00400953541	5.73630798051	5.58031939749	5.5491427154	5.64999034717	5.88366908861	6.24457765418	6.72116656405	7.29677886524	
7.99651345751	8.75795296683	9.53281325974	10.2978792875	11.0320851117	11.7173681388	12.3392217267	12.8869566322	13.3538019281	13.736545415	14.0351095576	14.2520980656	14.3920716191	14.4609593259	14.4654116251	14.4123300857	14.3084984573	14.1602951203	13.9736061215	13.7538267422	13.5059530325	13.2347529283	12.9449447878	12.6414578952	12.3294309831	12.014360996	11.7022186156	11.3991481484	11.1113838606	10.8449957002	10.6054539254	10.3973405518	10.2239041165	10.0866657009	9.98514428227	9.91659190147	9.87591382746	9.85570558418	9.84648938686	9.83711114329	9.81531384084	9.7684896186	9.68449727648	9.5526048941	9.36441455174	9.11474110595	8.80233628244	8.43040159087	8.00686937488	7.54430781857	7.05952209169	6.57279225895	6.1068108476	5.68537956307	5.33194317158	5.06809247899	4.91212859924	4.87783713463	4.97353248786	5.2014739713	5.55774587381	6.03249217399	6.61060430853	7.27273345015	7.99651345751	
8.9893301071	9.78440752559	10.5501310991	11.266863774	11.9183799035	12.4922669309	12.9801301359	13.3773713431	13.6829912202	13.8990895429	14.0301943661	14.0827126556	14.064178676	13.9827310011	13.846569555	13.6635583033	13.4409592855	13.1853199319	12.9025151377	12.5978084837	12.2760611964	11.9419791245	11.6002977106	11.2560095843	10.9144205789	10.5812292344	10.2624158928	9.96404374111	9.69200500485	9.4515690037	9.24700472855	9.08108210972	8.9546661106	8.86634914845	8.81221097499	8.78575998199	8.77803035739	8.77796556471	8.77294184329	8.74953263879	8.69445751313	8.59557599204	8.44295174196	8.22984103473	7.9535546279	7.61605293759	7.22426749167	6.79005596504	6.32978054528	5.86353271792	5.4140399101	5.00532224316	4.66121612332	4.40385047416	4.25221073759	4.22089558277	4.31914088123	4.55022785781	4.91126162772	5.39337675911	5.9823129459	6.65932117166	7.40233647687	8.1872621474	8.9893301071	
10.1347998011	10.8844189144	11.5661754171	12.1659056316	12.6735680466	13.0831850936	13.3927114565	13.6035983419	13.7202008646	13.7492509918	13.6991194677	13.5791445434	13.3990179977	13.168297042	12.8959600478	12.5902030558	12.2582591488	11.9064552927	11.5403564579	11.1649054589	10.7847194694	10.4043518303	10.028495098	9.66213398311	9.31060306599	8.97952599883	8.67463190633	8.40143530296	8.16482415817	7.9686009288	7.81498532587	7.70410358046	7.63365217925	7.59861504748	7.59124369127	7.60124543814	7.61622869957	7.6224000165	7.60548291241	7.55180093676	7.44944675706	7.28942693744	7.06669150739	6.78094750751	6.4371334508	6.04553168245	5.6214381246	5.18443265773	4.75727130329	4.36449368856	4.03085563687	3.77970537986	3.63143687071	3.60213090642	3.70250256261	3.93720084469	4.30452140445	4.79655350894	5.39968899715	6.09550088129	6.86187919542	7.67430227062	8.50720063063	9.33529795785	10.1347998011	
11.2520150819	11.8813162474	12.4124186651	12.8376155849	13.1534530544	13.3603478035	13.4621357872	13.4655806671	13.3795884581	13.2145389984	12.9816224599	12.6922013413	12.3572768791	11.9870956554	11.590862257	11.1766421779	10.7513463246	10.3208594918	9.89030732998	9.46424569005	9.04700225954	8.64291807256	8.25652300787	7.89266045232	7.55639020603	7.25282142783	6.98692079211	6.76296186884	6.58406434437	6.45169788581	6.36513710559	6.32109424907	6.31345539838	6.33328757792	6.36909241928	6.40734893568	6.43336171563	6.43228334629	6.39034048911	6.29613195028	6.14181210042	5.92414330704	5.64520923209	5.31276125831	4.94009965898	4.54547386461	4.15106027344	3.78156804817	3.46260086884	3.21891608566	3.07271954569	3.04214109394	3.14000256224	3.37296581434	3.7411183408	4.2379927939	4.85102596625	5.56237468997	6.3500093362	7.18903512849	8.05303198019	8.91548743828	9.75103118169	10.536526135	11.2520150819	
12.1433692582	12.5904836424	12.9196685775	13.1297481077	13.2234370352	13.2068298828	13.0887407416	12.8800690864	12.5930998863	12.2407763613	11.8360793603	11.3915262633	10.9186926999	10.4279782113	9.92843269796	9.42774589865	8.932376492	8.44774069548	7.97849069074	7.52880476013	7.10268570767	6.70414762525	6.33734305096	6.00661013825	5.71625894358	5.47031324214	5.27213671807	5.12388417173	5.02599231962	4.97663830196	4.97137253097	5.00289151931	5.06104741641	5.13318763146	5.20481851694	5.26051469557	5.28509798892	5.26500246183	5.1895752044	5.05233952947	4.85201052271	4.59308848998	4.28603201055	3.94690116451	3.59648781422	3.2590167877	2.96049575516	2.72688379659	2.5822306765	2.54695437958	2.63639581391	2.85975950981	3.21950796578	3.71123609523	4.32400375559	5.04108038664	5.84100596623	6.69889285221	7.58782985134	8.48029584718	9.34946621375	10.1704770589	10.9213530395	11.5837166276	12.1433692582	
12.6192980167	12.8413852992	12.9371558068	12.9113233514	12.7718816726	12.5293976244	12.1964121593	11.7867548204	11.3148319443	10.7950780838	10.24136968	9.66662592035	9.08249527156	8.49916896324	7.92533598352	7.36826710862	6.83394656034	6.32737681678	5.85278003836	5.41393177879	5.0143930821	4.65758333368	4.34691232192	4.08561389034	3.87649868145	3.72161053061	3.62171681444	3.57579469183	3.58057328591	3.63012359675	3.71570450036	3.82583789909	3.94670402632	4.06289173941	4.15841599773	4.2180080364	4.22852045483	4.18033183275	4.06856848828	3.89403607513	3.66371035623	3.39068228163	3.09356393512	2.79535535898	2.52187616157	2.29989891948	2.15516186287	2.1104447307	2.18387878302	2.38763324327	2.72706928101	3.20041190742	3.79892643107	4.50755202321	5.30591485637	6.16961420838	7.07164880057	7.98387835487	8.87843413159	9.72897326475	10.5117272727	11.2063284854	11.7964052227	12.2699177105	12.6192980167	
12.5232313141	12.4995265454	12.3518118001	12.0896494453	11.7250392714	11.2717201444	10.7446722118	10.1594309753	9.53148418061	8.87583697729	8.20653879539	7.53642209146	6.87684321011	6.23761399622	5.6270141354	5.05190307312	4.51787854947	4.02952514454	3.59063997007	3.20444428331	2.87373655229	2.60092463751	2.38795824283	2.23611596774	2.14569009517	2.11554661458	2.14268718428	2.22183311005	2.34510859944	2.50195362451	2.67928439923	2.86197949312	3.03372406279	3.17811069561	3.27999282231	3.32695752565	3.31070475024	3.22822440708	3.08262245865	2.88343426425	2.64634538113	2.39234995109	2.14636578159	1.93542368575	1.78662838431	1.7250614714	1.77184329202	1.94252512057	2.2459437406	2.68361851967	3.24970546158	3.93147255404	4.71022374694	5.56254553026	6.46175782993	7.37944614579	8.28694795601	9.15670376978	9.9633948123	10.6848757619	11.3028117465	11.8030850648	12.1760252664	12.4163954135	12.5232313141	
11.7441786489	11.4757828497	11.0948299374	10.6144682808	10.0494044093	9.41540339921	8.7287103847	8.00554451232	7.26165905441	6.51195094927	5.77017075762	5.04870975743	4.35845588164	3.70876262763	3.10748230299	2.56106759781	2.07471351534	1.65251125378	1.29760910025	1.01230506066	0.798071373878	0.655474682238	0.584006468607	0.581805883787	0.645313467887	0.768934305804	0.944728784651	1.16223982611	1.40853114642	1.66849388201	1.92544687505	2.16208744875	2.3616935408	2.50949827275	2.59416027222	2.60910250951	2.55357412033	2.43328891826	2.26052578936	2.05361409019	1.8358233042	1.63374273468	1.47528318269	1.38750802123	1.39449566784	1.51544468004	1.76319935978	2.14330537595	2.65366210787	3.28475522926	4.02039799543	4.83889884848	5.7145043561	6.61894787944	7.52305525438	8.39821698795	9.21765597587	9.95746663439	10.5973987938	11.1213316661	11.5175500295	11.7788226065	11.9022551039	11.8890601909	11.7441786489	
10.2293006631	9.7368607442	9.15046472714	8.4856239726	7.75870564012	6.9864478014	6.18550364077	5.37208011053	4.56160107051	3.76845447885	3.00577928453	2.2853324405	1.61741812998	1.01084602562	0.472956495066	0.00967496322651	-0.374433070269	-0.676112501147	-0.89339954843	-1.02567619733	-1.07378020845	-1.04017762635	-0.929211774994	-0.747345482759	-0.503387317055	-0.208629813058	0.123176832537	0.476061020334	0.832336796489	1.17340263733	1.48081189433	1.73757386763	1.9295752796	2.04698122977	2.08545109746	2.04702613909	1.94051879035	1.78131981929	1.59059605039	1.3939092767	1.21937338757	1.09550909848	1.04901475381	1.10266172437	1.27352169655	1.5716810629	1.99953865167	2.55172621509	3.21559412684	3.97217834772	4.79756151139	5.66442312667	6.54364303654	7.4059121128	8.22316925893	8.96976226272	9.62340260924	10.1657502654	10.582906858	10.8654995293	11.00859182	11.0115517835	10.8776458892	10.6136396375	10.2293006631	
7.98017892842	7.3007812243	6.55126863499	5.74853476438	4.90970988185	4.05176967378	3.19120312921	2.3437537173	1.52418659129	0.746128962339	0.0219280948684	-0.637425351848	-1.22239152397	-1.72490193647	-2.13840069671	-2.45790708651	-2.68005505418	-2.80321282546	-2.827614953	-2.75556490374	-2.59164682724	-2.34294284906	-2.01922510739	-1.63303765846	-1.1996351436	-0.736720502786	-0.26393662004	0.197915025875	0.627915045939	1.00629693483	1.31586224616	1.54342326073	1.68112770213	1.72750525731	1.6880712553	1.57539296584	1.40853348016	1.21189214745	1.01352362415	0.843069096041	0.72950434167	0.698908752196	0.772477549609	0.964950327992	1.2835877041	1.72776165631	2.28915086836	2.95247150789	3.69666393126	4.49631129791	5.32328570825	6.14837441305	6.94272945684	7.67928329462	8.33382680684	8.88579306331	9.31882983586	9.62107078858	9.78525040165	9.80854081501	9.69226653026	9.44155634556	9.0648087684	8.57321241316	7.98017892842	
5.05485300963	4.23832033673	3.37907946409	2.49466533848	1.60238185489	0.719003358083	-0.139459788524	-0.957946043094	-1.72250031114	-2.42039526109	-3.04022152551	-3.57199786618	-4.00725404191	-4.33913901554	-4.56257481661	-4.67439510176	-4.67358284111	-4.56152052371	-4.34225242231	-4.02277359101	-3.61324063544	-3.1271028484	-2.58104950621	-1.99474708404	-1.39030298617	-0.791450672924	-0.222448595272	0.29325989388	0.734550557613	1.08417800315	1.33024798834	1.46744384149	1.49784391104	1.43120353064	1.28460217929	1.08145599791	0.849939589702	0.620955067935	0.425836563167	0.293999783912	0.250766369534	0.315553404295	0.500578286349	0.810167466056	1.24068183327	1.78102670743	2.41362185463	3.11574742462	3.86106810702	4.62124915516	5.3675265271	6.07207885866	6.70927867613	7.25663849317	7.69550027167	8.01148669424	8.19471644309	8.2398530113	8.14588371338	7.91582479908	7.55632295629	7.07714748971	6.49065720764	5.81125924548	5.05485300963	
1.56263080303	0.668736126471	-0.238181878952	-1.14045926482	-2.0209653571	-2.86333002829	-3.65213039116	-4.37306226146	-5.01306425227	-5.56043587223	-6.00501312029	-6.3382412043	-6.55345285792	-6.64597783701	-6.61346201589	-6.45617804848	-6.17728358212	-5.78323646409	-5.28403134018	-4.69344961485	-4.02906223808	-3.31206991635	-2.56680783459	-1.81994483117	-1.09934993022	-0.432665539333	0.154336826193	0.639503392417	1.00600217967	1.24381395554	1.35083472737	1.3334420287	1.20639553082	0.992028685566	0.718771011568	0.419110885671	0.12718886409	-0.123744589182	-0.303757895931	-0.388335349606	-0.359966011155	-0.209110159021	0.0654852475493	0.45709196433	0.951832383569	1.52993007036	2.16718084501	2.83658947733	3.5099311917	4.15922619376	4.75806029383	5.28256724213	5.71228545821	6.03071881587	6.22564105028	6.28922868713	6.21800401489	6.01264643553	5.67764773042	5.22089647208	4.65320979611	3.98779961872	3.23976515482	2.42558533184	1.56263080303	
-2.34588930557	-3.25036699223	-4.13675712201	-4.98753690566	-5.78588279866	-6.5158754626	-7.1627224646	-7.71290947756	-8.15445320108	-8.47709511924	-8.67250391342	-8.73459551851	-8.65984077419	-8.44749432683	-8.10006632238	-7.6236235418	-7.02805443138	-6.32740270125	-5.53989578073	-4.68789803344	-3.79748610022	-2.89776489207	-2.01977931058	-1.1950948651	-0.454082840455	0.175972324291	0.672807881906	1.02097571996	1.21329646719	1.25180204093	1.14799784885	0.922364379627	0.603080858186	0.224045842634	-0.177615747473	-0.564322314476	-0.900808238006	-1.15661111412	-1.30806139532	-1.33963627888	-1.24457642665	-1.024809146	-0.690267631779	-0.257708289398	0.250784757695	0.809459901333	1.39059032831	1.9660458219	2.50870402537	2.99359276842	3.39880565774	3.70614023907	3.90147757297	3.97498522425	3.92111467272	3.73845895271	3.42946152279	3.00007360733	2.4593235198	1.81886104742	1.09249190139	0.295705012031	-0.554750186788	-1.44129487909	-2.34588930557	
-6.47814173962	-7.32184864595	-8.11537440462	-8.84144173273	-9.483553854	-10.0262944346	-10.4555853858	-10.7590349431	-10.9263037062	-10.949453591	-10.8234621896	-10.5465244205	-10.1204821673	-9.55131923445	-8.84928099465	-8.02916018399	-7.11037418995	-6.11678437894	-5.07636921626	-4.02053669839	-2.98313534294	-1.99909600043	-1.10276397799	-0.325974540031	0.303983804224	0.766364125576	1.04871488241	1.14818502531	1.07220451855	0.838395860541	0.473639189976	0.0123276274139	-0.50605962687	-1.03984658305	-1.54822608101	-1.99418411206	-2.3469946077	-2.58404880065	-2.69196339714	-2.66685227209	-2.5138726324	-2.24621762761	-1.8835927729	-1.45050979392	-0.974451582721	-0.484088514684	-0.00769720267788	0.428218343836	0.799991874365	1.08756513639	1.27498750892	1.3506578717	1.30733957733	1.1420202581	0.855617810595	0.452608408134	-0.0593970343369	-0.670120761278	-1.36705426216	-2.13589883856	-2.96094002964	-3.82539899434	-4.71177400164	-5.60207878838	-6.47814173962	
-10.6153681546	-11.3233285763	-11.9480170841	-12.4724935399	-12.8807642803	-13.1582007759	-13.2920353638	-13.2719943075	-13.0908223425	-12.7448632159	-12.2348844737	-11.5663208471	-10.7496864224	-9.80098740586	-8.74136658001	-7.59703280516	-6.39874273904	-5.18090883951	-3.98064257058	-2.83632366868	-1.78597804743	-0.86538630539	-0.106055313014	0.466824417599	0.836261016894	0.994990781778	0.946457427667	0.705086671903	0.295738833691	-0.247691047852	-0.884466577751	-1.56982353332	-2.25812970878	-2.90611284443	-3.47580084222	-3.93690716838	-4.26843308713	-4.4594872354	-4.50922393428	-4.42607669174	-4.22642657654	-3.9329016159	-3.57243211111	-3.17432503029	-2.76840762732	-2.38337622789	-2.04546400905	-1.77738552376	-1.59766006832	-1.52018330719	-1.55415823281	-1.7042044085	-1.97065907274	-2.35002749421	-2.83549094468	-3.41745456848	-4.0840715899	-4.82171640459	-5.61542322907	-6.4491660233	-7.30617268106	-8.16913411601	-9.02029858622	-9.84171331507	-10.6153681546	
-14.5155042143	-15.0098937488	-15.3868018857	-15.6299863552	-15.7246367062	-15.6580476805	-15.4203851064	-15.0056472092	-14.4124600767	-13.6448107732	-12.7127853062	-11.6328411921	-10.4277714003	-9.12646103617	-7.76309013364	-6.37612292404	-5.0069996373	-3.69850768188	-2.49301508405	-1.43048959685	-0.546443949404	0.130108145392	0.578549640762	0.788243017995	0.759622844139	0.504649052175	0.0464987099271	-0.581581364482	-1.33819874308	-2.17641946265	-3.04688719019	-3.90111585324	-4.69468062885	-5.38997805944	-5.95834809264	-6.38135625835	-6.65122955304	-6.77048677276	-6.75089202297	-6.61192219418	-6.37888607937	-6.08094603533	-5.74911596308	-5.41434986854	-5.10592557869	-4.8500533696	-4.66889320839	-4.57982775998	-4.59510759008	-4.721896732	-4.96243729105	-5.31448082127	-5.77193516537	-6.32547450406	-6.96320191826	-7.67134592395	-8.43473545401	-9.23729982199	-10.0624061576	-10.8929941265	-11.7117237178	-12.5010830081	-13.243383921	-13.9207906619	-14.5155042143	
-17.9177575677	-18.1176902952	-18.1654423136	-18.0466899073	-17.7496493603	-17.266039906	-16.5922789935	-15.7303015713	-14.6886997413	-13.483485861	-12.1379368935	-10.6827613082	-9.1552553066	-7.59801371851	-6.05740060356	-4.58156290868	-3.21830083414	-2.01279423988	-1.00533104559	-0.229119945046	0.291674014852	0.54355343894	0.524801693713	0.245956340605	-0.270452784973	-0.990979903482	-1.87310740753	-2.86773882625	-3.92226660421	-4.98382812657	-6.00254874339	-6.93454519645	-7.74428651048	-8.40627278461	-8.90584876362	-9.23921078859	-9.41273933398	-9.44165243007	-9.3483833749	-9.16067847741	-8.90955280924	-8.62734344836	-8.34588843351	-8.09491291559	-7.90068523139	-7.78497822365	-7.7643822829	-7.84996289159	-8.04730492595	-8.35672350255	-8.77379989198	-9.29004677724	-9.89369897405	-10.5705109309	-11.3044628773	-12.0784690902	-12.8748741927	-13.6758417932	-14.4634758718	-15.2200419463	-15.9278082969	-16.5690817264	-17.1262687567	-17.5816433575	-17.9177575677	
-20.5536221731	-20.3771395938	-20.0160757026	-19.4608574668	-18.7062755222	-17.7528194221	-16.6078267871	-15.2861264271	-13.8107806763	-12.2133424937	-10.5327935205	-8.8148604028	-7.1101575462	-5.4719410593	-3.95374801317	-2.60663861792	-1.47659271471	-0.60196091157	-0.0112546551699	0.27865865331	0.263773277182	-0.046529940152	-0.629761391672	-1.45142887446	-2.46698286062	-3.62440642469	-4.86734891833	-6.13852998012	-7.38301025927	-8.5513242816	-9.60200970128	-10.5033775213	-11.2346602903	-11.7861820531	-12.1589571046	-12.363701358	-12.4192782725	-12.3509511399	-12.188596483	-11.9646540508	-11.7123540721	-11.4640527553	-11.2494940562	-11.0947979886	-11.0212922218	-11.0449258024	-11.1758950756	-11.4185676679	-11.7718822031	-12.2297512949	-12.7817845398	-13.4141220198	-14.1103402907	-14.8521763509	-15.620460256	-16.3954688716	-17.1575803416	-17.8875482876	-18.56642706	-19.1757383559	-19.6973043779	-20.1132340207	-20.405928659	-20.5582056878	-20.5536221731	
-22.1529576465	-21.5259475109	-20.6908573043	-19.6475771625	-18.4028597552	-16.9714113194	-15.3763650964	-13.6496732369	-11.8316049341	-9.96984925694	-8.11790000126	-6.33288411926	-4.6730027348	-3.19461768126	-1.94926979137	-0.980778639101	-0.322646651017	0.00406808081703	-0.00776139635479	-0.350612296513	-1.00248344496	-1.92798199283	-3.08031528435	-4.40408433387	-5.83861245494	-7.32159316	-8.79268514716	-10.1968149644	-11.4868320161	-12.6254535007	-13.5864760505	-14.3550777734	-14.9275002729	-15.3102004865	-15.5184357694	-15.5747532411	-15.5071587029	-15.3473377126	-15.1288537661	-14.8853457251	-14.6492103975	-14.4498716762	-14.3128854995	-14.2589148743	-14.3030593234	-14.4547052609	-14.7172699075	-15.0885766458	-15.5613508713	-16.1238885793	-16.7606948627	-17.453591398	-18.182427166	-18.9258993297	-19.6622924407	-20.3698458577	-21.0273153237	-21.6139653598	-22.1098173215	-22.4955909676	-22.7526226598	-22.8629755938	-22.8097567151	-22.5775291337	-22.1529576465	
-22.4830887153	-21.3563335998	-20.0180789714	-18.4835612332	-16.7770609095	-14.9316880845	-12.9896266702	-11.000516998	-9.02027076418	-7.10890617425	-5.32792065713	-3.73751959193	-2.39348363459	-1.34413967912	-0.627466642624	-0.268680262496	-0.278413346537	-0.651720362958	-1.36800027416	-2.39193154646	-3.67538269507	-5.16021138684	-6.78177737762	-8.47283906149	-10.1674478672	-11.8046357839	-13.3313331239	-14.7046428472	-15.893053556	-16.8768331183	-17.6478758559	-18.2086260346	-18.570966723	-18.7547772315	-18.785931632	-18.6948838693	-18.5148737496	-18.2801983006	-18.0247859555	-17.780525327	-17.5763122813	-17.4368269047	-17.3817232383	-17.4250514755	-17.5751222149	-17.8343903974	-18.1996645136	-18.6626629828	-19.2105794031	-19.8269242085	-20.4921794199	-21.1847388368	-21.8816565968	-22.5592219169	-23.1936614622	-23.7615015724	-24.2399247378	-24.6069539787	-24.8415129682	-24.9237131874	-24.8351157546	-24.5590607896	-24.0813678996	-23.3914428678	-22.4830887153	
-21.4000720149	-19.7777359893	-17.9735537411	-16.0227316426	-13.9697928974	-11.8672883393	-9.77435754883	-7.75411074545	-5.87118469443	-4.18886678918	-2.76600573621	-1.65402141727	-0.893996164562	-0.514158995699	-0.527896016007	-0.932541257929	-1.70908296983	-2.82289458908	-4.22549263007	-5.85723429401	-7.65083095597	-9.53521741154	-11.4397817266	-13.2982338207	-15.051824431	-16.6520616734	-18.0619616094	-19.2568810579	-20.2242833952	-20.9625560475	-21.4802397124	-21.7941853884	-21.9279995877	-21.9106117583	-21.7743423278	-21.5535549348	-21.2830249898	-20.996515367	-20.7256024935	-20.4983907643	-20.3382601241	-20.2637234894	-20.2876832228	-20.417080584	-20.653144242	-20.9915304165	-21.4229448837	-21.9336247162	-22.5061251828	-23.1200339614	-23.7526114748	-24.3796295043	-24.9761273727	-25.5165748056	-25.9754164871	-26.3277897193	-26.5496108127	-26.6180172764	-26.511685717	-26.211504882	-25.7013553528	-24.9689128474	-24.0071032767	-22.8151793058	-21.4000720149	
-18.919564936	-16.8878661827	-14.7461854474	-12.5501168935	-10.362179126	-8.2494307795	-6.28028082644	-4.52161766909	-3.03543897783	-1.87585010914	-1.08624456551	-0.696783569659	-0.72249067321	-1.16199337349	-1.99717601269	-3.19381093133	-4.70322224137	-6.4649419984	-8.41006433363	-10.4652641085	-12.5567659889	-14.6145365069	-16.5754540509	-18.3862236309	-20.0049801753	-21.4022300784	-22.5607175328	-23.4746194349	-24.1486719351	-24.596406637	-24.8386104849	-24.901978113	-24.8173688743	-24.6184917357	-24.3402511044	-24.0177170123	-23.6842345953	-23.3706968984	-23.1045762414	-22.9081785344	-22.7986821388	-22.7875111833	-22.8803754205	-23.0769804411	-23.3717581	-23.7539555267	-24.2086848841	-24.7176021661	-25.2591156554	-25.8098482022	-26.3445524422	-26.837035821	-27.2607228868	-27.5886756326	-27.7944308166	-27.8523091218	-27.7380283568	-27.4293768073	-26.9072347415	-26.1566932749	-25.1683357806	-23.9396720424	-22.4766543639	-20.7946392937	-18.919564936	
-15.288267713	-13.0309160421	-10.7762351738	-8.59456114059	-6.55821643865	-4.73806470944	-3.2000067167	-2.00156150004	-1.18889442734	-0.794264254952	-0.834113046444	-1.30790725982	-2.19782337956	-3.46944669628	-5.07345377525	-6.94830930742	-9.02370742751	-11.2245659344	-13.4751789068	-15.7030327394	-17.8424363157	-19.83683436	-21.6410731224	-23.2217709555	-24.5575499659	-25.6386990124	-26.4656768879	-27.048258093	-27.4038863882	-27.5560844463	-27.5334178297	-27.3679866964	-27.0938801537	-26.7462580264	-26.3597234256	-25.9672995259	-25.5993026137	-25.2817736043	-25.0363823913	-24.8792113995	-24.820287406	-24.8639746938	-25.0084768661	-25.2466862617	-25.56664998	-25.9518924325	-26.3825614939	-26.8362370788	-27.2881968596	-27.7123807722	-28.0817558612	-28.3687280096	-28.5456821425	-28.5852558195	-28.4611756426	-28.1488381408	-27.6263873552	-26.8760546217	-25.8855712961	-24.649796501	-23.1723581229	-21.4670355384	-19.5585678734	-17.4832114244	-15.288267713	
-10.9945650785	-8.78168457979	-6.70959639883	-4.85211573869	-3.27861652618	-2.05034599525	-1.21705243608	-0.814148794325	-0.860597894405	-1.35763615268	-2.28845431662	-3.61889142226	-5.29922443467	-7.26686549142	-9.45004581193	-11.771805153	-14.1544670745	-16.5235129616	-18.8111773369	-20.9591153756	-22.9196533975	-24.657394119	-26.1480022597	-27.37855386	-28.346492659	-29.057452115	-29.5252505851	-29.7702755427	-29.8178206253	-29.6969459018	-29.440306854	-29.081994574	-28.6563177869	-28.1976121873	-27.7380949215	-27.3067908892	-26.9291924628	-26.6258604642	-26.4116901693	-26.2957687491	-26.2810143599	-26.3643229657	-26.5370203209	-26.7856349211	-27.0922496499	-27.4353103766	-27.7911905849	-28.1333934159	-28.4349587486	-28.6677126246	-28.8032240164	-28.8138438532	-28.6717581715	-28.3516591338	-27.8298933718	-27.0868968206	-26.1083941442	-24.8867199771	-23.4231367472	-21.7288937106	-19.826644485	-17.7508471379	-15.5476414031	-13.2737400289	-10.9945650785	
-6.71549034133	-4.85738170414	-3.2771412177	-2.03823015456	-1.19331893488	-0.781190647618	-0.824270208415	-1.32701967303	-2.27534400234	-3.63709918586	-5.36374095466	-7.39304557387	-9.65268609174	-12.0645532367	-14.5491201324	-17.0297882486	-19.4367208408	-21.7091602155	-23.7978859558	-25.665328133	-27.2852743226	-28.6430871023	-29.7331121874	-30.5586638997	-31.1305711011	-31.4653412701	-31.5852149643	-31.5163229374	-31.2883768963	-30.9333120412	-30.4846594624	-29.9760330073	-29.4404674021	-28.9094124497	-28.410814783	-27.9689362004	-27.6030114227	-27.3272489162	-27.1495201024	-27.071322647	-27.0885961936	-27.1911934008	-27.3641407383	-27.5880463738	-27.8396929906	-28.0935077208	-28.3220120316	-28.4960519201	-28.5865813071	-28.5644968635	-28.4014894802	-28.0711154488	-27.5489567108	-26.8148365354	-25.8533309844	-24.6557501267	-23.2217845623	-21.5609471282	-19.6939405753	-17.6530613146	-15.4823166467	-13.2364107797	-10.9791106066	-8.78079929542	-6.71549034133	
-3.17754443763	-1.95672418676	-1.11964624756	-0.706904977214	-0.743764012684	-1.23827449387	-2.18029546563	-3.54158929558	-5.27708891425	-7.32729326919	-9.62167179366	-12.0827712266	-14.6307961657	-17.1878129969	-19.6819417804	-22.0502617111	-24.2406981599	-26.2133991725	-27.9398872786	-29.4031302946	-30.5956274607	-31.5185258278	-32.1801047823	-32.5942026262	-32.7805183906	-32.7625530702	-32.5670021711	-32.2233583046	-31.7633499939	-31.2195374654	-30.6245109706	-30.010041825	-29.4062591065	-28.8397829548	-28.3332449004	-27.9052503814	-27.568220243	-27.328677708	-27.1872550505	-27.138373648	-27.1708681687	-27.2682486298	-27.4096082217	-27.5706145056	-27.7236672198	-27.8396707566	-27.8881797711	-27.8388515893	-27.661809594	-27.3288640371	-26.8149289985	-26.0980980369	-25.1625601444	-23.9989980443	-22.606492951	-20.9939614229	-19.1809664154	-17.1985820849	-15.0889985287	-12.9047991748	-10.7073004111	-8.56434401815	-6.54747373312	-4.72878374702	-3.17754443763	
-0.972033149369	-0.573844778843	-0.610450425549	-1.09212546211	-2.01224725189	-3.34703245852	-5.05633759373	-7.08553107165	-9.36840194364	-11.8308723879	-14.3952574304	-16.9845109088	-19.5262546821	-21.9559242022	-24.2191924939	-26.27293792	-28.0858522824	-29.6377317299	-30.9177371052	-31.9247706771	-32.6642790809	-33.1480934647	-33.3932854377	-33.4207541207	-33.2555806984	-32.9251976657	-32.4592655792	-31.8890328928	-31.246522416	-30.563199967	-29.8697670136	-29.1948147866	-28.5633467666	-27.9964383901	-27.5107344518	-27.1174917764	-26.8216608341	-26.6221913496	-26.5124142058	-26.4796697737	-26.5062509617	-26.5700439753	-26.6452794129	-26.7029715072	-26.7127894936	-26.6431456602	-26.4627460451	-26.1417863656	-25.6523556652	-24.9714718341	-24.0811520268	-22.9706312302	-21.6380586585	-20.0914717958	-18.3499495855	-16.4437981925	-14.4143258896	-12.3127314977	-10.1984750705	-8.13697524852	-6.19693801579	-4.44739113906	-2.95459337763	-1.7789508147	-0.972033149369	
-0.396837598316	-0.864454037242	-1.75393019188	-3.04495396525	-4.70208389559	-6.6761958751	-8.9068099592	-11.3252453859	-13.8582866247	-16.4321570378	-18.9761397735	-21.4260347908	-23.7262600353	-25.8315396216	-27.7073956133	-29.3295305782	-30.6842490194	-31.7657583339	-32.5762818181	-33.1245309224	-33.4244545995	-33.4949382083	-33.3584153636	-33.0410205541	-32.5708655496	-31.9782032805	-31.2944581603	-30.5511565859	-29.7793891929	-29.0085272828	-28.2657162376	-27.5747413762	-26.9545119545	-26.4197744783	-25.9797812297	-25.637495518	-25.3902533091	-25.229612799	-25.1415541569	-25.1068909503	-25.102313333	-25.1010273306	-25.07337472	-24.9876845146	-24.8123463794	-24.5160246658	-24.0693877472	-23.4468208177	-22.6277729949	-21.5991424921	-20.3562581093	-18.9050604034	-17.262643488	-15.4577141851	-13.5303223295	-11.5303667738	-9.51592552103	-7.55072444666	-5.70137309404	-4.03439547527	-2.61328334772	-1.49560434395	-0.7303864313	-0.355734747659	-0.396837598316	
-1.38110824624	-2.61203273098	-4.1958265213	-6.08823237627	-8.23444535713	-10.5717385603	-13.0325972075	-15.548059197	-18.0511323452	-20.479593411	-22.7785246315	-24.9017098942	-26.8124943019	-28.4838496555	-29.8975103769	-31.0441323989	-31.9212788735	-32.5333874047	-32.8906057935	-33.0078998719	-32.9053457313	-32.606265499	-32.1371756708	-31.5275416523	-30.8082553041	-30.0110459152	-29.1679144722	-28.3094293426	-27.4646526005	-26.6594989693	-25.9157380661	-25.2510657581	-24.6778476052	-24.2030680554	-23.827443656	-23.5460703836	-23.3485371515	-23.2189278249	-23.1367589795	-23.0773482744	-23.0129797755	-22.913339954	-22.7472692732	-22.4831534296	-22.090851604	-21.5434510735	-20.8180330255	-19.898728903	-18.7777253371	-17.4570092069	-15.9501153087	-14.2820241239	-12.4893780976	-10.6192501895	-8.72718846292	-6.8748157124	-5.12681062859	-3.54786599425	-2.19964498331	-1.1379382408	-0.410110542171	-0.0529475257997	-0.0908877174225	-0.534766118268	-1.38110824624	
-3.5267744644	-5.3103864629	-7.34310080959	-9.56772698437	-11.922348977	-14.3432548144	-16.7678765416	-19.1373154681	-21.3985785731	-23.5058275163	-25.4216451446	-27.1167181955	-28.5699523703	-29.7682390244	-30.7046024602	-31.3794076477	-31.7976914885	-31.9703388234	-31.9129965431	-31.6452012357	-31.1913574122	-30.5781851081	-29.8357758729	-28.9958544534	-28.0908005802	-27.1529981111	-26.2135167294	-25.3009396402	-24.4404153359	-23.6528819771	-22.9541418907	-22.3543981883	-21.8583218227	-21.4643948021	-21.1650158162	-20.9475391688	-20.7940244382	-20.6819459832	-20.5856541056	-20.4766094674	-20.3243663348	-20.0980588675	-19.7680145851	-19.3063016434	-18.6891236606	-17.8986196418	-16.9238629998	-15.7634525096	-14.4260927233	-12.9317435643	-11.3116506838	-9.60749470946	-7.87001833718	-6.15657873964	-4.5284956787	-3.04788231487	-1.77460848439	-0.763351422949	-0.0609995039852	0.295551917183	0.281132864006	-0.1164694477	-0.895857037289	-2.04198452516	-3.5267744644	
-6.24353671845	-8.32278367173	-10.5389167592	-12.8331947344	-15.1473495984	-17.4260240243	-19.6185310873	-21.6803419353	-23.5738725789	-25.2687641629	-26.741753055	-27.9763982677	-28.9625332043	-29.6957205004	-30.1770232488	-30.412427462	-30.4127885362	-30.1935019127	-29.774304038	-29.1790957224	-28.4350643232	-27.5724754298	-26.6237072489	-25.6217666974	-24.5995114367	-23.5884875292	-22.6172634352	-21.7109039462	-20.8894891451	-20.1674943117	-19.5537235859	-19.0503714961	-18.653529177	-18.3533428944	-18.1343741799	-17.9764896427	-17.8554235654	-17.7438687352	-17.6126407771	-17.4315970371	-17.1710392019	-16.8032963631	-16.3039362005	-15.6537277036	-14.8400401818	-13.8582020334	-12.7130820455	-11.4194858353	-10.0026495672	-8.49761700233	-6.94821119283	-5.40524210432	-3.92415324527	-2.56234058096	-1.3762561589	-0.418592593564	0.264349463514	0.634935651612	0.66605285612	0.342477182576	-0.338298530203	-1.36582434103	-2.71712285003	-4.35775671642	-6.24353671845	
-8.91952655172	-11.0523091329	-13.2229795365	-15.3794045828	-17.4733272886	-19.461514597	-21.3067222017	-22.9779444847	-24.4503749476	-25.7051678581	-26.7291130612	-27.5141646841	-28.0572170807	-28.3598411109	-28.4283526002	-28.2732925447	-27.9098215479	-27.3574947147	-26.6396155076	-25.783598889	-24.8194843731	-23.7796256993	-22.697651061	-21.6067680005	-20.5388677747	-19.5228324565	-18.5836030409	-17.7409940042	-17.0090010508	-16.3947507373	-15.8988884624	-15.515608673	-15.2326178775	-15.0322182154	-14.891879023	-14.7854321936	-14.6841336297	-14.5580710642	-14.3774085736	-14.1138297784	-13.7422591444	-13.2421759702	-12.5991622406	-11.8062480529	-10.8648894268	-9.78570489448	-8.58847569232	-7.30198783481	-5.96293485162	-4.61462927536	-3.30509698614	-2.08498084426	-1.0051581753	-0.114317606489	0.543404050016	0.930611276362	1.01853650134	0.788551399986	0.2332361095	-0.643072665685	-1.82428672242	-3.28325791831	-4.98298435644	-6.87858031813	-8.91952655172	
-11.0630355626	-13.064463039	-15.0294863041	-16.9161693674	-18.6875105443	-20.3118649799	-21.7632019941	-23.020698474	-24.0685839572	-24.8957859783	-25.4956061732	-25.8656570921	-26.0077509664	-25.9281823388	-25.6374535954	-25.150178255	-24.4854310019	-23.666422987	-22.7199693928	-21.6760007244	-20.5667663832	-19.4257006454	-18.2862658112	-17.1804612923	-16.1375048159	-15.1823439403	-14.3346299306	-13.6079802625	-13.0089194437	-12.5369293797	-12.1845550033	-11.937790105	-11.7768268597	-11.6771415937	-11.6106347208	-11.5472177267	-11.4562404982	-11.3080766471	-11.0759523665	-10.7372391747	-10.2751263917	-9.67988554989	-8.9496576839	-8.09117313958	-7.11964541322	-6.05840059069	-4.93800248189	-3.79486846423	-2.66979534688	-1.60618709665	-0.648219485315	0.161032753014	0.781464738246	1.17773888116	1.32096576721	1.19017713531	0.773521633355	0.0690875319853	-0.914705112181	-2.15925007488	-3.63647178835	-5.31003279156	-7.13725533905	-9.07118681978	-11.0630355626	
-12.37292749	-14.1281049986	-15.7982940972	-17.351343029	-18.7597473681	-20.0008665475	-21.0566281776	-21.9132229451	-22.5609456662	-22.9940532727	-23.21060191	-23.2125835125	-23.0060489122	-22.6011933688	-22.0124934732	-21.2585519032	-20.3620455118	-19.3493940431	-18.2500688712	-17.0959511117	-15.9202069318	-14.7560919825	-13.6355226134	-12.5876348411	-11.637510187	-10.8048080939	-10.1027788903	-9.53761263702	-9.10820219046	-8.80602420508	-8.61575344761	-8.5160052552	-8.48053426625	-8.47972450672	-8.48210125527	-8.45628481013	-8.37281607101	-8.20587249167	-7.93503093059	-7.54657634178	-7.03452743409	-6.40122541106	-5.65729562858	-4.82119873114	-3.91820631553	-2.97911082275	-2.03869052616	-1.13408124177	-0.303219918509	0.416629400474	0.990255430636	1.38579040269	1.5759422944	1.53917321754	1.26077385466	0.73378092911	-0.0403664755864	-1.05153546014	-2.2810280952	-3.70223055954	-5.28177055652	-6.98097847935	-8.75798293781	-10.5694879162	-12.37292749	
-12.7447040668	-14.2001833033	-15.5419723977	-16.7454809197	-17.7902268456	-18.659818614	-19.3418083932	-19.82748715	-20.1117290284	-20.1930628822	-20.0737949887	-19.7599822872	-19.2617733673	-18.593302888	-17.7728618452	-16.8226890667	-15.7686143037	-14.6396700856	-13.4670771762	-12.2834037397	-11.1213937583	-10.0125877693	-8.98580929269	-8.06592031142	-7.27242263375	-6.61839467089	-6.10983291731	-5.74507181996	-5.51497821698	-5.40327197658	-5.38740750313	-5.4398298301	-5.52954079896	-5.62396787942	-5.69095409316	-5.70086070246	-5.62850056043	-5.45485035231	-5.16838714102	-4.76583408893	-4.25235255257	-3.64113105993	-2.95240234999	-2.21205874137	-1.45002229653	-0.698581593752	0.00919057271641	0.640796388589	1.1654286353	1.55488289626	1.78434100445	1.83310101371	1.68530786303	1.33069366884	0.765270599474	-0.0081176952401	-0.979501643235	-2.13184475496	-3.44152619413	-4.87925608615	-6.41133939086	-8.00127087681	-9.61132545754	-11.2042633599	-12.7447040668	
-12.2220519869	-13.3669976511	-14.382209297	-15.2485366636	-15.9505655269	-16.4765980474	-16.8185925664	-16.9721183854	-16.9362864686	-16.7139011734	-16.311369767	-15.739007581	-15.011108997	-14.1457266262	-13.1647961453	-12.0936370938	-10.9605552059	-9.79607067409	-8.63194253081	-7.50006284089	-6.43120260612	-5.45356828184	-4.59144728718	-3.86393007326	-3.2837610338	-2.85656633063	-2.58028668763	-2.44520756738	-2.43430737407	-2.52408768356	-2.68589367845	-2.88756169748	-3.09541098832	-3.2764595113	-3.40064435336	-3.44289985044	-3.38495687312	-3.21654377546	-2.93600947291	-2.55021534351	-2.07370378529	-1.52740727196	-0.936936574539	-0.330743038639	0.261603486382	0.810920005712	1.28955002308	1.67215670435	1.93624867267	2.06252091619	2.03517626657	1.84229630729	1.47630622269	0.934505366386	0.219572098958	-0.660075742221	-1.69019314729	-2.8509931883	-4.11771636157	-5.46170432033	-6.85159188711	-8.25461437913	-9.63800334459	-10.9702516845	-12.2220519869	
-10.9386057171	-11.785346703	-12.4933840016	-13.0477058405	-13.437087639	-13.6539102516	-13.6943625729	-13.5583412968	-13.2493627664	-12.7747172217	-12.1453507531	-11.3759539759	-10.4848700336	-9.49394306956	-8.4281490914	-7.31514223504	-6.18456538866	-5.06713791851	-3.99363220703	-2.99360265376	-2.0941716963	-1.3186482393	-0.685257128784	-0.206036066378	0.114054386879	0.277662251171	0.295178408934	0.184424213848	-0.0301833991354	-0.318925989821	-0.648515284647	-0.984192759482	-1.29204549073	-1.54136697899	-1.70685523181	-1.77041787862	-1.72235687986	-1.56184092517	-1.29654807119	-0.94161700767	-0.518056981421	-0.0508037803866	0.433229190788	0.906917891334	1.34433734589	1.7217124109	2.01795010945	2.21483025378	2.29702213637	2.25206978741	2.07047677029	1.74596389271	1.275879432	0.661691397151	-0.0905645108437	-0.970008869376	-1.9609263066	-3.0431394785	-4.19262536246	-5.38252969726	-6.58425696548	-7.76858517275	-8.9068248851	-9.97178867286	-10.9386057171	
-9.07020254991	-9.64232320276	-10.0709122456	-10.3447083669	-10.4564124583	-10.4026813202	-10.184118302	-9.80526577229	-9.27447400823	-8.60376532027	-7.80878543448	-6.9086054256	-5.92540077693	-4.88415812882	-3.8121022994	-2.7380337281	-1.69156205273	-0.702039710072	0.202503350015	0.996533200876	1.65828295379	2.17095242426	2.52378323315	2.71296087751	2.74219459283	2.62289358192	2.37391099765	2.0207425449	1.59423269852	1.12880920192	0.660310074626	0.223587791938	-0.149948035611	-0.434592100214	-0.612158344454	-0.67313711882	-0.617049920088	-0.451958275336	-0.193229972259	0.138262719354	0.518207197442	0.920896445638	1.3210210691	1.69500500918	2.02182310469	2.28333265078	2.46423381572	2.55183001799	2.53576408859	2.40788550736	2.16233581564	1.79585044254	1.3082452168	0.702940462499	-0.0125968710944	-0.826618159612	-1.72315741939	-2.68241577481	-3.6814509722	-4.69505642182	-5.69678469628	-6.66002557283	-7.55898384828	-8.36958047896	-9.07020254991	
-6.79800035254	-7.12365200791	-7.30420204573	-7.33224538748	-7.20467424481	-6.92272073717	-6.49179782702	-5.9214125468	-5.22494571009	-4.4193240801	-3.52474745596	-2.56425831629	-1.56326028139	-0.548938191492	0.450443487243	1.40633434652	2.29085064655	3.07772176828	3.74342914928	4.2683119023	4.63766211955	4.84271475904	4.88154479217	4.75958850306	4.48983596141	4.09261924125	3.59476792051	3.02838329359	2.42899825946	1.83339262453	1.27715107256	0.792182070443	0.404435318735	0.132117060629	-0.0154227919559	-0.0379625534301	0.0561834370248	0.251510866401	0.527216061216	0.859343426947	1.22288810792	1.59358570829	1.94921510178	2.27034280349	2.54054542721	2.74623132123	2.87623936382	2.92141062407	2.87428813395	2.7290468753	2.48171792181	2.13058658797	1.67677586815	1.12479792119	0.48293908194	-0.236523967278	-1.01747486517	-1.84037576158	-2.68296311859	-3.52113175849	-4.32991454332	-5.08452716275	-5.76134244999	-6.33876768803	-6.79800035254	
-4.2960330481	-4.40595183159	-4.37265243197	-4.19292309125	-3.86821818281	-3.4045774962	-2.81248312278	-2.1065364758	-1.30505951661	-0.42962363801	0.495532741457	1.44412719364	2.3885615312	3.30069757353	4.15269515093	4.91792498896	5.57194008497	6.09343080773	6.46526340737	6.67545559656	6.71805412109	6.59385682819	6.31089477063	5.88452840191	5.33714632943	4.69735529293	3.99860441541	3.27743395257	2.57122326134	1.91579235027	1.34297492619	0.87839939487	0.539805109104	0.336028818001	0.266821000484	0.323504377958	0.49036432821	0.746556534094	1.06825113487	1.43072172216	1.810114478	2.18472864928	2.53573890067	2.8473867959	3.10676397015	3.30335269773	3.42851825634	3.47510395016	3.43725598316	3.31051285759	3.09215179949	2.78169203553	2.38148305346	1.89719679195	1.33815396199	0.717425923361	0.0515982962045	-0.639701329851	-1.33453733273	-2.00955449976	-2.64097540116	-3.2056243855	-3.68189645612	-4.05066526704	-4.2960330481	
-1.7194796066	-1.64646731258	-1.43626760633	-1.09015579558	-0.614334551035	-0.0197933992785	0.678026359694	1.45968866055	2.30236893185	3.18056573979	4.06690317765	4.93300940834	5.75041876239	6.49155197278	7.13067233266	7.64488972311	8.0150585837	8.22676993897	8.27121497915	8.14585260353	7.85504316565	7.41027822023	6.83012814179	6.13975822162	5.36995861412	4.55572064607	3.73438302758	2.94343816636	2.21819825924	1.58952304541	1.08179003087	0.711401503421	0.485969663886	0.404262074391	0.456932128577	0.627910238614	0.896258174826	1.23822228471	1.62922088902	2.04553150738	2.46552591934	2.87037256657	3.24425258969	3.57418519473	3.84959934948	4.06184179479	4.20375211869	4.26943407886	4.25423313313	4.15499468458	3.97045090903	3.70175713546	3.35294549849	2.93133748686	2.44774053057	1.91634416973	1.35446628068	0.78194999323	0.220429949771	-0.307585583275	-0.77969576437	-1.17460853213	-1.47310773059	-1.65892419465	-1.7194796066	
0.799859909595	1.02122417375	1.36904130112	1.83738409435	2.4153016084	3.08709698783	3.83279404048	4.62877610013	5.44860207341	6.2639270004	7.04552281993	7.76438219926	8.39281381608	8.90555843707	9.2808425461	9.50144273181	9.55562827124	9.43779853473	9.14926543543	8.69847699766	8.10104528497	7.37946791652	6.56226804275	5.68285929312	4.77787871704	3.88526364451	3.04206452748	2.282246532	1.63463660059	1.12121462474	0.755930885942	0.544194276891	0.483036597301	0.56195907732	0.764323275627	1.06910152098	1.45276467635	1.89108168019	2.36062992284	2.83990449462	3.30997800907	3.75472070377	4.16069369382	4.51682892223	4.81402898013	5.04481163309	5.20308988572	5.28414316873	5.28474270343	5.20348302961	5.04113383266	4.8010847148	4.4896358755	4.11621467102	3.69340753345	3.23670082349	2.76410417105	2.29550422588	1.85189694321	1.45448922918	1.12375813793	0.878496128148	0.73490648755	0.705789038359	0.799859909595	
3.15492980764	3.48846983955	3.93266582801	4.47701393176	5.10614444992	5.80023006689	6.5355954525	7.28552010335	8.02123957139	8.71304504919	9.33148846095	9.84871869319	10.2397228892	10.4835743826	10.5645626491	10.4732030772	10.207047131	9.7710654053	9.17788909413	8.44751293127	7.60659500765	6.68736809137	5.72602330978	4.76089150045	3.83029826521	2.97038266365	2.21303369869	1.58411045977	1.10211428916	0.777432431397	0.612225443802	0.600914722075	0.731221421371	0.98560165268	1.34289799067	1.78002835319	2.27351635518	2.80074770691	3.34086013333	3.87524645896	4.38775134257	4.86458157859	5.29409523125	5.66654363306	5.97384358662	6.20947410405	6.36847241273	6.44759118038	6.44550881991	6.36312614214	6.20383656166	5.97376511846	5.68187338713	5.33994003091	4.96237299479	4.56582273618	4.16869966097	3.79046603201	3.45087200511	3.16912522989	2.96300903337	2.84803357997	2.83664317743	2.93750257584	3.15492980764	
5.27098402924	5.67968016269	6.17815626554	6.75168644441	7.38113754646	8.04350596052	8.71262064937	9.36013956686	9.95663677449	10.4728916269	10.881313352	11.1573232693	11.2807875648	11.2372798892	11.0192436375	10.6268650419	10.0683407187	9.36001517329	8.52587952074	7.59644785126	6.60736171694	5.59742262215	4.60641097182	3.67277525138	2.83138562483	2.1115792547	1.53564163412	1.11786573656	0.864265599599	0.772916262215	0.834847050478	1.03535319801	1.35554904775	1.77398270393	2.26813351024	2.81567520419	3.39541078233	3.98785399704	4.57551679402	5.14292088509	5.67649028748	6.16437136782	6.59628566625	6.96348085673	7.25875250425	7.47659703854	7.61346239268	7.66794567881	7.64106969612	7.53651455825	7.36065975554	7.12265468131	6.8342286075	6.50947845677	6.16445204838	5.81659445601	5.48419341549	5.18563246538	4.93866773568	4.75967565414	4.66289722576	4.65974518075	4.75816051837	4.96207214838	5.27098402924	
7.10055559117	7.54712045448	8.05795511435	8.61479775422	9.1957573013	9.77595374348	10.3283298292	10.824771144	11.2372558157	11.5392903885	11.7074615947	11.7228294161	11.572409162	11.2503586185	10.7589278505	10.1089040922	9.31946309717	8.41755275462	7.43666322031	6.41495913197	5.39308176905	4.41169652593	3.50895147877	2.71816458188	2.06591857563	1.5707448467	1.2425195686	1.08258608976	1.08454688859	1.23557247017	1.51804265232	1.91129123136	2.39326495322	2.94192071387	3.53624622569	4.15689474335	4.78644626845	5.40937425384	6.01180377839	6.58126470668	7.10644507981	7.57707183776	7.98398341147	8.31928893051	8.57674163449	8.75205844645	8.84334128681	8.85139114669	8.77987548887	8.63544338677	8.42759593368	8.16848414436	7.87247919451	7.55568875919	7.23536221195	6.92919738005	6.65467398016	6.42834629549	6.26515551171	6.17780905057	6.17619834631	6.26689868974	6.45273407782	6.73246116367	7.10055559117	
8.62445427392	9.07196201337	9.55449727427	10.0513038732	10.539104816	10.9928400784	11.3865579656	11.6945576683	11.8926495094	11.9595577891	11.8784260232	11.6382329886	11.2350278413	10.6728884394	9.96440184747	9.13052203603	8.19988951234	7.20745345476	6.19248999522	5.19622193341	4.25917065817	3.41849854951	2.70562726596	2.14434320111	1.74960919862	1.5271813894	1.47403149247	1.57949176574	1.82691922702	2.19565081177	2.66298480843	3.20594951681	3.80268665562	4.43336135818	5.08058751861	5.72933438323	6.36662539027	6.9810385693	7.56211753138	8.10003416844	8.58538010615	9.00920464363	9.36332099157	9.64078618091	9.83643221282	9.94743891886	9.97381474345	9.91874215141	9.78864808147	9.59313050551	9.34470248528	9.05821833221	8.75028023424	8.43849713416	8.1406853284	7.87408503448	7.65460010158	7.49613880093	7.4100303715	7.40454118423	7.48452113806	7.6511333576	7.90169345319	8.22962782106	8.62445427392	
9.84771465889	10.2607149576	10.6772733288	11.0755836421	11.4327376535	11.7255105786	11.9313253559	12.02930442	12.0014983931	11.834209031	11.5192391625	11.0550465584	10.4476157977	9.71091002689	8.86677066684	7.94420738468	6.97805574845	6.0070248702	5.07130382336	4.20991412917	3.45805205517	2.84470454238	2.3907867222	2.10801414031	1.99862921222	2.05597815667	2.26585689217	2.60840132542	3.06025699826	3.59677196066	4.19391711194	4.82972881424	5.4851963493	6.14459420748	6.79523185408	7.42684176062	8.0308516475	8.5995377384	9.12539762581	9.60079705119	10.0178827422	10.3688883551	10.6466452521	10.8452594518	10.9608776101	10.9923544643	10.9417889754	10.8147435172	10.6203192075	10.3708697001	10.0814571917	9.76915942461	9.45215060615	9.14880372841	8.87672338815	8.65186517605	8.48773978551	8.39484582978	8.38017348035	8.44696438312	8.59454527798	8.81837022727	9.11021464263	9.45830966361	9.84771465889	
10.7912454834	11.1369603024	11.454705866	11.7234278937	11.9226251079	12.033139678	12.0380395689	11.923559011	11.6800937203	11.3031926983	10.794448492	10.1621480345	9.42160381884	8.59502974368	7.71085604191	6.80247523489	5.9064640666	5.06037154476	4.30024381585	3.65813624403	3.15985461975	2.82318818426	2.65683892912	2.66017891932	2.82386154533	3.13119539432	3.56009306564	4.0853241386	4.68080703017	5.32162862216	5.98558920499	6.65416711525	7.3128223204	7.95073265899	8.56005172198	9.13498865708	9.67074726945	10.1626517698	10.605563554	10.9935709681	11.3202030957	11.5788432102	11.763446223	11.8694496128	11.8945605069	11.8394631557	11.7084236208	11.5093115523	11.253605399	10.9559533533	10.6333448136	10.3043104259	9.98774898231	9.70188065961	9.46316888276	9.28538306629	9.17886126109	9.14998538572	9.20087202406	9.32935922904	9.52911371288	9.78999957987	10.098542917	10.4384406379	10.7912454834	
11.4886539931	11.7387456755	11.9319675405	12.0500413586	12.0770339197	11.9999463257	11.8094423116	11.5005720176	11.0732645301	10.5328710915	9.89050903771	9.16314170172	8.37329328927	7.54837780487	6.71956499861	5.92022409926	5.18400532259	4.54270599922	4.02410311119	3.64997350056	3.43452756002	3.38345343203	3.49369769903	3.75403612118	4.14635069318	4.6474835353	5.23141655496	5.87149283669	6.5424788848	7.22214865854	7.89228036815	8.53911994358	9.1531162229	9.72822103368	10.2609183998	10.7490589618	11.1907594212	11.5836303668	11.9243141487	12.2083313947	12.4304786002	12.5853829922	12.66843661	12.6766710116	12.6095420194	12.4697646552	12.2636515386	12.0011731464	11.6957458524	11.3635971083	11.0228695937	10.6925256283	10.3911614315	10.1357888	9.94072405799	9.81669009818	9.77009157296	9.8026735738	9.91140253754	10.0886607051	10.3227286432	10.5984352741	10.8979138969	11.2015055095	11.4886539931	
11.9751701058	12.1076443304	12.1599099684	12.1185347074	11.9740108539	11.721152427	11.3594537056	10.8933554259	10.3322438211	9.69043500005	8.98686250891	8.24460376883	7.49011370323	6.75214428721	6.06041729478	5.44403393233	4.92975364542	4.54025979662	4.29257855664	4.19683533798	4.25550056591	4.46325101653	4.80749188645	5.26949115781	5.82603479912	6.45139040321	7.1193479337	7.80514740746	8.48700818646	9.1472269383	9.77262253683	10.3544293879	10.8877571698	11.3706178962	11.8028062485	12.1847866516	12.516708121	12.7977877449	13.0259669983	13.198085781	13.3102703659	13.3585981229	13.3402103671	13.2540013143	13.1014351596	12.8872489066	12.6196542486	12.3103206836	11.9739609778	11.6275150974	11.2892256313	10.9773942106	10.7091118435	10.4990630949	10.3584149124	10.2939886116	10.307699457	10.3963575426	10.551822461	10.7614596936	11.0088658488	11.2749262849	11.5388244129	11.7791673339	11.9751701058	
12.2829156185	12.2837613743	12.189410281	11.9930252008	11.6928117638	11.2921548094	10.7994888957	10.2279707083	9.59502674231	8.92170299889	8.23184584788	7.55120823227	6.90635548298	6.32347545021	5.82710682932	5.43879829758	5.1758443601	5.05016357711	5.06745701618	5.22674760581	5.5203964995	5.93463011346	6.45054811348	7.04555203493	7.69501420687	8.37406314532	9.05924441919	9.7299253716	10.3692917496	10.9648606041	11.5084848346	11.9959155157	12.4260128106	12.7997462669	13.119138935	13.3862602119	13.6025385667	13.7682394418	13.8824225112	13.9431845847	13.9481661737	13.8952959268	13.7836407475	13.6142207823	13.3906566842	13.1195986755	12.8108617689	12.4772213964	12.1338450014	11.7974065887	11.4850603849	11.2132110096	10.9962242783	10.8453296125	10.7675993383	10.7652991402	10.8355138257	10.9701803082	11.1564905769	11.3776973442	11.6140483918	11.8440521927	12.0458376391	12.198401773	12.2829156185	
12.4320144137	12.2967924286	12.0619417457	11.7282713952	11.3021432798	10.7951248907	10.2234173974	9.60700972819	8.96871555112	8.33310546299	7.72537440864	7.17022917023	6.69073920418	6.30728699463	6.03657365691	5.89075318492	5.87676836578	5.99591324332	6.24372116916	6.61019288457	7.08039104769	7.63538621331	8.25348220233	8.91160760799	9.58679556765	10.2575425358	10.9049786214	11.5136950131	12.0722478485	12.5731783171	13.0126896125	13.3900732476	13.7068191421	13.9657392764	14.1700686799	14.3227301867	14.4258473159	14.480478251	14.4867503134	14.4441117671	14.3519765651	14.2103552381	14.0205551933	13.7858616096	13.5119341336	13.2071121039	12.88228996	12.5505921619	12.2266811223	11.9258246987	11.6628636472	11.4510232433	11.3007785767	11.2188697503	11.2075429797	11.2641270033	11.380884667	11.5454015009	11.7411715244	11.9486685383	12.1466087298	12.3132468773	12.4279229812	12.4723850991	12.4320144137	
12.4288290945	12.1636487488	11.8062187393	11.3651300043	10.8541781756	10.2916162934	9.69910847066	9.10049920288	8.52060641487	7.98389229427	7.51327602673	7.12906902701	6.84802943733	6.68263033535	6.64051662909	6.72420606002	6.93102170728	7.25328841032	7.67879786518	8.19150202061	8.77246552164	9.40092297481	10.0554694617	10.7152405728	11.3609884702	11.9759825916	12.5466331263	13.0628746297	13.5181785692	13.9093034086	14.2358040169	14.4993525174	14.7030122743	14.8504774515	14.9454843892	14.991282816	14.9903945768	14.9446506589	14.8552515747	14.7232688064	14.5501153546	14.337969866	14.0905356475	13.813308217	13.5137225206	13.2013179965	12.8873969267	12.5845197339	12.305761873	12.0638112503	11.8699660666	11.7331017701	11.6587881313	11.6485495719	11.6993771225	11.8036478298	11.9493104897	12.1205752131	12.2987398869	12.4633844589	12.5938551066	12.6706189007	12.6766856181	12.5988756529	12.4288290945	
12.26624457	11.8887400441	11.4381383277	10.9298582022	10.3833422271	9.82096808171	9.26672581514	8.74482948998	8.27843807581	7.88842418013	7.59236027011	7.40371417765	7.33128577957	7.37892083673	7.54546594417	7.82497960437	8.20716992734	8.67803665054	9.22067909499	9.8162262104	10.4448390408	11.0867033669	11.723008969	12.3367561755	12.9134204706	13.4414060969	13.9122428242	14.3205763486	14.6638859165	14.9420881824	15.1569687333	15.3116027192	15.4097568292	15.455406009	15.4523220153	15.4038676649	15.3130267848	15.1823296789	15.0142808342	14.8117021384	14.5780797082	14.3179118845	14.0370518631	13.7428502617	13.4440769063	13.1507885835	12.8737796141	12.6240456905	12.4119771824	12.246529838	12.1343780419	12.0791453313	12.0807931049	12.1352578453	12.2343866697	12.3661321335	12.5151633992	12.6638098097	12.7930701664	12.8839675942	12.9189459555	12.8831335367	12.7655910164	12.5601877107	12.26624457	
11.9306208535	11.4703031394	10.9663719086	10.4390611596	9.91073651431	9.40467014024	8.94364118379	8.54871032106	8.23808672743	8.02626697092	7.92339053238	7.93483382905	8.06114565268	8.29816847507	8.63744168069	9.06677872877	9.57100338501	10.1328120618	10.7336673989	11.354738875	11.9777579325	12.5857929615	13.1639397688	13.6997447713	14.1835107853	14.6083833801	14.9702527553	15.2674639829	15.500431167	15.6711668658	15.7827621921	15.8389471423	15.8436867961	15.8009042073	15.7143131081	15.587428162	15.423693722	15.2266302529	15.0001292882	14.7487520742	14.477999722	14.1944160572	13.905606238	13.6202253985	13.3476271159	13.0974397218	12.8789985813	12.7006673782	12.5691029009	12.4885710951	12.460340121	12.4822340312	12.5484193383	12.6494709801	12.7727271668	12.9028710988	13.0229223316	13.1152835023	13.1629697378	13.1509028146	13.0670670552	12.9035445305	12.6572765947	12.3304561467	11.9306208535	
11.4139645386	10.9116952869	10.4027148392	9.90919313186	9.45316326874	9.05532475576	8.73390638967	8.50376822581	8.37576799039	8.35632735035	8.44729430764	8.6460427241	8.94578415069	9.3360682589	9.80342832444	10.3321390691	10.9050244507	11.5043061813	12.1123878517	12.7126207946	13.2899273446	13.8313022027	14.3261455667	14.7664776525	15.1468990958	15.4644509256	15.7183566408	15.9095996636	16.0405142632	16.1143534702	16.1348670897	16.106017676	16.0317452572	15.9158771755	15.762226981	15.5745753742	15.3569839707	15.1140671372	14.8511063639	14.5742670546	14.2906818607	14.0083806625	13.7361003899	13.482928635	13.2578153791	13.0689757151	12.923226502	12.8253242985	12.7773764682	12.7783223791	12.8236913536	12.9055365883	13.0126825169	13.1312417583	13.2453361007	13.3381872905	13.3932265634	13.3953037084	13.3319038309	13.1941814741	12.9777732216	12.683329917	12.3166527594	11.8884890943	11.4139645386	
10.7250414888	10.2313316486	9.7710149062	9.36486700827	9.03125888911	8.78518735793	8.63764688167	8.59531483185	8.66043540233	8.83096188536	9.10091452393	9.46087649567	9.89858805294	10.3996386651	10.9481618362	11.5275715754	12.1212299059	12.7131316573	13.2884273883	13.8339674577	14.3386135252	14.793520691	15.192217979	15.5305629995	15.8066367778	16.0203715397	16.1733123223	16.2681529621	16.3083735069	16.2978832918	16.2407480144	16.1410187283	16.0026483361	15.829556779	15.6257663263	15.3955943946	15.14386442	14.8761829509	14.5990101532	14.319697121	14.0464286119	13.7879349364	13.5531057926	13.3504222356	13.1873345839	13.0695883355	13.0005354092	12.9805863201	13.0068024266	13.072680988	13.1682922517	13.2806576486	13.3944247717	13.4928245243	13.5588440169	13.5764964726	13.5320709886	13.4153327308	13.2204824261	12.9467829519	12.5988450494	12.1864689587	11.7241251859	11.2300360072	10.7250414888	
9.90195342268	9.47304502742	9.1157908664	8.84632053652	8.67645062779	8.61318507907	8.65875779109	8.81094244038	9.06346078215	9.40668351458	9.82833527395	10.3142384845	10.8490364358	11.4168419365	12.0018474007	12.5888287858	13.1636014833	13.7133870227	14.2271084119	14.6956205613	15.1118185646	15.4707057049	15.7693127371	16.006561373	16.1830481386	16.3007186178	16.3625722283	16.3723162257	16.3340794839	16.2521387796	16.1307537767	15.9741168051	15.7863852342	15.5717666435	15.3347177531	15.0801981248	14.8137228325	14.5416868972	14.2712839177	14.0103870233	13.7673881546	13.5506812915	13.3681758856	13.2266023657	13.1308396497	13.0832048432	13.0829112799	13.1256646693	13.2035225466	13.3050783977	13.4159500253	13.5196040429	13.5984560009	13.6351937373	13.6141704728	13.5227812284	13.3526854072	13.1007182208	12.7694378816	12.367175465	11.9076518369	11.4090708438	10.8929847672	10.3827463815	9.90195342268	
9.01562463531	8.70780914789	8.50281997108	8.40952916574	8.43125537623	8.56597348674	8.80700871128	9.14381936437	9.56297175374	10.0491357578	10.5859882587	11.1570228569	11.7461837422	12.3383668306	12.9197653509	13.4780996685	14.002781944	14.4849813056	14.9176877282	15.2956838156	15.6155233718	15.8754362048	16.0752028441	16.2159760086	16.3000437216	16.330649924	16.3116574484	16.2473427665	16.142236378	16.0008711849	15.8277716461	15.6274531566	15.4044299231	15.1633910544	14.9093286732	14.6477260323	14.3846283376	14.1267301888	13.8812907139	13.6558415067	13.4579005059	13.2944155337	13.1711129733	13.0918923344	13.0581113551	13.0680415315	13.1164842196	13.1946437014	13.2903253958	13.3884611119	13.4720176948	13.5231606612	13.5246798905	13.4614764589	13.322028828	13.0996609628	12.7934536153	12.4087240554	11.9569484484	11.4551763898	10.9249105924	10.3905967827	9.87794990437	9.41203500219	9.01562463531	
