 0.10000E+01	 0.00000E+00	 0.00000E+00	 0.17990E+00	 0.34184E+00	 0.34184E+00	 0.26111E-02	 0.26111E-02	 0.69000E-02	 0.69000E-02	 0.45723E+01	 0.10005E+04	 0.21891E+06	 0.21228E-13	 0.86840E+00	-0.12285E+01	 0.00000E+00	-0.11250E+02	 0.16586E+01
 0.10000E+00	 0.00000E+00	 0.00000E+00	 0.17990E+00	 0.54174E-01	 0.54174E-01	 0.51142E-01	 0.51142E-01	 0.12636E+01	 0.12636E+01	 0.45723E+01	 0.10005E+04	 0.21891E+06	 0.13696E-13	 0.86840E+00	-0.12285E+01	 0.00000E+00	-0.11250E+02	 0.16586E+01
 0.10000E+02	 0.00000E+00	 0.00000E+00	 0.17990E+00	 0.33561E+01	 0.33561E+01	 0.27819E-04	 0.27819E-04	 0.75267E-05	 0.75267E-05	 0.45723E+01	 0.10005E+04	 0.21891E+06	 0.19782E-11	 0.86840E+00	-0.12285E+01	 0.00000E+00	-0.11250E+02	 0.16586E+01
 0.10000E-01	 0.00000E+00	 0.00000E+00	 0.17990E+00	 0.49077E-01	 0.49077E-01	-0.14337E+00	-0.14337E+00	 0.30466E+02	 0.30466E+02	 0.45723E+01	 0.10005E+04	 0.21891E+06	 0.11563E-11	 0.86840E+00	-0.12285E+01	 0.00000E+00	-0.11250E+02	 0.16586E+01
 0.10000E+03	 0.00000E+00	 0.00000E+00	 0.17990E+00	 0.33554E+02	 0.33554E+02	 0.27838E-06	 0.27838E-06	 0.75338E-08	 0.75338E-08	 0.45723E+01	 0.10005E+04	 0.21891E+06	 0.49846E-09	 0.86840E+00	-0.12285E+01	 0.00000E+00	-0.11250E+02	 0.16586E+01
 0.10000E-02	 0.00000E+00	 0.00000E+00	 0.17990E+00	 0.13403E+00	 0.13163E+00	-0.10776E+01	-0.10736E+01	 0.40058E+03	 0.39863E+03	 0.45723E+01	 0.10005E+04	 0.21891E+06	 0.42174E-10	 0.86840E+00	-0.12285E+01	 0.00000E+00	-0.11250E+02	 0.16586E+01
 0.10000E-03	 0.00000E+00	 0.00000E+00	 0.17990E+00	 0.10666E+01	 0.87932E+00	-0.13565E+01	-0.13937E+01	 0.44402E+04	 0.42594E+04	 0.45723E+01	 0.10005E+04	 0.21891E+06	 0.11044E-06	 0.86840E+00	-0.12285E+01	 0.00000E+00	-0.11250E+02	 0.16586E+01
 0.10000E-04	 0.00000E+00	 0.00000E+00	 0.17990E+00	 0.10616E+02	 0.62688E+01	-0.13379E+01	-0.11420E+01	 0.47088E+05	 0.43039E+05	 0.45723E+01	 0.10005E+04	 0.21891E+06	 0.18774E-05	 0.86840E+00	-0.12285E+01	 0.00000E+00	-0.11250E+02	 0.16586E+01
 0.10000E-05	 0.00000E+00	 0.00000E+00	 0.17990E+00	 0.10616E+03	 0.35218E+02	-0.14129E+01	-0.34778E+01	 0.49747E+06	 0.43106E+06	 0.45723E+01	 0.10005E+04	 0.21891E+06	 0.57882E-03	 0.86840E+00	-0.12285E+01	 0.00000E+00	-0.11250E+02	 0.16586E+01
 0.30000E+01	 0.00000E+00	 0.00000E+00	 0.17990E+00	 0.10088E+01	 0.10088E+01	 0.30702E-03	 0.30702E-03	 0.27614E-03	 0.27614E-03	 0.45723E+01	 0.10005E+04	 0.21891E+06	 0.54727E-12	 0.86840E+00	-0.12285E+01	 0.00000E+00	-0.11250E+02	 0.16586E+01
 0.30000E+00	 0.00000E+00	 0.00000E+00	 0.17990E+00	 0.11527E+00	 0.11527E+00	 0.18617E-01	 0.18617E-01	 0.15025E+00	 0.15025E+00	 0.45723E+01	 0.10005E+04	 0.21891E+06	 0.83147E-14	 0.86840E+00	-0.12285E+01	 0.00000E+00	-0.11250E+02	 0.16586E+01
 0.30000E+02	 0.00000E+00	 0.00000E+00	 0.17990E+00	 0.10066E+02	 0.10066E+02	 0.30929E-05	 0.30929E-05	 0.27900E-06	 0.27900E-06	 0.45723E+01	 0.10005E+04	 0.21891E+06	 0.83965E-10	 0.86840E+00	-0.12285E+01	 0.00000E+00	-0.11250E+02	 0.16586E+01
 0.30000E-01	 0.00000E+00	 0.00000E+00	 0.17990E+00	 0.41454E-01	 0.41454E-01	 0.40032E-01	 0.40032E-01	 0.77127E+01	 0.77127E+01	 0.45723E+01	 0.10005E+04	 0.21891E+06	 0.13364E-12	 0.86840E+00	-0.12285E+01	 0.00000E+00	-0.11250E+02	 0.16586E+01
 0.30000E+03	 0.00000E+00	 0.00000E+00	 0.17990E+00	 0.10066E+03	 0.10066E+03	 0.30931E-07	 0.30931E-07	 0.27903E-09	 0.27903E-09	 0.45723E+01	 0.10005E+04	 0.21891E+06	 0.17270E-08	 0.86840E+00	-0.12285E+01	 0.00000E+00	-0.11250E+02	 0.16586E+01
 0.30000E-02	 0.00000E+00	 0.00000E+00	 0.17990E+00	 0.73048E-01	 0.73014E-01	-0.59788E+00	-0.59787E+00	 0.12144E+03	 0.12143E+03	 0.45723E+01	 0.10005E+04	 0.21891E+06	 0.68281E-11	 0.86840E+00	-0.12285E+01	 0.00000E+00	-0.11250E+02	 0.16586E+01
 0.30000E-03	 0.00000E+00	 0.00000E+00	 0.17990E+00	 0.36687E+00	 0.33507E+00	-0.13098E+01	-0.13207E+01	 0.14226E+04	 0.13917E+04	 0.45723E+01	 0.10005E+04	 0.21891E+06	 0.17603E-08	 0.86840E+00	-0.12285E+01	 0.00000E+00	-0.11250E+02	 0.16586E+01
 0.30000E-04	 0.00000E+00	 0.00000E+00	 0.17990E+00	 0.35402E+01	 0.25046E+01	-0.13210E+01	-0.12657E+01	 0.15292E+05	 0.14315E+05	 0.45723E+01	 0.10005E+04	 0.21891E+06	 0.46844E-07	 0.86840E+00	-0.12285E+01	 0.00000E+00	-0.11250E+02	 0.16586E+01
 0.30000E-05	 0.00000E+00	 0.00000E+00	 0.17990E+00	 0.35386E+02	 0.16270E+02	-0.14273E+01	-0.19992E+01	 0.16147E+06	 0.14361E+06	 0.45723E+01	 0.10005E+04	 0.21891E+06	 0.41171E-04	 0.86840E+00	-0.12285E+01	 0.00000E+00	-0.11250E+02	 0.16586E+01
 0.10000E+01	 0.10000E+00	-0.81400E-01	 0.17990E+00	 0.24787E-01	 0.24787E-01	 0.43438E-02	 0.43438E-02	 0.69822E-02	 0.69822E-02	 0.45723E+01	 0.10005E+04	 0.21891E+06	 0.11653E-13	 0.86840E+00	-0.12285E+01	 0.00000E+00	-0.11250E+02	 0.16586E+01
 0.10000E+00	 0.10000E+00	-0.81400E-01	 0.17990E+00	 0.41792E-01	 0.41792E-01	 0.60563E-01	 0.60563E-01	 0.12454E+01	 0.12454E+01	 0.45723E+01	 0.10005E+04	 0.21891E+06	 0.17780E-13	 0.86840E+00	-0.12285E+01	 0.00000E+00	-0.11250E+02	 0.16586E+01
 0.10000E+02	 0.10000E+00	-0.81400E-01	 0.17990E+00	 0.74913E-01	 0.74913E-01	 0.96199E-04	 0.96199E-04	 0.77271E-05	 0.77271E-05	 0.45723E+01	 0.10005E+04	 0.21891E+06	 0.15322E-12	 0.86840E+00	-0.12285E+01	 0.00000E+00	-0.11250E+02	 0.16586E+01
 0.10000E-01	 0.10000E+00	-0.81400E-01	 0.17990E+00	 0.21728E-01	 0.21728E-01	 0.22332E-01	 0.22332E-01	 0.29221E+02	 0.29221E+02	 0.45723E+01	 0.10005E+04	 0.21891E+06	 0.11381E-11	 0.86840E+00	-0.12285E+01	 0.00000E+00	-0.11250E+02	 0.16586E+01
 0.10000E+03	 0.10000E+00	-0.81400E-01	 0.17990E+00	 0.15124E-01	 0.15124E-01	 0.14427E-05	 0.14427E-05	 0.77715E-08	 0.77715E-08	 0.45723E+01	 0.10005E+04	 0.21891E+06	 0.17279E-11	 0.86840E+00	-0.12285E+01	 0.00000E+00	-0.11250E+02	 0.16586E+01
 0.10000E-02	 0.10000E+00	-0.81400E-01	 0.17990E+00	 0.73058E-02	 0.72528E-02	-0.55950E+00	-0.56022E+00	 0.43691E+03	 0.43460E+03	 0.45723E+01	 0.10005E+04	 0.21891E+06	 0.85939E-10	 0.86840E+00	-0.12285E+01	 0.00000E+00	-0.11250E+02	 0.16586E+01
 0.10000E-03	 0.10000E+00	-0.81400E-01	 0.17990E+00	 0.11448E-02	 0.98580E-03	-0.81610E+00	-0.81116E+00	 0.51110E+04	 0.47977E+04	 0.45723E+01	 0.10005E+04	 0.21891E+06	 0.96472E-08	 0.86840E+00	-0.12285E+01	 0.00000E+00	-0.11250E+02	 0.16586E+01
 0.10000E-04	 0.10000E+00	-0.81400E-01	 0.17990E+00	 0.34223E-03	 0.10132E-03	-0.89148E+00	-0.83568E+00	 0.54100E+05	 0.48278E+05	 0.45723E+01	 0.10005E+04	 0.21891E+06	 0.57816E-05	 0.86840E+00	-0.12285E+01	 0.00000E+00	-0.11250E+02	 0.16586E+01
 0.10000E-05	 0.10000E+00	-0.81400E-01	 0.17990E+00	 0.19583E-02	 0.10137E-04	-0.90806E+00	-0.83609E+00	 0.56105E+06	 0.48282E+06	 0.45723E+01	 0.10005E+04	 0.21891E+06	 0.65709E-03	 0.86840E+00	-0.12285E+01	 0.00000E+00	-0.11250E+02	 0.16586E+01
 0.30000E+01	 0.10000E+00	-0.81400E-01	 0.17990E+00	 0.45619E-01	 0.45619E-01	 0.60613E-03	 0.60613E-03	 0.28203E-03	 0.28203E-03	 0.45723E+01	 0.10005E+04	 0.21891E+06	 0.11663E-12	 0.86840E+00	-0.12285E+01	 0.00000E+00	-0.11250E+02	 0.16586E+01
 0.30000E+00	 0.10000E+00	-0.81400E-01	 0.17990E+00	 0.29083E-01	 0.29083E-01	 0.26296E-01	 0.26296E-01	 0.14873E+00	 0.14873E+00	 0.45723E+01	 0.10005E+04	 0.21891E+06	 0.65954E-14	 0.86840E+00	-0.12285E+01	 0.00000E+00	-0.11250E+02	 0.16586E+01
 0.30000E+02	 0.10000E+00	-0.81400E-01	 0.17990E+00	 0.44996E-01	 0.44996E-01	 0.15019E-04	 0.15019E-04	 0.28754E-06	 0.28754E-06	 0.45723E+01	 0.10005E+04	 0.21891E+06	 0.47880E-12	 0.86840E+00	-0.12285E+01	 0.00000E+00	-0.11250E+02	 0.16586E+01
 0.30000E-01	 0.10000E+00	-0.81400E-01	 0.17990E+00	 0.34148E-01	 0.34148E-01	 0.83863E-01	 0.83863E-01	 0.74491E+01	 0.74491E+01	 0.45723E+01	 0.10005E+04	 0.21891E+06	 0.11277E-12	 0.86840E+00	-0.12285E+01	 0.00000E+00	-0.11250E+02	 0.16586E+01
 0.30000E+03	 0.10000E+00	-0.81400E-01	 0.17990E+00	 0.51022E-02	 0.51022E-02	 0.16132E-06	 0.16132E-06	 0.28786E-09	 0.28786E-09	 0.45723E+01	 0.10005E+04	 0.21891E+06	 0.27896E-10	 0.86840E+00	-0.12285E+01	 0.00000E+00	-0.11250E+02	 0.16586E+01
 0.30000E-02	 0.10000E+00	-0.81400E-01	 0.17990E+00	 0.14241E-01	 0.14239E-01	-0.26824E+00	-0.26828E+00	 0.12402E+03	 0.12401E+03	 0.45723E+01	 0.10005E+04	 0.21891E+06	 0.84703E-11	 0.86840E+00	-0.12285E+01	 0.00000E+00	-0.11250E+02	 0.16586E+01
 0.30000E-03	 0.10000E+00	-0.81400E-01	 0.17990E+00	 0.28545E-02	 0.27130E-02	-0.73698E+00	-0.73832E+00	 0.16068E+04	 0.15626E+04	 0.45723E+01	 0.10005E+04	 0.21891E+06	 0.62881E-09	 0.86840E+00	-0.12285E+01	 0.00000E+00	-0.11250E+02	 0.16586E+01
 0.30000E-04	 0.10000E+00	-0.81400E-01	 0.17990E+00	 0.45892E-03	 0.30299E-03	-0.86381E+00	-0.83275E+00	 0.17669E+05	 0.16081E+05	 0.45723E+01	 0.10005E+04	 0.21891E+06	 0.19228E-06	 0.86840E+00	-0.12285E+01	 0.00000E+00	-0.11250E+02	 0.16586E+01
 0.30000E-05	 0.10000E+00	-0.81400E-01	 0.17990E+00	 0.69461E-03	 0.30409E-04	-0.90276E+00	-0.83605E+00	 0.18383E+06	 0.16094E+06	 0.45723E+01	 0.10005E+04	 0.21891E+06	 0.67502E-04	 0.86840E+00	-0.12285E+01	 0.00000E+00	-0.11250E+02	 0.16586E+01
 0.10000E+01	 0.10000E-01	-0.81400E-02	 0.17990E+00	 0.22732E+00	 0.22732E+00	 0.31900E-02	 0.31900E-02	 0.68980E-02	 0.68980E-02	 0.45723E+01	 0.10005E+04	 0.21891E+06	 0.29025E-13	 0.86840E+00	-0.12285E+01	 0.00000E+00	-0.11250E+02	 0.16586E+01
 0.10000E+00	 0.10000E-01	-0.81400E-02	 0.17990E+00	 0.54088E-01	 0.54088E-01	 0.51211E-01	 0.51211E-01	 0.12634E+01	 0.12634E+01	 0.45723E+01	 0.10005E+04	 0.21891E+06	 0.28956E-13	 0.86840E+00	-0.12285E+01	 0.00000E+00	-0.11250E+02	 0.16586E+01
 0.10000E+02	 0.10000E-01	-0.81400E-02	 0.17990E+00	 0.21011E+00	 0.21011E+00	 0.46717E-04	 0.46717E-04	 0.75283E-05	 0.75283E-05	 0.45723E+01	 0.10005E+04	 0.21891E+06	 0.55063E-12	 0.86840E+00	-0.12285E+01	 0.00000E+00	-0.11250E+02	 0.16586E+01
 0.10000E-01	 0.10000E-01	-0.81400E-02	 0.17990E+00	 0.45745E-01	 0.45745E-01	-0.12247E+00	-0.12247E+00	 0.30332E+02	 0.30332E+02	 0.45723E+01	 0.10005E+04	 0.21891E+06	 0.32055E-11	 0.86840E+00	-0.12285E+01	 0.00000E+00	-0.11250E+02	 0.16586E+01
 0.10000E+03	 0.10000E-01	-0.81400E-02	 0.17990E+00	 0.73861E+00	 0.73861E+00	 0.95256E-06	 0.95256E-06	 0.75358E-08	 0.75358E-08	 0.45723E+01	 0.10005E+04	 0.21891E+06	 0.33293E-10	 0.86840E+00	-0.12285E+01	 0.00000E+00	-0.11250E+02	 0.16586E+01
 0.10000E-02	 0.10000E-01	-0.81400E-02	 0.17990E+00	 0.37377E-01	 0.36720E-01	-0.48845E+00	-0.48571E+00	 0.39593E+03	 0.39392E+03	 0.45723E+01	 0.10005E+04	 0.21891E+06	 0.50554E-10	 0.86840E+00	-0.12285E+01	 0.00000E+00	-0.11250E+02	 0.16586E+01
 0.10000E-03	 0.10000E-01	-0.81400E-02	 0.17990E+00	 0.11294E-01	 0.79980E-02	-0.44100E+00	-0.38908E+00	 0.44349E+04	 0.42300E+04	 0.45723E+01	 0.10005E+04	 0.21891E+06	 0.18596E-07	 0.86840E+00	-0.12285E+01	 0.00000E+00	-0.11250E+02	 0.16586E+01
 0.10000E-04	 0.10000E-01	-0.81400E-02	 0.17990E+00	 0.31990E-02	 0.91196E-03	-0.42118E+00	-0.35507E+00	 0.47126E+05	 0.42581E+05	 0.45723E+01	 0.10005E+04	 0.21891E+06	 0.37246E-04	 0.86840E+00	-0.12285E+01	 0.00000E+00	-0.11250E+02	 0.16586E+01
 0.10000E-05	 0.10000E-01	-0.81400E-02	 0.17990E+00	 0.23775E-02	 0.91411E-04	-0.43645E+00	-0.35434E+00	 0.49788E+06	 0.42585E+06	 0.45723E+01	 0.10005E+04	 0.21891E+06	 0.17861E-01	 0.86840E+00	-0.12285E+01	 0.00000E+00	-0.11250E+02	 0.16586E+01
 0.30000E+01	 0.10000E-01	-0.81400E-02	 0.17990E+00	 0.21039E+00	 0.21039E+00	 0.47472E-03	 0.47472E-03	 0.27616E-03	 0.27616E-03	 0.45723E+01	 0.10005E+04	 0.21891E+06	 0.13022E-12	 0.86840E+00	-0.12285E+01	 0.00000E+00	-0.11250E+02	 0.16586E+01
 0.30000E+00	 0.10000E-01	-0.81400E-02	 0.17990E+00	 0.11054E+00	 0.11054E+00	 0.19031E-01	 0.19031E-01	 0.15020E+00	 0.15020E+00	 0.45723E+01	 0.10005E+04	 0.21891E+06	 0.70039E-14	 0.86840E+00	-0.12285E+01	 0.00000E+00	-0.11250E+02	 0.16586E+01
 0.30000E+02	 0.10000E-01	-0.81400E-02	 0.17990E+00	 0.43552E+00	 0.43552E+00	 0.60187E-05	 0.60187E-05	 0.27907E-06	 0.27907E-06	 0.45723E+01	 0.10005E+04	 0.21891E+06	 0.75083E-11	 0.86840E+00	-0.12285E+01	 0.00000E+00	-0.11250E+02	 0.16586E+01
 0.30000E-01	 0.10000E-01	-0.81400E-02	 0.17990E+00	 0.40992E-01	 0.40992E-01	 0.41832E-01	 0.41832E-01	 0.77051E+01	 0.77051E+01	 0.45723E+01	 0.10005E+04	 0.21891E+06	 0.83065E-13	 0.86840E+00	-0.12285E+01	 0.00000E+00	-0.11250E+02	 0.16586E+01
 0.30000E+03	 0.10000E-01	-0.81400E-02	 0.17990E+00	 0.44862E+00	 0.44862E+00	 0.14988E-06	 0.14988E-06	 0.27912E-09	 0.27912E-09	 0.45723E+01	 0.10005E+04	 0.21891E+06	 0.75443E-10	 0.86840E+00	-0.12285E+01	 0.00000E+00	-0.11250E+02	 0.16586E+01
 0.30000E-02	 0.10000E-01	-0.81400E-02	 0.17990E+00	 0.50374E-01	 0.50352E-01	-0.41273E+00	-0.41275E+00	 0.11990E+03	 0.11989E+03	 0.45723E+01	 0.10005E+04	 0.21891E+06	 0.46330E-11	 0.86840E+00	-0.12285E+01	 0.00000E+00	-0.11250E+02	 0.16586E+01
 0.30000E-03	 0.10000E-01	-0.81400E-02	 0.17990E+00	 0.20281E-01	 0.17960E-01	-0.45673E+00	-0.43843E+00	 0.14155E+04	 0.13818E+04	 0.45723E+01	 0.10005E+04	 0.21891E+06	 0.72861E-09	 0.86840E+00	-0.12285E+01	 0.00000E+00	-0.11250E+02	 0.16586E+01
 0.30000E-04	 0.10000E-01	-0.81400E-02	 0.17990E+00	 0.60210E-02	 0.26888E-02	-0.43834E+00	-0.36033E+00	 0.15299E+05	 0.14184E+05	 0.45723E+01	 0.10005E+04	 0.21891E+06	 0.20060E-05	 0.86840E+00	-0.12285E+01	 0.00000E+00	-0.11250E+02	 0.16586E+01
 0.30000E-05	 0.10000E-01	-0.81400E-02	 0.17990E+00	 0.18002E-02	 0.27418E-03	-0.42059E+00	-0.35440E+00	 0.16160E+06	 0.14195E+06	 0.45723E+01	 0.10005E+04	 0.21891E+06	 0.39357E-03	 0.86840E+00	-0.12285E+01	 0.00000E+00	-0.11250E+02	 0.16586E+01
 0.10000E+01	 0.10000E-02	-0.81400E-03	 0.17990E+00	 0.34007E+00	 0.34007E+00	 0.26201E-02	 0.26201E-02	 0.69000E-02	 0.69000E-02	 0.45723E+01	 0.10005E+04	 0.21891E+06	 0.60365E-13	 0.86840E+00	-0.12285E+01	 0.00000E+00	-0.11250E+02	 0.16586E+01
 0.10000E+00	 0.10000E-02	-0.81400E-03	 0.17990E+00	 0.54173E-01	 0.54173E-01	 0.51142E-01	 0.51142E-01	 0.12636E+01	 0.12636E+01	 0.45723E+01	 0.10005E+04	 0.21891E+06	 0.20365E-13	 0.86840E+00	-0.12285E+01	 0.00000E+00	-0.11250E+02	 0.16586E+01
 0.10000E+02	 0.10000E-02	-0.81400E-03	 0.17990E+00	 0.22236E+01	 0.22236E+01	 0.34319E-04	 0.34319E-04	 0.75267E-05	 0.75267E-05	 0.45723E+01	 0.10005E+04	 0.21891E+06	 0.92810E-12	 0.86840E+00	-0.12285E+01	 0.00000E+00	-0.11250E+02	 0.16586E+01
 0.10000E-01	 0.10000E-02	-0.81400E-03	 0.17990E+00	 0.49040E-01	 0.49040E-01	-0.14314E+00	-0.14314E+00	 0.30465E+02	 0.30465E+02	 0.45723E+01	 0.10005E+04	 0.21891E+06	 0.50234E-12	 0.86840E+00	-0.12285E+01	 0.00000E+00	-0.11250E+02	 0.16586E+01
 0.10000E+03	 0.10000E-02	-0.81400E-03	 0.17990E+00	 0.20971E+01	 0.20971E+01	 0.46751E-06	 0.46751E-06	 0.75338E-08	 0.75338E-08	 0.45723E+01	 0.10005E+04	 0.21891E+06	 0.70398E-10	 0.86840E+00	-0.12285E+01	 0.00000E+00	-0.11250E+02	 0.16586E+01
 0.10000E-02	 0.10000E-02	-0.81400E-03	 0.17990E+00	 0.12965E+00	 0.12733E+00	-0.10484E+01	-0.10445E+01	 0.40030E+03	 0.39835E+03	 0.45723E+01	 0.10005E+04	 0.21891E+06	 0.79798E-10	 0.86840E+00	-0.12285E+01	 0.00000E+00	-0.11250E+02	 0.16586E+01
 0.10000E-03	 0.10000E-02	-0.81400E-03	 0.17990E+00	 0.32365E+00	 0.26759E+00	-0.79063E+00	-0.77914E+00	 0.44366E+04	 0.42530E+04	 0.45723E+01	 0.10005E+04	 0.21891E+06	 0.14506E-07	 0.86840E+00	-0.12285E+01	 0.00000E+00	-0.11250E+02	 0.16586E+01
 0.10000E-04	 0.10000E-02	-0.81400E-03	 0.17990E+00	 0.14493E+00	 0.57714E-01	-0.52799E+00	-0.42078E+00	 0.47075E+05	 0.42918E+05	 0.45723E+01	 0.10005E+04	 0.21891E+06	 0.26817E-04	 0.86840E+00	-0.12285E+01	 0.00000E+00	-0.11250E+02	 0.16586E+01
 0.10000E-05	 0.10000E-02	-0.81400E-03	 0.17990E+00	 0.41637E-01	 0.62296E-02	-0.54714E+00	-0.38632E+00	 0.49741E+06	 0.42926E+06	 0.45723E+01	 0.10005E+04	 0.21891E+06	 0.18338E+00	 0.86840E+00	-0.12285E+01	 0.00000E+00	-0.11250E+02	 0.16586E+01
 0.30000E+01	 0.10000E-02	-0.81400E-03	 0.17990E+00	 0.96360E+00	 0.96360E+00	 0.31650E-03	 0.31650E-03	 0.27614E-03	 0.27614E-03	 0.45723E+01	 0.10005E+04	 0.21891E+06	 0.66068E-12	 0.86840E+00	-0.12285E+01	 0.00000E+00	-0.11250E+02	 0.16586E+01
 0.30000E+00	 0.10000E-02	-0.81400E-03	 0.17990E+00	 0.11522E+00	 0.11522E+00	 0.18621E-01	 0.18621E-01	 0.15025E+00	 0.15025E+00	 0.45723E+01	 0.10005E+04	 0.21891E+06	 0.94445E-14	 0.86840E+00	-0.12285E+01	 0.00000E+00	-0.11250E+02	 0.16586E+01
 0.30000E+02	 0.10000E-02	-0.81400E-03	 0.17990E+00	 0.20907E+01	 0.20907E+01	 0.47928E-05	 0.47928E-05	 0.27900E-06	 0.27900E-06	 0.45723E+01	 0.10005E+04	 0.21891E+06	 0.11437E-10	 0.86840E+00	-0.12285E+01	 0.00000E+00	-0.11250E+02	 0.16586E+01
 0.30000E-01	 0.10000E-02	-0.81400E-03	 0.17990E+00	 0.41449E-01	 0.41449E-01	 0.40050E-01	 0.40050E-01	 0.77126E+01	 0.77126E+01	 0.45723E+01	 0.10005E+04	 0.21891E+06	 0.16667E-12	 0.86840E+00	-0.12285E+01	 0.00000E+00	-0.11250E+02	 0.16586E+01
 0.30000E+03	 0.10000E-02	-0.81400E-03	 0.17990E+00	 0.43532E+01	 0.43532E+01	 0.60183E-07	 0.60183E-07	 0.27903E-09	 0.27903E-09	 0.45723E+01	 0.10005E+04	 0.21891E+06	 0.49424E-09	 0.86840E+00	-0.12285E+01	 0.00000E+00	-0.11250E+02	 0.16586E+01
 0.30000E-02	 0.10000E-02	-0.81400E-03	 0.17990E+00	 0.72679E-01	 0.72645E-01	-0.59484E+00	-0.59483E+00	 0.12141E+03	 0.12140E+03	 0.45723E+01	 0.10005E+04	 0.21891E+06	 0.51037E-11	 0.86840E+00	-0.12285E+01	 0.00000E+00	-0.11250E+02	 0.16586E+01
 0.30000E-03	 0.10000E-02	-0.81400E-03	 0.17990E+00	 0.28084E+00	 0.25692E+00	-0.10830E+01	-0.10853E+01	 0.14208E+04	 0.13896E+04	 0.45723E+01	 0.10005E+04	 0.21891E+06	 0.46491E-09	 0.86840E+00	-0.12285E+01	 0.00000E+00	-0.11250E+02	 0.16586E+01
 0.30000E-04	 0.10000E-02	-0.81400E-03	 0.17990E+00	 0.21599E+00	 0.13572E+00	-0.60991E+00	-0.53676E+00	 0.15286E+05	 0.14287E+05	 0.45723E+01	 0.10005E+04	 0.21891E+06	 0.72933E-06	 0.86840E+00	-0.12285E+01	 0.00000E+00	-0.11250E+02	 0.16586E+01
 0.30000E-05	 0.10000E-02	-0.81400E-03	 0.17990E+00	 0.84234E-01	 0.18535E-01	-0.50247E+00	-0.38957E+00	 0.16144E+06	 0.14309E+06	 0.45723E+01	 0.10005E+04	 0.21891E+06	 0.11864E-01	 0.86840E+00	-0.12285E+01	 0.00000E+00	-0.11250E+02	 0.16586E+01
 0.10000E+01	 0.10000E-03	-0.81400E-04	 0.17990E+00	 0.34182E+00	 0.34182E+00	 0.26112E-02	 0.26112E-02	 0.69000E-02	 0.69000E-02	 0.45723E+01	 0.10005E+04	 0.21891E+06	 0.59167E-13	 0.86840E+00	-0.12285E+01	 0.00000E+00	-0.11250E+02	 0.16586E+01
 0.10000E+00	 0.10000E-03	-0.81400E-04	 0.17990E+00	 0.54174E-01	 0.54174E-01	 0.51142E-01	 0.51142E-01	 0.12636E+01	 0.12636E+01	 0.45723E+01	 0.10005E+04	 0.21891E+06	 0.18391E-13	 0.86840E+00	-0.12285E+01	 0.00000E+00	-0.11250E+02	 0.16586E+01
 0.10000E+02	 0.10000E-03	-0.81400E-04	 0.17990E+00	 0.33386E+01	 0.33386E+01	 0.27920E-04	 0.27920E-04	 0.75267E-05	 0.75267E-05	 0.45723E+01	 0.10005E+04	 0.21891E+06	 0.12650E-11	 0.86840E+00	-0.12285E+01	 0.00000E+00	-0.11250E+02	 0.16586E+01
 0.10000E-01	 0.10000E-03	-0.81400E-04	 0.17990E+00	 0.49076E-01	 0.49076E-01	-0.14337E+00	-0.14337E+00	 0.30466E+02	 0.30466E+02	 0.45723E+01	 0.10005E+04	 0.21891E+06	 0.88209E-12	 0.86840E+00	-0.12285E+01	 0.00000E+00	-0.11250E+02	 0.16586E+01
 0.10000E+03	 0.10000E-03	-0.81400E-04	 0.17990E+00	 0.22230E+02	 0.22230E+02	 0.34346E-06	 0.34346E-06	 0.75338E-08	 0.75338E-08	 0.45723E+01	 0.10005E+04	 0.21891E+06	 0.10800E-09	 0.86840E+00	-0.12285E+01	 0.00000E+00	-0.11250E+02	 0.16586E+01
 0.10000E-02	 0.10000E-03	-0.81400E-04	 0.17990E+00	 0.13399E+00	 0.13158E+00	-0.10773E+01	-0.10733E+01	 0.40057E+03	 0.39863E+03	 0.45723E+01	 0.10005E+04	 0.21891E+06	 0.68073E-10	 0.86840E+00	-0.12285E+01	 0.00000E+00	-0.11250E+02	 0.16586E+01
 0.10000E-03	 0.10000E-03	-0.81400E-04	 0.17990E+00	 0.10374E+01	 0.85549E+00	-0.13243E+01	-0.13596E+01	 0.44397E+04	 0.42587E+04	 0.45723E+01	 0.10005E+04	 0.21891E+06	 0.59637E-07	 0.86840E+00	-0.12285E+01	 0.00000E+00	-0.11250E+02	 0.16586E+01
 0.10000E-04	 0.10000E-03	-0.81400E-04	 0.17990E+00	 0.35278E+01	 0.21199E+01	-0.82326E+00	-0.65377E+00	 0.47082E+05	 0.43011E+05	 0.45723E+01	 0.10005E+04	 0.21891E+06	 0.84033E-05	 0.86840E+00	-0.12285E+01	 0.00000E+00	-0.11250E+02	 0.16586E+01
 0.10000E-05	 0.10000E-03	-0.81400E-04	 0.17990E+00	 0.20889E+01	 0.39358E+00	-0.28838E+00	-0.32178E+00	 0.49744E+06	 0.43031E+06	 0.45723E+01	 0.10005E+04	 0.21891E+06	 0.43822E+00	 0.86840E+00	-0.12285E+01	 0.00000E+00	-0.11250E+02	 0.16586E+01
 0.30000E+01	 0.10000E-03	-0.81400E-04	 0.17990E+00	 0.10084E+01	 0.10084E+01	 0.30712E-03	 0.30712E-03	 0.27614E-03	 0.27614E-03	 0.45723E+01	 0.10005E+04	 0.21891E+06	 0.60710E-12	 0.86840E+00	-0.12285E+01	 0.00000E+00	-0.11250E+02	 0.16586E+01
 0.30000E+00	 0.10000E-03	-0.81400E-04	 0.17990E+00	 0.11526E+00	 0.11526E+00	 0.18617E-01	 0.18617E-01	 0.15025E+00	 0.15025E+00	 0.45723E+01	 0.10005E+04	 0.21891E+06	 0.76536E-14	 0.86840E+00	-0.12285E+01	 0.00000E+00	-0.11250E+02	 0.16586E+01
 0.30000E+02	 0.10000E-03	-0.81400E-04	 0.17990E+00	 0.96148E+01	 0.96148E+01	 0.31890E-05	 0.31890E-05	 0.27900E-06	 0.27900E-06	 0.45723E+01	 0.10005E+04	 0.21891E+06	 0.37079E-10	 0.86840E+00	-0.12285E+01	 0.00000E+00	-0.11250E+02	 0.16586E+01
 0.30000E-01	 0.10000E-03	-0.81400E-04	 0.17990E+00	 0.41453E-01	 0.41453E-01	 0.40032E-01	 0.40032E-01	 0.77127E+01	 0.77127E+01	 0.45723E+01	 0.10005E+04	 0.21891E+06	 0.20656E-12	 0.86840E+00	-0.12285E+01	 0.00000E+00	-0.11250E+02	 0.16586E+01
 0.30000E+03	 0.10000E-03	-0.81400E-04	 0.17990E+00	 0.20905E+02	 0.20905E+02	 0.47933E-07	 0.47933E-07	 0.27903E-09	 0.27903E-09	 0.45723E+01	 0.10005E+04	 0.21891E+06	 0.39499E-09	 0.86840E+00	-0.12285E+01	 0.00000E+00	-0.11250E+02	 0.16586E+01
 0.30000E-02	 0.10000E-03	-0.81400E-04	 0.17990E+00	 0.73045E-01	 0.73010E-01	-0.59785E+00	-0.59784E+00	 0.12144E+03	 0.12143E+03	 0.45723E+01	 0.10005E+04	 0.21891E+06	 0.68029E-11	 0.86840E+00	-0.12285E+01	 0.00000E+00	-0.11250E+02	 0.16586E+01
 0.30000E-03	 0.10000E-03	-0.81400E-04	 0.17990E+00	 0.36564E+00	 0.33394E+00	-0.13059E+01	-0.13167E+01	 0.14226E+04	 0.13917E+04	 0.45723E+01	 0.10005E+04	 0.21891E+06	 0.39261E-08	 0.86840E+00	-0.12285E+01	 0.00000E+00	-0.11250E+02	 0.16586E+01
 0.30000E-04	 0.10000E-03	-0.81400E-04	 0.17990E+00	 0.27781E+01	 0.19797E+01	-0.11195E+01	-0.10550E+01	 0.15290E+05	 0.14309E+05	 0.45723E+01	 0.10005E+04	 0.21891E+06	 0.19243E-06	 0.86840E+00	-0.12285E+01	 0.00000E+00	-0.11250E+02	 0.16586E+01
 0.30000E-05	 0.10000E-03	-0.81400E-04	 0.17990E+00	 0.27135E+01	 0.10044E+01	-0.56616E+00	-0.39243E+00	 0.16145E+06	 0.14343E+06	 0.45723E+01	 0.10005E+04	 0.21891E+06	 0.22024E-01	 0.86840E+00	-0.12285E+01	 0.00000E+00	-0.11250E+02	 0.16586E+01
 0.10000E+01	 0.10000E-04	-0.81400E-05	 0.17990E+00	 0.34184E+00	 0.34184E+00	 0.26111E-02	 0.26111E-02	 0.69000E-02	 0.69000E-02	 0.45723E+01	 0.10005E+04	 0.21891E+06	 0.31377E-13	 0.86840E+00	-0.12285E+01	 0.00000E+00	-0.11250E+02	 0.16586E+01
 0.10000E+00	 0.10000E-04	-0.81400E-05	 0.17990E+00	 0.54174E-01	 0.54174E-01	 0.51142E-01	 0.51142E-01	 0.12636E+01	 0.12636E+01	 0.45723E+01	 0.10005E+04	 0.21891E+06	 0.71634E-14	 0.86840E+00	-0.12285E+01	 0.00000E+00	-0.11250E+02	 0.16586E+01
 0.10000E+02	 0.10000E-04	-0.81400E-05	 0.17990E+00	 0.33559E+01	 0.33559E+01	 0.27820E-04	 0.27820E-04	 0.75267E-05	 0.75267E-05	 0.45723E+01	 0.10005E+04	 0.21891E+06	 0.37503E-11	 0.86840E+00	-0.12285E+01	 0.00000E+00	-0.11250E+02	 0.16586E+01
 0.10000E-01	 0.10000E-04	-0.81400E-05	 0.17990E+00	 0.49077E-01	 0.49077E-01	-0.14337E+00	-0.14337E+00	 0.30466E+02	 0.30466E+02	 0.45723E+01	 0.10005E+04	 0.21891E+06	 0.74846E-12	 0.86840E+00	-0.12285E+01	 0.00000E+00	-0.11250E+02	 0.16586E+01
 0.10000E+03	 0.10000E-04	-0.81400E-05	 0.17990E+00	 0.33379E+02	 0.33379E+02	 0.27938E-06	 0.27938E-06	 0.75338E-08	 0.75338E-08	 0.45723E+01	 0.10005E+04	 0.21891E+06	 0.24212E-09	 0.86840E+00	-0.12285E+01	 0.00000E+00	-0.11250E+02	 0.16586E+01
 0.10000E-02	 0.10000E-04	-0.81400E-05	 0.17990E+00	 0.13403E+00	 0.13163E+00	-0.10776E+01	-0.10736E+01	 0.40058E+03	 0.39863E+03	 0.45723E+01	 0.10005E+04	 0.21891E+06	 0.24905E-10	 0.86840E+00	-0.12285E+01	 0.00000E+00	-0.11250E+02	 0.16586E+01
 0.10000E-03	 0.10000E-04	-0.81400E-05	 0.17990E+00	 0.10663E+01	 0.87907E+00	-0.13562E+01	-0.13933E+01	 0.44402E+04	 0.42594E+04	 0.45723E+01	 0.10005E+04	 0.21891E+06	 0.16394E-06	 0.86840E+00	-0.12285E+01	 0.00000E+00	-0.11250E+02	 0.16586E+01
 0.10000E-04	 0.10000E-04	-0.81400E-05	 0.17990E+00	 0.10361E+02	 0.61236E+01	-0.12914E+01	-0.10747E+01	 0.47086E+05	 0.43034E+05	 0.45723E+01	 0.10005E+04	 0.21891E+06	 0.12027E-05	 0.86840E+00	-0.12285E+01	 0.00000E+00	-0.11250E+02	 0.16586E+01
 0.10000E-05	 0.10000E-04	-0.81400E-05	 0.17990E+00	 0.41431E+02	 0.14679E+02	-0.65284E+00	-0.10320E+01	 0.49746E+06	 0.43083E+06	 0.45723E+01	 0.10005E+04	 0.21891E+06	 0.28354E+00	 0.86840E+00	-0.12285E+01	 0.00000E+00	-0.11250E+02	 0.16586E+01
 0.30000E+01	 0.10000E-04	-0.81400E-05	 0.17990E+00	 0.10088E+01	 0.10088E+01	 0.30702E-03	 0.30702E-03	 0.27614E-03	 0.27614E-03	 0.45723E+01	 0.10005E+04	 0.21891E+06	 0.59394E-12	 0.86840E+00	-0.12285E+01	 0.00000E+00	-0.11250E+02	 0.16586E+01
 0.30000E+00	 0.10000E-04	-0.81400E-05	 0.17990E+00	 0.11527E+00	 0.11527E+00	 0.18617E-01	 0.18617E-01	 0.15025E+00	 0.15025E+00	 0.45723E+01	 0.10005E+04	 0.21891E+06	 0.10299E-13	 0.86840E+00	-0.12285E+01	 0.00000E+00	-0.11250E+02	 0.16586E+01
 0.30000E+02	 0.10000E-04	-0.81400E-05	 0.17990E+00	 0.10062E+02	 0.10062E+02	 0.30939E-05	 0.30939E-05	 0.27900E-06	 0.27900E-06	 0.45723E+01	 0.10005E+04	 0.21891E+06	 0.67984E-10	 0.86840E+00	-0.12285E+01	 0.00000E+00	-0.11250E+02	 0.16586E+01
 0.30000E-01	 0.10000E-04	-0.81400E-05	 0.17990E+00	 0.41454E-01	 0.41454E-01	 0.40032E-01	 0.40032E-01	 0.77127E+01	 0.77127E+01	 0.45723E+01	 0.10005E+04	 0.21891E+06	 0.17744E-12	 0.86840E+00	-0.12285E+01	 0.00000E+00	-0.11250E+02	 0.16586E+01
 0.30000E+03	 0.10000E-04	-0.81400E-05	 0.17990E+00	 0.96146E+02	 0.96146E+02	 0.31893E-07	 0.31893E-07	 0.27903E-09	 0.27903E-09	 0.45723E+01	 0.10005E+04	 0.21891E+06	 0.24076E-08	 0.86840E+00	-0.12285E+01	 0.00000E+00	-0.11250E+02	 0.16586E+01
 0.30000E-02	 0.10000E-04	-0.81400E-05	 0.17990E+00	 0.73048E-01	 0.73014E-01	-0.59788E+00	-0.59787E+00	 0.12144E+03	 0.12143E+03	 0.45723E+01	 0.10005E+04	 0.21891E+06	 0.47619E-11	 0.86840E+00	-0.12285E+01	 0.00000E+00	-0.11250E+02	 0.16586E+01
 0.30000E-03	 0.10000E-04	-0.81400E-05	 0.17990E+00	 0.36686E+00	 0.33505E+00	-0.13098E+01	-0.13206E+01	 0.14226E+04	 0.13917E+04	 0.45723E+01	 0.10005E+04	 0.21891E+06	 0.15515E-08	 0.86840E+00	-0.12285E+01	 0.00000E+00	-0.11250E+02	 0.16586E+01
 0.30000E-04	 0.10000E-04	-0.81400E-05	 0.17990E+00	 0.35297E+01	 0.24973E+01	-0.13164E+01	-0.12606E+01	 0.15292E+05	 0.14314E+05	 0.45723E+01	 0.10005E+04	 0.21891E+06	 0.15597E-06	 0.86840E+00	-0.12285E+01	 0.00000E+00	-0.11250E+02	 0.16586E+01
 0.30000E-05	 0.10000E-04	-0.81400E-05	 0.17990E+00	 0.28729E+02	 0.13422E+02	-0.11600E+01	-0.12065E+01	 0.16146E+06	 0.14356E+06	 0.45723E+01	 0.10005E+04	 0.21891E+06	 0.75658E-03	 0.86840E+00	-0.12285E+01	 0.00000E+00	-0.11250E+02	 0.16586E+01
 0.10000E+01	 0.30000E-01	-0.24420E-01	 0.17990E+00	 0.73467E-01	 0.73467E-01	 0.39738E-02	 0.39738E-02	 0.69013E-02	 0.69013E-02	 0.45723E+01	 0.10005E+04	 0.21891E+06	 0.73752E-14	 0.86840E+00	-0.12285E+01	 0.00000E+00	-0.11250E+02	 0.16586E+01
 0.10000E+00	 0.30000E-01	-0.24420E-01	 0.17990E+00	 0.53361E-01	 0.53361E-01	 0.51795E-01	 0.51795E-01	 0.12620E+01	 0.12620E+01	 0.45723E+01	 0.10005E+04	 0.21891E+06	 0.16724E-13	 0.86840E+00	-0.12285E+01	 0.00000E+00	-0.11250E+02	 0.16586E+01
 0.10000E+02	 0.30000E-01	-0.24420E-01	 0.17990E+00	 0.14573E+00	 0.14573E+00	 0.54202E-04	 0.54202E-04	 0.75419E-05	 0.75419E-05	 0.45723E+01	 0.10005E+04	 0.21891E+06	 0.55127E-12	 0.86840E+00	-0.12285E+01	 0.00000E+00	-0.11250E+02	 0.16586E+01
 0.10000E-01	 0.30000E-01	-0.24420E-01	 0.17990E+00	 0.31968E-01	 0.31968E-01	-0.35715E-01	-0.35715E-01	 0.29771E+02	 0.29771E+02	 0.45723E+01	 0.10005E+04	 0.21891E+06	 0.11756E-11	 0.86840E+00	-0.12285E+01	 0.00000E+00	-0.11250E+02	 0.16586E+01
 0.10000E+03	 0.30000E-01	-0.24420E-01	 0.17990E+00	 0.14958E+00	 0.14958E+00	 0.13492E-05	 0.13492E-05	 0.75545E-08	 0.75545E-08	 0.45723E+01	 0.10005E+04	 0.21891E+06	 0.10943E-10	 0.86840E+00	-0.12285E+01	 0.00000E+00	-0.11250E+02	 0.16586E+01
 0.10000E-02	 0.30000E-01	-0.24420E-01	 0.17990E+00	 0.10074E-01	 0.98701E-02	-0.29388E+00	-0.29199E+00	 0.39590E+03	 0.39389E+03	 0.45723E+01	 0.10005E+04	 0.21891E+06	 0.28910E-10	 0.86840E+00	-0.12285E+01	 0.00000E+00	-0.11250E+02	 0.16586E+01
 0.10000E-03	 0.30000E-01	-0.24420E-01	 0.17990E+00	 0.22147E-02	 0.14818E-02	-0.41878E+00	-0.36193E+00	 0.44937E+04	 0.42610E+04	 0.45723E+01	 0.10005E+04	 0.21891E+06	 0.32255E-07	 0.86840E+00	-0.12285E+01	 0.00000E+00	-0.11250E+02	 0.16586E+01
 0.10000E-04	 0.30000E-01	-0.24420E-01	 0.17990E+00	 0.59594E-03	 0.15322E-03	-0.42509E+00	-0.36443E+00	 0.47805E+05	 0.42824E+05	 0.45723E+01	 0.10005E+04	 0.21891E+06	 0.20187E-04	 0.86840E+00	-0.12285E+01	 0.00000E+00	-0.11250E+02	 0.16586E+01
 0.10000E-05	 0.30000E-01	-0.24420E-01	 0.17990E+00	 0.18820E-02	 0.15328E-04	-0.46363E+00	-0.36447E+00	 0.50410E+06	 0.42827E+06	 0.45723E+01	 0.10005E+04	 0.21891E+06	 0.18626E-02	 0.86840E+00	-0.12285E+01	 0.00000E+00	-0.11250E+02	 0.16586E+01
 0.30000E+01	 0.30000E-01	-0.24420E-01	 0.17990E+00	 0.68347E-01	 0.68347E-01	 0.51223E-03	 0.51223E-03	 0.27661E-03	 0.27661E-03	 0.45723E+01	 0.10005E+04	 0.21891E+06	 0.60753E-13	 0.86840E+00	-0.12285E+01	 0.00000E+00	-0.11250E+02	 0.16586E+01
 0.30000E+00	 0.30000E-01	-0.24420E-01	 0.17990E+00	 0.84029E-01	 0.84029E-01	 0.21358E-01	 0.21358E-01	 0.14993E+00	 0.14993E+00	 0.45723E+01	 0.10005E+04	 0.21891E+06	 0.49375E-14	 0.86840E+00	-0.12285E+01	 0.00000E+00	-0.11250E+02	 0.16586E+01
 0.30000E+02	 0.30000E-01	-0.24420E-01	 0.17990E+00	 0.24572E+00	 0.24572E+00	 0.10019E-04	 0.10019E-04	 0.27966E-06	 0.27966E-06	 0.45723E+01	 0.10005E+04	 0.21891E+06	 0.27078E-11	 0.86840E+00	-0.12285E+01	 0.00000E+00	-0.11250E+02	 0.16586E+01
 0.30000E-01	 0.30000E-01	-0.24420E-01	 0.17990E+00	 0.38093E-01	 0.38093E-01	 0.53496E-01	 0.53496E-01	 0.76542E+01	 0.76542E+01	 0.45723E+01	 0.10005E+04	 0.21891E+06	 0.23851E-12	 0.86840E+00	-0.12285E+01	 0.00000E+00	-0.11250E+02	 0.16586E+01
 0.30000E+03	 0.30000E-01	-0.24420E-01	 0.17990E+00	 0.55812E-01	 0.55812E-01	 0.16000E-06	 0.16000E-06	 0.27982E-09	 0.27982E-09	 0.45723E+01	 0.10005E+04	 0.21891E+06	 0.44251E-11	 0.86840E+00	-0.12285E+01	 0.00000E+00	-0.11250E+02	 0.16586E+01
 0.30000E-02	 0.30000E-01	-0.24420E-01	 0.17990E+00	 0.19442E-01	 0.19435E-01	-0.16762E+00	-0.16767E+00	 0.11815E+03	 0.11813E+03	 0.45723E+01	 0.10005E+04	 0.21891E+06	 0.70142E-11	 0.86840E+00	-0.12285E+01	 0.00000E+00	-0.11250E+02	 0.16586E+01
 0.30000E-03	 0.30000E-01	-0.24420E-01	 0.17990E+00	 0.45473E-02	 0.39505E-02	-0.37091E+00	-0.34896E+00	 0.14287E+04	 0.13923E+04	 0.45723E+01	 0.10005E+04	 0.21891E+06	 0.83765E-09	 0.86840E+00	-0.12285E+01	 0.00000E+00	-0.11250E+02	 0.16586E+01
 0.30000E-04	 0.30000E-01	-0.24420E-01	 0.17990E+00	 0.10502E-02	 0.45814E-03	-0.42597E+00	-0.36416E+00	 0.15520E+05	 0.14268E+05	 0.45723E+01	 0.10005E+04	 0.21891E+06	 0.10970E-05	 0.86840E+00	-0.12285E+01	 0.00000E+00	-0.11250E+02	 0.16586E+01
 0.30000E-05	 0.30000E-01	-0.24420E-01	 0.17990E+00	 0.75455E-03	 0.45983E-04	-0.43711E+00	-0.36446E+00	 0.16381E+06	 0.14275E+06	 0.45723E+01	 0.10005E+04	 0.21891E+06	 0.17780E-03	 0.86840E+00	-0.12285E+01	 0.00000E+00	-0.11250E+02	 0.16586E+01
 0.10000E+01	 0.30000E-02	-0.24420E-02	 0.17990E+00	 0.32660E+00	 0.32660E+00	 0.26882E-02	 0.26882E-02	 0.68997E-02	 0.68997E-02	 0.45723E+01	 0.10005E+04	 0.21891E+06	 0.22526E-13	 0.86840E+00	-0.12285E+01	 0.00000E+00	-0.11250E+02	 0.16586E+01
 0.10000E+00	 0.30000E-02	-0.24420E-02	 0.17990E+00	 0.54166E-01	 0.54166E-01	 0.51148E-01	 0.51148E-01	 0.12636E+01	 0.12636E+01	 0.45723E+01	 0.10005E+04	 0.21891E+06	 0.35740E-13	 0.86840E+00	-0.12285E+01	 0.00000E+00	-0.11250E+02	 0.16586E+01
 0.10000E+02	 0.30000E-02	-0.24420E-02	 0.17990E+00	 0.69725E+00	 0.69725E+00	 0.43102E-04	 0.43102E-04	 0.75268E-05	 0.75268E-05	 0.45723E+01	 0.10005E+04	 0.21891E+06	 0.10403E-11	 0.86840E+00	-0.12285E+01	 0.00000E+00	-0.11250E+02	 0.16586E+01
 0.10000E-01	 0.30000E-02	-0.24420E-02	 0.17990E+00	 0.48746E-01	 0.48746E-01	-0.14131E+00	-0.14131E+00	 0.30453E+02	 0.30453E+02	 0.45723E+01	 0.10005E+04	 0.21891E+06	 0.65492E-12	 0.86840E+00	-0.12285E+01	 0.00000E+00	-0.11250E+02	 0.16586E+01
 0.10000E+03	 0.30000E-02	-0.24420E-02	 0.17990E+00	 0.14511E+01	 0.14511E+01	 0.54165E-06	 0.54165E-06	 0.75339E-08	 0.75339E-08	 0.45723E+01	 0.10005E+04	 0.21891E+06	 0.54324E-10	 0.86840E+00	-0.12285E+01	 0.00000E+00	-0.11250E+02	 0.16586E+01
 0.10000E-02	 0.30000E-02	-0.24420E-02	 0.17990E+00	 0.10445E+00	 0.10261E+00	-0.88974E+00	-0.88610E+00	 0.39899E+03	 0.39703E+03	 0.45723E+01	 0.10005E+04	 0.21891E+06	 0.53651E-10	 0.86840E+00	-0.12285E+01	 0.00000E+00	-0.11250E+02	 0.16586E+01
 0.10000E-03	 0.30000E-02	-0.24420E-02	 0.17990E+00	 0.70169E-01	 0.54402E-01	-0.57029E+00	-0.53506E+00	 0.44340E+04	 0.42452E+04	 0.45723E+01	 0.10005E+04	 0.21891E+06	 0.34356E-07	 0.86840E+00	-0.12285E+01	 0.00000E+00	-0.11250E+02	 0.16586E+01
 0.10000E-04	 0.30000E-02	-0.24420E-02	 0.17990E+00	 0.25228E-01	 0.81415E-02	-0.48295E+00	-0.38743E+00	 0.47073E+05	 0.42805E+05	 0.45723E+01	 0.10005E+04	 0.21891E+06	 0.65680E-04	 0.86840E+00	-0.12285E+01	 0.00000E+00	-0.11250E+02	 0.16586E+01
 0.10000E-05	 0.30000E-02	-0.24420E-02	 0.17990E+00	 0.68725E-02	 0.82846E-03	-0.51323E+00	-0.37918E+00	 0.49739E+06	 0.42811E+06	 0.45723E+01	 0.10005E+04	 0.21891E+06	 0.14531E-01	 0.86840E+00	-0.12285E+01	 0.00000E+00	-0.11250E+02	 0.16586E+01
 0.30000E+01	 0.30000E-02	-0.24420E-02	 0.17990E+00	 0.71336E+00	 0.71336E+00	 0.36896E-03	 0.36896E-03	 0.27613E-03	 0.27613E-03	 0.45723E+01	 0.10005E+04	 0.21891E+06	 0.42219E-12	 0.86840E+00	-0.12285E+01	 0.00000E+00	-0.11250E+02	 0.16586E+01
 0.30000E+00	 0.30000E-02	-0.24420E-02	 0.17990E+00	 0.11482E+00	 0.11482E+00	 0.18656E-01	 0.18656E-01	 0.15024E+00	 0.15024E+00	 0.45723E+01	 0.10005E+04	 0.21891E+06	 0.44526E-14	 0.86840E+00	-0.12285E+01	 0.00000E+00	-0.11250E+02	 0.16586E+01
 0.30000E+02	 0.30000E-02	-0.24420E-02	 0.17990E+00	 0.67032E+00	 0.67032E+00	 0.51656E-05	 0.51656E-05	 0.27901E-06	 0.27901E-06	 0.45723E+01	 0.10005E+04	 0.21891E+06	 0.10452E-10	 0.86840E+00	-0.12285E+01	 0.00000E+00	-0.11250E+02	 0.16586E+01
 0.30000E-01	 0.30000E-02	-0.24420E-02	 0.17990E+00	 0.41411E-01	 0.41411E-01	 0.40198E-01	 0.40198E-01	 0.77120E+01	 0.77120E+01	 0.45723E+01	 0.10005E+04	 0.21891E+06	 0.80415E-13	 0.86840E+00	-0.12285E+01	 0.00000E+00	-0.11250E+02	 0.16586E+01
 0.30000E+03	 0.30000E-02	-0.24420E-02	 0.17990E+00	 0.24537E+01	 0.24537E+01	 0.10009E-06	 0.10009E-06	 0.27904E-09	 0.27904E-09	 0.45723E+01	 0.10005E+04	 0.21891E+06	 0.13891E-09	 0.86840E+00	-0.12285E+01	 0.00000E+00	-0.11250E+02	 0.16586E+01
 0.30000E-02	 0.30000E-02	-0.24420E-02	 0.17990E+00	 0.69913E-01	 0.69881E-01	-0.57206E+00	-0.57205E+00	 0.12122E+03	 0.12120E+03	 0.45723E+01	 0.10005E+04	 0.21891E+06	 0.93271E-11	 0.86840E+00	-0.12285E+01	 0.00000E+00	-0.11250E+02	 0.16586E+01
 0.30000E-03	 0.30000E-02	-0.24420E-02	 0.17990E+00	 0.10760E+00	 0.98352E-01	-0.70862E+00	-0.69860E+00	 0.14184E+04	 0.13865E+04	 0.45723E+01	 0.10005E+04	 0.21891E+06	 0.83912E-09	 0.86840E+00	-0.12285E+01	 0.00000E+00	-0.11250E+02	 0.16586E+01
 0.30000E-04	 0.30000E-02	-0.24420E-02	 0.17990E+00	 0.41620E-01	 0.22331E-01	-0.50993E+00	-0.42562E+00	 0.15284E+05	 0.14253E+05	 0.45723E+01	 0.10005E+04	 0.21891E+06	 0.98446E-06	 0.86840E+00	-0.12285E+01	 0.00000E+00	-0.11250E+02	 0.16586E+01
 0.30000E-05	 0.30000E-02	-0.24420E-02	 0.17990E+00	 0.12194E-01	 0.24816E-02	-0.49312E+00	-0.37991E+00	 0.16143E+06	 0.14270E+06	 0.45723E+01	 0.10005E+04	 0.21891E+06	 0.69619E-03	 0.86840E+00	-0.12285E+01	 0.00000E+00	-0.11250E+02	 0.16586E+01
 0.10000E+01	 0.30000E-03	-0.24420E-03	 0.17990E+00	 0.34168E+00	 0.34168E+00	 0.26119E-02	 0.26119E-02	 0.69000E-02	 0.69000E-02	 0.45723E+01	 0.10005E+04	 0.21891E+06	 0.20461E-13	 0.86840E+00	-0.12285E+01	 0.00000E+00	-0.11250E+02	 0.16586E+01
 0.10000E+00	 0.30000E-03	-0.24420E-03	 0.17990E+00	 0.54173E-01	 0.54173E-01	 0.51142E-01	 0.51142E-01	 0.12636E+01	 0.12636E+01	 0.45723E+01	 0.10005E+04	 0.21891E+06	 0.82250E-14	 0.86840E+00	-0.12285E+01	 0.00000E+00	-0.11250E+02	 0.16586E+01
 0.10000E+02	 0.30000E-03	-0.24420E-03	 0.17990E+00	 0.32055E+01	 0.32055E+01	 0.28683E-04	 0.28683E-04	 0.75267E-05	 0.75267E-05	 0.45723E+01	 0.10005E+04	 0.21891E+06	 0.17655E-11	 0.86840E+00	-0.12285E+01	 0.00000E+00	-0.11250E+02	 0.16586E+01
 0.10000E-01	 0.30000E-03	-0.24420E-03	 0.17990E+00	 0.49073E-01	 0.49073E-01	-0.14335E+00	-0.14335E+00	 0.30466E+02	 0.30466E+02	 0.45723E+01	 0.10005E+04	 0.21891E+06	 0.48900E-12	 0.86840E+00	-0.12285E+01	 0.00000E+00	-0.11250E+02	 0.16586E+01
 0.10000E+03	 0.30000E-03	-0.24420E-03	 0.17990E+00	 0.69685E+01	 0.69685E+01	 0.43139E-06	 0.43139E-06	 0.75338E-08	 0.75338E-08	 0.45723E+01	 0.10005E+04	 0.21891E+06	 0.11472E-09	 0.86840E+00	-0.12285E+01	 0.00000E+00	-0.11250E+02	 0.16586E+01
 0.10000E-02	 0.30000E-03	-0.24420E-03	 0.17990E+00	 0.13362E+00	 0.13122E+00	-0.10748E+01	-0.10708E+01	 0.40055E+03	 0.39861E+03	 0.45723E+01	 0.10005E+04	 0.21891E+06	 0.30030E-10	 0.86840E+00	-0.12285E+01	 0.00000E+00	-0.11250E+02	 0.16586E+01
 0.10000E-03	 0.30000E-03	-0.24420E-03	 0.17990E+00	 0.86202E+00	 0.71295E+00	-0.11655E+01	-0.11884E+01	 0.44386E+04	 0.42569E+04	 0.45723E+01	 0.10005E+04	 0.21891E+06	 0.20951E-07	 0.86840E+00	-0.12285E+01	 0.00000E+00	-0.11250E+02	 0.16586E+01
 0.10000E-04	 0.30000E-03	-0.24420E-03	 0.17990E+00	 0.82451E+00	 0.42110E+00	-0.63426E+00	-0.50981E+00	 0.47079E+05	 0.42979E+05	 0.45723E+01	 0.10005E+04	 0.21891E+06	 0.84643E-04	 0.86840E+00	-0.12285E+01	 0.00000E+00	-0.11250E+02	 0.16586E+01
 0.10000E-05	 0.30000E-03	-0.24420E-03	 0.17990E+00	 0.35582E+00	 0.56606E-01	-0.43091E+00	-0.40632E+00	 0.49743E+06	 0.42993E+06	 0.45723E+01	 0.10005E+04	 0.21891E+06	 0.82858E+00	 0.86840E+00	-0.12285E+01	 0.00000E+00	-0.11250E+02	 0.16586E+01
 0.30000E+01	 0.30000E-03	-0.24420E-03	 0.17990E+00	 0.10046E+01	 0.10046E+01	 0.30791E-03	 0.30791E-03	 0.27614E-03	 0.27614E-03	 0.45723E+01	 0.10005E+04	 0.21891E+06	 0.40539E-12	 0.86840E+00	-0.12285E+01	 0.00000E+00	-0.11250E+02	 0.16586E+01
 0.30000E+00	 0.30000E-03	-0.24420E-03	 0.17990E+00	 0.11526E+00	 0.11526E+00	 0.18617E-01	 0.18617E-01	 0.15025E+00	 0.15025E+00	 0.45723E+01	 0.10005E+04	 0.21891E+06	 0.10201E-13	 0.86840E+00	-0.12285E+01	 0.00000E+00	-0.11250E+02	 0.16586E+01
 0.30000E+02	 0.30000E-03	-0.24420E-03	 0.17990E+00	 0.71159E+01	 0.71159E+01	 0.37208E-05	 0.37208E-05	 0.27900E-06	 0.27900E-06	 0.45723E+01	 0.10005E+04	 0.21891E+06	 0.22767E-10	 0.86840E+00	-0.12285E+01	 0.00000E+00	-0.11250E+02	 0.16586E+01
 0.30000E-01	 0.30000E-03	-0.24420E-03	 0.17990E+00	 0.41453E-01	 0.41453E-01	 0.40034E-01	 0.40034E-01	 0.77127E+01	 0.77127E+01	 0.45723E+01	 0.10005E+04	 0.21891E+06	 0.27500E-12	 0.86840E+00	-0.12285E+01	 0.00000E+00	-0.11250E+02	 0.16586E+01
 0.30000E+03	 0.30000E-03	-0.24420E-03	 0.17990E+00	 0.67018E+01	 0.67018E+01	 0.51660E-07	 0.51660E-07	 0.27903E-09	 0.27903E-09	 0.45723E+01	 0.10005E+04	 0.21891E+06	 0.28471E-09	 0.86840E+00	-0.12285E+01	 0.00000E+00	-0.11250E+02	 0.16586E+01
 0.30000E-02	 0.30000E-03	-0.24420E-03	 0.17990E+00	 0.73015E-01	 0.72981E-01	-0.59761E+00	-0.59759E+00	 0.12144E+03	 0.12142E+03	 0.45723E+01	 0.10005E+04	 0.21891E+06	 0.62735E-11	 0.86840E+00	-0.12285E+01	 0.00000E+00	-0.11250E+02	 0.16586E+01
 0.30000E-03	 0.30000E-03	-0.24420E-03	 0.17990E+00	 0.35628E+00	 0.32541E+00	-0.12774E+01	-0.12870E+01	 0.14223E+04	 0.13913E+04	 0.45723E+01	 0.10005E+04	 0.21891E+06	 0.20129E-08	 0.86840E+00	-0.12285E+01	 0.00000E+00	-0.11250E+02	 0.16586E+01
 0.30000E-04	 0.30000E-03	-0.24420E-03	 0.17990E+00	 0.11201E+01	 0.79908E+00	-0.81407E+00	-0.74831E+00	 0.15288E+05	 0.14303E+05	 0.45723E+01	 0.10005E+04	 0.21891E+06	 0.47243E-06	 0.86840E+00	-0.12285E+01	 0.00000E+00	-0.11250E+02	 0.16586E+01
 0.30000E-05	 0.30000E-03	-0.24420E-03	 0.17990E+00	 0.58059E+00	 0.16126E+00	-0.47485E+00	-0.42367E+00	 0.16145E+06	 0.14331E+06	 0.45723E+01	 0.10005E+04	 0.21891E+06	 0.77504E-02	 0.86840E+00	-0.12285E+01	 0.00000E+00	-0.11250E+02	 0.16586E+01
 0.10000E+01	 0.30000E-04	-0.24420E-04	 0.17990E+00	 0.34184E+00	 0.34184E+00	 0.26111E-02	 0.26111E-02	 0.69000E-02	 0.69000E-02	 0.45723E+01	 0.10005E+04	 0.21891E+06	 0.30380E-13	 0.86840E+00	-0.12285E+01	 0.00000E+00	-0.11250E+02	 0.16586E+01
 0.10000E+00	 0.30000E-04	-0.24420E-04	 0.17990E+00	 0.54174E-01	 0.54174E-01	 0.51142E-01	 0.51142E-01	 0.12636E+01	 0.12636E+01	 0.45723E+01	 0.10005E+04	 0.21891E+06	 0.73959E-14	 0.86840E+00	-0.12285E+01	 0.00000E+00	-0.11250E+02	 0.16586E+01
 0.10000E+02	 0.30000E-04	-0.24420E-04	 0.17990E+00	 0.33545E+01	 0.33545E+01	 0.27828E-04	 0.27828E-04	 0.75267E-05	 0.75267E-05	 0.45723E+01	 0.10005E+04	 0.21891E+06	 0.12307E-11	 0.86840E+00	-0.12285E+01	 0.00000E+00	-0.11250E+02	 0.16586E+01
 0.10000E-01	 0.30000E-04	-0.24420E-04	 0.17990E+00	 0.49077E-01	 0.49077E-01	-0.14337E+00	-0.14337E+00	 0.30466E+02	 0.30466E+02	 0.45723E+01	 0.10005E+04	 0.21891E+06	 0.39245E-12	 0.86840E+00	-0.12285E+01	 0.00000E+00	-0.11250E+02	 0.16586E+01
 0.10000E+03	 0.30000E-04	-0.24420E-04	 0.17990E+00	 0.32049E+02	 0.32049E+02	 0.28703E-06	 0.28703E-06	 0.75338E-08	 0.75338E-08	 0.45723E+01	 0.10005E+04	 0.21891E+06	 0.33061E-09	 0.86840E+00	-0.12285E+01	 0.00000E+00	-0.11250E+02	 0.16586E+01
 0.10000E-02	 0.30000E-04	-0.24420E-04	 0.17990E+00	 0.13403E+00	 0.13162E+00	-0.10776E+01	-0.10736E+01	 0.40058E+03	 0.39863E+03	 0.45723E+01	 0.10005E+04	 0.21891E+06	 0.55488E-10	 0.86840E+00	-0.12285E+01	 0.00000E+00	-0.11250E+02	 0.16586E+01
 0.10000E-03	 0.30000E-04	-0.24420E-04	 0.17990E+00	 0.10639E+01	 0.87707E+00	-0.13534E+01	-0.13904E+01	 0.44401E+04	 0.42593E+04	 0.45723E+01	 0.10005E+04	 0.21891E+06	 0.99222E-08	 0.86840E+00	-0.12285E+01	 0.00000E+00	-0.11250E+02	 0.16586E+01
 0.10000E-04	 0.30000E-04	-0.24420E-04	 0.17990E+00	 0.87787E+01	 0.52316E+01	-0.11444E+01	-0.90666E+00	 0.47084E+05	 0.43027E+05	 0.45723E+01	 0.10005E+04	 0.21891E+06	 0.13981E-04	 0.86840E+00	-0.12285E+01	 0.00000E+00	-0.11250E+02	 0.16586E+01
 0.10000E-05	 0.30000E-04	-0.24420E-04	 0.17990E+00	 0.10852E+02	 0.29690E+01	-0.38678E+00	-0.57671E+00	 0.49745E+06	 0.43057E+06	 0.45723E+01	 0.10005E+04	 0.21891E+06	 0.45845E+00	 0.86840E+00	-0.12285E+01	 0.00000E+00	-0.11250E+02	 0.16586E+01
 0.30000E+01	 0.30000E-04	-0.24420E-04	 0.17990E+00	 0.10088E+01	 0.10088E+01	 0.30703E-03	 0.30703E-03	 0.27614E-03	 0.27614E-03	 0.45723E+01	 0.10005E+04	 0.21891E+06	 0.58672E-12	 0.86840E+00	-0.12285E+01	 0.00000E+00	-0.11250E+02	 0.16586E+01
 0.30000E+00	 0.30000E-04	-0.24420E-04	 0.17990E+00	 0.11527E+00	 0.11527E+00	 0.18617E-01	 0.18617E-01	 0.15025E+00	 0.15025E+00	 0.45723E+01	 0.10005E+04	 0.21891E+06	 0.89416E-14	 0.86840E+00	-0.12285E+01	 0.00000E+00	-0.11250E+02	 0.16586E+01
 0.30000E+02	 0.30000E-04	-0.24420E-04	 0.17990E+00	 0.10024E+02	 0.10024E+02	 0.31019E-05	 0.31019E-05	 0.27900E-06	 0.27900E-06	 0.45723E+01	 0.10005E+04	 0.21891E+06	 0.30676E-10	 0.86840E+00	-0.12285E+01	 0.00000E+00	-0.11250E+02	 0.16586E+01
 0.30000E-01	 0.30000E-04	-0.24420E-04	 0.17990E+00	 0.41454E-01	 0.41454E-01	 0.40032E-01	 0.40032E-01	 0.77127E+01	 0.77127E+01	 0.45723E+01	 0.10005E+04	 0.21891E+06	 0.56096E-13	 0.86840E+00	-0.12285E+01	 0.00000E+00	-0.11250E+02	 0.16586E+01
 0.30000E+03	 0.30000E-04	-0.24420E-04	 0.17990E+00	 0.71157E+02	 0.71157E+02	 0.37212E-07	 0.37212E-07	 0.27903E-09	 0.27903E-09	 0.45723E+01	 0.10005E+04	 0.21891E+06	 0.11420E-08	 0.86840E+00	-0.12285E+01	 0.00000E+00	-0.11250E+02	 0.16586E+01
 0.30000E-02	 0.30000E-04	-0.24420E-04	 0.17990E+00	 0.73048E-01	 0.73014E-01	-0.59788E+00	-0.59787E+00	 0.12144E+03	 0.12143E+03	 0.45723E+01	 0.10005E+04	 0.21891E+06	 0.74139E-11	 0.86840E+00	-0.12285E+01	 0.00000E+00	-0.11250E+02	 0.16586E+01
 0.30000E-03	 0.30000E-04	-0.24420E-04	 0.17990E+00	 0.36676E+00	 0.33496E+00	-0.13094E+01	-0.13203E+01	 0.14226E+04	 0.13917E+04	 0.45723E+01	 0.10005E+04	 0.21891E+06	 0.38433E-09	 0.86840E+00	-0.12285E+01	 0.00000E+00	-0.11250E+02	 0.16586E+01
 0.30000E-04	 0.30000E-04	-0.24420E-04	 0.17990E+00	 0.34489E+01	 0.24413E+01	-0.12869E+01	-0.12282E+01	 0.15291E+05	 0.14313E+05	 0.45723E+01	 0.10005E+04	 0.21891E+06	 0.67343E-07	 0.86840E+00	-0.12285E+01	 0.00000E+00	-0.11250E+02	 0.16586E+01
 0.30000E-05	 0.30000E-04	-0.24420E-04	 0.17990E+00	 0.12603E+02	 0.59852E+01	-0.82171E+00	-0.61329E+00	 0.16145E+06	 0.14351E+06	 0.45723E+01	 0.10005E+04	 0.21891E+06	 0.51559E-02	 0.86840E+00	-0.12285E+01	 0.00000E+00	-0.11250E+02	 0.16586E+01
