# Postprocessed output from file: /home/jose/RUNS/marconis/lhdis_0118/flsurf_phi.dat
# Time average interval         : 600000	1000000
# load_s0, nchi, nphi, nfp
#
0.640625
65
65
10
5.06772259048	4.81099204166	4.60026187659	4.44278056115	4.34429410707	4.30877164496	4.33818910332	4.43225404691	4.58823651585	4.80092143512	5.06271215916	5.36393540242	5.69331781988	6.03862659669	6.38739982125	6.72770313267	7.048845026	7.34195110707	7.60037881191	7.8198893182	7.99861861927	8.13682643687	8.23649227943	8.30080483192	8.33361021559	8.33893948064	8.32055611716	8.28170365235	8.22502053573	8.152540904	8.06592312205	7.96674563724	7.85681728047	7.7385308565	7.61511004657	7.49076439212	7.3706531055	7.26072344521	7.16734777684	7.09678908704	7.05464567194	7.04519651485	7.07079052007	7.13140198646	7.22429764172	7.34397429453	7.4823393956	7.62914983396	7.77267913052	7.90054181322	8.00062946893	8.06201914802	8.07581671474	8.03580381229	7.93886622743	7.78515650391	7.57798394957	7.32348802278	7.03012140309	6.70805336845	6.36852668417	6.0232572904	5.68396939239	5.36193653066	5.06772259048	
4.55744922337	4.39318992903	4.28869701699	4.24659441344	4.26772916128	4.35120738914	4.49443576188	4.69308714197	4.94114418045	5.23097541738	5.55352463422	5.89859973965	6.25528923659	6.61246145151	6.95932456544	7.28599596915	7.58400482717	7.84669604227	8.06948344256	8.24993757815	8.3876793203	8.48412790248	8.54213306036	8.56550916889	8.55859409898	8.52581247095	8.47136473659	8.39897806693	8.31188911766	8.21284830154	8.1042954592	7.98866790627	7.86856629845	7.74707474892	7.62790672713	7.5154486223	7.4146814536	7.3309268337	7.2694427498	7.23491191062	7.23087932219	7.25917183656	7.31940905652	7.40864048273	7.52122424152	7.64893649984	7.781351005	7.90649034661	8.01165923388	8.08443772069	8.11369347738	8.09053634324	8.00910519603	7.86709383629	7.6659842208	7.41093124259	7.11036047404	6.77530635446	6.41858535529	6.05392158564	5.69505286171	5.35504319897	5.04568251123	4.7770615757	4.55744922337	
4.10050666932	4.05796728938	4.08178757824	4.16957183186	4.31729719904	4.51958258749	4.76992183373	5.06085158123	5.38410807258	5.73077326598	6.09146776437	6.45658577121	6.81657182692	7.1622730879	7.4853026296	7.77838357014	8.03565439601	8.25290604921	8.42771048983	8.55938887528	8.64890521904	8.69863111736	8.71201538991	8.69324571403	8.64688736672	8.57755982579	8.48971162735	8.38746213023	8.27457330335	8.15447501906	8.03038478768	7.90550997378	7.78317575071	7.66696233613	7.56076301763	7.46873021891	7.39509166435	7.34386100319	7.31843380892	7.3211186422	7.35265962169	7.41179220349	7.49496640024	7.5961591188	7.70701992536	7.8171863496	7.91489107296	7.98778337911	8.02387597288	8.01260095832	7.94575982349	7.81838301684	7.62928948203	7.38136146402	7.08143497425	6.73986399954	6.36976662874	5.98607514118	5.60447819331	5.2403633911	4.90788939042	4.61926751292	4.38424587125	4.20987132667	4.10050666932	
3.78550531047	3.88253578509	4.04406087923	4.26302938863	4.53124606474	4.83980184431	5.17941739027	5.54071494182	5.91441025428	6.29147216916	6.66326940224	7.02169521517	7.35932698121	7.66961641221	7.94700735294	8.18712673526	8.38690595473	8.54464287432	8.66002054724	8.73401262972	8.76877182102	8.76742365876	8.73382985329	8.67234153966	8.58756317869	8.48415127918	8.36666754121	8.2394873708	8.10678066315	7.97252957494	7.840562506	7.71467158433	7.59863246837	7.49614521264	7.41083057623	7.34603563456	7.30459013399	7.28850325377	7.29859048321	7.33412408328	7.39252060777	7.46911952885	7.55715431534	7.64788373662	7.73095363396	7.79500849978	7.8284513005	7.82036154944	7.7614668031	7.64507407567	7.46783107685	7.23027715617	6.93705127034	6.59676206524	6.22149446782	5.82601379416	5.42674082096	5.04061145063	4.68393287657	4.37134921429	4.11503308431	3.92410969238	3.80438709083	3.75837476	3.78550531047	
3.68857165447	3.92759168804	4.22069535448	4.55720515374	4.92601413449	5.31605618884	5.71669015703	6.11797373233	6.51083760209	6.88721843946	7.24010893474	7.56359786758	7.85292302033	8.1044280684	8.31559791272	8.48503782167	8.61243342818	8.69849176639	8.74485956265	8.75401347269	8.72911655857	8.67388264883	8.5924258664	8.48911604789	8.36844921812	8.23499568466	8.09327933959	7.94774944578	7.8027962353	7.66272121142	7.53170176639	7.41373209202	7.31255984956	7.23153356716	7.17339601707	7.14004433939	7.13224993239	7.14937944213	7.18912621083	7.24733962441	7.31795398067	7.39307028516	7.46323117812	7.51787673699	7.54598335114	7.53683341403	7.48092409799	7.37082466397	7.20198990726	6.97341434424	6.68800982507	6.35270047588	5.97815922738	5.57822688243	5.16904974876	4.76800240192	4.39254332326	4.05904786955	3.78179950134	3.57217960582	3.43810540597	3.38379692041	3.40980044341	3.51330084254	3.68857165447	
3.85817832865	4.22439132959	4.6269169202	5.05295615427	5.49006544474	5.92657449777	6.35194033164	6.7569310104	7.13379310484	7.47628841187	7.77965752784	8.04063629639	8.2573311525	8.42908086897	8.55634871783	8.64056571392	8.68396740899	8.68943836746	8.66036412428	8.60049305586	8.5138107188	8.40447198384	8.27668366974	8.13472936942	7.98289246306	7.82548069071	7.66683534844	7.51129205968	7.36317332738	7.22674428061	7.10610861445	7.00496414102	6.92648052959	6.87299961367	6.845737508	6.84450681953	6.86744483966	6.91082918928	6.96899047125	7.03438844442	7.09783795797	7.14894901368	7.17671546572	7.17027077455	7.11972474968	7.01703698876	6.85685095601	6.63715842317	6.35977182205	6.03050487727	5.65903771863	5.25845952157	4.84451813072	4.43464023013	4.04680994657	3.69841072474	3.40512873077	3.18001944688	3.03280380676	2.96943405472	2.99195537232	3.09862306768	3.28427585073	3.54088163797	3.85817832865	
4.30286636237	4.76495046901	5.2404353893	5.7161127151	6.17983337678	6.62082983206	7.02993005027	7.39968938651	7.72451032737	8.00056687236	8.22574182433	8.39956559041	8.52299322058	8.59822443178	8.62843828271	8.61756475039	8.5700500522	8.49060975423	8.38405386369	8.25513724015	8.10845692401	7.948411082	7.77919333416	7.60487766846	7.42939216301	7.25662609209	7.09054967236	6.93510110283	6.79420363749	6.67165965881	6.57090145736	6.49478648271	6.44525049961	6.4229535569	6.42697260831	6.45450192717	6.50069357988	6.55862511823	6.61947181374	6.67287308027	6.70750652208	6.71185932667	6.6750935079	6.58800612827	6.44394073144	6.23958358217	5.97553150245	5.65656934503	5.29163967962	4.89342833253	4.47765719614	4.0621029767	3.66545095239	3.30608480816	3.00091571016	2.76436208494	2.60754378385	2.53775951832	2.55824367623	2.6682054676	2.86314145665	3.13530613348	3.47434846832	3.86801711142	4.30286636237	
4.98664331691	5.50017065355	6.00191771553	6.47991107269	6.92374681644	7.32475865114	7.6761669893	7.97306447412	8.21248786402	8.39335391689	8.51630279311	8.58358952525	8.59880194729	8.56664384271	8.49262054831	8.38273185521	8.2431723827	8.0800733786	7.89931269544	7.70633645672	7.50609776064	7.30306558426	7.10125567706	6.90435465634	6.71579913746	6.53891728095	6.37698086201	6.23320826353	6.1107117521	6.01228143205	5.94015920758	5.89567461595	5.87888450033	5.88819565599	5.92005685013	5.96878450156	6.02653904013	6.08357092818	6.12865315606	6.14977872008	6.13507075881	6.07378175609	5.95735764545	5.78041270649	5.54153011	5.24374825371	4.89470184312	4.50635339167	4.0943319094	3.67694311998	3.27393930507	2.90516752965	2.58923806739	2.34232210409	2.17718930687	2.10255222976	2.1227348287	2.23768295057	2.44324944795	2.73171709511	3.09246871836	3.51273940616	3.97839184935	4.47462879401	4.98664331691	
5.83046634767	6.34321489648	6.81979584038	7.25078421591	7.62860589129	7.94753614063	8.20376092026	8.39534603692	8.52216313963	8.58587125063	8.58974547959	8.5384810244	8.43794657167	8.29490928355	8.1166824003	7.91082792885	7.6848006216	7.44569912023	7.20006296154	6.95369234896	6.71162105416	6.47814309867	6.2568917072	6.05097198173	5.86310917695	5.69577692833	5.5512705788	5.43168777221	5.33881355095	5.27391391162	5.23742876967	5.22858064591	5.24503000307	5.2825270845	5.33473033093	5.39319710649	5.44761704984	5.48631143133	5.49699697646	5.46776467046	5.38819808215	5.25050895234	5.05057098918	4.78872493749	4.47021558615	4.10521344507	3.70835726578	3.29787028402	2.89431418127	2.51911556093	2.19301723407	1.9346083624	1.75907797116	1.67729496635	1.69528525799	1.81410803371	2.03010632808	2.33547248124	2.71901422537	3.16705174281	3.66433710484	4.19490018737	4.74279737287	5.29272513934	5.83046634767	
6.72178535513	7.18014345378	7.58144394532	7.91968004284	8.19072167238	8.39220114666	8.52346962234	8.58560661372	8.58128304183	8.51468500397	8.39138453716	8.2181369681	8.00262591841	7.75317457365	7.47840324678	7.18690939195	6.88693052763	6.58606692398	6.2911032633	6.00782736471	5.74102696262	5.49452371308	5.27127335193	5.07354140117	4.9030195165	4.76095454011	4.64828347466	4.56551644046	4.51262447657	4.48882343056	4.49223446439	4.51956637875	4.56579659078	4.62399090052	4.68529261695	4.73915444426	4.77386570003	4.77731101479	4.73799021047	4.64619131774	4.49514542263	4.28209881813	4.00908975465	3.68335101832	3.3172240992	2.92755535171	2.53462920247	2.16071822565	1.82840958381	1.5588876319	1.37034960143	1.27671689946	1.28675522099	1.40366497414	1.62514747935	1.94388852976	2.34837945912	2.8239454642	3.35385561889	3.92042271148	4.50594215191	5.09350949866	5.66757273299	6.2142946344	6.72178535513	
7.52939280168	7.88481631938	8.16782154151	8.37618708401	8.50936804466	8.56836838408	8.55562079591	8.47495005924	8.33150864755	8.13165908146	7.88284859532	7.59344678411	7.27246634763	6.92930617523	6.57340879312	6.21392502311	5.85940834263	5.51752868742	5.19487213702	4.89681706901	4.62751672402	4.38993192441	4.18595478435	4.01659692815	3.88210077398	3.78208213981	3.71560543478	3.68111325213	3.6763129079	3.69793515878	3.74150168062	3.80107887226	3.86910754814	3.93642138596	3.99249753066	4.02593303569	4.02521404706	3.97973931525	3.88091898733	3.72334691665	3.50584258506	3.23217472752	2.91140105572	2.5576881293	2.18959038555	1.82884654105	1.49878117037	1.22249488831	1.02103110491	0.911722278165	0.906885252373	1.01298909403	1.23035617139	1.55339211106	1.97127668567	2.46900804711	3.0286527877	3.63066856283	4.25514791139	4.88288487141	5.49618262824	6.07945717228	6.61950983002	7.10559401503	7.52939280168	
8.12028802859	8.33447509621	8.46750606798	8.5208707501	8.49743843564	8.40124205568	8.23742935136	8.01219819271	7.73271274237	7.40707430175	7.04416984513	6.65352192493	6.24505341672	5.82879698707	5.41457630022	5.0116811707	4.62852349531	4.27240711506	3.94927283431	3.66362180293	3.41849330525	3.21547824923	3.05491546364	2.93601743266	2.85703943542	2.81543347008	2.80789325289	2.83034354611	2.87787177543	2.94456528404	3.02339046419	3.10610420749	3.18329938826	3.24466028507	3.27942211396	3.27710253463	3.22843059368	3.12641360315	2.96740085271	2.75202965115	2.48588698399	2.17973777049	1.84925700826	1.51421787462	1.19718843246	0.921851288455	0.71112241427	0.585272933755	0.560261920251	0.646458245356	0.847876698046	1.16198959603	1.58009928092	2.08819697438	2.66818534299	3.29931139022	3.95963892223	4.62741676675	5.28223820169	5.9059053023	6.48297239769	7.00099797253	7.45055007044	7.82501106064	8.12028802859	
8.37736493763	8.42567061166	8.39093387691	8.27799294679	8.0926487064	7.84147447196	7.53183484793	7.17180071418	6.77010075806	6.33611822918	5.87975474127	5.41130844157	4.94120833237	4.47974471675	4.03673973045	3.62120591303	3.24100231027	2.90257020044	2.61071951581	2.36851817226	2.17728456124	2.03665368036	1.94473612604	1.89830725253	1.89301712932	1.92355528034	1.9837893954	2.0668399657	2.16509097462	2.2702043102	2.37314364487	2.46428827545	2.53371160795	2.5716061588	2.56893443953	2.51826678302	2.41469059609	2.25673205927	2.04716047136	1.79350417386	1.50815506137	1.2080046125	0.913561255982	0.647594551808	0.433440394019	0.293123068127	0.245508374085	0.304690898682	0.478791109843	0.769286919178	1.17093384522	1.6722563489	2.25653420692	2.90314606254	3.58911058221	4.29066198283	4.984701935	5.65001043048	6.26813135739	6.82393530945	7.30582575262	7.70567130453	8.01855672826	8.24237346008	8.37736493763	
8.20963892254	8.08228644873	7.87643051391	7.59968675486	7.2601992803	6.86658480059	6.42787426796	5.95351110125	5.45336016046	4.9376699342	4.41699181652	3.90202148185	3.40334936131	2.93116182527	2.49488741359	2.10283010859	1.76181856862	1.47690420908	1.25116202036	1.08557406315	0.97903244358	0.928448448948	0.928956212162	0.974172369602	1.05648242421	1.16733973438	1.29752208765	1.43735300559	1.57689948828	1.70616353879	1.81528712216	1.89487091258	1.93638345181	1.93268724059	1.8787193356	1.77221089406	1.61438401055	1.41052214774	1.17029176283	0.907694435545	0.640585794802	0.389742401448	0.17751342978	0.0261764692376	-0.0438473566519	-0.0157238108674	0.122312342429	0.375885262002	0.743933471104	1.21873886381	1.78650578939	2.42841866669	3.12204332437	3.84289413173	4.56605170981	5.26763916961	5.92604478566	6.5228312942	7.04330123921	7.47668935874	7.81608615827	8.05813916849	8.20256893777	8.25164585988	8.20963892254	
7.56274124042	7.26440224332	6.89767852167	6.47233338067	5.99833346798	5.48578142652	4.94490362183	4.38610048729	3.81995930572	3.25724290075	2.70878906036	2.18533814527	1.69727511343	1.25427697635	0.864929736788	0.536326077985	0.27368000951	0.0800129537585	-0.0440650847381	-0.100454838716	-0.0935276591333	-0.0299388459823	0.0816671361889	0.231059882396	0.406885260836	0.597141482969	0.789655951056	0.972518215666	1.13448165344	1.26533973187	1.35628769608	1.4003159862	1.39263385916	1.33112049749	1.21677455049	1.05411807039	0.851458240493	0.620927393706	0.378227465072	0.142021019542	-0.0670401765765	-0.227608648353	-0.319154774264	-0.323567030303	-0.226667480231	-0.0194780597203	0.300902536486	0.730912187307	1.26066139768	1.8745678778	2.55243091963	3.27080421975	4.00451803348	4.72825198968	5.41798197198	6.05216532386	6.61266466439	7.08526854566	7.46000174137	7.73101323215	7.89624108423	7.95698559543	7.91727795074	7.78328859487	7.56274124042	
6.417473993	5.96598560236	5.46087084847	4.91349509396	4.33511946724	3.73686910792	3.1297629765	2.52477565353	1.9328567072	1.36491475285	0.83169785598	0.343594897332	-0.0896817493028	-0.459473904688	-0.75861322598	-0.981881226624	-1.12641454253	-1.1920481889	-1.18152497975	-1.10055107784	-0.957665402896	-0.763922676877	-0.532408903095	-0.277611589701	-0.0147044661302	0.241205229951	0.4758071632	0.676259535941	0.831770791692	0.934083556108	0.977865825183	0.96100980308	0.884849982071	0.754289133462	0.577808573167	0.367339616573	0.137945138375	-0.0927164548393	-0.305165496313	-0.479114846837	-0.594670756679	-0.633648784709	-0.580898735209	-0.425506840945	-0.161752785423	0.210281542903	0.684525889144	1.24917115288	1.88735509574	2.57816657123	3.29794436771	4.02169820879	4.72449270146	5.38282601298	5.97576083625	6.4857716855	6.89933332488	7.20717455328	7.40429334184	7.48966355345	7.46577465902	7.33808519948	7.11433861263	6.80396223584	6.417473993	
4.79348448232	4.21783597967	3.60701594374	2.97351980923	2.32948883584	1.6867010037	1.05662266841	0.450461175937	-0.120826731359	-0.646583349951	-1.11659858534	-1.52137475989	-1.85247434794	-2.10296637113	-2.26792513047	-2.34490261129	-2.33438185036	-2.24009957609	-2.06919475802	-1.83215941758	-1.54253047674	-1.21634689988	-0.871375984421	-0.526173083965	-0.199042365742	0.0930133866656	0.335273192965	0.516137510034	0.627778318294	0.666567072684	0.633276398011	0.533058391776	0.37521072959	0.172753564427	-0.0581704315903	-0.299048232825	-0.529882443983	-0.73018725804	-0.880064615451	-0.961303619323	-0.95845805722	-0.859828832174	-0.658270325898	-0.351756093351	0.0563522053345	0.557370630883	1.13768642261	1.77947032425	2.46162298388	3.16092097469	3.85325426614	4.5148320793	5.1233748634	5.65911038341	6.10556258813	6.45010820055	6.68427638616	6.8038188265	6.80847707392	6.70160778043	6.48966602774	6.18157806054	5.7880953906	5.32118762335	4.79348448232	
2.74533365437	2.08402725027	1.40886427889	0.733072992483	0.0693338078558	-0.570226189844	-1.17400126738	-1.73089499401	-2.23034704326	-2.66243611221	-3.01811633722	-3.28949632169	-3.47031919237	-3.55639915418	-3.54618149361	-3.44124707003	-3.24667388247	-2.97131509112	-2.62776679577	-2.23211154352	-1.80331047649	-1.36233520314	-0.931028677381	-0.530812851255	-0.181338857372	0.100799582878	0.303175462885	0.418366143005	0.44445654092	0.385171192359	0.249635075679	0.051793673192	-0.190460816836	-0.456383161685	-0.723607335047	-0.969434158473	-1.17209445876	-1.31192576407	-1.37238619586	-1.34088802339	-1.20941530025	-0.97488921271	-0.639292912271	-0.209543703199	0.302866967941	0.882459505189	1.5105113964	2.16597308618	2.82643317905	3.46914376626	4.07205398802	4.61469484987	5.07904348725	5.45020004887	5.71686103379	5.87161578326	5.91102522968	5.83552403589	5.64910184202	5.35886194826	4.97448244752	4.50759361498	3.97119046486	3.37906889633	2.74533365437	
0.357667592898	-0.343366625966	-1.0347833692	-1.70292530008	-2.3348475856	-2.91835062988	-3.44202383908	-3.89527927117	-4.26849860828	-4.5532267965	-4.74245114689	-4.83103171725	-4.81618063531	-4.69791900841	-4.47964136886	-4.16849154604	-3.77557340141	-3.31600228553	-2.80856126138	-2.27509373579	-1.73950243558	-1.22649028535	-0.760066362393	-0.361970135923	-0.0501448486462	0.162588738208	0.269530500636	0.27067066644	0.172768381535	-0.0110707478589	-0.262284367577	-0.558133467885	-0.873258949391	-1.18137726472	-1.45696593955	-1.67680754458	-1.82129091821	-1.8753716999	-1.82918200464	-1.67831453063	-1.42375870973	-1.07157809028	-0.632386988937	-0.120656479607	0.446075938263	1.04805703738	1.66419400112	2.27291504223	2.85301800132	3.38442321984	3.84890242454	4.23069036358	4.51696157131	4.69823057376	4.76857295547	4.72571062202	4.57091520783	4.30879548453	3.94693444388	3.49543248163	2.966400284	2.37340448748	1.73095779185	1.05403480023	0.357667592898	
-2.25411148499	-2.94341684843	-3.59804856987	-4.2041777411	-4.74885161244	-5.22013452953	-5.60723406206	-5.90070640632	-6.09271382068	-6.17733366639	-6.15102354296	-6.01300535729	-5.76574844491	-5.41546386732	-4.97231400577	-4.45059585819	-3.86863571111	-3.24834293037	-2.61448210411	-1.99357095909	-1.41249980758	-0.896924017263	-0.469569429967	-0.148589266893	0.0538570730513	0.132658296727	0.0903158328408	-0.0630644733398	-0.310367773421	-0.62862257243	-0.990615412646	-1.36681734897	-1.72745349048	-2.04451262254	-2.2935228546	-2.45495032125	-2.51512767572	-2.4666704397	-2.30848023375	-2.04532180679	-1.687106937	-1.24802805198	-0.745541724995	-0.199371051902	0.369468900864	0.939583007628	1.48999202124	2.00084693144	2.45401489837	2.83359254804	3.12630716964	3.32180590422	3.4128934314	3.39563432334	3.26934563283	3.03652039906	2.7026211695	2.27577584775	1.76642130103	1.18688114566	0.55093757078	-0.126609864062	-0.830368386479	-1.5447104867	-2.25411148499	
-4.95473201365	-5.57651558756	-6.13736998143	-6.62359907898	-7.02264723205	-7.32338044373	-7.51641437482	-7.59453667746	-7.55309447521	-7.39043478862	-7.10850203623	-6.71309847503	-6.21420801556	-5.62625199213	-4.96779878655	-4.26130342303	-3.53243748226	-2.80905564916	-2.12000058335	-1.49356523455	-0.955849142393	-0.529052959798	-0.229878670279	-0.0681845915062	-0.0460426503332	-0.157322666522	-0.387882801451	-0.716372909866	-1.11562702538	-1.55453548047	-2.0002257016	-2.42035334849	-2.785284287	-3.06998578109	-3.25544107085	-3.32950236413	-3.28714662425	-3.130245845	-2.86687755834	-2.51033093356	-2.07795719413	-1.58995078134	-1.06814994258	-0.534941493099	-0.0123046795943	0.479015560328	0.920137896346	1.29455844485	1.58848123886	1.79107248615	1.89458918758	1.89439005007	1.78892494954	1.57960239522	1.2706070968	0.868675863103	0.382803253618	-0.176066852377	-0.795374389386	-1.46126715399	-2.15893880405	-2.8729441724	-3.58746510068	-4.2866231165	-4.95473201365	
-7.58974028213	-8.08510184477	-8.49248127049	-8.79884759851	-8.99282275015	-9.06518575696	-9.00941925126	-8.82236572824	-8.50476802077	-8.06174337798	-7.50322163285	-6.84404149105	-6.10378567223	-5.30639689095	-4.47936291016	-3.65267599558	-2.8575331359	-2.12479801574	-1.48337806207	-0.958533413905	-0.570267273593	-0.331912523381	-0.249046264255	-0.31885508749	-0.530054332572	-0.863402747853	-1.29281239393	-1.78701664746	-2.31162174151	-2.83140933655	-3.31271875239	-3.7256107865	-4.04567294396	-4.25530700738	-4.34442704912	-4.31054211116	-4.15831205026	-3.89868611925	-3.54774417982	-3.12540081904	-2.65405274034	-2.15730101195	-1.65877453592	-1.18109613484	-0.745054210037	-0.368946447625	-0.0681195940729	0.145323504958	0.262663708046	0.278541498876	0.190864267308	0.000613336170596	-0.288433317294	-0.669988221761	-1.13558152499	-1.67490036288	-2.27608762095	-2.92605134266	-3.61072887324	-4.31529389526	-5.02436568792	-5.72221428118	-6.3929409873	-7.0206544282	-7.58974028213	
-9.9899920239	-10.2974540869	-10.4900279319	-10.5564950293	-10.4882287033	-10.2799281319	-9.93046043422	-9.44341745968	-8.82779812496	-8.09837279411	-7.27539041652	-6.38437319244	-5.45519927068	-4.52083243187	-3.61585157082	-2.77468820134	-2.02980658123	-1.40987713395	-0.938079667461	-0.630636692955	-0.495692892201	-0.532629445807	-0.731914551156	-1.07552720256	-1.53795893276	-2.08775920665	-2.68949871699	-3.30600730609	-3.90076285366	-4.44012480394	-4.89530647225	-5.2439509467	-5.47109830277	-5.56960614064	-5.53998790006	-5.38977763674	-5.13255753192	-4.78669367373	-4.3740305535	-3.91854550003	-3.44503259484	-2.97794073876	-2.54034249688	-2.15307855521	-1.834080388	-1.59789218522	-1.45537986484	-1.41363400858	-1.47604703519	-1.64248546918	-1.90961613554	-2.27128572214	-2.71893973296	-3.24206684874	-3.82860117283	-4.46530452411	-5.13808254298	-5.83223041673	-6.53257948758	-7.22368329041	-7.88984400992	-8.51524211724	-9.08410476071	-9.580752761	-9.9899920239	
-11.9774655044	-12.0349672312	-11.9532096633	-11.7250283487	-11.3472454483	-10.8216427055	-10.155742924	-9.36317685536	-8.46398138395	-7.48445985955	-6.45610305272	-5.41462123336	-4.39818478002	-3.44539974211	-2.59324721205	-1.87487836234	-1.31765574146	-0.941433275784	-0.757276855837	-0.766676437218	-0.961356652523	-1.3237021824	-1.82780330862	-2.44105234799	-3.1262126482	-3.84373220922	-4.55419392493	-5.22067335833	-5.81074364602	-6.29816675383	-6.66399894662	-6.89710783966	-6.99424299836	-6.95952107087	-6.80361719427	-6.54269906817	-6.19713588365	-5.79021181644	-5.34689791879	-4.89258614258	-4.45201894693	-4.04833231289	-3.70213930233	-3.43095913942	-3.24866146315	-3.16518484297	-3.18642161462	-3.31425879883	-3.54683830085	-3.87889220524	-4.30218946018	-4.80604485383	-5.37787024211	-6.00362360064	-6.6683442332	-7.35641513675	-8.05193844833	-8.738932963	-9.40136084545	-10.023258862	-10.5887328702	-11.0820421473	-11.4877362822	-11.790885994	-11.9774655044	
-13.369282275	-13.1204099618	-12.7153697415	-12.1545381678	-11.4440214927	-10.5964049919	-9.63099989649	-8.57389482815	-7.45729220721	-6.31845441237	-5.19808416415	-4.13828817726	-3.18029526079	-2.36201945363	-1.71572110254	-1.26592376677	-1.02777020297	-1.00594886084	-1.19428736056	-1.57605607422	-2.12499950938	-2.80701391732	-3.58235493774	-4.40822064651	-5.24143446287	-6.04104241196	-6.77058883161	-7.39992811527	-7.90639491596	-8.27540991879	-8.50056537233	-8.58314004913	-8.53132117137	-8.35918816574	-8.08548540416	-7.73244534874	-7.32453577607	-6.88731403273	-6.44634386926	-6.02616378825	-5.64951494778	-5.33643827518	-5.10375908825	-4.96457008756	-4.92790405992	-4.99867083586	-5.17761289768	-5.46156456069	-5.84380770077	-6.31452148163	-6.86125665983	-7.46959466831	-8.12363293412	-8.80652517832	-9.50093598017	-10.1893285683	-10.8543140983	-11.4787022946	-12.0456939822	-12.5389036225	-12.9423948227	-13.2408381705	-13.4198387323	-13.4663510262	-13.369282275	
-14.0012210874	-13.4068467192	-12.6547703569	-11.7570909041	-10.7329634039	-9.60836322031	-8.41601335423	-7.19397572123	-5.98440443727	-4.8315756041	-3.77957604898	-2.8699207058	-2.13902174879	-1.61588434522	-1.32010472031	-1.2604361991	-1.43400974104	-1.82634167987	-2.41213551539	-3.15686277157	-4.01899487656	-4.95269867853	-5.91082610104	-6.84784979601	-7.72246695672	-8.49979193463	-9.15275856156	-9.66294155996	-10.0206169011	-10.2242830546	-10.2799153272	-10.1997500756	-10.001165702	-9.70548943744	-9.33661255284	-8.92001607045	-8.48167816011	-8.04706634911	-7.64033461577	-7.28343583581	-6.99558626706	-6.79263836724	-6.68665771523	-6.68564312639	-6.79345756207	-7.00982075149	-7.33049176259	-7.74762243949	-8.25016309813	-8.82441589797	-9.45451025287	-10.1230006305	-10.8113965992	-11.5005653122	-12.1712183152	-12.8041881281	-13.3807107228	-13.882611404	-14.2924114178	-14.5935820707	-14.7708063013	-14.810302825	-14.7003983457	-14.4323869133	-14.0012210874	
-13.7598578071	-12.8173678505	-11.7400550093	-10.5548389963	-9.29544694956	-8.00127675775	-6.71606732184	-5.48574133354	-4.35630799608	-3.3715004073	-2.57031948083	-1.98474478076	-1.63766168366	-1.54124331692	-1.69590335217	-2.08999017673	-2.70028043335	-3.4932924712	-4.42733332331	-5.45513861228	-6.52690769603	-7.59334934296	-8.60869860851	-9.53318739761	-10.3348049913	-10.9905355662	-11.486496172	-11.81776657	-11.9875649816	-12.0059167649	-11.8886798293	-11.6560428845	-11.3313193039	-10.9398970616	-10.5080154694	-10.061917288	-9.62691782266	-9.22661337501	-8.88224577622	-8.61204545188	-8.43062711057	-8.3488795668	-8.37363365409	-8.5075233463	-8.74913305048	-9.09314364972	-9.53069989455	-10.0497704148	-10.6356509266	-11.2714406014	-11.9385050673	-12.6170281965	-13.2865277759	-13.9260802572	-14.5147049364	-15.0318962489	-15.4577944808	-15.7735689897	-15.9617437604	-16.0067458414	-15.8955276038	-15.618224857	-15.1692165809	-14.5479404742	-13.7598578071	
-12.6289309882	-11.3918762722	-10.0734744925	-8.71533446639	-7.36347162593	-6.06629472174	-4.87206874282	-3.8266312345	-2.97085218164	-2.33844658514	-1.95404438769	-1.83160716648	-1.97342970929	-2.36973276967	-2.99901053635	-3.82913382318	-4.81918541752	-5.9219381936	-7.08668976144	-8.26238408338	-9.40048201166	-10.4577391366	-11.3980842716	-12.1941186684	-12.8276438342	-13.2896625107	-13.5797076403	-13.7047671931	-13.6782639323	-13.5185537008	-13.2477024142	-12.8904140976	-12.4728504858	-12.02172131	-11.5632933148	-11.1227155469	-10.7230195965	-10.3846705751	-10.1250703796	-9.95771750027	-9.89223852604	-9.9341156526	-10.0847474392	-10.3413932762	-10.6975863242	-11.1432714612	-11.6654123247	-12.2484258824	-12.8743945137	-13.5239189331	-14.1761658345	-14.8094688846	-15.4017345134	-15.9305867181	-16.373976682	-16.7105245399	-16.9200697219	-16.9842889298	-16.8875277823	-16.6177193583	-16.1673822902	-15.5346920823	-14.7245427942	-13.7491891963	-12.6289309882	
-10.7383314129	-9.32770159686	-7.91835498294	-6.56185087408	-5.30976875266	-4.21097750243	-3.30899563286	-2.63958507651	-2.22881783849	-2.09160525116	-2.23082227665	-2.63707414042	-3.28912544341	-4.15505841502	-5.19407902219	-6.35892819536	-7.59865705076	-8.86160654969	-10.0982820606	-11.2638162641	-12.3201318835	-13.2371020067	-13.9935635948	-14.5770836021	-14.9836158313	-15.2168389693	-15.2868188112	-15.2091405665	-15.003610983	-14.6930934658	-14.3026787344	-13.8586547171	-13.3875018607	-12.9152468459	-12.4664903533	-12.0637747824	-11.7269323742	-11.472278007	-11.3125244149	-11.2562313249	-11.3076232615	-11.4668422849	-11.7298168957	-12.0887586599	-12.5324994885	-13.0467585067	-13.6147868799	-14.2178825094	-14.8356059148	-15.4463381011	-16.0275708294	-16.5562070288	-17.0089879836	-17.3627889506	-17.5953044726	-17.6856473888	-17.61528146	-17.3691574117	-16.9369122057	-16.3141702153	-15.5037979729	-14.5168832049	-13.3732118002	-12.1014200643	-10.7383314129	
-8.37650057472	-6.97404029752	-5.67310750621	-4.52625355869	-3.58064026078	-2.87532362503	-2.43901078654	-2.28841869956	-2.42738288543	-2.84668990656	-3.52468658914	-4.42860612827	-5.51659131461	-6.74019547737	-8.0473628296	-9.38535743764	-10.7037871221	-11.9569687437	-13.1059471411	-14.1197714536	-14.9757821108	-15.660143658	-16.1666139871	-16.4963528839	-16.6569465578	-16.6608156704	-16.5249961127	-16.2699803532	-15.9186174026	-15.4953325443	-15.0258635566	-14.5359558522	-14.0505832793	-13.5936942713	-13.1869850816	-12.8492724142	-12.5962164074	-12.4396069901	-12.3870041763	-12.4417053709	-12.6026597623	-12.8646326858	-13.2185441686	-13.6519718665	-14.1494426125	-14.6929190038	-15.2627244128	-15.8371235338	-16.3937196588	-16.90904876	-17.3592131224	-17.7205581023	-17.9692612774	-18.0831578231	-18.0414891343	-17.8267598842	-17.4258840097	-16.8314158473	-16.0433943011	-15.07027705	-13.9299615074	-12.649945356	-11.2669255916	-9.82554999208	-8.37650057472	
-5.96297272127	-4.78031100684	-3.79724033214	-3.05652774462	-2.59052353562	-2.41920543432	-2.54894199934	-2.97215624895	-3.66784366824	-4.60296482456	-5.73459449267	-7.01267706774	-8.38313907552	-9.79122377537	-11.1845176452	-12.5156640008	-13.7444810479	-14.8388793286	-15.7758249231	-16.5407508439	-17.1267852197	-17.5344366154	-17.7695883539	-17.8432454815	-17.7704712725	-17.569153289	-17.2599698653	-16.8652481025	-16.4087164557	-15.9146887601	-15.4076177072	-14.9112056161	-14.4479275973	-14.038398529	-13.7002946668	-13.4481721895	-13.292739548	-13.2408235864	-13.2947634224	-13.4524447771	-13.7077837976	-14.0505819964	-14.467274864	-14.9412395638	-15.4531968331	-15.9820620972	-16.5052335994	-16.9987509808	-17.4383494639	-17.7994057823	-18.0575503256	-18.1894544017	-18.173169979	-17.9898123377	-17.624290489	-17.0670078443	-16.3153858791	-15.3752090691	-14.2617984505	-13.0003625185	-11.6259289925	-10.1822495296	-8.72007260649	-7.29467548606	-5.96297272127	
-3.96311595994	-3.19506234424	-2.70002356502	-2.50153160689	-2.60956235887	-3.01980706747	-3.71388735781	-4.66047762893	-5.81733256996	-7.13402500216	-8.55520437866	-10.0240526474	-11.4857240798	-12.8901557607	-14.1945615676	-15.3647988875	-16.3758944874	-17.2121993691	-17.8661206798	-18.3375410544	-18.6321364775	-18.7604322603	-18.736659159	-18.5776265069	-18.3028076144	-17.9330849699	-17.4903856479	-16.9974452195	-16.4774586956	-15.9532954986	-15.4470197633	-14.9793945392	-14.5693636511	-14.2330460233	-13.9834150526	-13.8302294265	-13.7789282807	-13.8307837984	-13.9829311966	-14.2282683611	-14.5558527258	-14.9511113928	-15.3963877772	-15.8715594317	-16.3541382119	-16.8203087875	-17.2450344513	-17.6029441469	-17.8685949666	-18.0173422874	-18.0264021227	-17.8751391461	-17.5473113338	-17.0317621047	-16.3241326259	-15.4283054131	-14.3573324965	-13.1342788141	-11.7919866458	-10.3723658474	-8.92476504809	-7.50375443318	-6.16629233097	-4.96863350267	-3.96311595994	
-2.76931703166	-2.54506471618	-2.62510890023	-3.00864802289	-3.68095258158	-4.61412003194	-5.76873962077	-7.096317805	-8.54235433804	-10.0497419588	-11.5622521051	-13.0276520575	-14.4003348766	-15.6430375794	-16.7278738121	-17.6362521926	-18.3585429866	-18.8929264029	-19.2436761152	-19.4209222305	-19.4382789214	-19.312479313	-19.0625170361	-18.7086692167	-18.2726546598	-17.7765200832	-17.2425884062	-16.6930786213	-16.1496742242	-15.63280863	-15.16155651	-14.7529168717	-14.4210575842	-14.1771262443	-14.0289923678	-13.9807660366	-14.0323546111	-14.1796289827	-14.4146638203	-14.7255738766	-15.0970376355	-15.5106667164	-15.945453717	-16.37796222	-16.7834722649	-17.1359917322	-17.4092406445	-17.5774703677	-17.6158239173	-17.5025572216	-17.219355857	-16.7532378496	-16.0981635397	-15.2561843192	-14.2387227041	-13.0670369516	-11.7722606377	-10.3945699344	-8.98173104367	-7.58691394527	-6.26605406435	-5.07486006669	-4.06574925499	-3.28485359102	-2.76931703166	
-2.59477859224	-2.94523249593	-3.5827077157	-4.48288250336	-5.61005196705	-6.91921230731	-8.35872115515	-9.87342529685	-11.4078749045	-12.9094718782	-14.3310362977	-15.6329761533	-16.7842713174	-17.7630423905	-18.5562285006	-19.1585415921	-19.5721488692	-19.8044089352	-19.8675182485	-19.7772177861	-19.5517250277	-19.2113620907	-18.777548362	-18.2727765191	-17.7195317396	-17.1403410343	-16.5571940904	-15.9909639135	-15.4611257108	-14.9851188229	-14.5781179385	-14.2525085252	-14.0171627928	-13.877885921	-13.8367886121	-13.8919437138	-14.0377648154	-14.2649765335	-14.5607147637	-14.9087280255	-15.2899376446	-15.6827491599	-16.0633334126	-16.4060834937	-16.6848642365	-16.87313559	-16.9451778806	-16.8773280751	-16.6491801873	-16.2455518423	-15.6576389621	-14.8850509327	-13.9367125414	-12.8316566194	-11.5991316248	-10.2776243053	-8.91349961801	-7.55874832172	-6.26833993902	-5.09726441615	-4.09752970578	-3.31524175736	-2.78804496152	-2.54295118322	-2.59477859224	
-3.41639048219	-4.27025068494	-5.35197564175	-6.62005360386	-8.02632551217	-9.51873261063	-11.0442582078	-12.5517283253	-13.994397764	-15.3317972263	-16.5311848472	-17.5680366573	-18.4260823534	-19.0967855268	-19.578244908	-19.874823409	-19.9954405488	-19.9532007102	-19.7643856685	-19.4476400535	-19.0239393356	-18.5152759701	-17.9444826642	-17.3349349994	-16.7095873221	-16.0905600051	-15.4987897261	-14.9530937699	-14.4701689767	-14.0637748864	-13.7443159603	-13.5189990218	-13.3913053402	-13.3611134359	-13.4243357891	-13.5733738147	-13.7972337596	-14.081545308	-14.4090449211	-14.7597258253	-15.1114043484	-15.4398569579	-15.7198381928	-15.9251728801	-16.0300481134	-16.0102569533	-15.8438273763	-15.5135170041	-15.0078776652	-14.3230339132	-13.4645141258	-12.4477023823	-11.2984564365	-10.0524477002	-8.75372823012	-7.45268488613	-6.20326554955	-5.05998769894	-4.07483180138	-3.29428361123	-2.7566966881	-2.49017904142	-2.51101725921	-2.8228266427	-3.41639048219	
-4.99465620136	-6.20367691341	-7.55641952585	-9.00374928612	-10.4952485747	-11.9818483204	-13.4181782034	-14.7643399149	-15.9872383414	-17.0610388423	-17.9675466345	-18.6954468093	-19.239882312	-19.6018513533	-19.7865961939	-19.8040905697	-19.6670744916	-19.3915674143	-18.9960286262	-18.5006067576	-17.9275893652	-17.2996921497	-16.6405425715	-15.9735201486	-15.3210932364	-14.7043706414	-14.1423260108	-13.6511650289	-13.2438523074	-12.929807682	-12.7145384368	-12.5995527145	-12.5825906592	-12.6574439997	-12.8141386367	-13.0396530617	-13.317797508	-13.6295982439	-13.9541226112	-14.2684738823	-14.5482539849	-14.7683630507	-14.9039820613	-14.9308629863	-14.8270512119	-14.5743270879	-14.1592255589	-13.5753723783	-12.8244196687	-11.9174876384	-10.8757294278	-9.73007582212	-8.52041966848	-7.29367099005	-6.10139751708	-4.99679798968	-4.03160605035	-3.25298201859	-2.7007294088	-2.40496623727	-2.38442579378	-2.64542037248	-3.18160406004	-3.97448455441	-4.99465620136	
-6.9555267936	-8.33784011869	-9.77544687697	-11.2209933066	-12.630267928	-13.9640614469	-15.1892671625	-16.2795922129	-17.2156345796	-17.9845296543	-18.5793306055	-18.9983323384	-19.2442872575	-19.3237076399	-19.2464584809	-19.0251782417	-18.67509389	-18.2136750648	-17.6603909874	-17.0364736999	-16.3642674975	-15.6669724171	-14.9679458798	-14.2897320679	-13.6535264503	-13.0784498854	-12.5805921236	-12.17274008	-11.8636416813	-11.6577592293	-11.5554060641	-11.5524059132	-11.6405527268	-11.8078888925	-12.039032539	-12.3157920722	-12.6175085969	-12.9216781782	-13.2045832347	-13.4417534833	-13.6087380783	-13.6821049661	-13.6402158951	-13.4647007508	-13.1416463615	-12.6629043752	-12.0277058296	-11.243470082	-10.326707974	-9.30300548559	-8.20655559664	-7.0788961041	-5.96692493105	-4.92040514291	-3.98907153738	-3.219649031	-2.65297916917	-2.32151528391	-2.24732795768	-2.44077085681	-2.89989650071	-3.61063564237	-4.5477902198	-5.67670774249	-6.9555267936	
-8.90089239466	-10.2848746036	-11.6484176216	-12.9523810155	-14.1633425065	-15.2541671161	-16.2043202227	-16.9995356643	-17.631239748	-18.095860332	-18.3941119995	-18.5302650628	-18.511655757	-18.3482559576	-18.0525122412	-17.6388755722	-17.1239383175	-16.5262147901	-15.8656618603	-15.1638319653	-14.4429039507	-13.7254252316	-13.0336223193	-12.3883535702	-11.808545478	-11.3101962793	-10.9058679031	-10.6040470393	-10.4088412941	-10.3194876952	-10.3307348134	-10.4330049285	-10.6125330213	-10.8521264769	-11.1316147215	-11.428612808	-11.7191750773	-11.978653967	-12.1824423137	-12.3068320455	-12.3302167229	-12.2339948237	-12.0038113017	-11.6307658949	-11.1124554025	-10.4539338477	-9.66815208674	-8.77626774923	-7.80711968323	-6.79640840267	-5.78516892391	-4.81788086281	-3.94010954948	-3.19595253396	-2.62543146202	-2.26202692958	-2.13057302984	-2.24563050327	-2.6105259611	-3.21707439135	-4.04603188126	-5.06839150445	-6.24714647159	-7.53978647312	-8.90089239466	
-10.5039340576	-11.7593089686	-12.9401418492	-14.0180276213	-14.9706805059	-15.7818474978	-16.4410231621	-16.9426391498	-17.2854568654	-17.4718611882	-17.5072141742	-17.3994733155	-17.1588187262	-16.7976147286	-16.330046397	-15.771943587	-15.1409189647	-14.4561036847	-13.7377820948	-13.0070784584	-12.2854580246	-11.5940448576	-10.9529400226	-10.3803486215	-9.89183758071	-9.49950470799	-9.21142485234	-9.03131573492	-8.95799323278	-8.98548428934	-9.10322594247	-9.29637834179	-9.5463704308	-9.83164527502	-10.12838159	-10.4115468703	-10.6558036448	-10.8365271933	-10.9311058754	-10.9198145219	-10.7871531053	-10.5229534915	-10.123187288	-9.59088619319	-8.93638233519	-8.17740469538	-7.3386874817	-6.4510272342	-5.55013233261	-4.67503093879	-3.86622269999	-3.16365484759	-2.60459139939	-2.22151723017	-2.04019430646	-2.07803568873	-2.34290751804	-2.83249898275	-3.53430135763	-4.42628048337	-5.47816800903	-6.65323794897	-7.91072805772	-9.20817753642	-10.5039340576	
-11.5580341648	-12.6059094419	-13.5475008965	-14.3643065902	-15.0431488743	-15.5759353761	-15.9589789913	-16.1923403702	-16.2793078074	-16.2259090295	-16.0404528387	-15.7333149244	-15.3167610965	-14.8047827229	-14.2130179309	-13.5585262133	-12.8596795564	-12.1359142884	-11.4072966513	-10.6941508496	-10.0164247486	-9.3930376474	-8.84109775842	-8.37514763651	-8.00650718722	-7.74256037204	-7.58628627351	-7.53595122015	-7.58508025622	-7.72243989146	-7.9324850794	-8.19584709461	-8.49011565692	-8.79079558268	-9.07223311955	-9.30895259072	-9.47687388611	-9.55451724554	-9.52437463005	-9.37397389761	-9.09689472392	-8.69350868515	-8.17127698256	-7.54478701698	-6.83519351541	-6.06941609351	-5.27894900219	-4.49835360531	-3.76368970559	-3.11081165393	-2.57363680751	-2.18246621525	-1.96239314091	-1.93189869734	-2.10170692444	-2.47402893578	-3.04224301411	-3.79113334369	-4.69761180086	-5.73201980823	-6.85986599905	-8.04367641706	-9.24538390724	-10.4280894703	-11.5580341648	
-11.9860354224	-12.7932696035	-13.4800841671	-14.0355787344	-14.4531613788	-14.730143576	-14.8672659465	-14.8681879807	-14.7390560103	-14.4882492899	-14.1261839217	-13.6650250538	-13.1186901151	-12.5025672788	-11.833468125	-11.1293643755	-10.4090844274	-9.69203672259	-8.99758046513	-8.34457559654	-7.75075074899	-7.23199506813	-6.80159033532	-6.46964523952	-6.2424175543	-6.12185818843	-6.10537169157	-6.18558346697	-6.35059977452	-6.58423460986	-6.86661311489	-7.17495431387	-7.48454149834	-7.76991671815	-8.00613374655	-8.1701737495	-8.24230225199	-8.20732589588	-8.05574972903	-7.78453377569	-7.39752236376	-6.90552412915	-6.32587877453	-5.68163111669	-5.00038990159	-4.31295686587	-3.65177694212	-3.04939015588	-2.5369062473	-2.14255678626	-1.89039200764	-1.79911950003	-1.88113131285	-2.14178673009	-2.57900533979	-3.18323484716	-3.93785071086	-4.81996336427	-5.80163808318	-6.85142201404	-7.93601458873	-9.02206454531	-10.0777051565	-11.0740225615	-11.9860354224	
-11.8090992984	-12.3749839884	-12.8178547524	-13.1322391947	-13.3160707073	-13.3703334656	-13.2987193405	-13.1073230152	-12.8043497675	-12.4000018923	-11.9061966726	-11.3365800901	-10.7063898055	-10.0321180616	-9.33146472785	-8.62288592956	-7.92526396582	-7.25738734762	-6.63735653678	-6.08194577207	-5.60597795354	-5.22157854531	-4.93755757689	-4.75887310229	-4.68615896299	-4.71554292022	-4.83847421339	-5.04197265821	-5.3089926382	-5.61901513294	-5.94895516606	-6.27418030175	-6.56974595732	-6.81180267055	-6.97898452569	-7.05374834768	-7.02362234644	-6.88208313114	-6.6291522449	-6.27156375234	-5.82241005111	-5.30050659225	-4.72934637587	-4.13581276953	-3.5488084787	-2.99778620421	-2.51136007344	-2.1160101287	-1.834922348	-1.68696960288	-1.68587940552	-1.8395714188	-2.14972357089	-2.61158480497	-3.21414072422	-3.94055588902	-4.76901850857	-5.67392130501	-6.62703224056	-7.59913016327	-8.56133897191	-9.48632259081	-10.349428523	-11.1294656429	-11.8090992984	
-11.1095399758	-11.4512902978	-11.6741023429	-11.7764345114	-11.7596021485	-11.6273019179	-11.3855530601	-11.0424085248	-10.607724825	-10.0931562401	-9.51193243323	-8.87881406426	-8.20990953138	-7.52246458238	-6.83450226739	-6.16443734287	-5.53056845722	-4.95044581535	-4.44022456209	-4.01393711573	-3.68284137306	-3.45473131194	-3.33338818894	-3.31817094274	-3.4037908566	-3.58030396563	-3.83334343021	-4.14460845584	-4.49259772155	-4.85361379348	-5.20294760147	-5.51619565226	-5.77072060181	-5.94704464095	-6.03013120509	-6.01042187463	-5.88449978164	-5.65537398507	-5.33224535791	-4.9298994278	-4.46781272462	-3.96894857751	-3.45848173414	-2.96252469408	-2.50688947895	-2.11596791386	-1.81174632358	-1.61293972127	-1.53426928609	-1.58585686117	-1.77275713144	-2.09466259791	-2.54581614035	-3.11517104159	-3.7868568199	-4.54089055915	-5.3541891059	-6.20178089312	-7.05789369786	-7.89730579586	-8.69635797734	-9.43371716693	-10.0910780625	-10.6534939192	-11.1095399758	
-9.99947973458	-10.1430970916	-10.1755841677	-10.098588322	-9.91616073654	-9.63444832935	-9.26147779564	-8.80703053844	-8.28246709054	-7.70058817957	-7.07560674562	-6.42300410614	-5.75928795928	-5.10178891172	-4.46822414782	-3.87621586828	-3.34273728392	-2.88337495144	-2.51161697272	-2.2381453031	-2.07009708456	-2.01046435497	-2.05766690129	-2.20527976845	-2.44205429984	-2.75219448026	-3.115967455	-3.51059214178	-3.91138558001	-4.2931415777	-4.63162507352	-4.90510970191	-5.09580163425	-5.19103449481	-5.18411253536	-5.07469049677	-4.86866059146	-4.57759072037	-4.21781163318	-3.80917571377	-3.37377837261	-2.93473578016	-2.51503125204	-2.1365758928	-1.8194431685	-1.58124864995	-1.43665249262	-1.39692624784	-1.46956874175	-1.6579752446	-1.96119231502	-2.37378986804	-2.88594173705	-3.48372254648	-4.14965513375	-4.8635288111	-5.60333471843	-6.34634040593	-7.07016859829	-7.75370125115	-8.37788079301	-8.92632741612	-9.38566630446	-9.74571188369	-9.99947973458	
-8.59469877628	-8.5695153047	-8.44335082548	-8.22069940442	-7.90815385153	-7.51414137211	-7.04861153805	-6.52291935264	-5.9496804114	-5.34260238797	-4.71643473401	-4.08679447529	-3.46995737897	-2.88257239912	-2.34122731028	-1.86192994334	-1.45946637352	-1.14668284813	-0.933739932853	-0.827339032901	-0.830060074613	-0.939819456764	-1.1495479079	-1.44714338287	-1.8157649114	-2.23448157321	-2.67926763958	-3.12433350182	-3.54368729989	-3.91281431269	-4.21036662369	-4.41967135601	-4.52986592501	-4.53660761288	-4.44221118672	-4.25521447523	-3.98943174812	-3.66267254955	-3.29529543102	-2.9087761663	-2.52442067507	-2.16236377172	-1.84089960422	-1.57605663076	-1.38137501359	-1.26779146564	-1.243537874	-1.31400638816	-1.48156052349	-1.7453098148	-2.10093420754	-2.54056541635	-3.05289135234	-3.62345650167	-4.23512789583	-4.86893031776	-5.50484870145	-6.12273697073	-6.70333587016	-7.22898072525	-7.68426475152	-8.05655362507	-8.33622232368	-8.51675613738	-8.59469877628	
-7.00824836326	-6.84483352629	-6.59234587544	-6.25797521813	-5.85077035988	-5.38126523893	-4.86123122584	-4.30341628871	-3.72136763918	-3.12930103535	-2.54195264646	-1.97443423361	-1.44201323898	-0.959822135669	-0.542431530664	-0.20332675023	0.0457176456454	0.195371323879	0.239494858588	0.175861450238	0.00678415569982	-0.260463356368	-0.6135130299	-1.03511145999	-1.50374708712	-1.99468853158	-2.48138232181	-2.93718181513	-3.33716783982	-3.65999302558	-3.88949928397	-4.01587477582	-4.03631052396	-3.95498664557	-3.78240727322	-3.53419733372	-3.22953832942	-2.889442791	-2.53514586053	-2.18676897625	-1.8623622368	-1.57738223954	-1.34453610924	-1.17389507502	-1.07313377466	-1.04776817935	-1.10129566373	-1.2351881769	-1.44874755753	-1.73887087985	-2.09982001544	-2.52306086025	-2.99729372087	-3.50867878941	-4.04126408416	-4.57769625053	-5.09997018997	-5.59027427416	-6.03186820103	-6.40979513964	-6.71150493902	-6.92728038783	-7.05047473261	-7.07760637828	-7.00824836326	
-5.3401236922	-5.06941472283	-4.72312594428	-4.31095546139	-3.84420784994	-3.33538114397	-2.79778453317	-2.24523529742	-1.69182661758	-1.15173766024	-0.639079541541	-0.167736018637	0.248834090586	0.597878676444	0.867729636386	1.04829497708	1.13165344233	1.11273492915	0.99001902604	0.766167706858	0.448518480711	0.0493130063331	-0.41441395289	-0.921366031145	-1.44695972683	-1.96471403887	-2.44798488191	-2.87186378785	-3.21508903416	-3.46174562465	-3.60248507924	-3.63518298817	-3.56490866982	-3.40317079046	-3.1665881541	-2.87516247272	-2.55040786693	-2.21357512716	-1.88419660637	-1.57910479686	-1.31194440217	-1.0931472433	-0.930250601741	-0.828395273094	-0.790841544369	-0.819374852732	-0.914514002965	-1.07550281509	-1.30010993816	-1.58433641939	-1.92209192355	-2.3050002917	-2.7223238744	-3.16115986514	-3.60684946232	-4.04354746733	-4.45499647805	-4.82534606733	-5.13993527505	-5.38604233607	-5.55349030151	-5.63504790435	-5.6266836951	-5.52760177225	-5.3401236922	
-3.67751075668	-3.32999956027	-2.92177340714	-2.46478595856	-1.97232539255	-1.45849935649	-0.937780240091	-0.424609894914	0.066898448685	0.523187595327	0.931435778467	1.27971332469	1.5571640889	1.75423965725	1.86301714473	1.87763783384	1.79482334294	1.61441758956	1.33997738725	0.979211180681	0.544235097062	0.0515466428719	-0.478416030518	-1.02211086063	-1.55416849501	-2.04900293665	-2.48264005137	-2.83456535132	-3.08939744448	-3.23813471496	-3.27883425173	-3.21662879368	-3.0630221772	-2.83459784116	-2.55130382719	-2.23454883038	-1.90538278328	-1.5829767086	-1.28355028812	-1.01984221916	-0.801084701071	-0.633366326846	-0.520244540486	-0.463427466991	-0.463370218781	-0.519678976772	-0.631265315289	-0.796263777357	-1.01175750153	-1.27342405432	-1.57517303172	-1.90892141829	-2.2645044747	-2.62986290265	-2.99141904849	-3.33464650274	-3.64482496396	-3.90780546841	-4.11082868264	-4.24322614117	-4.29700483814	-4.26727298917	-4.15243943793	-3.95422538481	-3.67751075668	
-2.09041158722	-1.69565505752	-1.25616955669	-0.785782009309	-0.299323518206	0.187964721719	0.660985675179	1.10524190771	1.50720427932	1.8545807488	2.13650951879	2.34373238216	2.46873716088	2.50594729545	2.45196309225	2.30587733744	2.06964495869	1.74843159029	1.35094640778	0.889607972143	0.380481364111	-0.157080342497	-0.701167444357	-1.22839801266	-1.71532140109	-2.14002213175	-2.48376529712	-2.732501261	-2.87802071053	-2.91860757123	-2.85910445765	-2.71032220581	-2.48790114236	-2.21076361249	-1.8993461876	-1.57387138423	-1.25284847988	-0.951983470035	-0.683577510176	-0.456412008178	-0.2760529411	-0.145427397154	-0.0655282182124	-0.0360865159379	-0.05609182033	-0.124085969443	-0.238210925139	-0.396039199376	-0.594256684777	-0.828292695218	-1.09198129365	-1.37735748995	-1.6746288721	-1.97236139605	-2.25788539499	-2.51787075202	-2.73904435378	-2.90896013032	-3.01675018944	-3.05382483139	-3.01441034434	-2.89592552425	-2.69916016116	-2.42823902277	-2.09041158722	
-0.628968450332	-0.214651823261	0.227611847734	0.682631034394	1.13460283636	1.56778746322	1.96711329388	2.31871082046	2.61031815817	2.83159412347	2.97434948412	3.03268804731	3.00313520422	2.88473783368	2.67920041034	2.39102548179	2.02759314046	1.59927066908	1.11938759017	0.60403090477	0.0716649862089	-0.457538260275	-0.962618891683	-1.42298268449	-1.81970149108	-2.13684174987	-2.36267360744	-2.49059569358	-2.51966835097	-2.45464686072	-2.30550070091	-2.08646177467	-1.81472097935	-1.50892898718	-1.18767872295	-0.868178764471	-0.565229114158	-0.290607906746	-0.0528814524852	0.142413078101	0.292306617806	0.395788764343	0.453181701631	0.465612078567	0.434654751827	0.362191687759	0.250476573189	0.102352497227	-0.0784302326868	-0.286889017895	-0.516553394311	-0.75934209553	-1.00560745879	-1.24439348569	-1.46385870373	-1.65185601133	-1.79663633315	-1.88756101522	-1.9158122455	-1.87501625658	-1.76172429514	-1.57572634817	-1.32016577056	-1.00144934759	-0.628968450332	
0.674350492983	1.08303310068	1.5025177818	1.9168806638	2.3100564941	2.66655658997	2.97211455655	3.21426745656	3.38278095231	3.47000002975	3.47109483104	3.3841616364	3.21029417273	2.9535643791	2.62097050727	2.22230774174	1.76995916201	1.27862971635	0.764957845633	0.2469735809	-0.256574726965	-0.72704562345	-1.14685023171	-1.50045088967	-1.77533358146	-1.96285097243	-2.05883176654	-2.06387168345	-1.98325486244	-1.82648751312	-1.60649535561	-1.33855772967	-1.03910315197	-0.724506151528	-0.410006889392	-0.108876166964	0.168111160706	0.412878277376	0.619944904594	0.786100438452	0.909937273097	0.991349686648	1.03109270177	1.0304547198	0.991104862804	0.915089095829	0.804975075705	0.664088955004	0.496770813124	0.30861079307	0.106586675232	-0.100930538717	-0.304331211727	-0.493084484717	-0.656206904483	-0.782843336986	-0.862915205738	-0.887788416977	-0.850893163878	-0.748253412478	-0.578877397136	-0.34497912891	-0.0520071932937	0.291517808775	0.674350492983	
1.807480648	2.18815642897	2.56262357002	2.91497815418	3.22972266122	3.49249712217	3.69073393648	3.81423821378	3.85563519965	3.81069304091	3.67852883934	3.46166705743	3.16596736248	2.80043984002	2.37693535208	1.90971097666	1.41491924794	0.909986394721	0.412903915424	-0.0585366418294	-0.487555823508	-0.859202030507	-1.1611205466	-1.38421667276	-1.52315112504	-1.57660917133	-1.54730489761	-1.44170699134	-1.26950006341	-1.04283250131	-0.775417314045	-0.481576940773	-0.175334185492	0.130373531106	0.424291116839	0.697195058546	0.942017585302	1.15375483125	1.32920566177	1.46663482545	1.56540838201	1.6256720657	1.64812789082	1.63393258927	1.58470306204	1.50263557572	1.39069077458	1.25279600182	1.09402031271	0.920683134993	0.740360582187	0.561749275519	0.394406945556	0.248358940842	0.133598979848	0.0595190182249	0.034309356492	0.0643790601037	0.153840553597	0.304098542699	0.5135815967	0.777641500618	1.08862643016	1.43614577667	1.807480648	
2.77296045929	3.10658048171	3.41774461634	3.69142526821	3.91362156399	4.0720565863	4.15681697989	4.16086612963	4.08044850788	3.91535633902	3.66901408834	3.34840733621	2.96383695675	2.52850579742	2.05795015093	1.56934561649	1.0807161171	0.610075706475	0.174556100126	-0.21043707982	-0.531989272484	-0.780309569434	-0.949184876625	-1.03621218303	-1.04278978898	-0.97385781862	-0.837415359476	-0.643855674717	-0.405178432239	-0.134162899294	0.15643227669	0.454566985464	0.749461112898	1.03195502896	1.29466532909	1.53196148842	1.73981246962	1.91551906249	2.05742491416	2.1646466779	2.23685205638	2.27414755175	2.27705436885	2.24657612196	2.18435334149	2.09284444342	1.97551358751	1.83697035028	1.68305477807	1.52081144159	1.3583470406	1.20457977968	1.0688631936	0.960534567095	0.88838950358	0.860135488153	0.881855133243	0.957531634287	1.08864975101	1.27393606831	1.50922722995	1.78751149788	2.09914543967	2.43219711304	2.77296045929	
3.58533696194	3.85625855875	4.09001316363	4.27337622604	4.39481265387	4.44510449733	4.41788836069	4.31006835283	4.12208590704	3.85802543771	3.52553864677	3.13557202573	2.7019156685	2.24058077039	1.76902653172	1.30528520963	0.867034856589	0.470672579462	0.130447012507	-0.14228441455	-0.339620663795	-0.457457012338	-0.495567935962	-0.457426183789	-0.349772337756	-0.181977440857	0.0347341295331	0.288130859615	0.565802599429	0.85589612669	1.14770051968	1.43204541633	1.70149529933	1.95035365962	2.17450311375	2.37115345383	2.53851545387	2.67549520955	2.78144186118	2.85596170492	2.8988780949	2.91025933913	2.89055295955	2.84080278629	2.76285448645	2.65956562956	2.53499129523	2.39441960007	2.2443725606	2.09246368391	1.94711125344	1.81719772524	1.71159633875	1.63867412062	1.60575993924	1.61863302386	1.68106793784	1.79446589788	1.95760096309	2.16651529674	2.4145482145	2.6925421195	2.98918406597	3.29147565242	3.58533696194	
4.26583793297	4.46211377421	4.60891437567	4.69573307025	4.71443209001	4.65969285353	4.5294072036	4.32492796231	4.0510819808	3.7160670614	3.33115343823	2.91020604128	2.46903885631	2.02464731784	1.59434186462	1.1948412889	0.841376078948	0.546864865568	0.321222193837	0.170852758754	0.0983769988086	0.10261621282	0.178840845359	0.319264540376	0.513731942961	0.750537115676	1.01729076878	1.3017456644	1.59252005559	1.87964199304	2.15488338507	2.41190688189	2.64618430394	2.85477244279	3.03599539696	3.18906441498	3.31371035009	3.40990722828	3.47768942402	3.51706125365	3.52807327915	3.51095726553	3.46637933977	3.39568309186	3.3011187167	3.18608131549	3.05519956516	2.91433593436	2.77047988959	2.6314949848	2.50576095389	2.40172589774	2.32740189503	2.28983174423	2.29457473084	2.34525519414	2.44318368411	2.58712486147	2.77318409176	2.99485985152	3.24325952937	3.50745610567	3.77496421034	4.0323383835	4.26583793297	
4.83600223147	4.94948040603	5.00446964872	4.9940092596	4.91407232938	4.7638343792	4.54581434449	4.26585675141	3.93288504518	3.55854291307	3.15664240484	2.74251229406	2.33224374558	1.9418727246	1.58656480704	1.27982612952	1.03280236304	0.853706783568	0.747419925163	0.715297104721	0.755202184116	0.861772469347	1.02689667091	1.24036105401	1.49061478357	1.76557554755	2.05339932417	2.34316159226	2.62536929927	2.8923065258	3.13815630103	3.35893998637	3.5523203443	3.7172685129	3.8536887086	3.9620472611	4.04304021758	4.09737905672	4.12565753132	4.12838070071	4.10606253238	4.05940626152	3.98962602365	3.89864064078	3.78929948604	3.66556984762	3.53256596365	3.39649196957	3.26444983105	3.14410940879	3.04331839782	2.9696026915	2.92964205239	2.92876125579	2.97045088972	3.05598696673	3.1841648292	3.35118035532	3.55068212916	3.77397492022	4.01038019221	4.24777746007	4.47318864533	4.67345995189	4.83600223147	
5.31281485087	5.33915976456	5.30210168407	5.19883173558	5.02984361674	4.7989901339	4.51332498697	4.1827546667	3.8195453651	3.43768180281	3.05212687982	2.67806349157	2.33011323209	2.0216104497	1.76396166813	1.5661088294	1.43414497033	1.37108625662	1.37682146587	1.44823686458	1.5795140305	1.7625784154	1.98766420751	2.24396158596	2.52027960304	2.80569189165	3.09009769758	3.3646695269	3.62215516684	3.85702251066	4.06544831354	4.24517630431	4.39527100808	4.5158128258	4.6075741936	4.67170415264	4.70951011468	4.7222731071	4.71120993924	4.67751020886	4.62244880469	4.54757173379	4.45491026564	4.34718419375	4.22795398915	4.10170571167	3.97383663211	3.85053679808	3.73854583002	3.64480082859	3.57603083925	3.53827683726	3.53638822577	3.57357710834	3.65100518718	3.76750933471	3.91944052146	4.10067829986	4.30281103722	4.51551349857	4.72701498903	4.92474284313	5.0960515517	5.22893915537	5.31281485087	
5.70307136145	5.64189453024	5.51713241786	5.3303856804	5.08668871189	4.79427319989	4.46413109449	4.10936722737	3.74443513975	3.38429801897	3.04357746623	2.73577099678	2.47255593086	2.26326021885	2.11449322706	2.02995650402	2.01043650628	2.05394967232	2.15603159566	2.31013068473	2.50807750907	2.74060021088	2.9978494347	3.26989643031	3.54719775583	3.82097542372	4.0835196975	4.32838661051	4.5505190816	4.74624311683	4.91319145222	5.05018081513	5.15700138651	5.23421914488	5.28295727772	5.30471009932	5.30120332183	5.27429048045	5.2259465583	5.15826726394	5.07358050527	4.97453697815	4.86422425023	4.74628438653	4.62494599119	4.50504968983	4.39194925165	4.29135978114	4.20909881806	4.15075315977	4.12131350759	4.12475345741	4.16361974085	4.23867030119	4.34858992901	4.48982537085	4.656532137	4.84073936604	5.03261274793	5.22094484603	5.39376018319	5.5389755578	5.64520379612	5.70249856061	5.70307136145	
6.00187405562	5.85692090062	5.65331772179	5.39693007246	5.09686178687	4.76497460371	4.41516732122	4.06248442192	3.72218996488	3.40878590757	3.13514842832	2.91182092888	2.74649746344	2.64375600134	2.60502231895	2.62875961363	2.71083153354	2.84499385533	3.0234576706	3.23745712697	3.47780011402	3.73532589877	4.00129014704	4.26764911027	4.52724395438	4.7739065728	5.00248974507	5.20887061161	5.38989828164	5.54333256013	5.66777334636	5.76257851734	5.82779398275	5.86407020856	5.87261398286	5.85510395567	5.81364830811	5.75077103378	5.6693337618	5.57256824446	5.46405552594	5.34767117591	5.22765995061	5.10855013388	4.99506632007	4.89209625216	4.80452110075	4.73703736922	4.69392760652	4.67879918195	4.69429816775	4.74180774277	4.82119148306	4.93056566314	5.06614117998	5.22220784422	5.39120003735	5.56397350434	5.73013846834	5.87857769157	5.99813135443	6.0782689086	6.10984292899	6.08581239947	6.00187405562	
6.19317820883	5.9730078518	5.70427862806	5.39652329229	5.06200412657	4.71502821688	4.37103129915	4.04554199453	3.75315892749	3.50657166685	3.31576668129	3.18746842116	3.12486405334	3.1276346033	3.19225642966	3.31253284519	3.48027755315	3.68606754623	3.91998086125	4.17224806744	4.43376656788	4.69644314765	4.95338637902	5.19892689101	5.4285380578	5.63868462833	5.82663557263	5.99029854868	6.12806832397	6.23875439741	6.32154198875	6.37602210072	6.40224365359	6.40079988913	6.37289007093	6.32038472593	6.24588456976	6.15262868182	6.04451346858	5.92599788472	5.80195969224	5.67753640927	5.55797861906	5.44847010138	5.35392466282	5.2788456152	5.22710369044	5.20179855821	5.20507639428	5.23797974855	5.30030580256	5.39048539828	5.50549043787	5.64079552444	5.79040603004	5.94693228336	6.10180204168	6.24559389693	6.36839179597	6.46032761379	6.51219418535	6.51606252097	6.46596614984	6.35847185242	6.19317820883	
6.25513588087	5.97397512374	5.65912500924	5.32275045433	4.97895951726	4.6430147295	4.3303120285	4.05534285107	3.83066408753	3.66603480646	3.56776821907	3.53836773831	3.57652931263	3.67743650096	3.83336059543	4.03445389764	4.26965031114	4.5275745024	4.79734250879	5.06920845213	5.33497561707	5.58818115507	5.82409028325	6.03947660176	6.23232124713	6.40145644747	6.5462238513	6.6661849776	6.76094266809	6.83007027257	6.87314038672	6.88986399483	6.88027353346	6.84493446459	6.78513752417	6.70305855083	6.60184629103	6.48559127614	6.35923581132	6.22840202398	6.09914791472	5.97764118132	5.86982931706	5.78116011474	5.71625743535	5.67867913937	5.67073017653	5.69333668284	5.74597708221	5.82668670103	5.93210481416	6.05756368567	6.19721701027	6.34420490984	6.49084594463	6.62883809202	6.74957566732	6.84444383156	6.90519914613	6.92442236672	6.8959804182	6.81553311651	6.6810150347	6.49302600224	6.25513588087	
6.1688801022	5.84743718921	5.51102736271	5.17303181267	4.84783195781	4.54998751432	4.29327052455	4.08970175764	3.94868013428	3.87626241988	3.87472459677	3.94244055471	4.07409704664	4.26122738209	4.49299891595	4.75716550725	5.04106590314	5.33257210182	5.62086237389	5.89698830454	6.15416007672	6.38777401965	6.59520532302	6.77545249885	6.92864620588	7.05556346025	7.15719923995	7.23441292554	7.28774563267	7.31738413253	7.3232520934	7.30524409652	7.26350449931	7.19873898727	7.11253042199	7.00748061507	6.88736192017	6.75710657966	6.62259822983	6.49040919162	6.36742619638	6.26040305229	6.17550233787	6.11785527538	6.09118446279	6.09752070076	6.13703474847	6.20799580989	6.30686070085	6.42843963286	6.56619119429	6.71254051507	6.8592457731	6.99776096254	7.119553268	7.21647300774	7.28102883491	7.30666411229	7.28804657638	7.22133288772	7.10443871819	6.93731434829	6.72216772108	6.46364173724	6.1688801022	
5.92770247604	5.59348864657	5.26532704197	4.95616587262	4.67898175982	4.4460136445	4.26797606332	4.15330519226	4.10747163107	4.13249341918	4.22671847786	4.38490372071	4.59859930666	4.85682296649	5.14692578208	5.45558644858	5.76978431407	6.07769978548	6.36937785552	6.63719493392	6.8759916236	7.08298760236	7.25744362361	7.40017323198	7.51301078179	7.59820830254	7.65801161431	7.6942811791	7.70832912692	7.70091305488	7.67239606742	7.62302922799	7.55329567115	7.46428701678	7.35802537399	7.23768501575	7.10767486998	6.97360393769	6.84201622608	6.72001690257	6.6148031406	6.53309411342	6.48057713497	6.46137811937	6.47765360835	6.52932400359	6.61396098156	6.72688240382	6.8614092619	7.00925319485	7.16105024391	7.30692289971	7.43704901568	7.54219930666	7.6142066329	7.64632796497	7.6334855756	7.57244217423	7.46188472806	7.30244114038	7.09668413638	6.84909557176	6.56603316284	6.25563631527	5.92770247604	
5.54682294612	5.23310762813	4.94662126191	4.69819715917	4.49782221777	4.35404749464	4.27347746003	4.26027226886	4.31568270233	4.4378255385	4.6216449742	4.85913967148	5.13984589627	5.45152867585	5.78103845429	6.11521487821	6.44176991764	6.75003738652	7.03152591196	7.2802325477	7.49267779741	7.66772301449	7.80616305725	7.91020644202	7.98290222198	8.02756785405	8.04734249356	8.04486175453	8.02212033994	7.98049054404	7.92090934177	7.84419329839	7.75141075977	7.64423884082	7.52528684875	7.39831993062	7.26824098552	7.14105870826	7.02353098436	6.92270316357	6.8453889265	6.79749700119	6.78345081786	6.80563474726	6.86401411333	6.95591377705	7.07605188466	7.21677825758	7.36853028122	7.5204690519	7.6612131956	7.77961997901	7.86552923747	7.91042010779	7.90790005697	7.85401903984	7.74739953976	7.58918151571	7.38284518036	7.13391802572	6.84966305765	6.53871650845	6.21082456065	5.87651261355	5.54682294612	
5.06772259048	4.81099204166	4.60026187659	4.44278056115	4.34429410707	4.30877164496	4.33818910332	4.43225404691	4.58823651585	4.80092143512	5.06271215916	5.36393540242	5.69331781988	6.03862659669	6.38739982125	6.72770313267	7.048845026	7.34195110707	7.60037881191	7.8198893182	7.99861861927	8.13682643687	8.23649227943	8.30080483192	8.33361021559	8.33893948064	8.32055611716	8.28170365235	8.22502053573	8.152540904	8.06592312205	7.96674563724	7.85681728047	7.7385308565	7.61511004657	7.49076439212	7.3706531055	7.26072344521	7.16734777684	7.09678908704	7.05464567194	7.04519651485	7.07079052007	7.13140198646	7.22429764172	7.34397429453	7.4823393956	7.62914983396	7.77267913052	7.90054181322	8.00062946893	8.06201914802	8.07581671474	8.03580381229	7.93886622743	7.78515650391	7.57798394957	7.32348802278	7.03012140309	6.70805336845	6.36852668417	6.0232572904	5.68396939239	5.36193653066	5.06772259048	
