 0.10000E+02	 0.00000E+00	 0.00000E+00	 0.89701E+00	 0.19342E+02	 0.19342E+02	 0.22362E-03	 0.22362E-03	 0.25409E-04	 0.25409E-04	 0.45723E+01	 0.10005E+04	 0.21891E+06	 0.86462E-12	-0.15870E+00	 0.10020E+00	 0.00000E+00	 0.16905E+01	 0.18313E+00
 0.10000E+03	 0.00000E+00	 0.00000E+00	 0.89701E+00	 0.19317E+03	 0.19317E+03	 0.22774E-05	 0.22774E-05	 0.26306E-07	 0.26306E-07	 0.45723E+01	 0.10005E+04	 0.21891E+06	 0.11429E-09	-0.15870E+00	 0.10020E+00	 0.00000E+00	 0.16905E+01	 0.18313E+00
 0.10000E+01	 0.00000E+00	 0.00000E+00	 0.89701E+00	 0.21114E+01	 0.21114E+01	 0.13471E-01	 0.13471E-01	 0.10356E-01	 0.10356E-01	 0.45723E+01	 0.10005E+04	 0.21891E+06	 0.23886E-13	-0.15870E+00	 0.10020E+00	 0.00000E+00	 0.16905E+01	 0.18313E+00
 0.10000E+00	 0.00000E+00	 0.00000E+00	 0.89701E+00	 0.93702E+00	 0.93701E+00	 0.15556E+00	 0.15556E+00	 0.10372E+01	 0.10371E+01	 0.45723E+01	 0.10005E+04	 0.21891E+06	 0.53272E-12	-0.15870E+00	 0.10020E+00	 0.00000E+00	 0.16905E+01	 0.18313E+00
 0.10000E-01	 0.00000E+00	 0.00000E+00	 0.89701E+00	 0.25876E+01	 0.25856E+01	 0.20540E+00	 0.20362E+00	 0.26055E+02	 0.26051E+02	 0.45723E+01	 0.10005E+04	 0.21891E+06	 0.29488E-10	-0.15870E+00	 0.10020E+00	 0.00000E+00	 0.16905E+01	 0.18313E+00
 0.10000E-02	 0.00000E+00	 0.00000E+00	 0.89701E+00	 0.16579E+02	 0.15322E+02	-0.33269E+01	-0.39199E+01	 0.33176E+03	 0.32749E+03	 0.45723E+01	 0.10005E+04	 0.21891E+06	 0.38594E-08	-0.15870E+00	 0.10020E+00	 0.00000E+00	 0.16905E+01	 0.18313E+00
 0.10000E-03	 0.00000E+00	 0.00000E+00	 0.89701E+00	 0.15217E+03	 0.10490E+03	-0.19958E+02	-0.12181E+02	 0.38458E+04	 0.34781E+04	 0.45723E+01	 0.10005E+04	 0.21891E+06	 0.27381E-06	-0.15870E+00	 0.10020E+00	 0.00000E+00	 0.16905E+01	 0.18313E+00
 0.30000E+02	 0.00000E+00	 0.00000E+00	 0.89701E+00	 0.57959E+02	 0.57959E+02	 0.25256E-04	 0.25256E-04	 0.97072E-06	 0.97072E-06	 0.45723E+01	 0.10005E+04	 0.21891E+06	 0.87864E-11	-0.15870E+00	 0.10020E+00	 0.00000E+00	 0.16905E+01	 0.18313E+00
 0.30000E+03	 0.00000E+00	 0.00000E+00	 0.89701E+00	 0.57951E+03	 0.57951E+03	 0.25309E-06	 0.25309E-06	 0.97460E-09	 0.97460E-09	 0.45723E+01	 0.10005E+04	 0.21891E+06	 0.54242E-09	-0.15870E+00	 0.10020E+00	 0.00000E+00	 0.16905E+01	 0.18313E+00
 0.30000E+01	 0.00000E+00	 0.00000E+00	 0.89701E+00	 0.58698E+01	 0.58698E+01	 0.21792E-02	 0.21792E-02	 0.73264E-03	 0.73264E-03	 0.45723E+01	 0.10005E+04	 0.21891E+06	 0.10292E-12	-0.15870E+00	 0.10020E+00	 0.00000E+00	 0.16905E+01	 0.18313E+00
 0.30000E+00	 0.00000E+00	 0.00000E+00	 0.89701E+00	 0.99239E+00	 0.99239E+00	 0.62395E-01	 0.62395E-01	 0.13759E+00	 0.13759E+00	 0.45723E+01	 0.10005E+04	 0.21891E+06	 0.70482E-13	-0.15870E+00	 0.10020E+00	 0.00000E+00	 0.16905E+01	 0.18313E+00
 0.30000E-01	 0.00000E+00	 0.00000E+00	 0.89701E+00	 0.13733E+01	 0.13733E+01	 0.28633E+00	 0.28635E+00	 0.64844E+01	 0.64843E+01	 0.45723E+01	 0.10005E+04	 0.21891E+06	 0.37726E-11	-0.15870E+00	 0.10020E+00	 0.00000E+00	 0.16905E+01	 0.18313E+00
 0.30000E-02	 0.00000E+00	 0.00000E+00	 0.89701E+00	 0.63902E+01	 0.62912E+01	-0.79453E+00	-0.89709E+00	 0.10137E+03	 0.10109E+03	 0.45723E+01	 0.10005E+04	 0.21891E+06	 0.30973E-09	-0.15870E+00	 0.10020E+00	 0.00000E+00	 0.16905E+01	 0.18313E+00
 0.30000E-03	 0.00000E+00	 0.00000E+00	 0.89701E+00	 0.51657E+02	 0.42102E+02	-0.91057E+01	-0.82801E+01	 0.11936E+04	 0.11411E+04	 0.45723E+01	 0.10005E+04	 0.21891E+06	 0.40316E-07	-0.15870E+00	 0.10020E+00	 0.00000E+00	 0.16905E+01	 0.18313E+00
 0.30000E-04	 0.00000E+00	 0.00000E+00	 0.89701E+00	 0.50461E+03	 0.25396E+03	-0.46952E+02	-0.22300E+02	 0.13934E+05	 0.11657E+05	 0.45723E+01	 0.10005E+04	 0.21891E+06	 0.27216E-05	-0.15870E+00	 0.10020E+00	 0.00000E+00	 0.16905E+01	 0.18313E+00
 0.10000E+02	 0.10000E+01	 0.99800E+01	 0.89701E+00	 0.40379E-02	 0.40379E-02	 0.16326E-03	 0.16326E-03	 0.31269E-03	 0.31269E-03	 0.45723E+01	 0.10005E+04	 0.21891E+06	 0.70680E-10	-0.15870E+00	 0.10020E+00	 0.00000E+00	 0.16905E+01	 0.18313E+00
 0.10000E+03	 0.10000E+01	 0.99800E+01	 0.89701E+00	 0.58679E-03	 0.58679E-03	 0.35782E-05	 0.35782E-05	 0.68346E-06	 0.68346E-06	 0.45723E+01	 0.10005E+04	 0.21891E+06	 0.56893E-09	-0.15870E+00	 0.10020E+00	 0.00000E+00	 0.16905E+01	 0.18313E+00
 0.10000E+01	 0.10000E+01	 0.99800E+01	 0.89701E+00	 0.46372E-02	 0.46372E-02	 0.49120E-03	 0.49120E-03	 0.11192E-01	 0.11192E-01	 0.45723E+01	 0.10005E+04	 0.21891E+06	 0.20497E-08	-0.15870E+00	 0.10020E+00	 0.00000E+00	 0.16905E+01	 0.18313E+00
 0.10000E+00	 0.10000E+01	 0.99800E+01	 0.89701E+00	 0.46526E-02	 0.46523E-02	 0.23794E-02	 0.23792E-02	 0.55815E+00	 0.55807E+00	 0.45723E+01	 0.10005E+04	 0.21891E+06	 0.11966E-07	-0.15870E+00	 0.10020E+00	 0.00000E+00	 0.16905E+01	 0.18313E+00
 0.10000E-01	 0.10000E+01	 0.99800E+01	 0.89701E+00	 0.40354E-02	 0.40345E-02	 0.15549E-01	 0.15498E-01	 0.18996E+02	 0.18971E+02	 0.45723E+01	 0.10005E+04	 0.21891E+06	 0.79387E-07	-0.15870E+00	 0.10020E+00	 0.00000E+00	 0.16905E+01	 0.18313E+00
 0.10000E-02	 0.10000E+01	 0.99800E+01	 0.89701E+00	 0.15898E-02	 0.15349E-02	 0.40983E-01	 0.35860E-01	 0.41223E+03	 0.34463E+03	 0.45723E+01	 0.10005E+04	 0.21891E+06	 0.29158E-05	-0.15870E+00	 0.10020E+00	 0.00000E+00	 0.16905E+01	 0.18313E+00
 0.10000E-03	 0.10000E+01	 0.99800E+01	 0.89701E+00	 0.44554E-03	 0.25483E-03	 0.13489E+00	 0.44596E-01	 0.61422E+04	 0.39566E+04	 0.45723E+01	 0.10005E+04	 0.21891E+06	 0.52177E-03	-0.15870E+00	 0.10020E+00	 0.00000E+00	 0.16905E+01	 0.18313E+00
 0.30000E+02	 0.10000E+01	 0.99800E+01	 0.89701E+00	 0.18222E-02	 0.18222E-02	 0.34377E-04	 0.34377E-04	 0.21853E-04	 0.21853E-04	 0.45723E+01	 0.10005E+04	 0.21891E+06	 0.99894E-10	-0.15870E+00	 0.10020E+00	 0.00000E+00	 0.16905E+01	 0.18313E+00
 0.30000E+03	 0.10000E+01	 0.99800E+01	 0.89701E+00	 0.19720E-03	 0.19720E-03	 0.40445E-06	 0.40445E-06	 0.25763E-07	 0.25763E-07	 0.45723E+01	 0.10005E+04	 0.21891E+06	 0.45039E-08	-0.15870E+00	 0.10020E+00	 0.00000E+00	 0.16905E+01	 0.18313E+00
 0.30000E+01	 0.10000E+01	 0.99800E+01	 0.89701E+00	 0.55261E-02	 0.55261E-02	 0.32721E-03	 0.32721E-03	 0.22482E-02	 0.22482E-02	 0.45723E+01	 0.10005E+04	 0.21891E+06	 0.19902E-09	-0.15870E+00	 0.10020E+00	 0.00000E+00	 0.16905E+01	 0.18313E+00
 0.30000E+00	 0.10000E+01	 0.99800E+01	 0.89701E+00	 0.41789E-02	 0.41789E-02	 0.93962E-03	 0.93962E-03	 0.82154E-01	 0.82154E-01	 0.45723E+01	 0.10005E+04	 0.21891E+06	 0.23579E-08	-0.15870E+00	 0.10020E+00	 0.00000E+00	 0.16905E+01	 0.18313E+00
 0.30000E-01	 0.10000E+01	 0.99800E+01	 0.89701E+00	 0.49992E-02	 0.49992E-02	 0.73944E-02	 0.73940E-02	 0.38672E+01	 0.38672E+01	 0.45723E+01	 0.10005E+04	 0.21891E+06	 0.17094E-07	-0.15870E+00	 0.10020E+00	 0.00000E+00	 0.16905E+01	 0.18313E+00
 0.30000E-02	 0.10000E+01	 0.99800E+01	 0.89701E+00	 0.27781E-02	 0.27651E-02	 0.27959E-01	 0.26835E-01	 0.97215E+02	 0.93480E+02	 0.45723E+01	 0.10005E+04	 0.21891E+06	 0.31734E-06	-0.15870E+00	 0.10020E+00	 0.00000E+00	 0.16905E+01	 0.18313E+00
 0.30000E-03	 0.10000E+01	 0.99800E+01	 0.89701E+00	 0.78965E-03	 0.65211E-03	 0.76339E-01	 0.45178E-01	 0.18073E+04	 0.12786E+04	 0.45723E+01	 0.10005E+04	 0.21891E+06	 0.20273E-04	-0.15870E+00	 0.10020E+00	 0.00000E+00	 0.16905E+01	 0.18313E+00
 0.30000E-04	 0.10000E+01	 0.99800E+01	 0.89701E+00	 0.41283E-03	 0.83894E-04	 0.13575E+00	 0.39354E-01	 0.21436E+05	 0.13275E+05	 0.45723E+01	 0.10005E+04	 0.21891E+06	 0.59233E-03	-0.15870E+00	 0.10020E+00	 0.00000E+00	 0.16905E+01	 0.18313E+00
 0.10000E+02	 0.10000E+00	 0.99800E+00	 0.89701E+00	 0.99213E-01	 0.99213E-01	 0.33122E-03	 0.33122E-03	 0.31769E-04	 0.31769E-04	 0.45723E+01	 0.10005E+04	 0.21891E+06	 0.43291E-12	-0.15870E+00	 0.10020E+00	 0.00000E+00	 0.16905E+01	 0.18313E+00
 0.10000E+03	 0.10000E+00	 0.99800E+00	 0.89701E+00	 0.29445E-01	 0.29445E-01	 0.34766E-05	 0.34766E-05	 0.32985E-07	 0.32985E-07	 0.45723E+01	 0.10005E+04	 0.21891E+06	 0.14389E-10	-0.15870E+00	 0.10020E+00	 0.00000E+00	 0.16905E+01	 0.18313E+00
 0.10000E+01	 0.10000E+00	 0.99800E+00	 0.89701E+00	 0.29643E+00	 0.29643E+00	 0.13971E-01	 0.13971E-01	 0.12776E-01	 0.12776E-01	 0.45723E+01	 0.10005E+04	 0.21891E+06	 0.60185E-12	-0.15870E+00	 0.10020E+00	 0.00000E+00	 0.16905E+01	 0.18313E+00
 0.10000E+00	 0.10000E+00	 0.99800E+00	 0.89701E+00	 0.69466E+00	 0.69465E+00	 0.24649E+00	 0.24650E+00	 0.94424E+00	 0.94404E+00	 0.45723E+01	 0.10005E+04	 0.21891E+06	 0.10647E-11	-0.15870E+00	 0.10020E+00	 0.00000E+00	 0.16905E+01	 0.18313E+00
 0.10000E-01	 0.10000E+00	 0.99800E+00	 0.89701E+00	 0.35408E+00	 0.35398E+00	 0.12642E+01	 0.12660E+01	 0.28883E+02	 0.28791E+02	 0.45723E+01	 0.10005E+04	 0.21891E+06	 0.81811E-10	-0.15870E+00	 0.10020E+00	 0.00000E+00	 0.16905E+01	 0.18313E+00
 0.10000E-02	 0.10000E+00	 0.99800E+00	 0.89701E+00	 0.71389E-01	 0.69807E-01	 0.21535E+01	 0.21800E+01	 0.44392E+03	 0.42158E+03	 0.45723E+01	 0.10005E+04	 0.21891E+06	 0.47341E-08	-0.15870E+00	 0.10020E+00	 0.00000E+00	 0.16905E+01	 0.18313E+00
 0.10000E-03	 0.10000E+00	 0.99800E+00	 0.89701E+00	 0.18753E-01	 0.83623E-02	 0.23465E+01	 0.23811E+01	 0.53194E+04	 0.46353E+04	 0.45723E+01	 0.10005E+04	 0.21891E+06	 0.37885E-06	-0.15870E+00	 0.10020E+00	 0.00000E+00	 0.16905E+01	 0.18313E+00
 0.30000E+02	 0.10000E+00	 0.99800E+00	 0.89701E+00	 0.51092E-01	 0.51092E-01	 0.38003E-04	 0.38003E-04	 0.12151E-05	 0.12151E-05	 0.45723E+01	 0.10005E+04	 0.21891E+06	 0.31458E-11	-0.15870E+00	 0.10020E+00	 0.00000E+00	 0.16905E+01	 0.18313E+00
 0.30000E+03	 0.10000E+00	 0.99800E+00	 0.89701E+00	 0.13796E-01	 0.13796E-01	 0.40080E-06	 0.40080E-06	 0.12229E-08	 0.12229E-08	 0.45723E+01	 0.10005E+04	 0.21891E+06	 0.37725E-10	-0.15870E+00	 0.10020E+00	 0.00000E+00	 0.16905E+01	 0.18313E+00
 0.30000E+01	 0.10000E+00	 0.99800E+00	 0.89701E+00	 0.19227E+00	 0.19227E+00	 0.26566E-02	 0.26566E-02	 0.92331E-03	 0.92331E-03	 0.45723E+01	 0.10005E+04	 0.21891E+06	 0.39273E-13	-0.15870E+00	 0.10020E+00	 0.00000E+00	 0.16905E+01	 0.18313E+00
 0.30000E+00	 0.10000E+00	 0.99800E+00	 0.89701E+00	 0.51729E+00	 0.51729E+00	 0.69170E-01	 0.69170E-01	 0.13887E+00	 0.13887E+00	 0.45723E+01	 0.10005E+04	 0.21891E+06	 0.36170E-12	-0.15870E+00	 0.10020E+00	 0.00000E+00	 0.16905E+01	 0.18313E+00
 0.30000E-01	 0.10000E+00	 0.99800E+00	 0.89701E+00	 0.54773E+00	 0.54773E+00	 0.65699E+00	 0.65704E+00	 0.62423E+01	 0.62412E+01	 0.45723E+01	 0.10005E+04	 0.21891E+06	 0.16660E-10	-0.15870E+00	 0.10020E+00	 0.00000E+00	 0.16905E+01	 0.18313E+00
 0.30000E-02	 0.10000E+00	 0.99800E+00	 0.89701E+00	 0.16536E+00	 0.16480E+00	 0.18401E+01	 0.18541E+01	 0.12630E+03	 0.12390E+03	 0.45723E+01	 0.10005E+04	 0.21891E+06	 0.51438E-09	-0.15870E+00	 0.10020E+00	 0.00000E+00	 0.16905E+01	 0.18313E+00
 0.30000E-03	 0.10000E+00	 0.99800E+00	 0.89701E+00	 0.28413E-01	 0.24071E-01	 0.23445E+01	 0.23499E+01	 0.16560E+04	 0.15089E+04	 0.45723E+01	 0.10005E+04	 0.21891E+06	 0.27115E-07	-0.15870E+00	 0.10020E+00	 0.00000E+00	 0.16905E+01	 0.18313E+00
 0.30000E-04	 0.10000E+00	 0.99800E+00	 0.89701E+00	 0.33973E-01	 0.25303E-02	 0.22857E+01	 0.23806E+01	 0.18914E+05	 0.15540E+05	 0.45723E+01	 0.10005E+04	 0.21891E+06	 0.31790E-05	-0.15870E+00	 0.10020E+00	 0.00000E+00	 0.16905E+01	 0.18313E+00
 0.10000E+02	 0.10000E-01	 0.99800E-01	 0.89701E+00	 0.24397E+01	 0.24397E+01	 0.14803E-03	 0.14803E-03	 0.25457E-04	 0.25457E-04	 0.45723E+01	 0.10005E+04	 0.21891E+06	 0.42757E-12	-0.15870E+00	 0.10020E+00	 0.00000E+00	 0.16905E+01	 0.18313E+00
 0.10000E+03	 0.10000E-01	 0.99800E-01	 0.89701E+00	 0.92914E+00	 0.92914E+00	 0.32176E-05	 0.32176E-05	 0.26370E-07	 0.26370E-07	 0.45723E+01	 0.10005E+04	 0.21891E+06	 0.45457E-11	-0.15870E+00	 0.10020E+00	 0.00000E+00	 0.16905E+01	 0.18313E+00
 0.10000E+01	 0.10000E-01	 0.99800E-01	 0.89701E+00	 0.16507E+01	 0.16507E+01	 0.13858E-01	 0.13858E-01	 0.10360E-01	 0.10360E-01	 0.45723E+01	 0.10005E+04	 0.21891E+06	 0.25112E-13	-0.15870E+00	 0.10020E+00	 0.00000E+00	 0.16905E+01	 0.18313E+00
 0.10000E+00	 0.10000E-01	 0.99800E-01	 0.89701E+00	 0.85926E+00	 0.85925E+00	 0.17666E+00	 0.17666E+00	 0.10296E+01	 0.10295E+01	 0.45723E+01	 0.10005E+04	 0.21891E+06	 0.31926E-12	-0.15870E+00	 0.10020E+00	 0.00000E+00	 0.16905E+01	 0.18313E+00
 0.10000E-01	 0.10000E-01	 0.99800E-01	 0.89701E+00	 0.64445E+00	 0.64386E+00	 0.63996E+00	 0.63868E+00	 0.26037E+02	 0.26030E+02	 0.45723E+01	 0.10005E+04	 0.21891E+06	 0.35422E-10	-0.15870E+00	 0.10020E+00	 0.00000E+00	 0.16905E+01	 0.18313E+00
 0.10000E-02	 0.10000E-01	 0.99800E-01	 0.89701E+00	 0.20672E+00	 0.18330E+00	 0.17653E+00	 0.11930E+00	 0.34594E+03	 0.33732E+03	 0.45723E+01	 0.10005E+04	 0.21891E+06	 0.33609E-08	-0.15870E+00	 0.10020E+00	 0.00000E+00	 0.16905E+01	 0.18313E+00
 0.10000E-03	 0.10000E-01	 0.99800E-01	 0.89701E+00	 0.63618E-01	 0.28382E-01	-0.17636E+01	-0.55367E+00	 0.41455E+04	 0.35907E+04	 0.45723E+01	 0.10005E+04	 0.21891E+06	 0.10699E-05	-0.15870E+00	 0.10020E+00	 0.00000E+00	 0.16905E+01	 0.18313E+00
 0.30000E+02	 0.10000E-01	 0.99800E-01	 0.89701E+00	 0.16068E+01	 0.16068E+01	 0.24267E-04	 0.24267E-04	 0.97290E-06	 0.97290E-06	 0.45723E+01	 0.10005E+04	 0.21891E+06	 0.14401E-11	-0.15870E+00	 0.10020E+00	 0.00000E+00	 0.16905E+01	 0.18313E+00
 0.30000E+03	 0.10000E-01	 0.99800E-01	 0.89701E+00	 0.49632E+00	 0.49632E+00	 0.37942E-06	 0.37942E-06	 0.97705E-09	 0.97705E-09	 0.45723E+01	 0.10005E+04	 0.21891E+06	 0.14656E-10	-0.15870E+00	 0.10020E+00	 0.00000E+00	 0.16905E+01	 0.18313E+00
 0.30000E+01	 0.10000E-01	 0.99800E-01	 0.89701E+00	 0.27669E+01	 0.27669E+01	 0.16088E-02	 0.16088E-02	 0.73332E-03	 0.73332E-03	 0.45723E+01	 0.10005E+04	 0.21891E+06	 0.64901E-13	-0.15870E+00	 0.10020E+00	 0.00000E+00	 0.16905E+01	 0.18313E+00
 0.30000E+00	 0.10000E-01	 0.99800E-01	 0.89701E+00	 0.95464E+00	 0.95464E+00	 0.67155E-01	 0.67155E-01	 0.13716E+00	 0.13716E+00	 0.45723E+01	 0.10005E+04	 0.21891E+06	 0.84183E-13	-0.15870E+00	 0.10020E+00	 0.00000E+00	 0.16905E+01	 0.18313E+00
 0.30000E-01	 0.10000E-01	 0.99800E-01	 0.89701E+00	 0.80939E+00	 0.80938E+00	 0.43116E+00	 0.43116E+00	 0.64337E+01	 0.64337E+01	 0.45723E+01	 0.10005E+04	 0.21891E+06	 0.36368E-11	-0.15870E+00	 0.10020E+00	 0.00000E+00	 0.16905E+01	 0.18313E+00
 0.30000E-02	 0.10000E-01	 0.99800E-01	 0.89701E+00	 0.37932E+00	 0.37147E+00	 0.49904E+00	 0.46956E+00	 0.10309E+03	 0.10253E+03	 0.45723E+01	 0.10005E+04	 0.21891E+06	 0.30135E-09	-0.15870E+00	 0.10020E+00	 0.00000E+00	 0.16905E+01	 0.18313E+00
 0.30000E-03	 0.10000E-01	 0.99800E-01	 0.89701E+00	 0.10083E+00	 0.70926E-01	-0.44404E+00	-0.26077E+00	 0.12682E+04	 0.11783E+04	 0.45723E+01	 0.10005E+04	 0.21891E+06	 0.11311E-06	-0.15870E+00	 0.10020E+00	 0.00000E+00	 0.16905E+01	 0.18313E+00
 0.30000E-04	 0.10000E-01	 0.99800E-01	 0.89701E+00	 0.79783E-01	 0.11054E-01	-0.45357E+01	-0.85949E+00	 0.14976E+05	 0.12038E+05	 0.45723E+01	 0.10005E+04	 0.21891E+06	 0.50902E-04	-0.15870E+00	 0.10020E+00	 0.00000E+00	 0.16905E+01	 0.18313E+00
 0.10000E+02	 0.10000E-02	 0.99800E-02	 0.89701E+00	 0.14488E+02	 0.14488E+02	 0.23717E-03	 0.23717E-03	 0.25409E-04	 0.25409E-04	 0.45723E+01	 0.10005E+04	 0.21891E+06	 0.57198E-12	-0.15870E+00	 0.10020E+00	 0.00000E+00	 0.16905E+01	 0.18313E+00
 0.10000E+03	 0.10000E-02	 0.99800E-02	 0.89701E+00	 0.24205E+02	 0.24205E+02	 0.14820E-05	 0.14820E-05	 0.26306E-07	 0.26306E-07	 0.45723E+01	 0.10005E+04	 0.21891E+06	 0.40766E-10	-0.15870E+00	 0.10020E+00	 0.00000E+00	 0.16905E+01	 0.18313E+00
 0.10000E+01	 0.10000E-02	 0.99800E-02	 0.89701E+00	 0.20800E+01	 0.20800E+01	 0.13570E-01	 0.13570E-01	 0.10355E-01	 0.10355E-01	 0.45723E+01	 0.10005E+04	 0.21891E+06	 0.24924E-13	-0.15870E+00	 0.10020E+00	 0.00000E+00	 0.16905E+01	 0.18313E+00
 0.10000E+00	 0.10000E-02	 0.99800E-02	 0.89701E+00	 0.93577E+00	 0.93576E+00	 0.15584E+00	 0.15585E+00	 0.10371E+01	 0.10370E+01	 0.45723E+01	 0.10005E+04	 0.21891E+06	 0.49264E-12	-0.15870E+00	 0.10020E+00	 0.00000E+00	 0.16905E+01	 0.18313E+00
 0.10000E-01	 0.10000E-02	 0.99800E-02	 0.89701E+00	 0.23565E+01	 0.23547E+01	 0.29030E+00	 0.28856E+00	 0.26014E+02	 0.26010E+02	 0.45723E+01	 0.10005E+04	 0.21891E+06	 0.29728E-10	-0.15870E+00	 0.10020E+00	 0.00000E+00	 0.16905E+01	 0.18313E+00
 0.10000E-02	 0.10000E-02	 0.99800E-02	 0.89701E+00	 0.41114E+01	 0.37589E+01	 0.94515E-01	-0.15800E+00	 0.33007E+03	 0.32523E+03	 0.45723E+01	 0.10005E+04	 0.21891E+06	 0.33415E-07	-0.15870E+00	 0.10020E+00	 0.00000E+00	 0.16905E+01	 0.18313E+00
 0.10000E-03	 0.10000E-02	 0.99800E-02	 0.89701E+00	 0.19746E+01	 0.91978E+00	-0.13751E+01	-0.26074E+00	 0.38359E+04	 0.34520E+04	 0.45723E+01	 0.10005E+04	 0.21891E+06	 0.94294E-05	-0.15870E+00	 0.10020E+00	 0.00000E+00	 0.16905E+01	 0.18313E+00
 0.30000E+02	 0.10000E-02	 0.99800E-02	 0.89701E+00	 0.26739E+02	 0.26739E+02	 0.18432E-04	 0.18432E-04	 0.97072E-06	 0.97072E-06	 0.45723E+01	 0.10005E+04	 0.21891E+06	 0.55702E-11	-0.15870E+00	 0.10020E+00	 0.00000E+00	 0.16905E+01	 0.18313E+00
 0.30000E+03	 0.10000E-02	 0.99800E-02	 0.89701E+00	 0.16027E+02	 0.16027E+02	 0.24223E-06	 0.24223E-06	 0.97463E-09	 0.97463E-09	 0.45723E+01	 0.10005E+04	 0.21891E+06	 0.78522E-10	-0.15870E+00	 0.10020E+00	 0.00000E+00	 0.16905E+01	 0.18313E+00
 0.30000E+01	 0.10000E-02	 0.99800E-02	 0.89701E+00	 0.53372E+01	 0.53372E+01	 0.22985E-02	 0.22985E-02	 0.73258E-03	 0.73258E-03	 0.45723E+01	 0.10005E+04	 0.21891E+06	 0.38807E-13	-0.15870E+00	 0.10020E+00	 0.00000E+00	 0.16905E+01	 0.18313E+00
 0.30000E+00	 0.10000E-02	 0.99800E-02	 0.89701E+00	 0.99181E+00	 0.99181E+00	 0.62441E-01	 0.62441E-01	 0.13759E+00	 0.13759E+00	 0.45723E+01	 0.10005E+04	 0.21891E+06	 0.10523E-12	-0.15870E+00	 0.10020E+00	 0.00000E+00	 0.16905E+01	 0.18313E+00
 0.30000E-01	 0.10000E-02	 0.99800E-02	 0.89701E+00	 0.13522E+01	 0.13522E+01	 0.29279E+00	 0.29281E+00	 0.64819E+01	 0.64818E+01	 0.45723E+01	 0.10005E+04	 0.21891E+06	 0.45705E-11	-0.15870E+00	 0.10020E+00	 0.00000E+00	 0.16905E+01	 0.18313E+00
 0.30000E-02	 0.10000E-02	 0.99800E-02	 0.89701E+00	 0.39069E+01	 0.38446E+01	 0.11278E+00	 0.34603E-01	 0.10091E+03	 0.10060E+03	 0.45723E+01	 0.10005E+04	 0.21891E+06	 0.22980E-08	-0.15870E+00	 0.10020E+00	 0.00000E+00	 0.16905E+01	 0.18313E+00
 0.30000E-03	 0.10000E-02	 0.99800E-02	 0.89701E+00	 0.30279E+01	 0.21536E+01	-0.40885E+00	-0.21899E+00	 0.11893E+04	 0.11334E+04	 0.45723E+01	 0.10005E+04	 0.21891E+06	 0.10905E-05	-0.15870E+00	 0.10020E+00	 0.00000E+00	 0.16905E+01	 0.18313E+00
 0.30000E-04	 0.10000E-02	 0.99800E-02	 0.89701E+00	 0.11528E+01	 0.29634E+00	-0.26522E+01	-0.31449E+00	 0.13908E+05	 0.11548E+05	 0.45723E+01	 0.10005E+04	 0.21891E+06	 0.15587E-03	-0.15870E+00	 0.10020E+00	 0.00000E+00	 0.16905E+01	 0.18313E+00
 0.10000E+02	 0.10000E-03	 0.99800E-03	 0.89701E+00	 0.19013E+02	 0.19013E+02	 0.22602E-03	 0.22602E-03	 0.25409E-04	 0.25409E-04	 0.45723E+01	 0.10005E+04	 0.21891E+06	 0.15315E-11	-0.15870E+00	 0.10020E+00	 0.00000E+00	 0.16905E+01	 0.18313E+00
 0.10000E+03	 0.10000E-03	 0.99800E-03	 0.89701E+00	 0.14463E+03	 0.14463E+03	 0.24201E-05	 0.24201E-05	 0.26306E-07	 0.26306E-07	 0.45723E+01	 0.10005E+04	 0.21891E+06	 0.10934E-09	-0.15870E+00	 0.10020E+00	 0.00000E+00	 0.16905E+01	 0.18313E+00
 0.10000E+01	 0.10000E-03	 0.99800E-03	 0.89701E+00	 0.21091E+01	 0.21091E+01	 0.13473E-01	 0.13473E-01	 0.10356E-01	 0.10356E-01	 0.45723E+01	 0.10005E+04	 0.21891E+06	 0.33811E-13	-0.15870E+00	 0.10020E+00	 0.00000E+00	 0.16905E+01	 0.18313E+00
 0.10000E+00	 0.10000E-03	 0.99800E-03	 0.89701E+00	 0.93695E+00	 0.93694E+00	 0.15556E+00	 0.15557E+00	 0.10372E+01	 0.10371E+01	 0.45723E+01	 0.10005E+04	 0.21891E+06	 0.52480E-12	-0.15870E+00	 0.10020E+00	 0.00000E+00	 0.16905E+01	 0.18313E+00
 0.10000E-01	 0.10000E-03	 0.99800E-03	 0.89701E+00	 0.25848E+01	 0.25828E+01	 0.20642E+00	 0.20464E+00	 0.26055E+02	 0.26050E+02	 0.45723E+01	 0.10005E+04	 0.21891E+06	 0.80327E-10	-0.15870E+00	 0.10020E+00	 0.00000E+00	 0.16905E+01	 0.18313E+00
 0.10000E-02	 0.10000E-03	 0.99800E-03	 0.89701E+00	 0.15586E+02	 0.14395E+02	-0.29842E+01	-0.35442E+01	 0.33161E+03	 0.32729E+03	 0.45723E+01	 0.10005E+04	 0.21891E+06	 0.28459E-08	-0.15870E+00	 0.10020E+00	 0.00000E+00	 0.16905E+01	 0.18313E+00
 0.10000E-03	 0.10000E-03	 0.99800E-03	 0.89701E+00	 0.43498E+02	 0.27878E+02	-0.66106E+01	-0.28359E+01	 0.38417E+04	 0.34708E+04	 0.45723E+01	 0.10005E+04	 0.21891E+06	 0.11894E-05	-0.15870E+00	 0.10020E+00	 0.00000E+00	 0.16905E+01	 0.18313E+00
 0.30000E+02	 0.10000E-03	 0.99800E-03	 0.89701E+00	 0.52644E+02	 0.52644E+02	 0.26853E-04	 0.26853E-04	 0.97072E-06	 0.97072E-06	 0.45723E+01	 0.10005E+04	 0.21891E+06	 0.95774E-11	-0.15870E+00	 0.10020E+00	 0.00000E+00	 0.16905E+01	 0.18313E+00
 0.30000E+03	 0.10000E-03	 0.99800E-03	 0.89701E+00	 0.26730E+03	 0.26730E+03	 0.18470E-06	 0.18470E-06	 0.97460E-09	 0.97460E-09	 0.45723E+01	 0.10005E+04	 0.21891E+06	 0.80006E-09	-0.15870E+00	 0.10020E+00	 0.00000E+00	 0.16905E+01	 0.18313E+00
 0.30000E+01	 0.10000E-03	 0.99800E-03	 0.89701E+00	 0.58548E+01	 0.58548E+01	 0.21814E-02	 0.21814E-02	 0.73264E-03	 0.73264E-03	 0.45723E+01	 0.10005E+04	 0.21891E+06	 0.51586E-13	-0.15870E+00	 0.10020E+00	 0.00000E+00	 0.16905E+01	 0.18313E+00
 0.30000E+00	 0.10000E-03	 0.99800E-03	 0.89701E+00	 0.99191E+00	 0.99191E+00	 0.62398E-01	 0.62398E-01	 0.13759E+00	 0.13759E+00	 0.45723E+01	 0.10005E+04	 0.21891E+06	 0.70416E-13	-0.15870E+00	 0.10020E+00	 0.00000E+00	 0.16905E+01	 0.18313E+00
 0.30000E-01	 0.10000E-03	 0.99800E-03	 0.89701E+00	 0.13731E+01	 0.13731E+01	 0.28640E+00	 0.28642E+00	 0.64843E+01	 0.64843E+01	 0.45723E+01	 0.10005E+04	 0.21891E+06	 0.39680E-11	-0.15870E+00	 0.10020E+00	 0.00000E+00	 0.16905E+01	 0.18313E+00
 0.30000E-02	 0.10000E-03	 0.99800E-03	 0.89701E+00	 0.63332E+01	 0.62348E+01	-0.77217E+00	-0.87425E+00	 0.10136E+03	 0.10108E+03	 0.45723E+01	 0.10005E+04	 0.21891E+06	 0.33249E-09	-0.15870E+00	 0.10020E+00	 0.00000E+00	 0.16905E+01	 0.18313E+00
 0.30000E-03	 0.10000E-03	 0.99800E-03	 0.89701E+00	 0.34591E+02	 0.27987E+02	-0.53911E+01	-0.46266E+01	 0.11924E+04	 0.11392E+04	 0.45723E+01	 0.10005E+04	 0.21891E+06	 0.51378E-07	-0.15870E+00	 0.10020E+00	 0.00000E+00	 0.16905E+01	 0.18313E+00
 0.30000E-04	 0.10000E-03	 0.99800E-03	 0.89701E+00	 0.38080E+02	 0.14306E+02	-0.10749E+02	-0.30177E+01	 0.13921E+05	 0.11619E+05	 0.45723E+01	 0.10005E+04	 0.21891E+06	 0.18454E-03	-0.15870E+00	 0.10020E+00	 0.00000E+00	 0.16905E+01	 0.18313E+00
 0.10000E+02	 0.10000E-04	 0.99800E-04	 0.89701E+00	 0.19319E+02	 0.19319E+02	 0.22367E-03	 0.22367E-03	 0.25409E-04	 0.25409E-04	 0.45723E+01	 0.10005E+04	 0.21891E+06	 0.11929E-11	-0.15870E+00	 0.10020E+00	 0.00000E+00	 0.16905E+01	 0.18313E+00
 0.10000E+03	 0.10000E-04	 0.99800E-04	 0.89701E+00	 0.18989E+03	 0.18989E+03	 0.23024E-05	 0.23024E-05	 0.26306E-07	 0.26306E-07	 0.45723E+01	 0.10005E+04	 0.21891E+06	 0.13198E-09	-0.15870E+00	 0.10020E+00	 0.00000E+00	 0.16905E+01	 0.18313E+00
 0.10000E+01	 0.10000E-04	 0.99800E-04	 0.89701E+00	 0.21107E+01	 0.21107E+01	 0.13472E-01	 0.13472E-01	 0.10356E-01	 0.10356E-01	 0.45723E+01	 0.10005E+04	 0.21891E+06	 0.23549E-13	-0.15870E+00	 0.10020E+00	 0.00000E+00	 0.16905E+01	 0.18313E+00
 0.10000E+00	 0.10000E-04	 0.99800E-04	 0.89701E+00	 0.93702E+00	 0.93701E+00	 0.15556E+00	 0.15556E+00	 0.10372E+01	 0.10371E+01	 0.45723E+01	 0.10005E+04	 0.21891E+06	 0.51909E-12	-0.15870E+00	 0.10020E+00	 0.00000E+00	 0.16905E+01	 0.18313E+00
 0.10000E-01	 0.10000E-04	 0.99800E-04	 0.89701E+00	 0.25876E+01	 0.25856E+01	 0.20541E+00	 0.20363E+00	 0.26055E+02	 0.26051E+02	 0.45723E+01	 0.10005E+04	 0.21891E+06	 0.29854E-10	-0.15870E+00	 0.10020E+00	 0.00000E+00	 0.16905E+01	 0.18313E+00
 0.10000E-02	 0.10000E-04	 0.99800E-04	 0.89701E+00	 0.16568E+02	 0.15312E+02	-0.33229E+01	-0.39155E+01	 0.33175E+03	 0.32749E+03	 0.45723E+01	 0.10005E+04	 0.21891E+06	 0.38302E-08	-0.15870E+00	 0.10020E+00	 0.00000E+00	 0.16905E+01	 0.18313E+00
 0.10000E-03	 0.10000E-04	 0.99800E-04	 0.89701E+00	 0.14507E+03	 0.99724E+02	-0.18678E+02	-0.11026E+02	 0.38453E+04	 0.34771E+04	 0.45723E+01	 0.10005E+04	 0.21891E+06	 0.16790E-06	-0.15870E+00	 0.10020E+00	 0.00000E+00	 0.16905E+01	 0.18313E+00
 0.30000E+02	 0.10000E-04	 0.99800E-04	 0.89701E+00	 0.57810E+02	 0.57810E+02	 0.25285E-04	 0.25285E-04	 0.97072E-06	 0.97072E-06	 0.45723E+01	 0.10005E+04	 0.21891E+06	 0.11661E-10	-0.15870E+00	 0.10020E+00	 0.00000E+00	 0.16905E+01	 0.18313E+00
 0.30000E+03	 0.10000E-04	 0.99800E-04	 0.89701E+00	 0.52636E+03	 0.52636E+03	 0.26913E-06	 0.26913E-06	 0.97460E-09	 0.97460E-09	 0.45723E+01	 0.10005E+04	 0.21891E+06	 0.52529E-09	-0.15870E+00	 0.10020E+00	 0.00000E+00	 0.16905E+01	 0.18313E+00
 0.30000E+01	 0.10000E-04	 0.99800E-04	 0.89701E+00	 0.58648E+01	 0.58648E+01	 0.21794E-02	 0.21794E-02	 0.73264E-03	 0.73264E-03	 0.45723E+01	 0.10005E+04	 0.21891E+06	 0.59208E-13	-0.15870E+00	 0.10020E+00	 0.00000E+00	 0.16905E+01	 0.18313E+00
 0.30000E+00	 0.10000E-04	 0.99800E-04	 0.89701E+00	 0.99236E+00	 0.99236E+00	 0.62395E-01	 0.62395E-01	 0.13759E+00	 0.13759E+00	 0.45723E+01	 0.10005E+04	 0.21891E+06	 0.67757E-13	-0.15870E+00	 0.10020E+00	 0.00000E+00	 0.16905E+01	 0.18313E+00
 0.30000E-01	 0.10000E-04	 0.99800E-04	 0.89701E+00	 0.13733E+01	 0.13733E+01	 0.28633E+00	 0.28635E+00	 0.64844E+01	 0.64843E+01	 0.45723E+01	 0.10005E+04	 0.21891E+06	 0.42743E-11	-0.15870E+00	 0.10020E+00	 0.00000E+00	 0.16905E+01	 0.18313E+00
 0.30000E-02	 0.10000E-04	 0.99800E-04	 0.89701E+00	 0.63896E+01	 0.62906E+01	-0.79430E+00	-0.89685E+00	 0.10137E+03	 0.10109E+03	 0.45723E+01	 0.10005E+04	 0.21891E+06	 0.38576E-09	-0.15870E+00	 0.10020E+00	 0.00000E+00	 0.16905E+01	 0.18313E+00
 0.30000E-03	 0.10000E-04	 0.99800E-04	 0.89701E+00	 0.51327E+02	 0.41822E+02	-0.90199E+01	-0.81872E+01	 0.11936E+04	 0.11410E+04	 0.45723E+01	 0.10005E+04	 0.21891E+06	 0.37222E-07	-0.15870E+00	 0.10020E+00	 0.00000E+00	 0.16905E+01	 0.18313E+00
 0.30000E-04	 0.10000E-04	 0.99800E-04	 0.89701E+00	 0.37024E+03	 0.18431E+03	-0.33486E+02	-0.13521E+02	 0.13930E+05	 0.11647E+05	 0.45723E+01	 0.10005E+04	 0.21891E+06	 0.41117E-05	-0.15870E+00	 0.10020E+00	 0.00000E+00	 0.16905E+01	 0.18313E+00
 0.10000E+02	 0.30000E+00	 0.29940E+01	 0.89701E+00	 0.20033E-01	 0.20033E-01	 0.30173E-03	 0.30173E-03	 0.77292E-04	 0.77292E-04	 0.45723E+01	 0.10005E+04	 0.21891E+06	 0.21523E-11	-0.15870E+00	 0.10020E+00	 0.00000E+00	 0.16905E+01	 0.18313E+00
 0.10000E+03	 0.30000E+00	 0.29940E+01	 0.89701E+00	 0.47657E-02	 0.47657E-02	 0.36090E-05	 0.36090E-05	 0.86546E-07	 0.86546E-07	 0.45723E+01	 0.10005E+04	 0.21891E+06	 0.91073E-10	-0.15870E+00	 0.10020E+00	 0.00000E+00	 0.16905E+01	 0.18313E+00
 0.10000E+01	 0.30000E+00	 0.29940E+01	 0.89701E+00	 0.56583E-01	 0.56583E-01	 0.67671E-02	 0.67671E-02	 0.13538E-01	 0.13538E-01	 0.45723E+01	 0.10005E+04	 0.21891E+06	 0.24871E-10	-0.15870E+00	 0.10020E+00	 0.00000E+00	 0.16905E+01	 0.18313E+00
 0.10000E+00	 0.30000E+00	 0.29940E+01	 0.89701E+00	 0.11065E+00	 0.11065E+00	 0.74523E-01	 0.74520E-01	 0.78496E+00	 0.78487E+00	 0.45723E+01	 0.10005E+04	 0.21891E+06	 0.13866E-09	-0.15870E+00	 0.10020E+00	 0.00000E+00	 0.16905E+01	 0.18313E+00
 0.10000E-01	 0.30000E+00	 0.29940E+01	 0.89701E+00	 0.59087E-01	 0.59081E-01	 0.32101E+00	 0.32103E+00	 0.28105E+02	 0.28062E+02	 0.45723E+01	 0.10005E+04	 0.21891E+06	 0.11429E-08	-0.15870E+00	 0.10020E+00	 0.00000E+00	 0.16905E+01	 0.18313E+00
 0.10000E-02	 0.30000E+00	 0.29940E+01	 0.89701E+00	 0.14237E-01	 0.13971E-01	 0.44218E+00	 0.43608E+00	 0.50338E+03	 0.47766E+03	 0.45723E+01	 0.10005E+04	 0.21891E+06	 0.21774E-07	-0.15870E+00	 0.10020E+00	 0.00000E+00	 0.16905E+01	 0.18313E+00
 0.10000E-03	 0.30000E+00	 0.29940E+01	 0.89701E+00	 0.43427E-02	 0.23376E-02	 0.40423E+00	 0.35537E+00	 0.61176E+04	 0.53713E+04	 0.45723E+01	 0.10005E+04	 0.21891E+06	 0.13637E-05	-0.15870E+00	 0.10020E+00	 0.00000E+00	 0.16905E+01	 0.18313E+00
 0.30000E+02	 0.30000E+00	 0.29940E+01	 0.89701E+00	 0.11309E-01	 0.11309E-01	 0.38089E-04	 0.38089E-04	 0.31564E-05	 0.31564E-05	 0.45723E+01	 0.10005E+04	 0.21891E+06	 0.96095E-11	-0.15870E+00	 0.10020E+00	 0.00000E+00	 0.16905E+01	 0.18313E+00
 0.30000E+03	 0.30000E+00	 0.29940E+01	 0.89701E+00	 0.17020E-02	 0.17020E-02	 0.40480E-06	 0.40480E-06	 0.32104E-08	 0.32104E-08	 0.45723E+01	 0.10005E+04	 0.21891E+06	 0.82593E-09	-0.15870E+00	 0.10020E+00	 0.00000E+00	 0.16905E+01	 0.18313E+00
 0.30000E+01	 0.30000E+00	 0.29940E+01	 0.89701E+00	 0.36665E-01	 0.36665E-01	 0.20979E-02	 0.20979E-02	 0.16672E-02	 0.16672E-02	 0.45723E+01	 0.10005E+04	 0.21891E+06	 0.15731E-10	-0.15870E+00	 0.10020E+00	 0.00000E+00	 0.16905E+01	 0.18313E+00
 0.30000E+00	 0.30000E+00	 0.29940E+01	 0.89701E+00	 0.88783E-01	 0.88783E-01	 0.24320E-01	 0.24320E-01	 0.11254E+00	 0.11254E+00	 0.45723E+01	 0.10005E+04	 0.21891E+06	 0.18925E-10	-0.15870E+00	 0.10020E+00	 0.00000E+00	 0.16905E+01	 0.18313E+00
 0.30000E-01	 0.30000E+00	 0.29940E+01	 0.89701E+00	 0.86468E-01	 0.86468E-01	 0.17220E+00	 0.17220E+00	 0.56008E+01	 0.56006E+01	 0.45723E+01	 0.10005E+04	 0.21891E+06	 0.41429E-09	-0.15870E+00	 0.10020E+00	 0.00000E+00	 0.16905E+01	 0.18313E+00
 0.30000E-02	 0.30000E+00	 0.29940E+01	 0.89701E+00	 0.28989E-01	 0.28909E-01	 0.43352E+00	 0.43255E+00	 0.13645E+03	 0.13404E+03	 0.45723E+01	 0.10005E+04	 0.21891E+06	 0.10586E-07	-0.15870E+00	 0.10020E+00	 0.00000E+00	 0.16905E+01	 0.18313E+00
 0.30000E-03	 0.30000E+00	 0.29940E+01	 0.89701E+00	 0.67255E-02	 0.59370E-02	 0.39981E+00	 0.38664E+00	 0.19134E+04	 0.17432E+04	 0.45723E+01	 0.10005E+04	 0.21891E+06	 0.65993E-07	-0.15870E+00	 0.10020E+00	 0.00000E+00	 0.16905E+01	 0.18313E+00
 0.30000E-04	 0.30000E+00	 0.29940E+01	 0.89701E+00	 0.70232E-02	 0.79398E-03	 0.38650E+00	 0.33322E+00	 0.21150E+05	 0.18011E+05	 0.45723E+01	 0.10005E+04	 0.21891E+06	 0.10938E-04	-0.15870E+00	 0.10020E+00	 0.00000E+00	 0.16905E+01	 0.18313E+00
 0.10000E+02	 0.30000E-01	 0.29940E+00	 0.89701E+00	 0.54635E+00	 0.54635E+00	 0.22154E-03	 0.22154E-03	 0.25935E-04	 0.25935E-04	 0.45723E+01	 0.10005E+04	 0.21891E+06	 0.12282E-12	-0.15870E+00	 0.10020E+00	 0.00000E+00	 0.16905E+01	 0.18313E+00
 0.10000E+03	 0.30000E-01	 0.29940E+00	 0.89701E+00	 0.16584E+00	 0.16584E+00	 0.34158E-05	 0.34158E-05	 0.26900E-07	 0.26900E-07	 0.45723E+01	 0.10005E+04	 0.21891E+06	 0.13320E-11	-0.15870E+00	 0.10020E+00	 0.00000E+00	 0.16905E+01	 0.18313E+00
 0.10000E+01	 0.30000E-01	 0.29940E+00	 0.89701E+00	 0.11598E+01	 0.11598E+01	 0.99167E-02	 0.99167E-02	 0.10581E-01	 0.10581E-01	 0.45723E+01	 0.10005E+04	 0.21891E+06	 0.31852E-13	-0.15870E+00	 0.10020E+00	 0.00000E+00	 0.16905E+01	 0.18313E+00
 0.10000E+00	 0.30000E-01	 0.29940E+00	 0.89701E+00	 0.68676E+00	 0.68673E+00	 0.18016E+00	 0.18015E+00	 0.10236E+01	 0.10235E+01	 0.45723E+01	 0.10005E+04	 0.21891E+06	 0.36361E-12	-0.15870E+00	 0.10020E+00	 0.00000E+00	 0.16905E+01	 0.18313E+00
 0.10000E-01	 0.30000E-01	 0.29940E+00	 0.89701E+00	 0.31882E+00	 0.31831E+00	 0.86885E-01	 0.86144E-01	 0.32105E+02	 0.32075E+02	 0.45723E+01	 0.10005E+04	 0.21891E+06	 0.31676E-10	-0.15870E+00	 0.10020E+00	 0.00000E+00	 0.16905E+01	 0.18313E+00
 0.10000E-02	 0.30000E-01	 0.29940E+00	 0.89701E+00	 0.77461E-01	 0.70587E-01	-0.37173E+00	-0.45325E+00	 0.45197E+03	 0.43831E+03	 0.45723E+01	 0.10005E+04	 0.21891E+06	 0.29779E-08	-0.15870E+00	 0.10020E+00	 0.00000E+00	 0.16905E+01	 0.18313E+00
 0.10000E-03	 0.30000E-01	 0.29940E+00	 0.89701E+00	 0.18560E-01	 0.84593E-02	-0.19337E+00	-0.65723E+00	 0.50389E+04	 0.45847E+04	 0.45723E+01	 0.10005E+04	 0.21891E+06	 0.57654E-06	-0.15870E+00	 0.10020E+00	 0.00000E+00	 0.16905E+01	 0.18313E+00
 0.30000E+02	 0.30000E-01	 0.29940E+00	 0.89701E+00	 0.33207E+00	 0.33207E+00	 0.35254E-04	 0.35254E-04	 0.99211E-06	 0.99211E-06	 0.45723E+01	 0.10005E+04	 0.21891E+06	 0.23256E-12	-0.15870E+00	 0.10020E+00	 0.00000E+00	 0.16905E+01	 0.18313E+00
 0.30000E+03	 0.30000E-01	 0.29940E+00	 0.89701E+00	 0.10238E+00	 0.10238E+00	 0.38434E-06	 0.38434E-06	 0.99685E-09	 0.99685E-09	 0.45723E+01	 0.10005E+04	 0.21891E+06	 0.13980E-10	-0.15870E+00	 0.10020E+00	 0.00000E+00	 0.16905E+01	 0.18313E+00
 0.30000E+01	 0.30000E-01	 0.29940E+00	 0.89701E+00	 0.90324E+00	 0.90324E+00	 0.16048E-02	 0.16048E-02	 0.74780E-03	 0.74780E-03	 0.45723E+01	 0.10005E+04	 0.21891E+06	 0.36532E-13	-0.15870E+00	 0.10020E+00	 0.00000E+00	 0.16905E+01	 0.18313E+00
 0.30000E+00	 0.30000E-01	 0.29940E+00	 0.89701E+00	 0.93217E+00	 0.93217E+00	 0.59738E-01	 0.59738E-01	 0.13805E+00	 0.13805E+00	 0.45723E+01	 0.10005E+04	 0.21891E+06	 0.77241E-13	-0.15870E+00	 0.10020E+00	 0.00000E+00	 0.16905E+01	 0.18313E+00
 0.30000E-01	 0.30000E-01	 0.29940E+00	 0.89701E+00	 0.49730E+00	 0.49729E+00	 0.28402E+00	 0.28400E+00	 0.69059E+01	 0.69057E+01	 0.45723E+01	 0.10005E+04	 0.21891E+06	 0.40715E-11	-0.15870E+00	 0.10020E+00	 0.00000E+00	 0.16905E+01	 0.18313E+00
 0.30000E-02	 0.30000E-01	 0.29940E+00	 0.89701E+00	 0.16563E+00	 0.16155E+00	-0.23469E+00	-0.25704E+00	 0.13673E+03	 0.13546E+03	 0.45723E+01	 0.10005E+04	 0.21891E+06	 0.27787E-09	-0.15870E+00	 0.10020E+00	 0.00000E+00	 0.16905E+01	 0.18313E+00
 0.30000E-03	 0.30000E-01	 0.29940E+00	 0.89701E+00	 0.31382E-01	 0.24226E-01	-0.38196E+00	-0.59748E+00	 0.16115E+04	 0.15122E+04	 0.45723E+01	 0.10005E+04	 0.21891E+06	 0.48619E-07	-0.15870E+00	 0.10020E+00	 0.00000E+00	 0.16905E+01	 0.18313E+00
 0.30000E-04	 0.30000E-01	 0.29940E+00	 0.89701E+00	 0.27396E-01	 0.25928E-02	 0.13647E+00	-0.67190E+00	 0.17456E+05	 0.15315E+05	 0.45723E+01	 0.10005E+04	 0.21891E+06	 0.29786E-04	-0.15870E+00	 0.10020E+00	 0.00000E+00	 0.16905E+01	 0.18313E+00
 0.10000E+02	 0.30000E-02	 0.29940E-01	 0.89701E+00	 0.89382E+01	 0.89382E+01	 0.16330E-03	 0.16330E-03	 0.25410E-04	 0.25410E-04	 0.45723E+01	 0.10005E+04	 0.21891E+06	 0.65282E-12	-0.15870E+00	 0.10020E+00	 0.00000E+00	 0.16905E+01	 0.18313E+00
 0.10000E+03	 0.30000E-02	 0.29940E-01	 0.89701E+00	 0.53435E+01	 0.53435E+01	 0.21804E-05	 0.21804E-05	 0.26311E-07	 0.26311E-07	 0.45723E+01	 0.10005E+04	 0.21891E+06	 0.14399E-10	-0.15870E+00	 0.10020E+00	 0.00000E+00	 0.16905E+01	 0.18313E+00
 0.10000E+01	 0.30000E-02	 0.29940E-01	 0.89701E+00	 0.19382E+01	 0.19382E+01	 0.14044E-01	 0.14044E-01	 0.10353E-01	 0.10353E-01	 0.45723E+01	 0.10005E+04	 0.21891E+06	 0.26225E-13	-0.15870E+00	 0.10020E+00	 0.00000E+00	 0.16905E+01	 0.18313E+00
 0.10000E+00	 0.30000E-02	 0.29940E-01	 0.89701E+00	 0.92744E+00	 0.92743E+00	 0.15802E+00	 0.15802E+00	 0.10363E+01	 0.10362E+01	 0.45723E+01	 0.10005E+04	 0.21891E+06	 0.35759E-12	-0.15870E+00	 0.10020E+00	 0.00000E+00	 0.16905E+01	 0.18313E+00
 0.10000E-01	 0.30000E-02	 0.29940E-01	 0.89701E+00	 0.15900E+01	 0.15886E+01	 0.55371E+00	 0.55215E+00	 0.25880E+02	 0.25875E+02	 0.45723E+01	 0.10005E+04	 0.21891E+06	 0.24305E-10	-0.15870E+00	 0.10020E+00	 0.00000E+00	 0.16905E+01	 0.18313E+00
 0.10000E-02	 0.30000E-02	 0.29940E-01	 0.89701E+00	 0.10445E+01	 0.92650E+00	 0.43606E+00	 0.31323E+00	 0.32986E+03	 0.32441E+03	 0.45723E+01	 0.10005E+04	 0.21891E+06	 0.67354E-08	-0.15870E+00	 0.10020E+00	 0.00000E+00	 0.16905E+01	 0.18313E+00
 0.10000E-03	 0.30000E-02	 0.29940E-01	 0.89701E+00	 0.32760E+00	 0.14576E+00	-0.35065E+00	 0.50597E-02	 0.38447E+04	 0.34428E+04	 0.45723E+01	 0.10005E+04	 0.21891E+06	 0.28985E-05	-0.15870E+00	 0.10020E+00	 0.00000E+00	 0.16905E+01	 0.18313E+00
 0.30000E+02	 0.30000E-02	 0.29940E-01	 0.89701E+00	 0.83770E+01	 0.83770E+01	 0.16042E-04	 0.16042E-04	 0.97087E-06	 0.97087E-06	 0.45723E+01	 0.10005E+04	 0.21891E+06	 0.48464E-11	-0.15870E+00	 0.10020E+00	 0.00000E+00	 0.16905E+01	 0.18313E+00
 0.30000E+03	 0.30000E-02	 0.29940E-01	 0.89701E+00	 0.32956E+01	 0.32956E+01	 0.35081E-06	 0.35081E-06	 0.97482E-09	 0.97482E-09	 0.45723E+01	 0.10005E+04	 0.21891E+06	 0.24443E-10	-0.15870E+00	 0.10020E+00	 0.00000E+00	 0.16905E+01	 0.18313E+00
 0.30000E+01	 0.30000E-02	 0.29940E-01	 0.89701E+00	 0.45122E+01	 0.45122E+01	 0.23126E-02	 0.23126E-02	 0.73251E-03	 0.73251E-03	 0.45723E+01	 0.10005E+04	 0.21891E+06	 0.99748E-13	-0.15870E+00	 0.10020E+00	 0.00000E+00	 0.16905E+01	 0.18313E+00
 0.30000E+00	 0.30000E-02	 0.29940E-01	 0.89701E+00	 0.99131E+00	 0.99131E+00	 0.62796E-01	 0.62796E-01	 0.13754E+00	 0.13754E+00	 0.45723E+01	 0.10005E+04	 0.21891E+06	 0.79406E-13	-0.15870E+00	 0.10020E+00	 0.00000E+00	 0.16905E+01	 0.18313E+00
 0.30000E-01	 0.30000E-02	 0.29940E-01	 0.89701E+00	 0.12251E+01	 0.12251E+01	 0.33208E+00	 0.33210E+00	 0.64665E+01	 0.64664E+01	 0.45723E+01	 0.10005E+04	 0.21891E+06	 0.25865E-11	-0.15870E+00	 0.10020E+00	 0.00000E+00	 0.16905E+01	 0.18313E+00
 0.30000E-02	 0.30000E-02	 0.29940E-01	 0.89701E+00	 0.15045E+01	 0.14781E+01	 0.66494E+00	 0.61774E+00	 0.10054E+03	 0.10020E+03	 0.45723E+01	 0.10005E+04	 0.21891E+06	 0.20079E-09	-0.15870E+00	 0.10020E+00	 0.00000E+00	 0.16905E+01	 0.18313E+00
 0.30000E-03	 0.30000E-02	 0.29940E-01	 0.89701E+00	 0.59398E+00	 0.39272E+00	 0.38724E-01	 0.93985E-01	 0.11919E+04	 0.11307E+04	 0.45723E+01	 0.10005E+04	 0.21891E+06	 0.36130E-05	-0.15870E+00	 0.10020E+00	 0.00000E+00	 0.16905E+01	 0.18313E+00
 0.30000E-04	 0.30000E-02	 0.29940E-01	 0.89701E+00	 0.21724E+00	 0.44712E-01	-0.10220E+01	-0.27171E-01	 0.13946E+05	 0.11512E+05	 0.45723E+01	 0.10005E+04	 0.21891E+06	 0.82767E-04	-0.15870E+00	 0.10020E+00	 0.00000E+00	 0.16905E+01	 0.18313E+00
 0.10000E+02	 0.30000E-03	 0.29940E-02	 0.89701E+00	 0.17569E+02	 0.17569E+02	 0.23753E-03	 0.23753E-03	 0.25409E-04	 0.25409E-04	 0.45723E+01	 0.10005E+04	 0.21891E+06	 0.13358E-11	-0.15870E+00	 0.10020E+00	 0.00000E+00	 0.16905E+01	 0.18313E+00
 0.10000E+03	 0.30000E-03	 0.29940E-02	 0.89701E+00	 0.89101E+02	 0.89101E+02	 0.16620E-05	 0.16620E-05	 0.26306E-07	 0.26306E-07	 0.45723E+01	 0.10005E+04	 0.21891E+06	 0.11866E-09	-0.15870E+00	 0.10020E+00	 0.00000E+00	 0.16905E+01	 0.18313E+00
 0.10000E+01	 0.30000E-03	 0.29940E-02	 0.89701E+00	 0.21066E+01	 0.21066E+01	 0.13482E-01	 0.13482E-01	 0.10356E-01	 0.10356E-01	 0.45723E+01	 0.10005E+04	 0.21891E+06	 0.31285E-13	-0.15870E+00	 0.10020E+00	 0.00000E+00	 0.16905E+01	 0.18313E+00
 0.10000E+00	 0.30000E-03	 0.29940E-02	 0.89701E+00	 0.93679E+00	 0.93677E+00	 0.15558E+00	 0.15559E+00	 0.10372E+01	 0.10371E+01	 0.45723E+01	 0.10005E+04	 0.21891E+06	 0.53299E-12	-0.15870E+00	 0.10020E+00	 0.00000E+00	 0.16905E+01	 0.18313E+00
 0.10000E-01	 0.30000E-03	 0.29940E-02	 0.89701E+00	 0.25629E+01	 0.25609E+01	 0.21444E+00	 0.21266E+00	 0.26051E+02	 0.26046E+02	 0.45723E+01	 0.10005E+04	 0.21891E+06	 0.25461E-10	-0.15870E+00	 0.10020E+00	 0.00000E+00	 0.16905E+01	 0.18313E+00
 0.10000E-02	 0.30000E-03	 0.29940E-02	 0.89701E+00	 0.11321E+02	 0.10447E+02	-0.16425E+01	-0.20892E+01	 0.33104E+03	 0.32656E+03	 0.45723E+01	 0.10005E+04	 0.21891E+06	 0.14540E-08	-0.15870E+00	 0.10020E+00	 0.00000E+00	 0.16905E+01	 0.18313E+00
 0.10000E-03	 0.30000E-03	 0.29940E-02	 0.89701E+00	 0.11446E+02	 0.62813E+01	-0.33139E+01	-0.11792E+01	 0.38389E+04	 0.34639E+04	 0.45723E+01	 0.10005E+04	 0.21891E+06	 0.33150E-05	-0.15870E+00	 0.10020E+00	 0.00000E+00	 0.16905E+01	 0.18313E+00
 0.30000E+02	 0.30000E-03	 0.29940E-02	 0.89701E+00	 0.44370E+02	 0.44370E+02	 0.27172E-04	 0.27172E-04	 0.97072E-06	 0.97072E-06	 0.45723E+01	 0.10005E+04	 0.21891E+06	 0.10360E-10	-0.15870E+00	 0.10020E+00	 0.00000E+00	 0.16905E+01	 0.18313E+00
 0.30000E+03	 0.30000E-03	 0.29940E-02	 0.89701E+00	 0.83701E+02	 0.83701E+02	 0.16047E-06	 0.16047E-06	 0.97461E-09	 0.97461E-09	 0.45723E+01	 0.10005E+04	 0.21891E+06	 0.15005E-09	-0.15870E+00	 0.10020E+00	 0.00000E+00	 0.16905E+01	 0.18313E+00
 0.30000E+01	 0.30000E-03	 0.29940E-02	 0.89701E+00	 0.57877E+01	 0.57877E+01	 0.21961E-02	 0.21961E-02	 0.73263E-03	 0.73263E-03	 0.45723E+01	 0.10005E+04	 0.21891E+06	 0.69118E-13	-0.15870E+00	 0.10020E+00	 0.00000E+00	 0.16905E+01	 0.18313E+00
 0.30000E+00	 0.30000E-03	 0.29940E-02	 0.89701E+00	 0.99183E+00	 0.99183E+00	 0.62402E-01	 0.62402E-01	 0.13759E+00	 0.13759E+00	 0.45723E+01	 0.10005E+04	 0.21891E+06	 0.79140E-13	-0.15870E+00	 0.10020E+00	 0.00000E+00	 0.16905E+01	 0.18313E+00
 0.30000E-01	 0.30000E-03	 0.29940E-02	 0.89701E+00	 0.13714E+01	 0.13713E+01	 0.28691E+00	 0.28694E+00	 0.64841E+01	 0.64840E+01	 0.45723E+01	 0.10005E+04	 0.21891E+06	 0.41652E-11	-0.15870E+00	 0.10020E+00	 0.00000E+00	 0.16905E+01	 0.18313E+00
 0.30000E-02	 0.30000E-03	 0.29940E-02	 0.89701E+00	 0.59383E+01	 0.58448E+01	-0.61804E+00	-0.71660E+00	 0.10128E+03	 0.10100E+03	 0.45723E+01	 0.10005E+04	 0.21891E+06	 0.30665E-09	-0.15870E+00	 0.10020E+00	 0.00000E+00	 0.16905E+01	 0.18313E+00
 0.30000E-03	 0.30000E-03	 0.29940E-02	 0.89701E+00	 0.13698E+02	 0.10742E+02	-0.18954E+01	-0.15116E+01	 0.11910E+04	 0.11371E+04	 0.45723E+01	 0.10005E+04	 0.21891E+06	 0.10268E-06	-0.15870E+00	 0.10020E+00	 0.00000E+00	 0.16905E+01	 0.18313E+00
 0.30000E-04	 0.30000E-03	 0.29940E-02	 0.89701E+00	 0.77594E+01	 0.23210E+01	-0.59123E+01	-0.14001E+01	 0.13912E+05	 0.11592E+05	 0.45723E+01	 0.10005E+04	 0.21891E+06	 0.25628E-03	-0.15870E+00	 0.10020E+00	 0.00000E+00	 0.16905E+01	 0.18313E+00
 0.10000E+02	 0.30000E-04	 0.29940E-03	 0.89701E+00	 0.19292E+02	 0.19292E+02	 0.22387E-03	 0.22387E-03	 0.25409E-04	 0.25409E-04	 0.45723E+01	 0.10005E+04	 0.21891E+06	 0.16536E-11	-0.15870E+00	 0.10020E+00	 0.00000E+00	 0.16905E+01	 0.18313E+00
 0.10000E+03	 0.30000E-04	 0.29940E-03	 0.89701E+00	 0.17546E+03	 0.17546E+03	 0.24217E-05	 0.24217E-05	 0.26306E-07	 0.26306E-07	 0.45723E+01	 0.10005E+04	 0.21891E+06	 0.10918E-09	-0.15870E+00	 0.10020E+00	 0.00000E+00	 0.16905E+01	 0.18313E+00
 0.10000E+01	 0.30000E-04	 0.29940E-03	 0.89701E+00	 0.21097E+01	 0.21097E+01	 0.13472E-01	 0.13472E-01	 0.10356E-01	 0.10356E-01	 0.45723E+01	 0.10005E+04	 0.21891E+06	 0.25311E-13	-0.15870E+00	 0.10020E+00	 0.00000E+00	 0.16905E+01	 0.18313E+00
 0.10000E+00	 0.30000E-04	 0.29940E-03	 0.89701E+00	 0.93701E+00	 0.93700E+00	 0.15556E+00	 0.15556E+00	 0.10372E+01	 0.10371E+01	 0.45723E+01	 0.10005E+04	 0.21891E+06	 0.47874E-12	-0.15870E+00	 0.10020E+00	 0.00000E+00	 0.16905E+01	 0.18313E+00
 0.10000E-01	 0.30000E-04	 0.29940E-03	 0.89701E+00	 0.25874E+01	 0.25854E+01	 0.20549E+00	 0.20371E+00	 0.26055E+02	 0.26051E+02	 0.45723E+01	 0.10005E+04	 0.21891E+06	 0.31731E-10	-0.15870E+00	 0.10020E+00	 0.00000E+00	 0.16905E+01	 0.18313E+00
 0.10000E-02	 0.30000E-04	 0.29940E-03	 0.89701E+00	 0.16479E+02	 0.15229E+02	-0.32919E+01	-0.38814E+01	 0.33174E+03	 0.32747E+03	 0.45723E+01	 0.10005E+04	 0.21891E+06	 0.45401E-08	-0.15870E+00	 0.10020E+00	 0.00000E+00	 0.16905E+01	 0.18313E+00
 0.10000E-03	 0.30000E-04	 0.29940E-03	 0.89701E+00	 0.11128E+03	 0.75676E+02	-0.13826E+02	-0.73039E+01	 0.38439E+04	 0.34749E+04	 0.45723E+01	 0.10005E+04	 0.21891E+06	 0.32289E-06	-0.15870E+00	 0.10020E+00	 0.00000E+00	 0.16905E+01	 0.18313E+00
 0.30000E+02	 0.30000E-04	 0.29940E-03	 0.89701E+00	 0.57139E+02	 0.57139E+02	 0.25483E-04	 0.25483E-04	 0.97072E-06	 0.97072E-06	 0.45723E+01	 0.10005E+04	 0.21891E+06	 0.16339E-10	-0.15870E+00	 0.10020E+00	 0.00000E+00	 0.16905E+01	 0.18313E+00
 0.30000E+03	 0.30000E-04	 0.29940E-03	 0.89701E+00	 0.44362E+03	 0.44362E+03	 0.27235E-06	 0.27235E-06	 0.97460E-09	 0.97460E-09	 0.45723E+01	 0.10005E+04	 0.21891E+06	 0.51355E-09	-0.15870E+00	 0.10020E+00	 0.00000E+00	 0.16905E+01	 0.18313E+00
 0.30000E+01	 0.30000E-04	 0.29940E-03	 0.89701E+00	 0.58631E+01	 0.58631E+01	 0.21796E-02	 0.21796E-02	 0.73264E-03	 0.73264E-03	 0.45723E+01	 0.10005E+04	 0.21891E+06	 0.20200E-12	-0.15870E+00	 0.10020E+00	 0.00000E+00	 0.16905E+01	 0.18313E+00
 0.30000E+00	 0.30000E-04	 0.29940E-03	 0.89701E+00	 0.99221E+00	 0.99221E+00	 0.62396E-01	 0.62396E-01	 0.13759E+00	 0.13759E+00	 0.45723E+01	 0.10005E+04	 0.21891E+06	 0.70500E-13	-0.15870E+00	 0.10020E+00	 0.00000E+00	 0.16905E+01	 0.18313E+00
 0.30000E-01	 0.30000E-04	 0.29940E-03	 0.89701E+00	 0.13733E+01	 0.13733E+01	 0.28634E+00	 0.28636E+00	 0.64844E+01	 0.64843E+01	 0.45723E+01	 0.10005E+04	 0.21891E+06	 0.35365E-11	-0.15870E+00	 0.10020E+00	 0.00000E+00	 0.16905E+01	 0.18313E+00
 0.30000E-02	 0.30000E-04	 0.29940E-03	 0.89701E+00	 0.63850E+01	 0.62860E+01	-0.79248E+00	-0.89500E+00	 0.10137E+03	 0.10109E+03	 0.45723E+01	 0.10005E+04	 0.21891E+06	 0.30995E-09	-0.15870E+00	 0.10020E+00	 0.00000E+00	 0.16905E+01	 0.18313E+00
 0.30000E-03	 0.30000E-04	 0.29940E-03	 0.89701E+00	 0.48944E+02	 0.39823E+02	-0.84271E+01	-0.75647E+01	 0.11934E+04	 0.11407E+04	 0.45723E+01	 0.10005E+04	 0.21891E+06	 0.33598E-07	-0.15870E+00	 0.10020E+00	 0.00000E+00	 0.16905E+01	 0.18313E+00
 0.30000E-04	 0.30000E-04	 0.29940E-03	 0.89701E+00	 0.16333E+03	 0.75730E+02	-0.19639E+02	-0.67549E+01	 0.13926E+05	 0.11638E+05	 0.45723E+01	 0.10005E+04	 0.21891E+06	 0.91624E-05	-0.15870E+00	 0.10020E+00	 0.00000E+00	 0.16905E+01	 0.18313E+00
