x/a=sqrt(s)   E_r[V/m]    <Q_i\dot\nabla x>[W/m^2] <Q_e\dot\nabla x>[W/m^2] ... <Gamma_i\dot\nabla x>[1/m^2] <Gamma_e\dot\nabla x>[1/m^2] ... 
  8.36660E-02 -9.84375E+02  2.72740E+02  2.14078E+02 -1.47169E-01  9.20376E-03  9.86712E-03 -1.56230E-05
  1.44914E-01 -1.60937E+03  6.29547E+02  5.07424E+02 -3.28217E-01  2.33299E-02  2.38629E-02 -3.59186E-05
  2.23607E-01 -2.14062E+03  1.37244E+03  1.24271E+03 -6.78770E-01  5.95547E-02  6.08315E-02 -7.96416E-05
  2.66458E-01 -2.26387E+03  1.78581E+03  1.77080E+03 -8.39652E-01  9.03177E-02  8.90741E-02 -1.03781E-04
  3.16228E-01 -2.66396E+03  2.65975E+03  2.50608E+03 -1.24520E+00  1.33821E-01  1.32217E-01 -1.58941E-04
  3.87298E-01 -2.64290E+03  3.27455E+03  3.49072E+03 -1.41196E+00  2.02200E-01  1.97172E-01 -1.98662E-04
  4.47214E-01 -2.85632E+03  3.65682E+03  4.25114E+03 -1.78697E+00  2.33621E-01  2.59224E-01 -2.65475E-04
  5.00000E-01 -2.91153E+03  4.50124E+03  4.66552E+03 -1.98170E+00  3.05519E-01  3.06762E-01 -3.11886E-04
  5.47723E-01 -2.97754E+03  4.81113E+03  4.78628E+03 -2.15056E+00  3.46034E-01  3.40007E-01 -3.55797E-04
  5.91608E-01 -3.04586E+03  4.92691E+03  4.73225E+03 -2.31193E+00  3.69619E-01  3.63655E-01 -4.00389E-04
  6.32456E-01 -3.03246E+03  4.70806E+03  4.43696E+03 -2.32303E+00  3.72778E-01  3.68497E-01 -4.21370E-04
  6.70820E-01 -3.12891E+03  4.56717E+03  4.07764E+03 -2.42199E+00  3.74685E-01  3.67521E-01 -4.57791E-04
  7.07107E-01 -3.29297E+03  4.22356E+03  3.59310E+03 -2.49674E+00  3.53875E-01  3.52477E-01 -4.91132E-04
  7.41620E-01 -3.48047E+03  3.93766E+03  3.13124E+03 -2.55647E+00  3.42960E-01  3.35292E-01 -5.24942E-04
  7.74597E-01 -3.85547E+03  3.64464E+03  2.66810E+03 -2.69391E+00  3.20083E-01  3.13845E-01 -5.77790E-04
  8.06226E-01 -4.27880E+03  3.18854E+03  2.16557E+03 -2.71423E+00  2.83461E-01  2.81053E-01 -6.10433E-04
  8.36660E-01 -4.90264E+03  2.80704E+03  1.69599E+03 -2.71231E+00  2.48305E-01  2.45076E-01 -6.43776E-04
  8.66025E-01 -5.41544E+03  4.54571E+03  2.68318E+03 -5.23264E+00  4.37456E-01  4.32938E-01 -1.32535E-03
  8.94427E-01 -6.55474E+03  1.87229E+03  8.55463E+02 -2.24325E+00  1.63288E-01  1.58361E-01 -6.12466E-04
  9.21954E-01 -7.96580E+03  1.42614E+03  5.31994E+02 -1.87496E+00  1.16717E-01  1.14806E-01 -5.61656E-04
  9.48683E-01 -9.50808E+03  9.34090E+02  2.75155E+02 -1.29658E+00  7.47432E-02  7.08497E-02 -4.35384E-04
  9.74679E-01 -1.15035E+04  5.21280E+02  1.16352E+02 -7.50794E-01  3.92004E-02  3.73517E-02 -2.93626E-04
