 ##################################################
 #WARNING: these are left-handed Boozer coordinates
 #(similar, but not equal, to PEST)
 ##################################################
  0.641000000000000     
          65
          65
          10
  2.46852E+00  2.28458E+00  2.11143E+00  1.95111E+00  1.80517E+00  1.67487E+00  1.56136E+00  1.46570E+00  1.38887E+00  1.33167E+00  1.29453E+00  1.27735E+00  1.27938E+00  1.29907E+00  1.33410E+00  1.38143E+00  1.43750E+00  1.49847E+00  1.56053E+00  1.62016E+00  1.67443E+00  1.72120E+00  1.75926E+00  1.78833E+00  1.80904E+00  1.82276E+00  1.83144E+00  1.83734E+00  1.84285E+00  1.85025E+00  1.86158E+00  1.87857E+00  1.90254E+00  1.93449E+00  1.97515E+00  2.02506E+00  2.08470E+00  2.15452E+00  2.23503E+00  2.32669E+00  2.42991E+00  2.54486E+00  2.67129E+00  2.80834E+00  2.95435E+00  3.10672E+00  3.26185E+00  3.41520E+00  3.56144E+00  3.69469E+00  3.80895E+00  3.89849E+00  3.95833E+00  3.98462E+00  3.97505E+00  3.92902E+00  3.84772E+00  3.73401E+00  3.59221E+00  3.42766E+00  3.24632E+00  3.05427E+00  2.85730E+00  2.66060E+00  2.46852E+00
  2.30356E+00  2.13132E+00  1.97438E+00  1.83428E+00  1.71227E+00  1.60953E+00  1.52712E+00  1.46599E+00  1.42683E+00  1.40986E+00  1.41471E+00  1.44018E+00  1.48425E+00  1.54401E+00  1.61584E+00  1.69559E+00  1.77885E+00  1.86130E+00  1.93903E+00  2.00884E+00  2.06844E+00  2.11660E+00  2.15318E+00  2.17907E+00  2.19600E+00  2.20634E+00  2.21285E+00  2.21843E+00  2.22585E+00  2.23760E+00  2.25574E+00  2.28188E+00  2.31713E+00  2.36223E+00  2.41760E+00  2.48345E+00  2.55987E+00  2.64690E+00  2.74449E+00  2.85248E+00  2.97048E+00  3.09770E+00  3.23281E+00  3.37375E+00  3.51763E+00  3.66070E+00  3.79837E+00  3.92543E+00  4.03629E+00  4.12535E+00  4.18743E+00  4.21819E+00  4.21454E+00  4.17495E+00  4.09961E+00  3.99044E+00  3.85096E+00  3.68600E+00  3.50128E+00  3.30298E+00  3.09724E+00  2.88981E+00  2.68574E+00  2.48922E+00  2.30356E+00
  2.09107E+00  1.94884E+00  1.82581E+00  1.72262E+00  1.63991E+00  1.57834E+00  1.53858E+00  1.52110E+00  1.52606E+00  1.55298E+00  1.60066E+00  1.66697E+00  1.74887E+00  1.84253E+00  1.94347E+00  2.04691E+00  2.14810E+00  2.24268E+00  2.32702E+00  2.39851E+00  2.45567E+00  2.49832E+00  2.52742E+00  2.54499E+00  2.55387E+00  2.55738E+00  2.55907E+00  2.56244E+00  2.57063E+00  2.58630E+00  2.61150E+00  2.64765E+00  2.69555E+00  2.75550E+00  2.82737E+00  2.91077E+00  3.00509E+00  3.10957E+00  3.22330E+00  3.34513E+00  3.47360E+00  3.60677E+00  3.74213E+00  3.87647E+00  4.00587E+00  4.12574E+00  4.23100E+00  4.31635E+00  4.37664E+00  4.40726E+00  4.40458E+00  4.36633E+00  4.29189E+00  4.18242E+00  4.04085E+00  3.87167E+00  3.68058E+00  3.47406E+00  3.25883E+00  3.04138E+00  2.82755E+00  2.62226E+00  2.42936E+00  2.25165E+00  2.09107E+00
  1.88417E+00  1.78945E+00  1.71607E+00  1.66358E+00  1.63170E+00  1.62036E+00  1.62958E+00  1.65925E+00  1.70888E+00  1.77739E+00  1.86290E+00  1.96266E+00  2.07306E+00  2.18980E+00  2.30812E+00  2.42317E+00  2.53036E+00  2.62573E+00  2.70630E+00  2.77027E+00  2.81717E+00  2.84786E+00  2.86441E+00  2.86990E+00  2.86811E+00  2.86321E+00  2.85940E+00  2.86062E+00  2.87027E+00  2.89105E+00  2.92483E+00  2.97269E+00  3.03493E+00  3.11118E+00  3.20054E+00  3.30169E+00  3.41304E+00  3.53272E+00  3.65866E+00  3.78851E+00  3.91958E+00  4.04875E+00  4.17243E+00  4.28651E+00  4.38642E+00  4.46732E+00  4.52431E+00  4.55279E+00  4.54885E+00  4.50969E+00  4.43396E+00  4.32205E+00  4.17620E+00  4.00043E+00  3.80033E+00  3.58267E+00  3.35483E+00  3.12431E+00  2.89811E+00  2.68234E+00  2.48187E+00  2.30018E+00  2.13946E+00  2.00073E+00  1.88417E+00
  1.73778E+00  1.70387E+00  1.69079E+00  1.69691E+00  1.72100E+00  1.76222E+00  1.81993E+00  1.89345E+00  1.98184E+00  2.08357E+00  2.19645E+00  2.31748E+00  2.44298E+00  2.56870E+00  2.69017E+00  2.80296E+00  2.90313E+00  2.98754E+00  3.05411E+00  3.10208E+00  3.13204E+00  3.14590E+00  3.14673E+00  3.13849E+00  3.12572E+00  3.11318E+00  3.10548E+00  3.10674E+00  3.12036E+00  3.14882E+00  3.19362E+00  3.25522E+00  3.33315E+00  3.42613E+00  3.53222E+00  3.64895E+00  3.77348E+00  3.90267E+00  4.03314E+00  4.16129E+00  4.28328E+00  4.39499E+00  4.49210E+00  4.57008E+00  4.62438E+00  4.65065E+00  4.64502E+00  4.60446E+00  4.52717E+00  4.41288E+00  4.26309E+00  4.08118E+00  3.87231E+00  3.64317E+00  3.40154E+00  3.15574E+00  2.91401E+00  2.68391E+00  2.47184E+00  2.28266E+00  2.11952E+00  1.98393E+00  1.87592E+00  1.79445E+00  1.73778E+00
  1.69924E+00  1.73243E+00  1.78279E+00  1.84768E+00  1.92509E+00  2.01359E+00  2.11209E+00  2.21960E+00  2.33494E+00  2.45653E+00  2.58218E+00  2.70913E+00  2.83406E+00  2.95328E+00  3.06305E+00  3.15984E+00  3.24071E+00  3.30362E+00  3.34764E+00  3.37312E+00  3.38173E+00  3.37634E+00  3.36083E+00  3.33984E+00  3.31836E+00  3.30140E+00  3.29363E+00  3.29900E+00  3.32054E+00  3.36018E+00  3.41866E+00  3.49553E+00  3.58928E+00  3.69746E+00  3.81685E+00  3.94369E+00  4.07380E+00  4.20275E+00  4.32597E+00  4.43882E+00  4.53663E+00  4.61479E+00  4.66885E+00  4.69462E+00  4.68840E+00  4.64721E+00  4.56911E+00  4.45349E+00  4.30130E+00  4.11531E+00  3.90008E+00  3.66189E+00  3.40846E+00  3.14845E+00  2.89094E+00  2.64475E+00  2.41785E+00  2.21678E+00  2.04630E+00  1.90918E+00  1.80622E+00  1.73648E+00  1.69763E+00  1.68643E+00  1.69924E+00
  1.79958E+00  1.89742E+00  2.00568E+00  2.12110E+00  2.24128E+00  2.36457E+00  2.48979E+00  2.61597E+00  2.74208E+00  2.86682E+00  2.98843E+00  3.10473E+00  3.21317E+00  3.31100E+00  3.39554E+00  3.46446E+00  3.51609E+00  3.54964E+00  3.56543E+00  3.56494E+00  3.55083E+00  3.52677E+00  3.49724E+00  3.46721E+00  3.44180E+00  3.42584E+00  3.42361E+00  3.43847E+00  3.47263E+00  3.52700E+00  3.60118E+00  3.69348E+00  3.80103E+00  3.92003E+00  4.04589E+00  4.17353E+00  4.29758E+00  4.41259E+00  4.51316E+00  4.59415E+00  4.65075E+00  4.67861E+00  4.67402E+00  4.63404E+00  4.55674E+00  4.44140E+00  4.28874E+00  4.10110E+00  3.88256E+00  3.63891E+00  3.37752E+00  3.10697E+00  2.83663E+00  2.57608E+00  2.33444E+00  2.11977E+00  1.93852E+00  1.79513E+00  1.69183E+00  1.62862E+00  1.60354E+00  1.61300E+00  1.65231E+00  1.71626E+00  1.79958E+00
  2.04807E+00  2.19917E+00  2.35146E+00  2.50164E+00  2.64745E+00  2.78745E+00  2.92083E+00  3.04703E+00  3.16553E+00  3.27564E+00  3.37637E+00  3.46642E+00  3.54425E+00  3.60828E+00  3.65709E+00  3.68971E+00  3.70579E+00  3.70587E+00  3.69146E+00  3.66512E+00  3.63031E+00  3.59131E+00  3.55287E+00  3.51998E+00  3.49741E+00  3.48940E+00  3.49935E+00  3.52945E+00  3.58062E+00  3.65230E+00  3.74252E+00  3.84800E+00  3.96434E+00  4.08628E+00  4.20794E+00  4.32319E+00  4.42587E+00  4.51008E+00  4.57035E+00  4.60187E+00  4.60064E+00  4.56358E+00  4.48872E+00  4.37530E+00  4.22398E+00  4.03691E+00  3.81788E+00  3.57228E+00  3.30707E+00  3.03055E+00  2.75202E+00  2.48127E+00  2.22806E+00  2.00149E+00  1.80935E+00  1.65768E+00  1.55030E+00  1.48865E+00  1.47182E+00  1.49675E+00  1.55860E+00  1.65134E+00  1.76825E+00  1.90260E+00  2.04807E+00
  2.42988E+00  2.61513E+00  2.79098E+00  2.95467E+00  3.10461E+00  3.24011E+00  3.36109E+00  3.46782E+00  3.56058E+00  3.63957E+00  3.70476E+00  3.75590E+00  3.79259E+00  3.81449E+00  3.82147E+00  3.81386E+00  3.79262E+00  3.75951E+00  3.71712E+00  3.66884E+00  3.61878E+00  3.57148E+00  3.53167E+00  3.50390E+00  3.49218E+00  3.49966E+00  3.52829E+00  3.57865E+00  3.64977E+00  3.73921E+00  3.84307E+00  3.95628E+00  4.07282E+00  4.18611E+00  4.28934E+00  4.37585E+00  4.43944E+00  4.47468E+00  4.47706E+00  4.44325E+00  4.37115E+00  4.26003E+00  4.11058E+00  3.92500E+00  3.70697E+00  3.46172E+00  3.19590E+00  2.91747E+00  2.63543E+00  2.35945E+00  2.09944E+00  1.86496E+00  1.66467E+00  1.50575E+00  1.39344E+00  1.33067E+00  1.31789E+00  1.35309E+00  1.43204E+00  1.54870E+00  1.69573E+00  1.86513E+00  2.04885E+00  2.23931E+00  2.42988E+00
  2.90805E+00  3.10316E+00  3.27818E+00  3.43148E+00  3.56260E+00  3.67201E+00  3.76075E+00  3.83015E+00  3.88156E+00  3.91622E+00  3.93513E+00  3.93913E+00  3.92894E+00  3.90536E+00  3.86945E+00  3.82270E+00  3.76718E+00  3.70564E+00  3.64151E+00  3.57878E+00  3.52184E+00  3.47519E+00  3.44312E+00  3.42935E+00  3.43664E+00  3.46651E+00  3.51900E+00  3.59253E+00  3.68387E+00  3.78831E+00  3.89985E+00  4.01157E+00  4.11606E+00  4.20583E+00  4.27380E+00  4.31366E+00  4.32026E+00  4.28980E+00  4.21998E+00  4.11015E+00  3.96123E+00  3.77573E+00  3.55764E+00  3.31237E+00  3.04659E+00  2.76811E+00  2.48567E+00  2.20861E+00  1.94660E+00  1.70914E+00  1.50514E+00  1.34237E+00  1.22698E+00  1.16307E+00  1.15241E+00  1.19426E+00  1.28544E+00  1.42055E+00  1.59238E+00  1.79248E+00  2.01170E+00  2.24090E+00  2.47151E+00  2.69595E+00  2.90805E+00
  3.42893E+00  3.60765E+00  3.75680E+00  3.87628E+00  3.96715E+00  4.03132E+00  4.07117E+00  4.08928E+00  4.08816E+00  4.07011E+00  4.03718E+00  3.99120E+00  3.93385E+00  3.86691E+00  3.79236E+00  3.71259E+00  3.63048E+00  3.54945E+00  3.47343E+00  3.40663E+00  3.35338E+00  3.31770E+00  3.30303E+00  3.31179E+00  3.34504E+00  3.40221E+00  3.48098E+00  3.57725E+00  3.68524E+00  3.79785E+00  3.90703E+00  4.00431E+00  4.08141E+00  4.13071E+00  4.14585E+00  4.12209E+00  4.05655E+00  3.94842E+00  3.79886E+00  3.61093E+00  3.38939E+00  3.14044E+00  2.87144E+00  2.59066E+00  2.30699E+00  2.02972E+00  1.76818E+00  1.53153E+00  1.32835E+00  1.16628E+00  1.05167E+00  9.89147E-01  9.81320E-01  1.02852E+00  1.12871E+00  1.27751E+00  1.46845E+00  1.69336E+00  1.94285E+00  2.20694E+00  2.47568E+00  2.73971E+00  2.99081E+00  3.22222E+00  3.42893E+00
  3.92972E+00  4.06717E+00  4.16783E+00  4.23336E+00  4.26655E+00  4.27090E+00  4.25023E+00  4.20842E+00  4.14913E+00  4.07569E+00  3.99106E+00  3.89788E+00  3.79860E+00  3.69567E+00  3.59169E+00  3.48957E+00  3.39260E+00  3.30447E+00  3.22915E+00  3.17065E+00  3.13274E+00  3.11855E+00  3.13017E+00  3.16829E+00  3.23182E+00  3.31779E+00  3.42122E+00  3.53531E+00  3.65175E+00  3.76124E+00  3.85411E+00  3.92104E+00  3.95375E+00  3.94568E+00  3.89245E+00  3.79220E+00  3.64571E+00  3.45630E+00  3.22954E+00  2.97285E+00  2.69503E+00  2.40575E+00  2.11506E+00  1.83301E+00  1.56928E+00  1.33292E+00  1.13209E+00  9.73868E-01  8.64062E-01  8.06961E-01  8.05146E-01  8.59297E-01  9.68048E-01  1.12793E+00  1.33343E+00  1.57719E+00  1.85034E+00  2.14294E+00  2.44453E+00  2.74471E+00  3.03371E+00  3.30289E+00  3.54516E+00  3.75523E+00  3.92972E+00
  4.34758E+00  4.42311E+00  4.45755E+00  4.45447E+00  4.41839E+00  4.35439E+00  4.26773E+00  4.16352E+00  4.04650E+00  3.92089E+00  3.79038E+00  3.65823E+00  3.52735E+00  3.40052E+00  3.28056E+00  3.17046E+00  3.07347E+00  2.99300E+00  2.93255E+00  2.89537E+00  2.88418E+00  2.90069E+00  2.94519E+00  3.01624E+00  3.11034E+00  3.22187E+00  3.34317E+00  3.46493E+00  3.57669E+00  3.66761E+00  3.72727E+00  3.74660E+00  3.71864E+00  3.63923E+00  3.50737E+00  3.32541E+00  3.09883E+00  2.83587E+00  2.54684E+00  2.24341E+00  1.93782E+00  1.64217E+00  1.36775E+00  1.12467E+00  9.21477E-01  7.65039E-01  6.60485E-01  6.11207E-01  6.18883E-01  6.83507E-01  8.03386E-01  9.75150E-01  1.19377E+00  1.45264E+00  1.74371E+00  2.05777E+00  2.38476E+00  2.71422E+00  3.03578E+00  3.33968E+00  3.61722E+00  3.86118E+00  4.06618E+00  4.22878E+00  4.34758E+00
  4.62585E+00  4.62494E+00  4.58197E+00  4.50230E+00  4.39208E+00  4.25790E+00  4.10631E+00  3.94354E+00  3.77525E+00  3.60637E+00  3.44113E+00  3.28310E+00  3.13533E+00  3.00055E+00  2.88134E+00  2.78027E+00  2.69994E+00  2.64293E+00  2.61163E+00  2.60797E+00  2.63300E+00  2.68652E+00  2.76664E+00  2.86949E+00  2.98903E+00  3.11713E+00  3.24382E+00  3.35787E+00  3.44754E+00  3.50160E+00  3.51023E+00  3.46607E+00  3.36501E+00  3.20673E+00  2.99486E+00  2.73685E+00  2.44340E+00  2.12764E+00  1.80410E+00  1.48767E+00  1.19257E+00  9.31469E-01  7.14921E-01  5.50964E-01  4.45028E-01  4.00031E-01  4.16611E-01  4.93427E-01  6.27453E-01  8.14246E-01  1.04813E+00  1.32237E+00  1.62924E+00  1.96018E+00  2.30594E+00  2.65676E+00  3.00270E+00  3.33396E+00  3.64128E+00  3.91632E+00  4.15212E+00  4.34336E+00  4.48664E+00  4.58059E+00  4.62585E+00
  4.72127E+00  4.63663E+00  4.51229E+00  4.35519E+00  4.17295E+00  3.97346E+00  3.76437E+00  3.55286E+00  3.34529E+00  3.14710E+00  2.96279E+00  2.79593E+00  2.64933E+00  2.52523E+00  2.42546E+00  2.35155E+00  2.30485E+00  2.28642E+00  2.29689E+00  2.33621E+00  2.40324E+00  2.49540E+00  2.60837E+00  2.73580E+00  2.86935E+00  2.99889E+00  3.11296E+00  3.19958E+00  3.24716E+00  3.24564E+00  3.18751E+00  3.06880E+00  2.88973E+00  2.65496E+00  2.37350E+00  2.05806E+00  1.72415E+00  1.38880E+00  1.06924E+00  7.81630E-01  5.39949E-01  3.55181E-01  2.34880E-01  1.83060E-01  2.00421E-01  2.84778E-01  4.31633E-01  6.34765E-01  8.86765E-01  1.17947E+00  1.50427E+00  1.85231E+00  2.21455E+00  2.58190E+00  2.94524E+00  3.29556E+00  3.62411E+00  3.92262E+00  4.18367E+00  4.40092E+00  4.56945E+00  4.68607E+00  4.74948E+00  4.76034E+00  4.72127E+00
  4.60411E+00  4.43600E+00  4.23369E+00  4.00548E+00  3.76018E+00  3.50668E+00  3.25354E+00  3.00859E+00  2.77868E+00  2.56948E+00  2.38541E+00  2.22971E+00  2.10451E+00  2.01105E+00  1.94979E+00  1.92063E+00  1.92295E+00  1.95559E+00  2.01677E+00  2.10383E+00  2.21299E+00  2.33909E+00  2.47532E+00  2.61326E+00  2.74292E+00  2.85324E+00  2.93267E+00  2.97013E+00  2.95605E+00  2.88343E+00  2.74886E+00  2.55325E+00  2.30220E+00  2.00588E+00  1.67847E+00  1.33714E+00  1.00069E+00  6.88018E-01  4.16692E-01  2.01579E-01  5.39016E-02 -1.93214E-02 -1.53979E-02  6.43220E-02  2.15036E-01  4.29276E-01  6.97755E-01  1.01017E+00  1.35587E+00  1.72433E+00  2.10550E+00  2.48987E+00  2.86856E+00  3.23320E+00  3.57597E+00  3.88952E+00  4.16706E+00  4.40247E+00  4.59053E+00  4.72715E+00  4.80964E+00  4.83693E+00  4.80976E+00  4.73069E+00  4.60411E+00
  4.26283E+00  4.01874E+00  3.74882E+00  3.46235E+00  3.16903E+00  2.87848E+00  2.59983E+00  2.34129E+00  2.10984E+00  1.91106E+00  1.74892E+00  1.62587E+00  1.54286E+00  1.49952E+00  1.49434E+00  1.52485E+00  1.58777E+00  1.67905E+00  1.79387E+00  1.92657E+00  2.07054E+00  2.21810E+00  2.36051E+00  2.48807E+00  2.59048E+00  2.65735E+00  2.67895E+00  2.64718E+00  2.55647E+00  2.40477E+00  2.19419E+00  1.93142E+00  1.62765E+00  1.29800E+00  9.60534E-01  6.34872E-01  3.40642E-01  9.58827E-02 -8.43670E-02 -1.89140E-01 -2.12177E-01 -1.52075E-01 -1.19859E-02  2.01061E-01  4.77083E-01  8.04173E-01  1.16950E+00  1.56017E+00  1.96390E+00  2.36944E+00  2.76678E+00  3.14714E+00  3.50292E+00  3.82750E+00  4.11507E+00  4.36054E+00  4.55946E+00  4.70817E+00  4.80382E+00  4.84465E+00  4.83015E+00  4.76130E+00  4.64070E+00  4.47258E+00  4.26283E+00
  3.70131E+00  3.39558E+00  3.07479E+00  2.74887E+00  2.42804E+00  2.12227E+00  1.84089E+00  1.59211E+00  1.38270E+00  1.21765E+00  1.10005E+00  1.03099E+00  1.00963E+00  1.03336E+00  1.09798E+00  1.19797E+00  1.32672E+00  1.47674E+00  1.63987E+00  1.80736E+00  1.97003E+00  2.11841E+00  2.24288E+00  2.33404E+00  2.38307E+00  2.38239E+00  2.32627E+00  2.21165E+00  2.03877E+00  1.81176E+00  1.53891E+00  1.23250E+00  9.08322E-01  5.84674E-01  2.81086E-01  1.67983E-02 -1.90764E-01 -3.27380E-01 -3.83094E-01 -3.52854E-01 -2.36670E-01 -3.93035E-02  2.30425E-01  5.60616E-01  9.37390E-01  1.34600E+00  1.77182E+00  2.20112E+00  2.62164E+00  3.02283E+00  3.39598E+00  3.73403E+00  4.03144E+00  4.28388E+00  4.48798E+00  4.64120E+00  4.74163E+00  4.78810E+00  4.78017E+00  4.71833E+00  4.60414E+00  4.44043E+00  4.23139E+00  3.98267E+00  3.70131E+00
  2.93894E+00  2.59179E+00  2.24226E+00  1.90057E+00  1.57701E+00  1.28152E+00  1.02319E+00  8.09764E-01  6.47251E-01  5.39542E-01  4.88187E-01  4.92274E-01  5.48466E-01  6.51164E-01  7.92785E-01  9.64147E-01  1.15488E+00  1.35390E+00  1.54981E+00  1.73136E+00  1.88778E+00  2.00921E+00  2.08698E+00  2.11406E+00  2.08541E+00  1.99847E+00  1.85351E+00  1.65407E+00  1.40717E+00  1.12332E+00  8.16285E-01  5.02455E-01  1.99970E-01 -7.24975E-02 -2.97072E-01 -4.58033E-01 -5.43027E-01 -5.43988E-01 -4.57679E-01 -2.85797E-01 -3.46542E-02  2.85503E-01  6.61438E-01  1.07801E+00  1.51928E+00  1.96952E+00  2.41407E+00  2.83993E+00  3.23618E+00  3.59403E+00  3.90687E+00  4.16997E+00  4.38027E+00  4.53599E+00  4.63638E+00  4.68150E+00  4.67202E+00  4.60920E+00  4.49492E+00  4.33173E+00  4.12307E+00  3.87336E+00  3.58810E+00  3.27401E+00  2.93894E+00
  2.01109E+00  1.64752E+00  1.29563E+00  9.65459E-01  6.66964E-01  4.09532E-01  2.01471E-01  4.94751E-02 -4.18719E-02 -7.05119E-02 -3.72186E-02  5.42801E-02  1.97346E-01  3.82686E-01  5.98790E-01  8.32517E-01  1.06980E+00  1.29641E+00  1.49867E+00  1.66419E+00  1.78246E+00  1.84537E+00  1.84757E+00  1.78678E+00  1.66393E+00  1.48328E+00  1.25234E+00  9.81709E-01  6.84769E-01  3.77151E-01  7.60097E-02 -2.00882E-01 -4.36193E-01 -6.14155E-01 -7.21638E-01 -7.49071E-01 -6.91105E-01 -5.46942E-01 -3.20325E-01 -1.91756E-02  3.45062E-01  7.58284E-01  1.20471E+00  1.66791E+00  2.13174E+00  2.58117E+00  3.00292E+00  3.38586E+00  3.72125E+00  4.00273E+00  4.22622E+00  4.38959E+00  4.49242E+00  4.53557E+00  4.52090E+00  4.45100E+00  4.32901E+00  4.15848E+00  3.94336E+00  3.68808E+00  3.39764E+00  3.07775E+00  2.73493E+00  2.37660E+00  2.01109E+00
  9.63339E-01  6.12038E-01  2.87246E-01 -1.63183E-03 -2.45535E-01 -4.36240E-01 -5.66928E-01 -6.32773E-01 -6.31496E-01 -5.63825E-01 -4.33803E-01 -2.48871E-01 -1.96893E-02  2.40294E-01  5.15549E-01  7.89356E-01  1.04484E+00  1.26602E+00  1.43887E+00  1.55215E+00  1.59815E+00  1.57312E+00  1.47747E+00  1.31574E+00  1.09632E+00  8.31000E-01  5.34326E-01  2.22885E-01 -8.55569E-02 -3.72964E-01 -6.21986E-01 -8.16901E-01 -9.44486E-01 -9.94771E-01 -9.61592E-01 -8.42909E-01 -6.40854E-01 -3.61533E-01 -1.45859E-02  3.87453E-01  8.29915E-01  1.29686E+00  1.77190E+00  2.23909E+00  2.68357E+00  3.09221E+00  3.45403E+00  3.76048E+00  4.00548E+00  4.18540E+00  4.29885E+00  4.34640E+00  4.33025E+00  4.25383E+00  4.12151E+00  3.93827E+00  3.70945E+00  3.44065E+00  3.13766E+00  2.80646E+00  2.45332E+00  2.08492E+00  1.70849E+00  1.33181E+00  9.63339E-01
 -1.47293E-01 -4.55309E-01 -7.21860E-01 -9.38772E-01 -1.09859E+00 -1.19509E+00 -1.22392E+00 -1.18320E+00 -1.07408E+00 -9.01200E-01 -6.72832E-01 -4.00842E-01 -1.00234E-01  2.11586E-01  5.15850E-01  7.93659E-01  1.02730E+00  1.20154E+00  1.30475E+00  1.32978E+00  1.27450E+00  1.14194E+00  9.40119E-01  6.81411E-01  3.81741E-01  5.95093E-02 -2.65565E-01 -5.73639E-01 -8.45870E-01 -1.06543E+00 -1.21835E+00 -1.29418E+00 -1.28636E+00 -1.19241E+00 -1.01387E+00 -7.56040E-01 -4.27542E-01 -3.97926E-02  3.93643E-01  8.57723E-01  1.33662E+00  1.81443E+00  2.27579E+00  2.70650E+00  3.09400E+00  3.42779E+00  3.69974E+00  3.90414E+00  4.03779E+00  4.09986E+00  4.09168E+00  4.01641E+00  3.87876E+00  3.68458E+00  3.44048E+00  3.15355E+00  2.83110E+00  2.48045E+00  2.10891E+00  1.72371E+00  1.33211E+00  9.41475E-01  5.59396E-01  1.93745E-01 -1.47293E-01
 -1.25690E+00 -1.48939E+00 -1.66623E+00 -1.78132E+00 -1.82980E+00 -1.80866E+00 -1.71727E+00 -1.55802E+00 -1.33672E+00 -1.06290E+00 -7.49661E-01 -4.13341E-01 -7.26837E-02  2.52262E-01  5.41486E-01  7.76497E-01  9.41768E-01  1.02602E+00  1.02321E+00  9.33102E-01  7.61403E-01  5.19376E-01  2.23031E-01 -1.08053E-01 -4.52155E-01 -7.86936E-01 -1.09092E+00 -1.34483E+00 -1.53263E+00 -1.64228E+00 -1.66617E+00 -1.60118E+00 -1.44848E+00 -1.21314E+00 -9.03577E-01 -5.30876E-01 -1.08168E-01  3.50032E-01  8.28420E-01  1.31147E+00  1.78396E+00  2.23142E+00  2.64062E+00  2.99992E+00  3.29965E+00  3.53230E+00  3.69275E+00  3.77827E+00  3.78851E+00  3.72539E+00  3.59280E+00  3.39634E+00  3.14299E+00  2.84070E+00  2.49806E+00  2.12396E+00  1.72732E+00  1.31692E+00  9.01262E-01  4.88577E-01  8.68228E-02 -2.96227E-01 -6.52911E-01 -9.75637E-01 -1.25690E+00
 -2.29563E+00 -2.42089E+00 -2.47855E+00 -2.46581E+00 -2.38183E+00 -2.22824E+00 -2.00966E+00 -1.73396E+00 -1.41251E+00 -1.06003E+00 -6.94055E-01 -3.34220E-01 -1.04998E-03  2.85411E-01  5.07098E-01  6.49415E-01  7.02534E-01  6.62386E-01  5.31196E-01  3.17519E-01  3.57234E-02 -2.95028E-01 -6.52207E-01 -1.01161E+00 -1.34916E+00 -1.64255E+00 -1.87274E+00 -2.02496E+00 -2.08938E+00 -2.06125E+00 -1.94078E+00 -1.73254E+00 -1.44483E+00 -1.08886E+00 -6.77913E-01 -2.26639E-01  2.49640E-01  7.35459E-01  1.21568E+00  1.67586E+00  2.10259E+00  2.48381E+00  2.80904E+00  3.06966E+00  3.25908E+00  3.37293E+00  3.40909E+00  3.36774E+00  3.25127E+00  3.06411E+00  2.81250E+00  2.50418E+00  2.14811E+00  1.75401E+00  1.33214E+00  8.92859E-01  4.46428E-01  2.78639E-03 -4.28595E-01 -8.38768E-01 -1.21932E+00 -1.56238E+00 -1.86057E+00 -2.10706E+00 -2.29563E+00
 -3.19041E+00 -3.18036E+00 -3.09544E+00 -2.93778E+00 -2.71219E+00 -2.42649E+00 -2.09158E+00 -1.72142E+00 -1.33270E+00 -9.44281E-01 -5.76269E-01 -2.48886E-01  1.88724E-02  2.10664E-01  3.14174E-01  3.22297E-01  2.33982E-01  5.46345E-02 -2.04021E-01 -5.24618E-01 -8.85340E-01 -1.26152E+00 -1.62751E+00 -1.95858E+00 -2.23265E+00 -2.43180E+00 -2.54314E+00 -2.55938E+00 -2.47873E+00 -2.30446E+00 -2.04423E+00 -1.70906E+00 -1.31250E+00 -8.69624E-01 -3.96264E-01  9.16425E-02  5.78578E-01  1.04983E+00  1.49178E+00  1.89212E+00  2.24005E+00  2.52638E+00  2.74374E+00  2.88669E+00  2.95180E+00  2.93773E+00  2.84531E+00  2.67739E+00  2.43887E+00  2.13641E+00  1.77829E+00  1.37407E+00  9.34320E-01  4.70273E-01 -6.49989E-03 -4.84409E-01 -9.52119E-01 -1.39877E+00 -1.81416E+00 -2.18889E+00 -2.51443E+00 -2.78322E+00 -2.98878E+00 -3.12581E+00 -3.19041E+00
 -3.87202E+00 -3.70744E+00 -3.46890E+00 -3.16515E+00 -2.80804E+00 -2.41222E+00 -1.99492E+00 -1.57518E+00 -1.17317E+00 -8.09134E-01 -5.02261E-01 -2.69471E-01 -1.24155E-01 -7.50453E-02 -1.25295E-01 -2.71903E-01 -5.05581E-01 -8.11123E-01 -1.16828E+00 -1.55313E+00 -1.93976E+00 -2.30215E+00 -2.61612E+00 -2.86098E+00 -3.02081E+00 -3.08532E+00 -3.05005E+00 -2.91615E+00 -2.68975E+00 -2.38108E+00 -2.00338E+00 -1.57195E+00 -1.10318E+00 -6.13727E-01 -1.19903E-01  3.62832E-01  8.20207E-01  1.23938E+00  1.60911E+00  1.91981E+00  2.16366E+00  2.33465E+00  2.42860E+00  2.44325E+00  2.37824E+00  2.23517E+00  2.01752E+00  1.73062E+00  1.38153E+00  9.78858E-01  5.32568E-01  5.37332E-02 -4.45749E-01 -9.53435E-01 -1.45667E+00 -1.94287E+00 -2.39985E+00 -2.81607E+00 -3.18091E+00 -3.48492E+00 -3.72003E+00 -3.87977E+00 -3.95956E+00 -3.95698E+00 -3.87202E+00
 -4.28617E+00 -3.96467E+00 -3.58204E+00 -3.15459E+00 -2.70124E+00 -2.24272E+00 -1.80057E+00 -1.39614E+00 -1.04938E+00 -7.77790E-01 -5.95313E-01 -5.11343E-01 -5.29942E-01 -6.49299E-01 -8.61546E-01 -1.15298E+00 -1.50476E+00 -1.89400E+00 -2.29524E+00 -2.68226E+00 -3.02983E+00 -3.31546E+00 -3.52089E+00 -3.63315E+00 -3.64503E+00 -3.55518E+00 -3.36762E+00 -3.09098E+00 -2.73758E+00 -2.32229E+00 -1.86160E+00 -1.37271E+00 -8.72708E-01 -3.78034E-01  9.60282E-02  5.35663E-01  9.28745E-01  1.26497E+00  1.53592E+00  1.73506E+00  1.85774E+00  1.90116E+00  1.86434E+00  1.74808E+00  1.55493E+00  1.28917E+00  9.56694E-01  5.64988E-01  1.22963E-01 -3.59153E-01 -8.69999E-01 -1.39728E+00 -1.92803E+00 -2.44884E+00 -2.94616E+00 -3.40667E+00 -3.81760E+00 -4.16715E+00 -4.44480E+00 -4.64183E+00 -4.75165E+00 -4.77028E+00 -4.69674E+00 -4.53340E+00 -4.28617E+00
 -4.41047E+00 -3.95459E+00 -3.46455E+00 -2.96341E+00 -2.47524E+00 -2.02376E+00 -1.63102E+00 -1.31614E+00 -1.09425E+00 -9.75551E-01 -9.64657E-01 -1.06023E+00 -1.25488E+00 -1.53545E+00 -1.88367E+00 -2.27720E+00 -2.69095E+00 -3.09871E+00 -3.47486E+00 -3.79597E+00 -4.04232E+00 -4.19901E+00 -4.25658E+00 -4.21134E+00 -4.06507E+00 -3.82443E+00 -3.50019E+00 -3.10617E+00 -2.65836E+00 -2.17392E+00 -1.67034E+00 -1.16483E+00 -6.73718E-01 -2.11980E-01  2.07026E-01  5.71830E-01  8.72949E-01  1.10297E+00  1.25655E+00  1.33030E+00  1.32278E+00  1.23434E+00  1.06705E+00  8.24615E-01  5.12245E-01  1.36617E-01 -2.94234E-01 -7.70993E-01 -1.28314E+00 -1.81912E+00 -2.36640E+00 -2.91168E+00 -3.44111E+00 -3.94051E+00 -4.39575E+00 -4.79311E+00 -5.11979E+00 -5.36445E+00 -5.51780E+00 -5.57327E+00 -5.52760E+00 -5.38140E+00 -5.13954E+00 -4.81133E+00 -4.41047E+00
 -4.27320E+00 -3.73506E+00 -3.20246E+00 -2.70204E+00 -2.25887E+00 -1.89489E+00 -1.62759E+00 -1.46899E+00 -1.42493E+00 -1.49480E+00 -1.67152E+00 -1.94202E+00 -2.28794E+00 -2.68673E+00 -3.11309E+00 -3.54047E+00 -3.94272E+00 -4.29577E+00 -4.57893E+00 -4.77601E+00 -4.87604E+00 -4.87353E+00 -4.76837E+00 -4.56537E+00 -4.27352E+00 -3.90525E+00 -3.47545E+00 -3.00064E+00 -2.49817E+00 -1.98548E+00 -1.47954E+00 -9.96325E-01 -5.50373E-01 -1.54513E-01  1.80405E-01  4.45647E-01  6.34678E-01  7.43143E-01  7.68821E-01  7.11485E-01  5.72770E-01  3.56024E-01  6.61336E-02 -2.90601E-01 -7.06595E-01 -1.17308E+00 -1.68016E+00 -2.21693E+00 -2.77154E+00 -3.33123E+00 -3.88248E+00 -4.41115E+00 -4.90270E+00 -5.34251E+00 -5.71631E+00 -6.01075E+00 -6.21406E+00 -6.31688E+00 -6.31306E+00 -6.20048E+00 -5.98167E+00 -5.66432E+00 -5.26126E+00 -4.79025E+00 -4.27320E+00
 -3.96069E+00 -3.41884E+00 -2.92873E+00 -2.51545E+00 -2.19959E+00 -1.99597E+00 -1.91274E+00 -1.95095E+00 -2.10459E+00 -2.36104E+00 -2.70193E+00 -3.10437E+00 -3.54244E+00 -3.98876E+00 -4.41631E+00 -4.79997E+00 -5.11801E+00 -5.35307E+00 -5.49298E+00 -5.53094E+00 -5.46535E+00 -5.29961E+00 -5.04119E+00 -4.70109E+00 -4.29304E+00 -3.83252E+00 -3.33625E+00 -2.82146E+00 -2.30522E+00 -1.80398E+00 -1.33315E+00 -9.06684E-01 -5.36727E-01 -2.33458E-01 -4.84949E-03  1.43375E-01  2.07774E-01  1.87117E-01  8.22566E-02 -1.04028E-01 -3.67245E-01 -7.01366E-01 -1.09901E+00 -1.55163E+00 -2.04959E+00 -2.58229E+00 -3.13830E+00 -3.70521E+00 -4.26999E+00 -4.81878E+00 -5.33717E+00 -5.81045E+00 -6.22370E+00 -6.56261E+00 -6.81376E+00 -6.96566E+00 -7.00966E+00 -6.94076E+00 -6.75875E+00 -6.46871E+00 -6.08149E+00 -5.61361E+00 -5.08667E+00 -4.52630E+00 -3.96069E+00
 -3.61039E+00 -3.15618E+00 -2.79640E+00 -2.54878E+00 -2.42425E+00 -2.42632E+00 -2.55088E+00 -2.78668E+00 -3.11611E+00 -3.51650E+00 -3.96160E+00 -4.42338E+00 -4.87380E+00 -5.28652E+00 -5.63842E+00 -5.91074E+00 -6.08991E+00 -6.16767E+00 -6.14120E+00 -6.01255E+00 -5.78797E+00 -5.47735E+00 -5.09321E+00 -4.65016E+00 -4.16418E+00 -3.65189E+00 -3.13021E+00 -2.61568E+00 -2.12412E+00 -1.67019E+00 -1.26706E+00 -9.26068E-01 -6.56550E-01 -4.65640E-01 -3.58167E-01 -3.36678E-01 -4.01477E-01 -5.50759E-01 -7.80787E-01 -1.08609E+00 -1.45968E+00 -1.89325E+00 -2.37735E+00 -2.90153E+00 -3.45442E+00 -4.02385E+00 -4.59689E+00 -5.15981E+00 -5.69836E+00 -6.19772E+00 -6.64285E+00 -7.01889E+00 -7.31155E+00 -7.50810E+00 -7.59808E+00 -7.57440E+00 -7.43437E+00 -7.18056E+00 -6.82151E+00 -6.37177E+00 -5.85165E+00 -5.28626E+00 -4.70417E+00 -4.13558E+00 -3.61039E+00
 -3.38138E+00 -3.09800E+00 -2.93720E+00 -2.90482E+00 -2.99894E+00 -3.21018E+00 -3.52241E+00 -3.91394E+00 -4.35906E+00 -4.82973E+00 -5.29746E+00 -5.73501E+00 -6.11805E+00 -6.42633E+00 -6.64458E+00 -6.76295E+00 -6.77689E+00 -6.68697E+00 -6.49807E+00 -6.21884E+00 -5.86081E+00 -5.43772E+00 -4.96484E+00 -4.45832E+00 -3.93484E+00 -3.41095E+00 -2.90266E+00 -2.42513E+00 -1.99224E+00 -1.61625E+00 -1.30754E+00 -1.07442E+00 -9.22977E-01 -8.56983E-01 -8.77941E-01 -9.85186E-01 -1.17597E+00 -1.44567E+00 -1.78802E+00 -2.19526E+00 -2.65837E+00 -3.16722E+00 -3.71068E+00 -4.27676E+00 -4.85256E+00 -5.42447E+00 -5.97811E+00 -6.49854E+00 -6.97040E+00 -7.37827E+00 -7.70728E+00 -7.94353E+00 -8.07536E+00 -8.09407E+00 -7.99513E+00 -7.77917E+00 -7.45266E+00 -7.02838E+00 -6.52515E+00 -5.96712E+00 -5.38250E+00 -4.80184E+00 -4.25598E+00 -3.77404E+00 -3.38138E+00
 -3.41056E+00 -3.35101E+00 -3.41961E+00 -3.60851E+00 -3.90301E+00 -4.28268E+00 -4.72281E+00 -5.19605E+00 -5.67423E+00 -6.13004E+00 -6.53861E+00 -6.87875E+00 -7.13388E+00 -7.29249E+00 -7.34830E+00 -7.29992E+00 -7.15052E+00 -6.90711E+00 -6.57969E+00 -6.18096E+00 -5.72529E+00 -5.22830E+00 -4.70638E+00 -4.17608E+00 -3.65379E+00 -3.15519E+00 -2.69488E+00 -2.28605E+00 -1.94009E+00 -1.66637E+00 -1.47206E+00 -1.36201E+00 -1.33872E+00 -1.40246E+00 -1.55135E+00 -1.78160E+00 -2.08765E+00 -2.46241E+00 -2.89751E+00 -3.38339E+00 -3.90943E+00 -4.46410E+00 -5.03497E+00 -5.60860E+00 -6.17084E+00 -6.70667E+00 -7.20048E+00 -7.63639E+00 -7.99849E+00 -8.27198E+00 -8.44366E+00 -8.50317E+00 -8.44423E+00 -8.26557E+00 -7.97198E+00 -7.57466E+00 -7.09123E+00 -6.54509E+00 -5.96420E+00 -5.37933E+00 -4.82205E+00 -4.32253E+00 -3.90753E+00 -3.59857E+00 -3.41056E+00
 -3.77191E+00 -3.94424E+00 -4.22565E+00 -4.59635E+00 -5.03222E+00 -5.50655E+00 -5.99169E+00 -6.46075E+00 -6.88901E+00 -7.25518E+00 -7.54213E+00 -7.73747E+00 -7.83359E+00 -7.82751E+00 -7.72053E+00 -7.51758E+00 -7.22700E+00 -6.85956E+00 -6.42819E+00 -5.94748E+00 -5.43305E+00 -4.90127E+00 -4.36863E+00 -3.85145E+00 -3.36518E+00 -2.92417E+00 -2.54110E+00 -2.22669E+00 -1.98943E+00 -1.83536E+00 -1.76804E+00 -1.78861E+00 -1.89582E+00 -2.08639E+00 -2.35521E+00 -2.69554E+00 -3.09935E+00 -3.55752E+00 -4.05999E+00 -4.59577E+00 -5.15308E+00 -5.71930E+00 -6.28086E+00 -6.82320E+00 -7.33107E+00 -7.78846E+00 -8.17912E+00 -8.48718E+00 -8.69798E+00 -8.79936E+00 -8.78269E+00 -8.64438E+00 -8.38688E+00 -8.01939E+00 -7.55807E+00 -7.02549E+00 -6.44947E+00 -5.86135E+00 -5.29380E+00 -4.77855E+00 -4.34403E+00 -4.01349E+00 -3.80343E+00 -3.72264E+00 -3.77191E+00
 -4.45202E+00 -4.81792E+00 -5.25403E+00 -5.73328E+00 -6.22782E+00 -6.71069E+00 -7.15727E+00 -7.54635E+00 -7.86091E+00 -8.08841E+00 -8.22081E+00 -8.25434E+00 -8.18912E+00 -8.02862E+00 -7.77917E+00 -7.44968E+00 -7.05108E+00 -6.59607E+00 -6.09883E+00 -5.57459E+00 -5.03941E+00 -4.50959E+00 -4.00121E+00 -3.52974E+00 -3.10937E+00 -2.75257E+00 -2.46970E+00 -2.26860E+00 -2.15447E+00 -2.12973E+00 -2.19412E+00 -2.34494E+00 -2.57728E+00 -2.88444E+00 -3.25822E+00 -3.68929E+00 -4.16751E+00 -4.68204E+00 -5.22144E+00 -5.77368E+00 -6.32605E+00 -6.86501E+00 -7.37630E+00 -7.84466E+00 -8.25433E+00 -8.58952E+00 -8.83477E+00 -8.97654E+00 -9.00409E+00 -8.91097E+00 -8.69662E+00 -8.36708E+00 -7.93577E+00 -7.42328E+00 -6.85639E+00 -6.26654E+00 -5.68752E+00 -5.15304E+00 -4.69409E+00 -4.33668E+00 -4.09990E+00 -3.99479E+00 -4.02372E+00 -4.18067E+00 -4.45202E+00
 -5.35695E+00 -5.84389E+00 -6.35226E+00 -6.85379E+00 -7.32281E+00 -7.73740E+00 -8.08017E+00 -8.33848E+00 -8.50435E+00 -8.57395E+00 -8.54719E+00 -8.42693E+00 -8.21856E+00 -7.92962E+00 -7.56918E+00 -7.14811E+00 -6.67844E+00 -6.17355E+00 -5.64795E+00 -5.11684E+00 -4.59608E+00 -4.10132E+00 -3.64785E+00 -3.24976E+00 -2.91947E+00 -2.66720E+00 -2.50055E+00 -2.42420E+00 -2.43980E+00 -2.54605E+00 -2.73889E+00 -3.01186E+00 -3.35655E+00 -3.76308E+00 -4.22044E+00 -4.71707E+00 -5.24094E+00 -5.77972E+00 -6.32094E+00 -6.85177E+00 -7.35885E+00 -7.82828E+00 -8.24576E+00 -8.59646E+00 -8.86576E+00 -9.04007E+00 -9.10759E+00 -9.06007E+00 -8.89386E+00 -8.61142E+00 -8.22225E+00 -7.74314E+00 -7.19795E+00 -6.61626E+00 -6.03157E+00 -5.47871E+00 -4.99118E+00 -4.59843E+00 -4.32349E+00 -4.18126E+00 -4.17753E+00 -4.30881E+00 -4.56296E+00 -4.92061E+00 -5.35695E+00
 -6.34190E+00 -6.86391E+00 -7.36008E+00 -7.80627E+00 -8.18326E+00 -8.47718E+00 -8.67931E+00 -8.78564E+00 -8.79611E+00 -8.71376E+00 -8.54400E+00 -8.29396E+00 -7.97210E+00 -7.58791E+00 -7.15191E+00 -6.67553E+00 -6.17120E+00 -5.65230E+00 -5.13303E+00 -4.62821E+00 -4.15281E+00 -3.72157E+00 -3.34831E+00 -3.04534E+00 -2.82283E+00 -2.68837E+00 -2.64649E+00 -2.69852E+00 -2.84255E+00 -3.07357E+00 -3.38390E+00 -3.76356E+00 -4.20089E+00 -4.68309E+00 -5.19672E+00 -5.72814E+00 -6.26371E+00 -6.78997E+00 -7.29366E+00 -7.76158E+00 -8.18052E+00 -8.53741E+00 -8.81927E+00 -9.01390E+00 -9.11043E+00 -9.10031E+00 -8.97865E+00 -8.74529E+00 -8.40601E+00 -7.97321E+00 -7.46612E+00 -6.91028E+00 -6.33622E+00 -5.77749E+00 -5.26813E+00 -4.83993E+00 -4.51977E+00 -4.32735E+00 -4.27358E+00 -4.35975E+00 -4.57766E+00 -4.91055E+00 -5.33479E+00 -5.82208E+00 -6.34190E+00
 -7.25462E+00 -7.73304E+00 -8.14868E+00 -8.48468E+00 -8.73005E+00 -8.87915E+00 -8.93108E+00 -8.88868E+00 -8.75750E+00 -8.54501E+00 -8.25989E+00 -7.91155E+00 -7.50993E+00 -7.06542E+00 -6.58898E+00 -6.09212E+00 -5.58710E+00 -5.08690E+00 -4.60501E+00 -4.15534E+00 -3.75164E+00 -3.40703E+00 -3.13344E+00 -2.94088E+00 -2.83690E+00 -2.82610E+00 -2.90982E+00 -3.08599E+00 -3.34923E+00 -3.69103E+00 -4.10030E+00 -4.56394E+00 -5.06737E+00 -5.59525E+00 -6.13201E+00 -6.66229E+00 -7.17126E+00 -7.64482E+00 -8.06966E+00 -8.43326E+00 -8.72408E+00 -8.93162E+00 -9.04686E+00 -9.06279E+00 -8.97514E+00 -8.78331E+00 -8.49121E+00 -8.10805E+00 -7.64879E+00 -7.13410E+00 -6.58973E+00 -6.04530E+00 -5.53243E+00 -5.08244E+00 -4.72385E+00 -4.47990E+00 -4.36654E+00 -4.39091E+00 -4.55071E+00 -4.83446E+00 -5.22251E+00 -5.68897E+00 -6.20386E+00 -6.73585E+00 -7.25462E+00
 -7.97338E+00 -8.35155E+00 -8.64445E+00 -8.84319E+00 -8.94428E+00 -8.94882E+00 -8.86155E+00 -8.68975E+00 -8.44235E+00 -8.12923E+00 -7.76069E+00 -7.34721E+00 -6.89930E+00 -6.42771E+00 -5.94335E+00 -5.45749E+00 -4.98188E+00 -4.52874E+00 -4.11051E+00 -3.73968E+00 -3.42827E+00 -3.18733E+00 -3.02634E+00 -2.95258E+00 -2.97065E+00 -3.08195E+00 -3.28450E+00 -3.57292E+00 -3.93848E+00 -4.36951E+00 -4.85194E+00 -5.36987E+00 -5.90631E+00 -6.44389E+00 -6.96543E+00 -7.45454E+00 -7.89607E+00 -8.27632E+00 -8.58344E+00 -8.80746E+00 -8.94059E+00 -8.97750E+00 -8.91556E+00 -8.75539E+00 -8.50118E+00 -8.16120E+00 -7.74812E+00 -7.27902E+00 -6.77520E+00 -6.26152E+00 -5.76525E+00 -5.31451E+00 -4.93633E+00 -4.65461E+00 -4.48802E+00 -4.44828E+00 -4.53893E+00 -4.75487E+00 -5.08259E+00 -5.50132E+00 -5.98475E+00 -6.50320E+00 -7.02620E+00 -7.52476E+00 -7.97338E+00
 -8.42472E+00 -8.67241E+00 -8.82639E+00 -8.88452E+00 -8.84894E+00 -8.72532E+00 -8.52178E+00 -8.24803E+00 -7.91467E+00 -7.53266E+00 -7.11296E+00 -6.66638E+00 -6.20363E+00 -5.73531E+00 -5.27209E+00 -4.82474E+00 -4.40422E+00 -4.02162E+00 -3.68793E+00 -3.41379E+00 -3.20901E+00 -3.08209E+00 -3.03963E+00 -3.08582E+00 -3.22198E+00 -3.44620E+00 -3.75322E+00 -4.13440E+00 -4.57800E+00 -5.06955E+00 -5.59248E+00 -6.12874E+00 -6.65964E+00 -7.16662E+00 -7.63195E+00 -8.03948E+00 -8.37523E+00 -8.62781E+00 -8.78885E+00 -8.85317E+00 -8.81903E+00 -8.68821E+00 -8.46605E+00 -8.16150E+00 -7.78694E+00 -7.35816E+00 -6.89398E+00 -6.41579E+00 -5.94684E+00 -5.51125E+00 -5.13276E+00 -4.83328E+00 -4.63126E+00 -4.54018E+00 -4.56723E+00 -4.71245E+00 -4.96837E+00 -5.32044E+00 -5.74798E+00 -6.22577E+00 -6.72611E+00 -7.22077E+00 -7.68334E+00 -8.09075E+00 -8.42472E+00
 -8.58841E+00 -8.69847E+00 -8.71720E+00 -8.64724E+00 -8.49442E+00 -8.26699E+00 -7.97482E+00 -7.62873E+00 -7.23989E+00 -6.81955E+00 -6.37878E+00 -5.92834E+00 -5.47876E+00 -5.04030E+00 -4.62310E+00 -4.23718E+00 -3.89239E+00 -3.59837E+00 -3.36427E+00 -3.19844E+00 -3.10805E+00 -3.09860E+00 -3.17346E+00 -3.33342E+00 -3.57634E+00 -3.89692E+00 -4.28666E+00 -4.73393E+00 -5.22437E+00 -5.74127E+00 -6.26632E+00 -6.78032E+00 -7.26405E+00 -7.69923E+00 -8.06930E+00 -8.36034E+00 -8.56166E+00 -8.66636E+00 -8.67167E+00 -8.57900E+00 -8.39386E+00 -8.12560E+00 -7.78707E+00 -7.39402E+00 -6.96460E+00 -6.51875E+00 -6.07745E+00 -5.66202E+00 -5.29323E+00 -4.99030E+00 -4.76991E+00 -4.64502E+00 -4.62390E+00 -4.70927E+00 -4.89783E+00 -5.18011E+00 -5.54103E+00 -5.96071E+00 -6.41593E+00 -6.88177E+00 -7.33335E+00 -7.74758E+00 -8.10450E+00 -8.38840E+00 -8.58841E+00
 -8.48242E+00 -8.46415E+00 -8.36383E+00 -8.18720E+00 -7.94221E+00 -7.63840E+00 -7.28631E+00 -6.89700E+00 -6.48163E+00 -6.05126E+00 -5.61665E+00 -5.18821E+00 -4.77602E+00 -4.38974E+00 -4.03873E+00 -3.73194E+00 -3.47785E+00 -3.28430E+00 -3.15823E+00 -3.10536E+00 -3.12986E+00 -3.23393E+00 -3.41742E+00 -3.67752E+00 -4.00853E+00 -4.40182E+00 -4.84585E+00 -5.32642E+00 -5.82715E+00 -6.32999E+00 -6.81607E+00 -7.26652E+00 -7.66338E+00 -7.99069E+00 -8.23533E+00 -8.38784E+00 -8.44302E+00 -8.40022E+00 -8.26341E+00 -8.04098E+00 -7.74512E+00 -7.39128E+00 -6.99728E+00 -6.58253E+00 -6.16717E+00 -5.77125E+00 -5.41394E+00 -5.11277E+00 -4.88285E+00 -4.73612E+00 -4.68069E+00 -4.72022E+00 -4.85352E+00 -5.07435E+00 -5.37168E+00 -5.73015E+00 -6.13098E+00 -6.55324E+00 -6.97501E+00 -7.37502E+00 -7.73382E+00 -8.03480E+00 -8.26505E+00 -8.41580E+00 -8.48242E+00
 -8.14772E+00 -8.01934E+00 -7.82201E+00 -7.56334E+00 -7.25245E+00 -6.89933E+00 -6.51460E+00 -6.10906E+00 -5.69343E+00 -5.27822E+00 -4.87356E+00 -4.48921E+00 -4.13445E+00 -3.81810E+00 -3.54841E+00 -3.33297E+00 -3.17856E+00 -3.09092E+00 -3.07449E+00 -3.13210E+00 -3.26467E+00 -3.47089E+00 -3.74694E+00 -4.08640E+00 -4.48010E+00 -4.91631E+00 -5.38091E+00 -5.85786E+00 -6.32975E+00 -6.77858E+00 -7.18658E+00 -7.53717E+00 -7.81593E+00 -8.01153E+00 -8.11645E+00 -8.12758E+00 -8.04643E+00 -7.87911E+00 -7.63592E+00 -7.33071E+00 -6.98008E+00 -6.60245E+00 -6.21712E+00 -5.84334E+00 -5.49952E+00 -5.20241E+00 -4.96647E+00 -4.80326E+00 -4.72090E+00 -4.72365E+00 -4.81163E+00 -4.98070E+00 -5.22255E+00 -5.52506E+00 -5.87297E+00 -6.24863E+00 -6.63317E+00 -7.00762E+00 -7.35385E+00 -7.65574E+00 -7.89992E+00 -8.07615E+00 -8.17777E+00 -8.20157E+00 -8.14772E+00
 -7.63579E+00 -7.41970E+00 -7.14955E+00 -6.83409E+00 -6.48289E+00 -6.10603E+00 -5.71375E+00 -5.31624E+00 -4.92347E+00 -4.54505E+00 -4.19020E+00 -3.86768E+00 -3.58567E+00 -3.35178E+00 -3.17285E+00 -3.05482E+00 -3.00248E+00 -3.01925E+00 -3.10686E+00 -3.26509E+00 -3.49151E+00 -3.78125E+00 -4.12695E+00 -4.51873E+00 -4.94435E+00 -5.38951E+00 -5.83840E+00 -6.27423E+00 -6.68009E+00 -7.03975E+00 -7.33861E+00 -7.56457E+00 -7.70888E+00 -7.76669E+00 -7.73747E+00 -7.62509E+00 -7.43757E+00 -7.18655E+00 -6.88661E+00 -6.55434E+00 -6.20742E+00 -5.86375E+00 -5.54061E+00 -5.25393E+00 -5.01769E+00 -4.84331E+00 -4.73928E+00 -4.71071E+00 -4.75915E+00 -4.88239E+00 -5.07453E+00 -5.32621E+00 -5.62501E+00 -5.95616E+00 -6.30326E+00 -6.64935E+00 -6.97772E+00 -7.27294E+00 -7.52156E+00 -7.71272E+00 -7.83849E+00 -7.89405E+00 -7.87765E+00 -7.79036E+00 -7.63579E+00
 -6.99671E+00 -6.71660E+00 -6.39787E+00 -6.04989E+00 -5.68236E+00 -5.30503E+00 -4.92752E+00 -4.55910E+00 -4.20870E+00 -3.88474E+00 -3.59519E+00 -3.34745E+00 -3.14829E+00 -3.00378E+00 -2.91905E+00 -2.89810E+00 -2.94354E+00 -3.05628E+00 -3.23527E+00 -3.47724E+00 -3.77649E+00 -4.12485E+00 -4.51173E+00 -4.92434E+00 -5.34812E+00 -5.76728E+00 -6.16556E+00 -6.52706E+00 -6.83715E+00 -7.08334E+00 -7.25614E+00 -7.34972E+00 -7.36225E+00 -7.29610E+00 -7.15764E+00 -6.95682E+00 -6.70639E+00 -6.42109E+00 -6.11681E+00 -5.80970E+00 -5.51538E+00 -5.24834E+00 -5.02138E+00 -4.84526E+00 -4.72832E+00 -4.67621E+00 -4.69166E+00 -4.77431E+00 -4.92070E+00 -5.12424E+00 -5.37553E+00 -5.66267E+00 -5.97192E+00 -6.28840E+00 -6.59683E+00 -6.88251E+00 -7.13200E+00 -7.33375E+00 -7.47875E+00 -7.56070E+00 -7.57613E+00 -7.52441E+00 -7.40747E+00 -7.22954E+00 -6.99671E+00
 -6.27895E+00 -5.95827E+00 -5.61415E+00 -5.25619E+00 -4.89391E+00 -4.53648E+00 -4.19261E+00 -3.87046E+00 -3.57761E+00 -3.32104E+00 -3.10714E+00 -2.94167E+00 -2.82968E+00 -2.77540E+00 -2.78198E+00 -2.85129E+00 -2.98361E+00 -3.17732E+00 -3.42861E+00 -3.73135E+00 -4.07692E+00 -4.45436E+00 -4.85059E+00 -5.25092E+00 -5.63968E+00 -6.00107E+00 -6.32008E+00 -6.58349E+00 -6.78073E+00 -6.90470E+00 -6.95229E+00 -6.92451E+00 -6.82652E+00 -6.66708E+00 -6.45791E+00 -6.21277E+00 -5.94649E+00 -5.67404E+00 -5.40976E+00 -5.16672E+00 -4.95632E+00 -4.78798E+00 -4.66906E+00 -4.60474E+00 -4.59795E+00 -4.64933E+00 -4.75713E+00 -4.91721E+00 -5.12307E+00 -5.36597E+00 -5.63523E+00 -5.91864E+00 -6.20308E+00 -6.47513E+00 -6.72180E+00 -6.93126E+00 -7.09342E+00 -7.20038E+00 -7.24682E+00 -7.23009E+00 -7.15019E+00 -7.00960E+00 -6.81298E+00 -6.56680E+00 -6.27895E+00
 -5.52339E+00 -5.18452E+00 -4.83649E+00 -4.48880E+00 -4.15045E+00 -3.82981E+00 -3.53448E+00 -3.27128E+00 -3.04624E+00 -2.86469E+00 -2.73121E+00 -2.64968E+00 -2.62318E+00 -2.65388E+00 -2.74277E+00 -2.88949E+00 -3.09192E+00 -3.34600E+00 -3.64544E+00 -3.98163E+00 -4.34373E+00 -4.71886E+00 -5.09266E+00 -5.44993E+00 -5.77554E+00 -6.05542E+00 -6.27758E+00 -6.43303E+00 -6.51653E+00 -6.52707E+00 -6.46790E+00 -6.34625E+00 -6.17277E+00 -5.96055E+00 -5.72410E+00 -5.47824E+00 -5.23715E+00 -5.01356E+00 -4.81827E+00 -4.65986E+00 -4.54465E+00 -4.47682E+00 -4.45858E+00 -4.49030E+00 -4.57067E+00 -4.69675E+00 -4.86396E+00 -5.06612E+00 -5.29549E+00 -5.54289E+00 -5.79796E+00 -6.04958E+00 -6.28629E+00 -6.49687E+00 -6.67100E+00 -6.79973E+00 -6.87601E+00 -6.89507E+00 -6.85456E+00 -6.75465E+00 -6.59794E+00 -6.38919E+00 -6.13500E+00 -5.84340E+00 -5.52339E+00
 -4.76612E+00 -4.42939E+00 -4.09628E+00 -3.77583E+00 -3.47631E+00 -3.20503E+00 -2.96834E+00 -2.77156E+00 -2.61908E+00 -2.51441E+00 -2.46022E+00 -2.45835E+00 -2.50980E+00 -2.61453E+00 -2.77130E+00 -2.97747E+00 -3.22868E+00 -3.51864E+00 -3.83907E+00 -4.17965E+00 -4.52826E+00 -4.87146E+00 -5.19507E+00 -5.48513E+00 -5.72879E+00 -5.91535E+00 -6.03717E+00 -6.09039E+00 -6.07534E+00 -5.99657E+00 -5.86247E+00 -5.68458E+00 -5.47660E+00 -5.25322E+00 -5.02903E+00 -4.81743E+00 -4.62989E+00 -4.47547E+00 -4.36065E+00 -4.28936E+00 -4.26331E+00 -4.28227E+00 -4.34451E+00 -4.44701E+00 -4.58572E+00 -4.75564E+00 -4.95082E+00 -5.16441E+00 -5.38866E+00 -5.61502E+00 -5.83432E+00 -6.03714E+00 -6.21409E+00 -6.35639E+00 -6.45628E+00 -6.50751E+00 -6.50569E+00 -6.44859E+00 -6.33628E+00 -6.17109E+00 -5.95751E+00 -5.70187E+00 -5.41204E+00 -5.09693E+00 -4.76612E+00
 -4.03418E+00 -3.71712E+00 -3.41446E+00 -3.13443E+00 -2.88427E+00 -2.67014E+00 -2.49698E+00 -2.36861E+00 -2.28773E+00 -2.25606E+00 -2.27433E+00 -2.34235E+00 -2.45899E+00 -2.62204E+00 -2.82808E+00 -3.07232E+00 -3.34843E+00 -3.64844E+00 -3.96277E+00 -4.28042E+00 -4.58932E+00 -4.87691E+00 -5.13091E+00 -5.34015E+00 -5.49554E+00 -5.59082E+00 -5.62324E+00 -5.59392E+00 -5.50789E+00 -5.37368E+00 -5.20267E+00 -5.00815E+00 -4.80417E+00 -4.60450E+00 -4.42156E+00 -4.26574E+00 -4.14484E+00 -4.06396E+00 -4.02559E+00 -4.02988E+00 -4.07512E+00 -4.15817E+00 -4.27484E+00 -4.42023E+00 -4.58891E+00 -4.77503E+00 -4.97231E+00 -5.17405E+00 -5.37314E+00 -5.56211E+00 -5.73333E+00 -5.87920E+00 -5.99250E+00 -6.06678E+00 -6.09670E+00 -6.07840E+00 -6.00984E+00 -5.89093E+00 -5.72362E+00 -5.51186E+00 -5.26144E+00 -4.97964E+00 -4.67496E+00 -4.35662E+00 -4.03418E+00
 -3.34604E+00 -3.06256E+00 -2.80178E+00 -2.57085E+00 -2.37580E+00 -2.22148E+00 -2.11146E+00 -2.04809E+00 -2.03249E+00 -2.06470E+00 -2.14366E+00 -2.26729E+00 -2.43246E+00 -2.63494E+00 -2.86934E+00 -3.12912E+00 -3.40647E+00 -3.69246E+00 -3.97720E+00 -4.25015E+00 -4.50066E+00 -4.71852E+00 -4.89466E+00 -5.02194E+00 -5.09572E+00 -5.11441E+00 -5.07974E+00 -4.99672E+00 -4.87335E+00 -4.71999E+00 -4.54856E+00 -4.37158E+00 -4.20124E+00 -4.04852E+00 -3.92248E+00 -3.82986E+00 -3.77489E+00 -3.75932E+00 -3.78273E+00 -3.84289E+00 -3.93617E+00 -4.05798E+00 -4.20312E+00 -4.36600E+00 -4.54083E+00 -4.72164E+00 -4.90237E+00 -5.07683E+00 -5.23873E+00 -5.38180E+00 -5.49989E+00 -5.58721E+00 -5.63857E+00 -5.64968E+00 -5.61745E+00 -5.54020E+00 -5.41794E+00 -5.25236E+00 -5.04691E+00 -4.80669E+00 -4.53824E+00 -4.24925E+00 -3.94824E+00 -3.64416E+00 -3.34604E+00
 -2.71187E+00 -2.47164E+00 -2.25968E+00 -2.08178E+00 -1.94266E+00 -1.84583E+00 -1.79357E+00 -1.78692E+00 -1.82568E+00 -1.90845E+00 -2.03269E+00 -2.19468E+00 -2.38962E+00 -2.61164E+00 -2.85381E+00 -3.10836E+00 -3.36671E+00 -3.61980E+00 -3.85844E+00 -4.07370E+00 -4.25741E+00 -4.40273E+00 -4.50463E+00 -4.56034E+00 -4.56962E+00 -4.53493E+00 -4.46128E+00 -4.35590E+00 -4.22776E+00 -4.08687E+00 -3.94358E+00 -3.80784E+00 -3.68854E+00 -3.59302E+00 -3.52671E+00 -3.49300E+00 -3.49329E+00 -3.52715E+00 -3.59258E+00 -3.68636E+00 -3.80432E+00 -3.94167E+00 -4.09320E+00 -4.25343E+00 -4.41677E+00 -4.57752E+00 -4.72999E+00 -4.86857E+00 -4.98775E+00 -5.08233E+00 -5.14750E+00 -5.17914E+00 -5.17390E+00 -5.12952E+00 -5.04497E+00 -4.92056E+00 -4.75806E+00 -4.56069E+00 -4.33303E+00 -4.08091E+00 -3.81115E+00 -3.53131E+00 -3.24943E+00 -2.97362E+00 -2.71187E+00
 -2.13090E+00 -1.93928E+00 -1.77867E+00 -1.65333E+00 -1.56660E+00 -1.52074E+00 -1.51693E+00 -1.55517E+00 -1.63429E+00 -1.75187E+00 -1.90428E+00 -2.08666E+00 -2.29303E+00 -2.51638E+00 -2.74886E+00 -2.98211E+00 -3.20753E+00 -3.41675E+00 -3.60207E+00 -3.75691E+00 -3.87624E+00 -3.95695E+00 -3.99806E+00 -4.00084E+00 -3.96865E+00 -3.90677E+00 -3.82195E+00 -3.72191E+00 -3.61479E+00 -3.50863E+00 -3.41084E+00 -3.32783E+00 -3.26473E+00 -3.22525E+00 -3.21169E+00 -3.22490E+00 -3.26454E+00 -3.32919E+00 -3.41649E+00 -3.52335E+00 -3.64608E+00 -3.78047E+00 -3.92187E+00 -4.06536E+00 -4.20573E+00 -4.33767E+00 -4.45584E+00 -4.55508E+00 -4.63055E+00 -4.67793E+00 -4.69363E+00 -4.67497E+00 -4.62035E+00 -4.52935E+00 -4.40282E+00 -4.24288E+00 -4.05288E+00 -3.83726E+00 -3.60143E+00 -3.35156E+00 -3.09433E+00 -2.83673E+00 -2.58579E+00 -2.34836E+00 -2.13090E+00
 -1.59652E+00 -1.45463E+00 -1.34376E+00 -1.26662E+00 -1.22518E+00 -1.22066E+00 -1.25341E+00 -1.32281E+00 -1.42712E+00 -1.56345E+00 -1.72761E+00 -1.91419E+00 -2.11660E+00 -2.32732E+00 -2.53820E+00 -2.74091E+00 -2.92745E+00 -3.09066E+00 -3.22478E+00 -3.32584E+00 -3.39196E+00 -3.42351E+00 -3.42295E+00 -3.39466E+00 -3.34444E+00 -3.27898E+00 -3.20531E+00 -3.13025E+00 -3.05993E+00 -2.99951E+00 -2.95295E+00 -2.92304E+00 -2.91143E+00 -2.91886E+00 -2.94528E+00 -2.99007E+00 -3.05217E+00 -3.13013E+00 -3.22211E+00 -3.32588E+00 -3.43873E+00 -3.55741E+00 -3.67812E+00 -3.79653E+00 -3.90787E+00 -4.00714E+00 -4.08927E+00 -4.14944E+00 -4.18329E+00 -4.18728E+00 -4.15886E+00 -4.09668E+00 -4.00068E+00 -3.87217E+00 -3.71371E+00 -3.52903E+00 -3.32282E+00 -3.10053E+00 -2.86807E+00 -2.63165E+00 -2.39742E+00 -2.17139E+00 -1.95921E+00 -1.76605E+00 -1.59652E+00
 -1.09565E+00 -1.00110E+00 -9.35241E-01 -8.99250E-01 -8.93959E-01 -9.19792E-01 -9.76649E-01 -1.06372E+00 -1.17925E+00 -1.32040E+00 -1.48303E+00 -1.66172E+00 -1.84987E+00 -2.04001E+00 -2.22418E+00 -2.39455E+00 -2.54404E+00 -2.66691E+00 -2.75934E+00 -2.81975E+00 -2.84892E+00 -2.84994E+00 -2.82777E+00 -2.78874E+00 -2.73982E+00 -2.68794E+00 -2.63935E+00 -2.59911E+00 -2.57088E+00 -2.55676E+00 -2.55752E+00 -2.57282E+00 -2.60163E+00 -2.64258E+00 -2.69425E+00 -2.75542E+00 -2.82506E+00 -2.90233E+00 -2.98637E+00 -3.07607E+00 -3.16987E+00 -3.26553E+00 -3.36002E+00 -3.44959E+00 -3.52982E+00 -3.59591E+00 -3.64299E+00 -3.66645E+00 -3.66239E+00 -3.62790E+00 -3.56136E+00 -3.46266E+00 -3.33314E+00 -3.17565E+00 -2.99430E+00 -2.79422E+00 -2.58125E+00 -2.36155E+00 -2.14132E+00 -1.92644E+00 -1.72228E+00 -1.53354E+00 -1.36415E+00 -1.21733E+00 -1.09565E+00
 -6.14026E-01 -5.61892E-01 -5.34362E-01 -5.31292E-01 -5.52628E-01 -5.98359E-01 -6.68343E-01 -7.62030E-01 -8.78137E-01 -1.01434E+00 -1.16702E+00 -1.33125E+00 -1.50083E+00 -1.66870E+00 -1.82742E+00 -1.96984E+00 -2.08985E+00 -2.18302E+00 -2.24712E+00 -2.28240E+00 -2.29158E+00 -2.27951E+00 -2.25258E+00 -2.21798E+00 -2.18287E+00 -2.15357E+00 -2.13500E+00 -2.13025E+00 -2.14056E+00 -2.16547E+00 -2.20320E+00 -2.25117E+00 -2.30657E+00 -2.36685E+00 -2.43001E+00 -2.49483E+00 -2.56080E+00 -2.62790E+00 -2.69631E+00 -2.76603E+00 -2.83648E+00 -2.90626E+00 -2.97298E+00 -3.03331E+00 -3.08305E+00 -3.11756E+00 -3.13210E+00 -3.12229E+00 -3.08461E+00 -3.01679E+00 -2.91809E+00 -2.78946E+00 -2.63359E+00 -2.45467E+00 -2.25817E+00 -2.05042E+00 -1.83813E+00 -1.62797E+00 -1.42611E+00 -1.23791E+00 -1.06766E+00 -9.18524E-01 -7.92566E-01 -6.90921E-01 -6.14026E-01
 -1.38976E-01 -1.23192E-01 -1.26940E-01 -1.49054E-01 -1.88941E-01 -2.46512E-01 -3.21944E-01 -4.15302E-01 -5.26086E-01 -6.52807E-01 -7.92664E-01 -9.41419E-01 -1.09352E+00 -1.24245E+00 -1.38137E+00 -1.50380E+00 -1.60446E+00 -1.67989E+00 -1.72901E+00 -1.75323E+00 -1.75638E+00 -1.74419E+00 -1.72357E+00 -1.70178E+00 -1.68547E+00 -1.67998E+00 -1.68877E+00 -1.71321E+00 -1.75264E+00 -1.80475E+00 -1.86611E+00 -1.93283E+00 -2.00119E+00 -2.06817E+00 -2.13177E+00 -2.19111E+00 -2.24627E+00 -2.29805E+00 -2.34747E+00 -2.39532E+00 -2.44177E+00 -2.48595E+00 -2.52590E+00 -2.55854E+00 -2.57985E+00 -2.58531E+00 -2.57034E+00 -2.53083E+00 -2.46372E+00 -2.36736E+00 -2.24186E+00 -2.08921E+00 -1.91326E+00 -1.71940E+00 -1.51424E+00 -1.30505E+00 -1.09917E+00 -9.03493E-01 -7.23933E-01 -5.65078E-01 -4.29985E-01 -3.20172E-01 -2.35788E-01 -1.75912E-01 -1.38976E-01
  3.36416E-01  3.21625E-01  2.92535E-01  2.50976E-01  1.97750E-01  1.32738E-01  5.52172E-02 -3.56469E-02 -1.40239E-01 -2.57958E-01 -3.86823E-01 -5.23315E-01 -6.62488E-01 -7.98385E-01 -9.24679E-01 -1.03546E+00 -1.12606E+00 -1.19369E+00 -1.23792E+00 -1.26080E+00 -1.26659E+00 -1.26123E+00 -1.25151E+00 -1.24423E+00 -1.24526E+00 -1.25889E+00 -1.28736E+00 -1.33077E+00 -1.38724E+00 -1.45342E+00 -1.52507E+00 -1.59780E+00 -1.66766E+00 -1.73168E+00 -1.78812E+00 -1.83652E+00 -1.87747E+00 -1.91231E+00 -1.94256E+00 -1.96948E+00 -1.99356E+00 -2.01425E+00 -2.02976E+00 -2.03715E+00 -2.03256E+00 -2.01162E+00 -1.97003E+00 -1.90406E+00 -1.81118E+00 -1.69044E+00 -1.54281E+00 -1.37128E+00 -1.18070E+00 -9.77498E-01 -7.69163E-01 -5.63620E-01 -3.68569E-01 -1.90837E-01 -3.58532E-02  9.27289E-02  1.93177E-01  2.65606E-01  3.11689E-01  3.34191E-01  3.36416E-01
  8.10403E-01  7.69294E-01  7.18577E-01  6.60404E-01  5.95539E-01  5.23516E-01  4.43050E-01  3.52615E-01  2.51103E-01  1.38426E-01  1.59467E-02 -1.13350E-01 -2.44995E-01 -3.73480E-01 -4.92930E-01 -5.97914E-01 -6.84238E-01 -7.49593E-01 -7.93942E-01 -8.19561E-01 -8.30750E-01 -8.33227E-01 -8.33335E-01 -8.37168E-01 -8.49774E-01 -8.74535E-01 -9.12827E-01 -9.63991E-01 -1.02559E+00 -1.09392E+00 -1.16462E+00 -1.23335E+00 -1.29640E+00 -1.35110E+00 -1.39607E+00 -1.43115E+00 -1.45725E+00 -1.47589E+00 -1.48873E+00 -1.49710E+00 -1.50152E+00 -1.50146E+00 -1.49516E+00 -1.47977E+00 -1.45161E+00 -1.40658E+00 -1.34078E+00 -1.25105E+00 -1.13550E+00 -9.94016E-01 -8.28439E-01 -6.42673E-01 -4.42477E-01 -2.35069E-01 -2.85486E-02  1.68804E-01  3.49256E-01  5.06309E-01  6.35234E-01  7.33419E-01  8.00458E-01  8.37975E-01  8.49221E-01  8.38483E-01  8.10403E-01
  1.27133E+00  1.20596E+00  1.13470E+00  1.05978E+00  9.81823E-01  9.00059E-01  8.12832E-01  7.18228E-01  6.14777E-01  5.02069E-01  3.81176E-01  2.54791E-01  1.27054E-01  3.07779E-03 -1.11731E-01 -2.12463E-01 -2.95446E-01 -3.58828E-01 -4.02880E-01 -4.29981E-01 -4.44282E-01 -4.51106E-01 -4.56196E-01 -4.64914E-01 -4.81544E-01 -5.08771E-01 -5.47433E-01 -5.96546E-01 -6.53588E-01 -7.14982E-01 -7.76684E-01 -8.34774E-01 -8.85981E-01 -9.28036E-01 -9.59838E-01 -9.81409E-01 -9.93652E-01 -9.97981E-01 -9.95867E-01 -9.88386E-01 -9.75849E-01 -9.57539E-01 -9.31661E-01 -8.95454E-01 -8.45482E-01 -7.78100E-01 -6.89989E-01 -5.78718E-01 -4.43264E-01 -2.84395E-01 -1.04883E-01  9.05150E-02  2.95303E-01  5.01711E-01  7.01332E-01  8.85863E-01  1.04786E+00  1.18142E+00  1.28270E+00  1.35018E+00  1.38470E+00  1.38921E+00  1.36819E+00  1.32705E+00  1.27133E+00
  1.69808E+00  1.60848E+00  1.51570E+00  1.42191E+00  1.32765E+00  1.23206E+00  1.13347E+00  1.02999E+00  9.20239E-01  8.03902E-01  6.82069E-01  5.57324E-01  4.33523E-01  3.15309E-01  2.07452E-01  1.14136E-01  3.83075E-02 -1.87951E-02 -5.78499E-02 -8.13676E-02 -9.33352E-02 -9.86457E-02 -1.02416E-01 -1.09298E-01 -1.22891E-01 -1.45336E-01 -1.77143E-01 -2.17260E-01 -2.63347E-01 -3.12218E-01 -3.60344E-01 -4.04367E-01 -4.41513E-01 -4.69881E-01 -4.88556E-01 -4.97538E-01 -4.97523E-01 -4.89567E-01 -4.74701E-01 -4.53553E-01 -4.26049E-01 -3.91229E-01 -3.47236E-01 -2.91470E-01 -2.20893E-01 -1.32476E-01 -2.37007E-02  1.06924E-01  2.59416E-01  4.32003E-01  6.20991E-01  8.20857E-01  1.02456E+00  1.22404E+00  1.41093E+00  1.57724E+00  1.71614E+00  1.82259E+00  1.89376E+00  1.92928E+00  1.93111E+00  1.90323E+00  1.85106E+00  1.78067E+00  1.69808E+00
  2.06342E+00  1.94861E+00  1.83264E+00  1.71765E+00  1.60422E+00  1.49173E+00  1.37885E+00  1.26417E+00  1.14679E+00  1.02679E+00  9.05449E-01  7.85280E-01  6.69742E-01  5.62776E-01  4.68223E-01  3.89217E-01  3.27679E-01  2.83988E-01  2.56886E-01  2.43623E-01  2.40332E-01  2.42538E-01  2.45753E-01  2.46031E-01  2.40433E-01  2.27318E-01  2.06437E-01  1.78842E-01  1.46615E-01  1.12501E-01  7.94801E-02  5.03652E-02  2.74739E-02  1.24185E-02  6.04562E-03  8.50728E-03  1.94578E-02  3.83366E-02  6.46691E-02  9.83617E-02  1.39912E-01  1.90505E-01  2.51982E-01  3.26649E-01  4.16972E-01  5.25160E-01  6.52721E-01  8.00027E-01  9.65952E-01  1.14766E+00  1.34058E+00  1.53855E+00  1.73420E+00  1.91952E+00  2.08650E+00  2.22786E+00  2.33770E+00  2.41208E+00  2.44935E+00  2.45028E+00  2.41783E+00  2.35680E+00  2.27316E+00  2.17333E+00  2.06342E+00
  2.33915E+00  2.19885E+00  2.05934E+00  1.92276E+00  1.78994E+00  1.66074E+00  1.53450E+00  1.41056E+00  1.28872E+00  1.16956E+00  1.05454E+00  9.45943E-01  8.46574E-01  7.59349E-01  6.86822E-01  6.30745E-01  5.91725E-01  5.69063E-01  5.60771E-01  5.63786E-01  5.74333E-01  5.88372E-01  6.02078E-01  6.12263E-01  6.16702E-01  6.14312E-01  6.05170E-01  5.90393E-01  5.71887E-01  5.52041E-01  5.33380E-01  5.18263E-01  5.08648E-01  5.05947E-01  5.11014E-01  5.24215E-01  5.45595E-01  5.75104E-01  6.12816E-01  6.59126E-01  7.14868E-01  7.81341E-01  8.60215E-01  9.53321E-01  1.06235E+00  1.18850E+00  1.33208E+00  1.49221E+00  1.66654E+00  1.85119E+00  2.04079E+00  2.22875E+00  2.40768E+00  2.56993E+00  2.70825E+00  2.81643E+00  2.88986E+00  2.92595E+00  2.92437E+00  2.88705E+00  2.81785E+00  2.72217E+00  2.60627E+00  2.47661E+00  2.33915E+00
  2.50260E+00  2.33929E+00  2.17922E+00  2.02459E+00  1.87659E+00  1.73569E+00  1.60200E+00  1.47569E+00  1.35723E+00  1.24758E+00  1.14818E+00  1.06078E+00  9.87238E-01  9.29107E-01  8.87371E-01  8.62160E-01  8.52602E-01  8.56820E-01  8.72063E-01  8.94966E-01  9.21891E-01  9.49305E-01  9.74131E-01  9.94037E-01  1.00763E+00  1.01450E+00  1.01520E+00  1.01107E+00  1.00400E+00  9.96171E-01  9.89814E-01  9.86963E-01  9.89310E-01  9.98135E-01  1.01431E+00  1.03840E+00  1.07078E+00  1.11180E+00  1.16195E+00  1.22195E+00  1.29277E+00  1.37563E+00  1.47180E+00  1.58243E+00  1.70823E+00  1.84922E+00  2.00439E+00  2.17154E+00  2.34712E+00  2.52631E+00  2.70314E+00  2.87087E+00  3.02244E+00  3.15099E+00  3.25044E+00  3.31607E+00  3.34486E+00  3.33587E+00  3.29022E+00  3.21102E+00  3.10295E+00  2.97183E+00  2.82401E+00  2.66572E+00  2.50260E+00
  2.54346E+00  2.36394E+00  2.19100E+00  2.02687E+00  1.87303E+00  1.73047E+00  1.60000E+00  1.48240E+00  1.37858E+00  1.28959E+00  1.21652E+00  1.16032E+00  1.12158E+00  1.10032E+00  1.09581E+00  1.10652E+00  1.13012E+00  1.16363E+00  1.20365E+00  1.24662E+00  1.28918E+00  1.32842E+00  1.36212E+00  1.38893E+00  1.40842E+00  1.42102E+00  1.42789E+00  1.43077E+00  1.43172E+00  1.43291E+00  1.43642E+00  1.44407E+00  1.45737E+00  1.47747E+00  1.50524E+00  1.54132E+00  1.58625E+00  1.64059E+00  1.70499E+00  1.78021E+00  1.86712E+00  1.96655E+00  2.07914E+00  2.20512E+00  2.34409E+00  2.49473E+00  2.65471E+00  2.82056E+00  2.98766E+00  3.15049E+00  3.30281E+00  3.43814E+00  3.55017E+00  3.63331E+00  3.68312E+00  3.69674E+00  3.67314E+00  3.61319E+00  3.51963E+00  3.39670E+00  3.24984E+00  3.08511E+00  2.90869E+00  2.72644E+00  2.54346E+00
  2.46852E+00  2.28458E+00  2.11143E+00  1.95111E+00  1.80517E+00  1.67487E+00  1.56136E+00  1.46570E+00  1.38887E+00  1.33167E+00  1.29453E+00  1.27735E+00  1.27938E+00  1.29907E+00  1.33410E+00  1.38143E+00  1.43750E+00  1.49847E+00  1.56053E+00  1.62016E+00  1.67443E+00  1.72120E+00  1.75926E+00  1.78833E+00  1.80904E+00  1.82276E+00  1.83144E+00  1.83734E+00  1.84285E+00  1.85025E+00  1.86158E+00  1.87857E+00  1.90254E+00  1.93449E+00  1.97515E+00  2.02506E+00  2.08470E+00  2.15452E+00  2.23503E+00  2.32669E+00  2.42991E+00  2.54486E+00  2.67129E+00  2.80834E+00  2.95435E+00  3.10672E+00  3.26185E+00  3.41520E+00  3.56144E+00  3.69469E+00  3.80895E+00  3.89849E+00  3.95833E+00  3.98462E+00  3.97505E+00  3.92902E+00  3.84772E+00  3.73401E+00  3.59221E+00  3.42766E+00  3.24632E+00  3.05427E+00  2.85730E+00  2.66060E+00  2.46852E+00
