x/a=sqrt(s)   E_r[V/m]    <Q_i\dot\nabla x>[W/m^2] <Q_e\dot\nabla x>[W/m^2] ... <Gamma_i\dot\nabla x>[1/m^2] <Gamma_e\dot\nabla x>[1/m^2] ... 
  1.79245E-02  8.59375E+02  1.09246E+03  4.54758E+03
  5.37736E-02  1.52747E+03  2.48729E+03  9.67094E+03
  8.96227E-02 -8.20313E+01  1.29786E+04  2.77823E+04
  1.25472E-01 -1.75781E+02  1.05204E+04  2.46583E+04
  1.61321E-01 -5.27344E+02  6.26494E+03  1.43298E+04  5.75688E-01  5.70061E-01
  1.97170E-01 -8.08594E+02  5.62031E+03  1.21702E+04  5.22038E-01  5.24576E-01
  2.33019E-01 -1.17932E+03  5.04186E+03  9.80508E+03  4.63752E-01  4.59632E-01
  2.68868E-01 -1.60207E+03  4.37793E+03  7.42522E+03  3.86084E-01  3.82391E-01
  3.04717E-01 -2.01371E+03  3.46668E+03  5.02314E+03  2.93967E-01  2.95425E-01
  3.40566E-01 -2.43472E+03  2.97617E+03  3.44651E+03  2.27339E-01  2.27505E-01
  3.76415E-01 -2.86586E+03  2.59927E+03  2.31513E+03  1.71393E-01  1.73312E-01
  4.12264E-01 -3.24637E+03  2.33012E+03  1.52900E+03  1.29218E-01  1.30712E-01
  4.48113E-01 -3.58370E+03  2.15027E+03  1.01020E+03  9.86025E-02  9.95901E-02
  4.83962E-01 -3.83769E+03  1.99589E+03  6.67338E+02  7.63835E-02  7.61999E-02
  5.19812E-01 -4.15917E+03  2.02212E+03  4.52946E+02  6.05541E-02  6.05313E-02
  5.55660E-01 -4.35589E+03  1.86417E+03  2.92572E+02  4.55941E-02  4.74666E-02
  5.91509E-01 -4.46002E+03  1.70459E+03  2.08153E+02  3.84271E-02  3.96200E-02
  6.27359E-01 -4.55046E+03  1.53175E+03  1.52945E+02  3.21241E-02  3.42293E-02
  6.63207E-01 -4.41962E+03  1.23281E+03  1.14053E+02  2.99685E-02  2.97688E-02
  6.99057E-01 -4.40537E+03  1.06311E+03  8.83623E+01  2.82385E-02  2.70577E-02
  7.34905E-01 -4.39296E+03  8.92973E+02  6.53231E+01  2.43664E-02  2.44392E-02
  7.70755E-01 -4.32867E+03  7.27778E+02  5.23744E+01  2.22642E-02  2.30817E-02
  8.06604E-01 -4.18686E+03  5.67463E+02  4.19044E+01  2.11040E-02  2.18942E-02
  8.42453E-01 -3.94282E+03  4.24682E+02  3.25731E+01  2.12719E-02  2.04501E-02
  8.78302E-01 -3.60149E+03  2.96302E+02  2.43239E+01  1.93764E-02  1.88256E-02
  9.14151E-01 -3.14070E+03  1.90112E+02  1.69873E+01  1.65696E-02  1.67024E-02
  9.50000E-01 -2.53303E+03  1.09905E+02  1.08161E+01  1.44041E-02  1.40762E-02
