 ##################################################
 #WARNING: these are left-handed Boozer coordinates
 #(similar, but not equal, to PEST)
 ##################################################
  0.641000000000000     
          65
          65
          10
  3.40933E+00  3.22373E+00  3.05457E+00  2.90519E+00  2.77863E+00  2.67748E+00  2.60382E+00  2.55897E+00  2.54327E+00  2.55594E+00  2.59501E+00  2.65733E+00  2.73872E+00  2.83423E+00  2.93851E+00  3.04617E+00  3.15219E+00  3.25222E+00  3.34286E+00  3.42177E+00  3.48770E+00  3.54038E+00  3.58033E+00  3.60865E+00  3.62674E+00  3.63608E+00  3.63805E+00  3.63384E+00  3.62446E+00  3.61076E+00  3.59357E+00  3.57394E+00  3.55321E+00  3.53323E+00  3.51641E+00  3.50572E+00  3.50460E+00  3.51670E+00  3.54566E+00  3.59464E+00  3.66601E+00  3.76093E+00  3.87905E+00  4.01828E+00  4.17475E+00  4.34289E+00  4.51570E+00  4.68520E+00  4.84294E+00  4.98062E+00  5.09070E+00  5.16696E+00  5.20498E+00  5.20233E+00  5.15875E+00  5.07601E+00  4.95766E+00  4.80861E+00  4.63471E+00  4.44223E+00  4.23751E+00  4.02657E+00  3.81499E+00  3.60776E+00  3.40933E+00
  3.18225E+00  3.02688E+00  2.89554E+00  2.79011E+00  2.71210E+00  2.66260E+00  2.64215E+00  2.65055E+00  2.68672E+00  2.74856E+00  2.83291E+00  2.93566E+00  3.05193E+00  3.17635E+00  3.30341E+00  3.42782E+00  3.54489E+00  3.65078E+00  3.74273E+00  3.81909E+00  3.87931E+00  3.92383E+00  3.95383E+00  3.97102E+00  3.97736E+00  3.97487E+00  3.96548E+00  3.95093E+00  3.93279E+00  3.91250E+00  3.89151E+00  3.87148E+00  3.85427E+00  3.84218E+00  3.83789E+00  3.84438E+00  3.86484E+00  3.90234E+00  3.95953E+00  4.03825E+00  4.13921E+00  4.26164E+00  4.40308E+00  4.55928E+00  4.72433E+00  4.89087E+00  5.05057E+00  5.19465E+00  5.31454E+00  5.40258E+00  5.45255E+00  5.46028E+00  5.42389E+00  5.34390E+00  5.22319E+00  5.06659E+00  4.88050E+00  4.67225E+00  4.44957E+00  4.22001E+00  3.99056E+00  3.76735E+00  3.55556E+00  3.35939E+00  3.18225E+00
  2.92860E+00  2.82374E+00  2.74790E+00  2.70127E+00  2.68375E+00  2.69487E+00  2.73369E+00  2.79862E+00  2.88729E+00  2.99646E+00  3.12206E+00  3.25933E+00  3.40299E+00  3.54759E+00  3.68782E+00  3.81889E+00  3.93678E+00  4.03851E+00  4.12221E+00  4.18721E+00  4.23386E+00  4.26345E+00  4.27790E+00  4.27956E+00  4.27098E+00  4.25470E+00  4.23310E+00  4.20840E+00  4.18266E+00  4.15782E+00  4.13584E+00  4.11880E+00  4.10899E+00  4.10893E+00  4.12132E+00  4.14890E+00  4.19423E+00  4.25937E+00  4.34557E+00  4.45291E+00  4.57998E+00  4.72370E+00  4.87926E+00  5.04017E+00  5.19857E+00  5.34569E+00  5.47243E+00  5.57006E+00  5.63091E+00  5.64907E+00  5.62090E+00  5.54537E+00  5.42415E+00  5.26149E+00  5.06380E+00  4.83912E+00  4.59639E+00  4.34482E+00  4.09317E+00  3.84928E+00  3.61972E+00  3.40965E+00  3.22287E+00  3.06197E+00  2.92860E+00
  2.70676E+00  2.66949E+00  2.66262E+00  2.68463E+00  2.73389E+00  2.80853E+00  2.90637E+00  3.02470E+00  3.16019E+00  3.30885E+00  3.46609E+00  3.62686E+00  3.78592E+00  3.93815E+00  4.07884E+00  4.20403E+00  4.31073E+00  4.39705E+00  4.46233E+00  4.50700E+00  4.53247E+00  4.54096E+00  4.53517E+00  4.51813E+00  4.49290E+00  4.46245E+00  4.42955E+00  4.39676E+00  4.36643E+00  4.34083E+00  4.32217E+00  4.31275E+00  4.31497E+00  4.33123E+00  4.36392E+00  4.41512E+00  4.48637E+00  4.57832E+00  4.69043E+00  4.82064E+00  4.96522E+00  5.11866E+00  5.27384E+00  5.42231E+00  5.55476E+00  5.66172E+00  5.73429E+00  5.76488E+00  5.74795E+00  5.68058E+00  5.56277E+00  5.39761E+00  5.19095E+00  4.95104E+00  4.68778E+00  4.41189E+00  4.13416E+00  3.86457E+00  3.61176E+00  3.38261E+00  3.18210E+00  3.01332E+00  2.87781E+00  2.77582E+00  2.70676E+00
  2.57444E+00  2.61518E+00  2.68352E+00  2.77644E+00  2.89105E+00  3.02446E+00  3.17364E+00  3.33520E+00  3.50533E+00  3.67975E+00  3.85382E+00  4.02271E+00  4.18166E+00  4.32628E+00  4.45283E+00  4.55849E+00  4.64155E+00  4.70145E+00  4.73883E+00  4.75534E+00  4.75350E+00  4.73646E+00  4.70769E+00  4.67080E+00  4.62929E+00  4.58644E+00  4.54524E+00  4.50837E+00  4.47825E+00  4.45717E+00  4.44729E+00  4.45076E+00  4.46963E+00  4.50582E+00  4.56092E+00  4.63592E+00  4.73092E+00  4.84483E+00  4.97503E+00  5.11723E+00  5.26538E+00  5.41181E+00  5.54756E+00  5.66291E+00  5.74806E+00  5.79394E+00  5.79308E+00  5.74033E+00  5.63349E+00  5.47368E+00  5.26538E+00  5.01618E+00  4.73619E+00  4.43728E+00  4.13205E+00  3.83290E+00  3.55110E+00  3.29607E+00  3.07494E+00  2.89235E+00  2.75056E+00  2.64977E+00  2.58856E+00  2.56448E+00  2.57444E+00
  2.57825E+00  2.69821E+00  2.83880E+00  2.99595E+00  3.16601E+00  3.34555E+00  3.53121E+00  3.71946E+00  3.90652E+00  4.08838E+00  4.26084E+00  4.41975E+00  4.56127E+00  4.68211E+00  4.77981E+00  4.85291E+00  4.90113E+00  4.92534E+00  4.92750E+00  4.91046E+00  4.87780E+00  4.83349E+00  4.78168E+00  4.72643E+00  4.67151E+00  4.62033E+00  4.57586E+00  4.54065E+00  4.51689E+00  4.50651E+00  4.51122E+00  4.53253E+00  4.57171E+00  4.62967E+00  4.70673E+00  4.80236E+00  4.91489E+00  5.04125E+00  5.17673E+00  5.31497E+00  5.44805E+00  5.56680E+00  5.66138E+00  5.72194E+00  5.73949E+00  5.70681E+00  5.61921E+00  5.47521E+00  5.27694E+00  5.03018E+00  4.74404E+00  4.43037E+00  4.10279E+00  3.77563E+00  3.46281E+00  3.17679E+00  2.92772E+00  2.72294E+00  2.56670E+00  2.46036E+00  2.40269E+00  2.39047E+00  2.41916E+00  2.48354E+00  2.57825E+00
  2.74414E+00  2.93402E+00  3.13412E+00  3.33990E+00  3.54752E+00  3.75362E+00  3.95504E+00  4.14863E+00  4.33122E+00  4.49952E+00  4.65027E+00  4.78043E+00  4.88741E+00  4.96933E+00  5.02518E+00  5.05500E+00  5.05998E+00  5.04235E+00  5.00532E+00  4.95281E+00  4.88928E+00  4.81936E+00  4.74765E+00  4.67845E+00  4.61560E+00  4.56235E+00  4.52139E+00  4.49482E+00  4.48424E+00  4.49080E+00  4.51529E+00  4.55810E+00  4.61922E+00  4.69803E+00  4.79317E+00  4.90225E+00  5.02167E+00  5.14641E+00  5.26997E+00  5.38448E+00  5.48100E+00  5.55003E+00  5.58216E+00  5.56896E+00  5.50381E+00  5.38276E+00  5.20518E+00  4.97415E+00  4.69655E+00  4.38272E+00  4.04579E+00  3.70073E+00  3.36313E+00  3.04802E+00  2.76871E+00  2.53586E+00  2.35685E+00  2.23554E+00  2.17234E+00  2.16464E+00  2.20747E+00  2.29424E+00  2.41755E+00  2.56988E+00  2.74414E+00
  3.07188E+00  3.31250E+00  3.55069E+00  3.78212E+00  4.00339E+00  4.21170E+00  4.40465E+00  4.57997E+00  4.73547E+00  4.86906E+00  4.97878E+00  5.06302E+00  5.12070E+00  5.15148E+00  5.15591E+00  5.13553E+00  5.09288E+00  5.03142E+00  4.95541E+00  4.86960E+00  4.77904E+00  4.68877E+00  4.60353E+00  4.52759E+00  4.46454E+00  4.41720E+00  4.38762E+00  4.37709E+00  4.38620E+00  4.41491E+00  4.46262E+00  4.52815E+00  4.60971E+00  4.70481E+00  4.81009E+00  4.92124E+00  5.03279E+00  5.13816E+00  5.22975E+00  5.29917E+00  5.33774E+00  5.33712E+00  5.29000E+00  5.19099E+00  5.03737E+00  4.82966E+00  4.57206E+00  4.27247E+00  3.94215E+00  3.59504E+00  3.24682E+00  2.91366E+00  2.61100E+00  2.35236E+00  2.14840E+00  2.00620E+00  1.92897E+00  1.91619E+00  1.96393E+00  2.06564E+00  2.21289E+00  2.39632E+00  2.60644E+00  2.83428E+00  3.07188E+00
  3.53329E+00  3.79769E+00  4.04635E+00  4.27578E+00  4.48355E+00  4.66790E+00  4.82755E+00  4.96149E+00  5.06887E+00  5.14903E+00  5.20158E+00  5.22652E+00  5.22439E+00  5.19644E+00  5.14471E+00  5.07213E+00  4.98240E+00  4.87997E+00  4.76983E+00  4.65723E+00  4.54748E+00  4.44563E+00  4.35623E+00  4.28314E+00  4.22933E+00  4.19681E+00  4.18665E+00  4.19891E+00  4.23280E+00  4.28668E+00  4.35816E+00  4.44410E+00  4.54070E+00  4.64337E+00  4.74678E+00  4.84486E+00  4.93080E+00  4.99725E+00  5.03655E+00  5.04118E+00  5.00430E+00  4.92037E+00  4.78585E+00  4.59986E+00  4.36464E+00  4.08584E+00  3.77252E+00  3.43673E+00  3.09289E+00  2.75677E+00  2.44435E+00  2.17067E+00  1.94861E+00  1.78802E+00  1.69507E+00  1.67191E+00  1.71683E+00  1.82461E+00  1.98725E+00  2.19482E+00  2.43639E+00  2.70088E+00  2.97783E+00  3.25792E+00  3.53329E+00
  4.07557E+00  4.33238E+00  4.56110E+00  4.75959E+00  4.92676E+00  5.06221E+00  5.16603E+00  5.23868E+00  5.28085E+00  5.29346E+00  5.27775E+00  5.23537E+00  5.16846E+00  5.07979E+00  4.97275E+00  4.85139E+00  4.72037E+00  4.58475E+00  4.44988E+00  4.32112E+00  4.20360E+00  4.10196E+00  4.02009E+00  3.96102E+00  3.92668E+00  3.91785E+00  3.93420E+00  3.97423E+00  4.03538E+00  4.11412E+00  4.20602E+00  4.30587E+00  4.40777E+00  4.50524E+00  4.59134E+00  4.65887E+00  4.70059E+00  4.70954E+00  4.67943E+00  4.60516E+00  4.48333E+00  4.31278E+00  4.09499E+00  3.83449E+00  3.53885E+00  3.21861E+00  2.88672E+00  2.55792E+00  2.24771E+00  1.97129E+00  1.74247E+00  1.57267E+00  1.47007E+00  1.43909E+00  1.48020E+00  1.59007E+00  1.76197E+00  1.98653E+00  2.25255E+00  2.54794E+00  2.86055E+00  3.17895E+00  3.49297E+00  3.79410E+00  4.07557E+00
  4.62853E+00  4.84601E+00  5.02541E+00  5.16625E+00  5.26901E+00  5.33482E+00  5.36526E+00  5.36228E+00  5.32813E+00  5.26533E+00  5.17669E+00  5.06542E+00  4.93514E+00  4.78992E+00  4.63429E+00  4.47316E+00  4.31174E+00  4.15537E+00  4.00932E+00  3.87857E+00  3.76757E+00  3.68006E+00  3.61876E+00  3.58537E+00  3.58029E+00  3.60268E+00  3.65040E+00  3.72008E+00  3.80719E+00  3.90616E+00  4.01053E+00  4.11319E+00  4.20654E+00  4.28277E+00  4.33417E+00  4.35350E+00  4.33433E+00  4.27157E+00  4.16182E+00  4.00391E+00  3.79921E+00  3.55192E+00  3.26916E+00  2.96083E+00  2.63925E+00  2.31854E+00  2.01379E+00  1.74011E+00  1.51161E+00  1.34038E+00  1.23568E+00  1.20328E+00  1.24513E+00  1.35931E+00  1.54033E+00  1.77960E+00  2.06623E+00  2.38785E+00  2.73148E+00  3.08435E+00  3.43462E+00  3.77187E+00  4.08746E+00  4.37463E+00  4.62853E+00
  5.11411E+00  5.26388E+00  5.36894E+00  5.43062E+00  5.45101E+00  5.43276E+00  5.37893E+00  5.29293E+00  5.17843E+00  5.03942E+00  4.88014E+00  4.70517E+00  4.51938E+00  4.32790E+00  4.13608E+00  3.94934E+00  3.77305E+00  3.61237E+00  3.47200E+00  3.35602E+00  3.26767E+00  3.20916E+00  3.18154E+00  3.18461E+00  3.21679E+00  3.27520E+00  3.35561E+00  3.45257E+00  3.55957E+00  3.66918E+00  3.77331E+00  3.86352E+00  3.93136E+00  3.96877E+00  3.96853E+00  3.92478E+00  3.83344E+00  3.69274E+00  3.50356E+00  3.26969E+00  2.99798E+00  2.69814E+00  2.38245E+00  2.06514E+00  1.76160E+00  1.48741E+00  1.25733E+00  1.08429E+00  9.78495E-01  9.46744E-01  9.91997E-01  1.11325E+00  1.30572E+00  1.56127E+00  1.86910E+00  2.21656E+00  2.59002E+00  2.97573E+00  3.36055E+00  3.73263E+00  4.08177E+00  4.39975E+00  4.68034E+00  4.91928E+00  5.11411E+00
  5.45726E+00  5.51741E+00  5.53008E+00  5.49838E+00  5.42598E+00  5.31693E+00  5.17565E+00  5.00684E+00  4.81545E+00  4.60670E+00  4.38605E+00  4.15917E+00  3.93190E+00  3.71010E+00  3.49954E+00  3.30577E+00  3.13387E+00  2.98828E+00  2.87260E+00  2.78942E+00  2.74016E+00  2.72494E+00  2.74252E+00  2.79029E+00  2.86429E+00  2.95925E+00  3.06873E+00  3.18532E+00  3.30079E+00  3.40643E+00  3.49335E+00  3.55288E+00  3.57704E+00  3.55901E+00  3.49365E+00  3.37806E+00  3.21198E+00  2.99817E+00  2.74253E+00  2.45419E+00  2.14508E+00  1.82953E+00  1.52341E+00  1.24317E+00  1.00481E+00  8.22715E-01  7.08687E-01  6.71098E-01  7.14337E-01  8.38558E-01  1.03976E+00  1.31017E+00  1.63891E+00  2.01278E+00  2.41722E+00  2.83723E+00  3.25824E+00  3.66683E+00  4.05124E+00  4.40178E+00  4.71096E+00  4.97347E+00  5.18604E+00  5.34727E+00  5.45726E+00
  5.59316E+00  5.55003E+00  5.46062E+00  5.32968E+00  5.16229E+00  4.96381E+00  4.73979E+00  4.49603E+00  4.23853E+00  3.97351E+00  3.70731E+00  3.44642E+00  3.19723E+00  2.96594E+00  2.75833E+00  2.57954E+00  2.43383E+00  2.32436E+00  2.25303E+00  2.22032E+00  2.22518E+00  2.26506E+00  2.33589E+00  2.43224E+00  2.54743E+00  2.67377E+00  2.80278E+00  2.92548E+00  3.03272E+00  3.11556E+00  3.16560E+00  3.17551E+00  3.13947E+00  3.05362E+00  2.91657E+00  2.72979E+00  2.49785E+00  2.22854E+00  1.93277E+00  1.62413E+00  1.31827E+00  1.03205E+00  7.82416E-01  5.85303E-01  4.54467E-01  4.00489E-01  4.30003E-01  5.45220E-01  7.43815E-01  1.01916E+00  1.36085E+00  1.75552E+00  2.18783E+00  2.64142E+00  3.09997E+00  3.54808E+00  3.97194E+00  4.35992E+00  4.70279E+00  4.99384E+00  5.22879E+00  5.40559E+00  5.52408E+00  5.58570E+00  5.59316E+00
  5.47527E+00  5.32428E+00  5.13193E+00  4.90442E+00  4.64810E+00  4.36941E+00  4.07488E+00  3.77117E+00  3.46508E+00  3.16351E+00  2.87337E+00  2.60152E+00  2.35448E+00  2.13830E+00  1.95819E+00  1.81833E+00  1.72152E+00  1.66903E+00  1.66038E+00  1.69329E+00  1.76366E+00  1.86571E+00  1.99218E+00  2.13457E+00  2.28352E+00  2.42919E+00  2.56165E+00  2.67133E+00  2.74938E+00  2.78815E+00  2.78152E+00  2.72531E+00  2.61769E+00  2.45942E+00  2.25415E+00  2.00855E+00  1.73223E+00  1.43757E+00  1.13917E+00  8.53273E-01  5.96760E-01  3.86169E-01  2.36553E-01  1.60407E-01  1.66731E-01  2.60336E-01  4.41455E-01  7.05716E-01  1.04446E+00  1.44534E+00  1.89324E+00  2.37124E+00  2.86170E+00  3.34732E+00  3.81202E+00  4.24167E+00  4.62464E+00  4.95198E+00  5.21761E+00  5.41814E+00  5.55260E+00  5.62212E+00  5.62952E+00  5.57890E+00  5.47527E+00
  5.07538E+00  4.82099E+00  4.53353E+00  4.22044E+00  3.88915E+00  3.54697E+00  3.20121E+00  2.85915E+00  2.52806E+00  2.21518E+00  1.92757E+00  1.67195E+00  1.45445E+00  1.28032E+00  1.15357E+00  1.07671E+00  1.05041E+00  1.07330E+00  1.14189E+00  1.25051E+00  1.39155E+00  1.55568E+00  1.73228E+00  1.90999E+00  2.07725E+00  2.22288E+00  2.33668E+00  2.40994E+00  2.43589E+00  2.41002E+00  2.33043E+00  2.19794E+00  2.01623E+00  1.79180E+00  1.53390E+00  1.25420E+00  9.66473E-01  6.86005E-01  4.28881E-01  2.11153E-01  4.79103E-02 -4.76838E-02 -6.52897E-02  1.84590E-03  1.56347E-01  3.96444E-01  7.16021E-01  1.10496E+00  1.54978E+00  2.03445E+00  2.54140E+00  3.05254E+00  3.55022E+00  4.01813E+00  4.44208E+00  4.81045E+00  5.11452E+00  5.34857E+00  5.50979E+00  5.59802E+00  5.61540E+00  5.56594E+00  5.45506E+00  5.28919E+00  5.07538E+00
  4.38816E+00  4.04326E+00  3.67646E+00  3.29627E+00  2.91096E+00  2.52854E+00  2.15684E+00  1.80349E+00  1.47589E+00  1.18117E+00  9.25991E-01  7.16366E-01  5.57323E-01  4.52577E-01  4.04166E-01  4.12117E-01  4.74169E-01  5.85618E-01  7.39300E-01  9.25759E-01  1.13359E+00  1.35000E+00  1.56142E+00  1.75437E+00  1.91620E+00  2.03588E+00  2.10469E+00  2.11673E+00  2.06932E+00  1.96309E+00  1.80204E+00  1.59334E+00  1.34698E+00  1.07530E+00  7.92501E-01  5.13924E-01  2.55414E-01  3.25526E-02 -1.40095E-01 -2.49726E-01 -2.86004E-01 -2.41670E-01 -1.13015E-01  9.98257E-02  3.92793E-01  7.58060E-01  1.18440E+00  1.65778E+00  2.16210E+00  2.68001E+00  3.19386E+00  3.68652E+00  4.14217E+00  4.54702E+00  4.88980E+00  5.16207E+00  5.35836E+00  5.47624E+00  5.51599E+00  5.48037E+00  5.37423E+00  5.20400E+00  4.97729E+00  4.70243E+00  4.38816E+00
  3.42854E+00  3.01375E+00  2.59065E+00  2.16858E+00  1.75644E+00  1.36271E+00  9.95466E-01  6.62307E-01  3.70336E-01  1.26021E-01 -6.50075E-02 -1.98219E-01 -2.70530E-01 -2.80652E-01 -2.29460E-01 -1.20292E-01  4.08594E-02  2.45304E-01  4.81825E-01  7.37063E-01  9.96133E-01  1.24343E+00  1.46361E+00  1.64254E+00  1.76835E+00  1.83225E+00  1.82918E+00  1.75822E+00  1.62267E+00  1.42986E+00  1.19070E+00  9.19008E-01  6.30649E-01  3.42643E-01  7.22057E-02 -1.64146E-01 -3.51410E-01 -4.76784E-01 -5.30219E-01 -5.04818E-01 -3.97090E-01 -2.07053E-01  6.18006E-02  4.02691E-01  8.05853E-01  1.25898E+00  1.74776E+00  2.25648E+00  2.76871E+00  3.26798E+00  3.73851E+00  4.16574E+00  4.53699E+00  4.84186E+00  5.07254E+00  5.22406E+00  5.29422E+00  5.28362E+00  5.19532E+00  5.03457E+00  4.80841E+00  4.52520E+00  4.19423E+00  3.82535E+00  3.42854E+00
  2.23075E+00  1.77318E+00  1.32285E+00  8.89663E-01  4.82922E-01  1.11276E-01 -2.17344E-01 -4.95801E-01 -7.17891E-01 -8.78520E-01 -9.73943E-01 -1.00208E+00 -9.62817E-01 -8.58379E-01 -6.93575E-01 -4.75997E-01 -2.16026E-01  7.33420E-02  3.76932E-01  6.78059E-01  9.59437E-01  1.20425E+00  1.39731E+00  1.52621E+00  1.58229E+00  1.56145E+00  1.46454E+00  1.29741E+00  1.07064E+00  7.98776E-01  4.99383E-01  1.91842E-01 -1.03936E-01 -3.68772E-01 -5.85357E-01 -7.39169E-01 -8.19137E-01 -8.18014E-01 -7.32492E-01 -5.63100E-01 -3.13917E-01  7.84047E-03  3.92292E-01  8.27419E-01  1.29960E+00  1.79416E+00  2.29586E+00  2.78941E+00  3.26000E+00  3.69369E+00  4.07785E+00  4.40161E+00  4.65608E+00  4.83469E+00  4.93331E+00  4.95035E+00  4.88674E+00  4.74575E+00  4.53279E+00  4.25509E+00  3.92137E+00  3.54141E+00  3.12572E+00  2.68519E+00  2.23075E+00
  8.49150E-01  3.81116E-01 -6.26485E-02 -4.71953E-01 -8.37421E-01 -1.15064E+00 -1.40430E+00 -1.59240E+00 -1.71045E+00 -1.75568E+00 -1.72737E+00 -1.62708E+00 -1.45891E+00 -1.22975E+00 -9.49296E-01 -6.30011E-01 -2.86849E-01  6.32568E-02  4.02136E-01  7.11344E-01  9.73298E-01  1.17249E+00  1.29671E+00  1.33806E+00  1.29380E+00  1.16675E+00  9.65309E-01  7.03018E-01  3.97685E-01  7.01626E-02 -2.57127E-01 -5.61775E-01 -8.22909E-01 -1.02254E+00 -1.14660E+00 -1.18559E+00 -1.13483E+00 -9.94355E-01 -7.68495E-01 -4.65253E-01 -9.55565E-02  3.27517E-01  7.89486E-01  1.27515E+00  1.76917E+00  2.25655E+00  2.72303E+00  3.15542E+00  3.54182E+00  3.87189E+00  4.13700E+00  4.33037E+00  4.44727E+00  4.48501E+00  4.44307E+00  4.32304E+00  4.12859E+00  3.86526E+00  3.54031E+00  3.16246E+00  2.74157E+00  2.28839E+00  1.81421E+00  1.33062E+00  8.49150E-01
 -6.48661E-01 -1.09077E+00 -1.49054E+00 -1.83784E+00 -2.12368E+00 -2.34049E+00 -2.48238E+00 -2.54544E+00 -2.52804E+00 -2.43110E+00 -2.25832E+00 -2.01629E+00 -1.71461E+00 -1.36575E+00 -9.84799E-01 -5.88981E-01 -1.97034E-01  1.71669E-01  4.98123E-01  7.64838E-01  9.57021E-01  1.06372E+00  1.07880E+00  1.00168E+00  8.37625E-01  5.97723E-01  2.98281E-01 -4.01588E-02 -3.94197E-01 -7.39223E-01 -1.05116E+00 -1.30815E+00 -1.49203E+00 -1.58936E+00 -1.59218E+00 -1.49805E+00 -1.30989E+00 -1.03525E+00 -6.85539E-01 -2.74949E-01  1.80504E-01  6.63949E-01  1.15847E+00  1.64780E+00  2.11680E+00  2.55186E+00  2.94109E+00  3.27448E+00  3.54392E+00  3.74317E+00  3.86794E+00  3.91575E+00  3.88591E+00  3.77952E+00  3.59936E+00  3.34985E+00  3.03694E+00  2.66797E+00  2.25158E+00  1.79746E+00  1.31623E+00  8.19174E-01  3.18049E-01 -1.75195E-01 -6.48661E-01
 -2.18089E+00 -2.55797E+00 -2.87408E+00 -3.11970E+00 -3.28696E+00 -3.37011E+00 -3.36586E+00 -3.27386E+00 -3.09696E+00 -2.84138E+00 -2.51681E+00 -2.13619E+00 -1.71542E+00 -1.27274E+00 -8.28045E-01 -4.01949E-01 -1.47792E-02  3.14508E-01  5.69442E-01  7.37103E-01  8.09084E-01  7.82248E-01  6.59219E-01  4.48505E-01  1.64214E-01 -1.74646E-01 -5.45295E-01 -9.22640E-01 -1.28095E+00 -1.59564E+00 -1.84492E+00 -2.01128E+00 -2.08253E+00 -2.05232E+00 -1.92033E+00 -1.69182E+00 -1.37691E+00 -9.89591E-01 -5.46613E-01 -6.63157E-02  4.32422E-01  9.31128E-01  1.41250E+00  1.86100E+00  2.26322E+00  2.60814E+00  2.88715E+00  3.09406E+00  3.22492E+00  3.27786E+00  3.25286E+00  3.15158E+00  2.97718E+00  2.73411E+00  2.42804E+00  2.06571E+00  1.65488E+00  1.20421E+00  7.23246E-01  2.22315E-01 -2.87574E-01 -7.94845E-01 -1.28755E+00 -1.75356E+00 -2.18089E+00
 -3.65586E+00 -3.92708E+00 -4.11897E+00 -4.22353E+00 -4.23530E+00 -4.15181E+00 -3.97424E+00 -3.70766E+00 -3.36124E+00 -2.94823E+00 -2.48544E+00 -1.99268E+00 -1.49179E+00 -1.00555E+00 -5.56429E-01 -1.65419E-01  1.49198E-01  3.72890E-01  4.95765E-01  5.13247E-01  4.26483E-01  2.42461E-01 -2.62201E-02 -3.61928E-01 -7.42923E-01 -1.14460E+00 -1.54099E+00 -1.90635E+00 -2.21684E+00 -2.45203E+00 -2.59612E+00 -2.63891E+00 -2.57614E+00 -2.40954E+00 -2.14639E+00 -1.79873E+00 -1.38234E+00 -9.15663E-01 -4.18576E-01  8.86623E-02  5.86431E-01  1.05657E+00  1.48303E+00  1.85236E+00  2.15396E+00  2.38019E+00  2.52627E+00  2.59012E+00  2.57203E+00  2.47439E+00  2.30125E+00  2.05802E+00  1.75121E+00  1.38814E+00  9.76797E-01  5.25739E-01  4.40290E-02 -4.58748E-01 -9.72470E-01 -1.48647E+00 -1.98955E+00 -2.47002E+00 -2.91590E+00 -3.31511E+00 -3.65586E+00
 -4.97409E+00 -5.09874E+00 -5.12763E+00 -5.05591E+00 -4.88234E+00 -4.60996E+00 -4.24653E+00 -3.80459E+00 -3.30126E+00 -2.75762E+00 -2.19759E+00 -1.64671E+00 -1.13060E+00 -6.73359E-01 -2.96168E-01 -1.59542E-02  1.55582E-01  2.12634E-01  1.55599E-01 -8.95867E-03 -2.68684E-01 -6.06121E-01 -9.99682E-01 -1.42486E+00 -1.85559E+00 -2.26578E+00 -2.63072E+00 -2.92853E+00 -3.14134E+00 -3.25622E+00 -3.26578E+00 -3.16836E+00 -2.96793E+00 -2.67354E+00 -2.29867E+00 -1.86021E+00 -1.37747E+00 -8.71076E-01 -3.61944E-01  1.29713E-01  5.85235E-01  9.88231E-01  1.32511E+00  1.58544E+00  1.76212E+00  1.85134E+00  1.85239E+00  1.76733E+00  1.60058E+00  1.35842E+00  1.04853E+00  6.79584E-01  2.60825E-01 -1.98142E-01 -6.87554E-01 -1.19754E+00 -1.71811E+00 -2.23910E+00 -2.75003E+00 -3.24005E+00 -3.69789E+00 -4.11191E+00 -4.47029E+00 -4.76136E+00 -4.97409E+00
 -6.03115E+00 -5.97258E+00 -5.80698E+00 -5.53486E+00 -5.16170E+00 -4.69834E+00 -4.16106E+00 -3.57111E+00 -2.95382E+00 -2.33717E+00 -1.75009E+00 -1.22060E+00 -7.73895E-01 -4.30639E-01 -2.05636E-01 -1.06907E-01 -1.35286E-01 -2.84521E-01 -5.41821E-01 -8.88790E-01 -1.30266E+00 -1.75769E+00 -2.22674E+00 -2.68272E+00 -3.10010E+00 -3.45614E+00 -3.73195E+00 -3.91329E+00 -3.99102E+00 -3.96130E+00 -3.82558E+00 -3.59021E+00 -3.26598E+00 -2.86742E+00 -2.41198E+00 -1.91922E+00 -1.40978E+00 -9.04583E-01 -4.23823E-01  1.37972E-02  3.91821E-01  6.96636E-01  9.17912E-01  1.04884E+00  1.08621E+00  1.03023E+00  8.84269E-01  6.54357E-01  3.48668E-01 -2.30498E-02 -4.50038E-01 -9.21017E-01 -1.42456E+00 -1.94935E+00 -2.48436E+00 -3.01880E+00 -3.54208E+00 -4.04365E+00 -4.51285E+00 -4.93879E+00 -5.31029E+00 -5.61604E+00 -5.84488E+00 -5.98629E+00 -6.03115E+00
 -6.72907E+00 -6.46180E+00 -6.08621E+00 -5.61080E+00 -5.04996E+00 -4.42383E+00 -3.75780E+00 -3.08110E+00 -2.42522E+00 -1.82176E+00 -1.30026E+00 -8.86051E-01 -5.98396E-01 -4.49102E-01 -4.41733E-01 -5.71499E-01 -8.25772E-01 -1.18517E+00 -1.62509E+00 -2.11745E+00 -2.63261E+00 -3.14117E+00 -3.61564E+00 -4.03178E+00 -4.36959E+00 -4.61398E+00 -4.75504E+00 -4.78805E+00 -4.71325E+00 -4.53542E+00 -4.26345E+00 -3.90974E+00 -3.48963E+00 -3.02079E+00 -2.52248E+00 -2.01485E+00 -1.51824E+00 -1.05234E+00 -6.35421E-01 -2.83670E-01 -1.05170E-02  1.73851E-01  2.62837E-01  2.53575E-01  1.46872E-01 -5.30333E-02 -3.38913E-01 -7.01088E-01 -1.12806E+00 -1.60715E+00 -2.12512E+00 -2.66862E+00 -3.22460E+00 -3.78051E+00 -4.32441E+00 -4.84491E+00 -5.33105E+00 -5.77211E+00 -6.15743E+00 -6.47638E+00 -6.71838E+00 -6.87318E+00 -6.93133E+00 -6.88506E+00 -6.72907E+00
 -6.99325E+00 -6.51409E+00 -5.94087E+00 -5.29177E+00 -4.59083E+00 -3.86700E+00 -3.15275E+00 -2.48198E+00 -1.88774E+00 -1.39981E+00 -1.04241E+00 -8.32275E-01 -7.77301E-01 -8.75969E-01 -1.11750E+00 -1.48280E+00 -1.94607E+00 -2.47687E+00 -3.04242E+00 -3.60984E+00 -4.14833E+00 -4.63073E+00 -5.03485E+00 -5.34410E+00 -5.54769E+00 -5.64045E+00 -5.62231E+00 -5.49768E+00 -5.27481E+00 -4.96499E+00 -4.58216E+00 -4.14229E+00 -3.66291E+00 -3.16270E+00 -2.66092E+00 -2.17686E+00 -1.72925E+00 -1.33554E+00 -1.01129E+00 -7.69487E-01 -6.20019E-01 -5.69274E-01 -6.19897E-01 -7.70743E-01 -1.01704E+00 -1.35077E+00 -1.76115E+00 -2.23531E+00 -2.75893E+00 -3.31696E+00 -3.89417E+00 -4.47563E+00 -5.04713E+00 -5.59524E+00 -6.10740E+00 -6.57187E+00 -6.97758E+00 -7.31400E+00 -7.57100E+00 -7.73895E+00 -7.80899E+00 -7.77347E+00 -7.62679E+00 -7.36628E+00 -6.99325E+00
 -6.79791E+00 -6.13748E+00 -5.41652E+00 -4.66248E+00 -3.90707E+00 -3.18462E+00 -2.52988E+00 -1.97561E+00 -1.55011E+00 -1.27492E+00 -1.16299E+00 -1.21746E+00 -1.43129E+00 -1.78774E+00 -2.26170E+00 -2.82177E+00 -3.43269E+00 -4.05814E+00 -4.66326E+00 -5.21691E+00 -5.69326E+00 -6.07290E+00 -6.34306E+00 -6.49745E+00 -6.53560E+00 -6.46192E+00 -6.28479E+00 -6.01553E+00 -5.66780E+00 -5.25683E+00 -4.79906E+00 -4.31179E+00 -3.81289E+00 -3.32046E+00 -2.85248E+00 -2.42636E+00 -2.05835E+00 -1.76301E+00 -1.55261E+00 -1.43651E+00 -1.42080E+00 -1.50791E+00 -1.69653E+00 -1.98162E+00 -2.35473E+00 -2.80437E+00 -3.31669E+00 -3.87611E+00 -4.46596E+00 -5.06929E+00 -5.66931E+00 -6.24991E+00 -6.79597E+00 -7.29344E+00 -7.72948E+00 -8.09237E+00 -8.37148E+00 -8.55723E+00 -8.64125E+00 -8.61660E+00 -8.47828E+00 -8.22391E+00 -7.85458E+00 -7.37571E+00 -6.79791E+00
 -6.19419E+00 -5.42370E+00 -4.64447E+00 -3.88974E+00 -3.19398E+00 -2.59073E+00 -2.11035E+00 -1.77757E+00 -1.60948E+00 -1.61387E+00 -1.78833E+00 -2.12011E+00 -2.58693E+00 -3.15867E+00 -3.79964E+00 -4.47149E+00 -5.13606E+00 -5.75814E+00 -6.30767E+00 -6.76119E+00 -7.10267E+00 -7.32337E+00 -7.42137E+00 -7.40048E+00 -7.26903E+00 -7.03879E+00 -6.72376E+00 -6.33948E+00 -5.90230E+00 -5.42901E+00 -4.93662E+00 -4.44215E+00 -3.96246E+00 -3.51405E+00 -3.11272E+00 -2.77322E+00 -2.50877E+00 -2.33049E+00 -2.24699E+00 -2.26381E+00 -2.38309E+00 -2.60339E+00 -2.91962E+00 -3.32319E+00 -3.80237E+00 -4.34273E+00 -4.92782E+00 -5.53983E+00 -6.16027E+00 -6.77062E+00 -7.35286E+00 -7.88996E+00 -8.36614E+00 -8.76710E+00 -9.08019E+00 -9.29451E+00 -9.40104E+00 -9.39292E+00 -9.26573E+00 -9.01799E+00 -8.65167E+00 -8.17286E+00 -7.59228E+00 -6.92571E+00 -6.19419E+00
 -5.32036E+00 -4.54767E+00 -3.82897E+00 -3.19698E+00 -2.68186E+00 -2.30920E+00 -2.09802E+00 -2.05906E+00 -2.19368E+00 -2.49320E+00 -2.93926E+00 -3.50482E+00 -4.15611E+00 -4.85509E+00 -5.56240E+00 -6.24016E+00 -6.85473E+00 -7.37856E+00 -7.79157E+00 -8.08154E+00 -8.24365E+00 -8.27992E+00 -8.19763E+00 -8.00827E+00 -7.72624E+00 -7.36750E+00 -6.94903E+00 -6.48812E+00 -6.00186E+00 -5.50693E+00 -5.01966E+00 -4.55574E+00 -4.13010E+00 -3.75691E+00 -3.44913E+00 -3.21826E+00 -3.07397E+00 -3.02365E+00 -3.07194E+00 -3.22048E+00 -3.46755E+00 -3.80803E+00 -4.23342E+00 -4.73204E+00 -5.28942E+00 -5.88870E+00 -6.51150E+00 -7.13811E+00 -7.74866E+00 -8.32335E+00 -8.84322E+00 -9.29070E+00 -9.64970E+00 -9.90655E+00 -1.00498E+01 -1.00711E+01 -9.96537E+00 -9.73118E+00 -9.37141E+00 -8.89338E+00 -8.30925E+00 -7.63603E+00 -6.89548E+00 -6.11370E+00 -5.32036E+00
 -4.39080E+00 -3.74209E+00 -3.20831E+00 -2.81425E+00 -2.57863E+00 -2.51275E+00 -2.61942E+00 -2.89236E+00 -3.31619E+00 -3.86713E+00 -4.51439E+00 -5.22217E+00 -5.95215E+00 -6.66622E+00 -7.32908E+00 -7.91050E+00 -8.38701E+00 -8.74260E+00 -8.96910E+00 -9.06546E+00 -9.03666E+00 -8.89286E+00 -8.64754E+00 -8.31674E+00 -7.91789E+00 -7.46877E+00 -6.98727E+00 -6.49068E+00 -5.99561E+00 -5.51774E+00 -5.07181E+00 -4.67143E+00 -4.32907E+00 -4.05591E+00 -3.86153E+00 -3.75377E+00 -3.73834E+00 -3.81863E+00 -3.99530E+00 -4.26606E+00 -4.62561E+00 -5.06550E+00 -5.57432E+00 -6.13787E+00 -6.73943E+00 -7.36042E+00 -7.98081E+00 -8.57960E+00 -9.13579E+00 -9.62877E+00 -1.00391E+01 -1.03492E+01 -1.05441E+01 -1.06120E+01 -1.05451E+01 -1.03403E+01 -9.99973E+00 -9.53098E+00 -8.94746E+00 -8.26803E+00 -7.51659E+00 -6.72121E+00 -5.91308E+00 -5.12517E+00 -4.39080E+00
 -3.65201E+00 -3.24340E+00 -2.99441E+00 -2.91554E+00 -3.00912E+00 -3.26896E+00 -3.68052E+00 -4.22158E+00 -4.86341E+00 -5.57244E+00 -6.31237E+00 -7.04644E+00 -7.73983E+00 -8.36167E+00 -8.88681E+00 -9.29690E+00 -9.58072E+00 -9.73418E+00 -9.75942E+00 -9.66405E+00 -9.45981E+00 -9.16153E+00 -8.78606E+00 -8.35121E+00 -7.87538E+00 -7.37667E+00 -6.87245E+00 -6.37919E+00 -5.91226E+00 -5.48566E+00 -5.11192E+00 -4.80208E+00 -4.56561E+00 -4.41015E+00 -4.34147E+00 -4.36343E+00 -4.47760E+00 -4.68317E+00 -4.97686E+00 -5.35273E+00 -5.80217E+00 -6.31388E+00 -6.87400E+00 -7.46638E+00 -8.07269E+00 -8.67300E+00 -9.24617E+00 -9.77054E+00 -1.02245E+01 -1.05874E+01 -1.08406E+01 -1.09681E+01 -1.09581E+01 -1.08036E+01 -1.05036E+01 -1.00640E+01 -9.49724E+00 -8.82274E+00 -8.06603E+00 -7.25766E+00 -6.43163E+00 -5.62368E+00 -4.86935E+00 -4.20218E+00 -3.65201E+00
 -3.31787E+00 -3.22538E+00 -3.30965E+00 -3.56379E+00 -3.97261E+00 -4.51351E+00 -5.15783E+00 -5.87259E+00 -6.62243E+00 -7.37171E+00 -8.08657E+00 -8.73674E+00 -9.29705E+00 -9.74835E+00 -1.00781E+01 -1.02800E+01 -1.03541E+01 -1.03055E+01 -1.01435E+01 -9.88111E+00 -9.53362E+00 -9.11793E+00 -8.65198E+00 -8.15384E+00 -7.64161E+00 -7.13258E+00 -6.64307E+00 -6.18814E+00 -5.78134E+00 -5.43440E+00 -5.15731E+00 -4.95806E+00 -4.84254E+00 -4.81458E+00 -4.87591E+00 -5.02615E+00 -5.26262E+00 -5.58045E+00 -5.97258E+00 -6.42967E+00 -6.94015E+00 -7.49030E+00 -8.06437E+00 -8.64454E+00 -9.21150E+00 -9.74455E+00 -1.02222E+01 -1.06231E+01 -1.09261E+01 -1.11125E+01 -1.11665E+01 -1.10768E+01 -1.08380E+01 -1.04515E+01 -9.92661E+00 -9.28057E+00 -8.53809E+00 -7.73036E+00 -6.89334E+00 -6.06569E+00 -5.28639E+00 -4.59237E+00 -4.01639E+00 -3.58515E+00 -3.31787E+00
 -3.50915E+00 -3.74832E+00 -4.14983E+00 -4.69060E+00 -5.34115E+00 -6.06758E+00 -6.83373E+00 -7.60340E+00 -8.34242E+00 -9.02039E+00 -9.61205E+00 -1.00981E+01 -1.04656E+01 -1.07076E+01 -1.08228E+01 -1.08149E+01 -1.06919E+01 -1.04646E+01 -1.01468E+01 -9.75378E+00 -9.30231E+00 -8.80981E+00 -8.29390E+00 -7.77217E+00 -7.26152E+00 -6.77796E+00 -6.33624E+00 -5.94947E+00 -5.62888E+00 -5.38361E+00 -5.22056E+00 -5.14431E+00 -5.15692E+00 -5.25825E+00 -5.44585E+00 -5.71501E+00 -6.05896E+00 -6.46895E+00 -6.93436E+00 -7.44269E+00 -7.97979E+00 -8.52990E+00 -9.07568E+00 -9.59831E+00 -1.00781E+01 -1.04947E+01 -1.08275E+01 -1.10571E+01 -1.11658E+01 -1.11395E+01 -1.09688E+01 -1.06508E+01 -1.01899E+01 -9.59898E+00 -8.89906E+00 -8.11889E+00 -7.29350E+00 -6.46218E+00 -5.66599E+00 -4.94509E+00 -4.33610E+00 -3.86974E+00 -3.56892E+00 -3.44740E+00 -3.50915E+00
 -4.21763E+00 -4.74082E+00 -5.38511E+00 -6.11626E+00 -6.89705E+00 -7.68970E+00 -8.45824E+00 -9.17049E+00 -9.79959E+00 -1.03249E+01 -1.07323E+01 -1.10142E+01 -1.11686E+01 -1.11985E+01 -1.11110E+01 -1.09162E+01 -1.06268E+01 -1.02570E+01 -9.82240E+00 -9.33928E+00 -8.82458E+00 -8.29522E+00 -7.76796E+00 -7.25915E+00 -6.78420E+00 -6.35731E+00 -5.99113E+00 -5.69634E+00 -5.48151E+00 -5.35273E+00 -5.31347E+00 -5.36463E+00 -5.50447E+00 -5.72880E+00 -6.03096E+00 -6.40216E+00 -6.83174E+00 -7.30723E+00 -7.81470E+00 -8.33883E+00 -8.86317E+00 -9.37017E+00 -9.84165E+00 -1.02587E+01 -1.06025E+01 -1.08547E+01 -1.09983E+01 -1.10188E+01 -1.09055E+01 -1.06528E+01 -1.02614E+01 -9.73980E+00 -9.10412E+00 -8.37856E+00 -7.59424E+00 -6.78777E+00 -5.99905E+00 -5.26873E+00 -4.63555E+00 -4.13361E+00 -3.79012E+00 -3.62352E+00 -3.64225E+00 -3.84434E+00 -4.21763E+00
 -5.31414E+00 -6.02628E+00 -6.80285E+00 -7.60571E+00 -8.39740E+00 -9.14341E+00 -9.81410E+00 -1.03859E+01 -1.08421E+01 -1.11725E+01 -1.13734E+01 -1.14467E+01 -1.13983E+01 -1.12380E+01 -1.09779E+01 -1.06320E+01 -1.02152E+01 -9.74354E+00 -9.23316E+00 -8.70035E+00 -8.16160E+00 -7.63279E+00 -7.12944E+00 -6.66618E+00 -6.25641E+00 -5.91206E+00 -5.64321E+00 -5.45774E+00 -5.36106E+00 -5.35594E+00 -5.44233E+00 -5.61736E+00 -5.87549E+00 -6.20855E+00 -6.60593E+00 -7.05510E+00 -7.54166E+00 -8.04972E+00 -8.56239E+00 -9.06195E+00 -9.53006E+00 -9.94829E+00 -1.02987E+01 -1.05640E+01 -1.07285E+01 -1.07788E+01 -1.07050E+01 -1.05013E+01 -1.01676E+01 -9.70987E+00 -9.14110E+00 -8.48120E+00 -7.75672E+00 -6.99969E+00 -6.24612E+00 -5.53390E+00 -4.90050E+00 -4.38046E+00 -4.00316E+00 -3.79064E+00 -3.75610E+00 -3.90281E+00 -4.22390E+00 -4.70273E+00 -5.31414E+00
 -6.59141E+00 -7.37732E+00 -8.16950E+00 -8.93277E+00 -9.63547E+00 -1.02511E+01 -1.07592E+01 -1.11462E+01 -1.14046E+01 -1.15334E+01 -1.15361E+01 -1.14210E+01 -1.11991E+01 -1.08838E+01 -1.04900E+01 -1.00336E+01 -9.53082E+00 -8.99802E+00 -8.45145E+00 -7.90706E+00 -7.38019E+00 -6.88555E+00 -6.43689E+00 -6.04668E+00 -5.72591E+00 -5.48380E+00 -5.32736E+00 -5.26130E+00 -5.28766E+00 -5.40565E+00 -5.61165E+00 -5.89911E+00 -6.25873E+00 -6.67863E+00 -7.14463E+00 -7.64063E+00 -8.14897E+00 -8.65087E+00 -9.12702E+00 -9.55799E+00 -9.92484E+00 -1.02100E+01 -1.03976E+01 -1.04748E+01 -1.04324E+01 -1.02654E+01 -9.97429E+00 -9.56521E+00 -9.05037E+00 -8.44794E+00 -7.78165E+00 -7.07998E+00 -6.37486E+00 -5.70011E+00 -5.08966E+00 -4.57560E+00 -4.18617E+00 -3.94406E+00 -3.86475E+00 -3.95542E+00 -4.21422E+00 -4.63018E+00 -5.18382E+00 -5.84835E+00 -6.59141E+00
 -7.82606E+00 -8.57833E+00 -9.28846E+00 -9.92881E+00 -1.04767E+01 -1.09150E+01 -1.12326E+01 -1.14241E+01 -1.14896E+01 -1.14337E+01 -1.12650E+01 -1.09949E+01 -1.06373E+01 -1.02073E+01 -9.72130E+00 -9.19576E+00 -8.64734E+00 -8.09243E+00 -7.54678E+00 -7.02552E+00 -6.54272E+00 -6.11133E+00 -5.74297E+00 -5.44761E+00 -5.23340E+00 -5.10636E+00 -5.07025E+00 -5.12625E+00 -5.27288E+00 -5.50571E+00 -5.81749E+00 -6.19819E+00 -6.63497E+00 -7.11261E+00 -7.61372E+00 -8.11925E+00 -8.60893E+00 -9.06206E+00 -9.45812E+00 -9.77761E+00 -1.00031E+01 -1.01203E+01 -1.01188E+01 -9.99325E+00 -9.74383E+00 -9.37696E+00 -8.90508E+00 -8.34654E+00 -7.72467E+00 -7.06687E+00 -6.40322E+00 -5.76502E+00 -5.18323E+00 -4.68689E+00 -4.30167E+00 -4.04842E+00 -3.94211E+00 -3.99081E+00 -4.19520E+00 -4.54825E+00 -5.03544E+00 -5.63554E+00 -6.32162E+00 -7.06280E+00 -7.82606E+00
 -8.83381E+00 -9.47275E+00 -1.00366E+01 -1.05071E+01 -1.08704E+01 -1.11181E+01 -1.12463E+01 -1.12557E+01 -1.11512E+01 -1.09409E+01 -1.06359E+01 -1.02493E+01 -9.79598E+00 -9.29205E+00 -8.75404E+00 -8.19862E+00 -7.64223E+00 -7.10075E+00 -6.58915E+00 -6.12126E+00 -5.70952E+00 -5.36483E+00 -5.09626E+00 -4.91095E+00 -4.81387E+00 -4.80761E+00 -4.89231E+00 -5.06552E+00 -5.32204E+00 -5.65385E+00 -6.05020E+00 -6.49766E+00 -6.98031E+00 -7.48004E+00 -7.97697E+00 -8.45007E+00 -8.87788E+00 -9.23935E+00 -9.51504E+00 -9.68804E+00 -9.74537E+00 -9.67910E+00 -9.48719E+00 -9.17423E+00 -8.75153E+00 -8.23681E+00 -7.65338E+00 -7.02875E+00 -6.39314E+00 -5.77775E+00 -5.21298E+00 -4.72687E+00 -4.34369E+00 -4.08283E+00 -3.95796E+00 -3.97646E+00 -4.13916E+00 -4.44035E+00 -4.86805E+00 -5.40461E+00 -6.02755E+00 -6.71064E+00 -7.42543E+00 -8.14264E+00 -8.83381E+00
 -9.49757E+00 -9.97763E+00 -1.03655E+01 -1.06513E+01 -1.08288E+01 -1.08959E+01 -1.08542E+01 -1.07082E+01 -1.04655E+01 -1.01363E+01 -9.73267E+00 -9.26851E+00 -8.75895E+00 -8.21994E+00 -7.66778E+00 -7.11870E+00 -6.58844E+00 -6.09190E+00 -5.64277E+00 -5.25326E+00 -4.93383E+00 -4.69296E+00 -4.53695E+00 -4.46979E+00 -4.49303E+00 -4.60569E+00 -4.80416E+00 -5.08219E+00 -5.43088E+00 -5.83868E+00 -6.29153E+00 -6.77302E+00 -7.26466E+00 -7.74640E+00 -8.19709E+00 -8.59543E+00 -8.92086E+00 -9.15466E+00 -9.28132E+00 -9.28969E+00 -9.17417E+00 -8.93569E+00 -8.58210E+00 -8.12826E+00 -7.59530E+00 -7.00959E+00 -6.40106E+00 -5.80132E+00 -5.24167E+00 -4.75123E+00 -4.35530E+00 -4.07405E+00 -3.92164E+00 -3.90576E+00 -4.02747E+00 -4.28152E+00 -4.65679E+00 -5.13711E+00 -5.70216E+00 -6.32856E+00 -6.99109E+00 -7.66373E+00 -8.32113E+00 -8.93946E+00 -9.49757E+00
 -9.77512E+00 -1.00812E+01 -1.02903E+01 -1.03991E+01 -1.04071E+01 -1.03168E+01 -1.01331E+01 -9.86334E+00 -9.51668E+00 -9.10423E+00 -8.63866E+00 -8.13381E+00 -7.60452E+00 -7.06608E+00 -6.53399E+00 -6.02345E+00 -5.54897E+00 -5.12400E+00 -4.76050E+00 -4.46864E+00 -4.25653E+00 -4.12997E+00 -4.09225E+00 -4.14406E+00 -4.28344E+00 -4.50567E+00 -4.80342E+00 -5.16666E+00 -5.58291E+00 -6.03734E+00 -6.51300E+00 -6.99120E+00 -7.45200E+00 -7.87481E+00 -8.23927E+00 -8.52620E+00 -8.71874E+00 -8.80354E+00 -8.77201E+00 -8.62125E+00 -8.35480E+00 -7.98299E+00 -7.52274E+00 -6.99678E+00 -6.43236E+00 -5.85967E+00 -5.30976E+00 -4.81267E+00 -4.39549E+00 -4.08074E+00 -3.88519E+00 -3.81909E+00 -3.88588E+00 -4.08228E+00 -4.39886E+00 -4.82088E+00 -5.32933E+00 -5.90219E+00 -6.51562E+00 -7.14528E+00 -7.76738E+00 -8.35976E+00 -8.90254E+00 -9.37885E+00 -9.77512E+00
 -9.68054E+00 -9.81919E+00 -9.86426E+00 -9.81714E+00 -9.68146E+00 -9.46286E+00 -9.16876E+00 -8.80816E+00 -8.39144E+00 -7.93024E+00 -7.43716E+00 -6.92565E+00 -6.40975E+00 -5.90366E+00 -5.42153E+00 -4.97698E+00 -4.58275E+00 -4.25031E+00 -3.98943E+00 -3.80787E+00 -3.71111E+00 -3.70203E+00 -3.78081E+00 -3.94479E+00 -4.18843E+00 -4.50346E+00 -4.87884E+00 -5.30107E+00 -5.75446E+00 -6.22142E+00 -6.68302E+00 -7.11953E+00 -7.51114E+00 -7.83889E+00 -8.08565E+00 -8.23713E+00 -8.28301E+00 -8.21785E+00 -8.04181E+00 -7.76117E+00 -7.38826E+00 -6.94110E+00 -6.44258E+00 -5.91910E+00 -5.39912E+00 -4.91134E+00 -4.48294E+00 -4.13791E+00 -3.89562E+00 -3.76974E+00 -3.76761E+00 -3.88999E+00 -4.13126E+00 -4.47999E+00 -4.91994E+00 -5.43108E+00 -5.99103E+00 -6.57636E+00 -7.16372E+00 -7.73115E+00 -8.25887E+00 -8.72983E+00 -9.13019E+00 -9.44949E+00 -9.68054E+00
 -9.26311E+00 -9.25303E+00 -9.15745E+00 -8.98119E+00 -8.73088E+00 -8.41456E+00 -8.04153E+00 -7.62212E+00 -7.16745E+00 -6.68936E+00 -6.20016E+00 -5.71250E+00 -5.23918E+00 -4.79284E+00 -4.38574E+00 -4.02937E+00 -3.73416E+00 -3.50908E+00 -3.36129E+00 -3.29581E+00 -3.31521E+00 -3.41937E+00 -3.60530E+00 -3.86707E+00 -4.19580E+00 -4.57984E+00 -5.00495E+00 -5.45470E+00 -5.91096E+00 -6.35451E+00 -6.76581E+00 -7.12585E+00 -7.41717E+00 -7.62480E+00 -7.73730E+00 -7.74765E+00 -7.65387E+00 -7.45946E+00 -7.17343E+00 -6.80998E+00 -6.38783E+00 -5.92926E+00 -5.45887E+00 -5.00218E+00 -4.58423E+00 -4.22813E+00 -3.95378E+00 -3.77676E+00 -3.70757E+00 -3.75106E+00 -3.90630E+00 -4.16680E+00 -4.52093E+00 -4.95281E+00 -5.44330E+00 -5.97115E+00 -6.51430E+00 -7.05109E+00 -7.56117E+00 -8.02651E+00 -8.43194E+00 -8.76543E+00 -9.01826E+00 -9.18496E+00 -9.26311E+00
 -8.58956E+00 -8.45527E+00 -8.24618E+00 -7.96969E+00 -7.63467E+00 -7.25107E+00 -6.82965E+00 -6.38171E+00 -5.91887E+00 -5.45285E+00 -4.99536E+00 -4.55792E+00 -4.15167E+00 -3.78722E+00 -3.47444E+00 -3.22218E+00 -3.03807E+00 -2.92815E+00 -2.89659E+00 -2.94541E+00 -3.07416E+00 -3.27965E+00 -3.55587E+00 -3.89387E+00 -4.28185E+00 -4.70537E+00 -5.14776E+00 -5.59070E+00 -6.01495E+00 -6.40127E+00 -6.73139E+00 -6.98919E+00 -7.16167E+00 -7.23994E+00 -7.21999E+00 -7.10306E+00 -6.89571E+00 -6.60952E+00 -6.26046E+00 -5.86784E+00 -5.45319E+00 -5.03908E+00 -4.64783E+00 -4.30041E+00 -4.01534E+00 -3.80794E+00 -3.68957E+00 -3.66724E+00 -3.74334E+00 -3.91562E+00 -4.17733E+00 -4.51767E+00 -4.92235E+00 -5.37438E+00 -5.85496E+00 -6.34451E+00 -6.82360E+00 -7.27392E+00 -7.67907E+00 -8.02510E+00 -8.30095E+00 -8.49869E+00 -8.61347E+00 -8.64344E+00 -8.58956E+00
 -7.72787E+00 -7.49590E+00 -7.20138E+00 -6.85366E+00 -6.46332E+00 -6.04177E+00 -5.60085E+00 -5.15248E+00 -4.70844E+00 -4.28007E+00 -3.87809E+00 -3.51250E+00 -3.19243E+00 -2.92602E+00 -2.72033E+00 -2.58116E+00 -2.51294E+00 -2.51845E+00 -2.59864E+00 -2.75236E+00 -2.97611E+00 -3.26381E+00 -3.60670E+00 -3.99332E+00 -4.40966E+00 -4.83953E+00 -5.26508E+00 -5.66765E+00 -6.02869E+00 -6.33089E+00 -6.55934E+00 -6.70266E+00 -6.75395E+00 -6.71141E+00 -6.57869E+00 -6.36467E+00 -6.08289E+00 -5.75058E+00 -5.38748E+00 -5.01454E+00 -4.65258E+00 -4.32112E+00 -4.03748E+00 -3.81602E+00 -3.66766E+00 -3.59968E+00 -3.61559E+00 -3.71524E+00 -3.89494E+00 -4.14776E+00 -4.46386E+00 -4.83088E+00 -5.23448E+00 -5.65895E+00 -6.08777E+00 -6.50445E+00 -6.89314E+00 -7.23925E+00 -7.53015E+00 -7.75549E+00 -7.90754E+00 -7.98145E+00 -7.97519E+00 -7.88954E+00 -7.72787E+00
 -6.74525E+00 -6.44239E+00 -6.09016E+00 -5.69934E+00 -5.28176E+00 -4.84978E+00 -4.41588E+00 -3.99225E+00 -3.59040E+00 -3.22088E+00 -2.89312E+00 -2.61525E+00 -2.39403E+00 -2.23483E+00 -2.14159E+00 -2.11679E+00 -2.16141E+00 -2.27480E+00 -2.45456E+00 -2.69640E+00 -2.99392E+00 -3.33845E+00 -3.71908E+00 -4.12266E+00 -4.53410E+00 -4.93686E+00 -5.31363E+00 -5.64730E+00 -5.92200E+00 -6.12426E+00 -6.24417E+00 -6.27624E+00 -6.22009E+00 -6.08065E+00 -5.86793E+00 -5.59632E+00 -5.28353E+00 -4.94922E+00 -4.61360E+00 -4.29610E+00 -4.01416E+00 -3.78236E+00 -3.61188E+00 -3.51026E+00 -3.48143E+00 -3.52595E+00 -3.64132E+00 -3.82241E+00 -4.06186E+00 -4.35042E+00 -4.67732E+00 -5.03060E+00 -5.39741E+00 -5.76443E+00 -6.11818E+00 -6.44555E+00 -6.73422E+00 -6.97307E+00 -7.15270E+00 -7.26572E+00 -7.30709E+00 -7.27432E+00 -7.16752E+00 -6.98944E+00 -6.74525E+00
 -5.70071E+00 -5.35305E+00 -4.96974E+00 -4.56248E+00 -4.14377E+00 -3.72644E+00 -3.32310E+00 -2.94566E+00 -2.60495E+00 -2.31036E+00 -2.06966E+00 -1.88883E+00 -1.77205E+00 -1.72171E+00 -1.73848E+00 -1.82143E+00 -1.96802E+00 -2.17418E+00 -2.43428E+00 -2.74106E+00 -3.08561E+00 -3.45733E+00 -3.84402E+00 -4.23204E+00 -4.60669E+00 -4.95280E+00 -5.25549E+00 -5.50105E+00 -5.67799E+00 -5.77807E+00 -5.79703E+00 -5.73528E+00 -5.59810E+00 -5.39546E+00 -5.14130E+00 -4.85261E+00 -4.54809E+00 -4.24678E+00 -3.96668E+00 -3.72361E+00 -3.53034E+00 -3.39608E+00 -3.32627E+00 -3.32278E+00 -3.38423E+00 -3.50653E+00 -3.68343E+00 -3.90705E+00 -4.16836E+00 -4.45756E+00 -4.76429E+00 -5.07791E+00 -5.38762E+00 -5.68266E+00 -5.95251E+00 -6.18715E+00 -6.37734E+00 -6.51495E+00 -6.59334E+00 -6.60761E+00 -6.55497E+00 -6.43489E+00 -6.24924E+00 -6.00232E+00 -5.70071E+00
 -4.64714E+00 -4.27908E+00 -3.88919E+00 -3.48954E+00 -3.09277E+00 -2.71157E+00 -2.35810E+00 -2.04351E+00 -1.77747E+00 -1.56783E+00 -1.42042E+00 -1.33886E+00 -1.32465E+00 -1.37716E+00 -1.49385E+00 -1.67041E+00 -1.90097E+00 -2.17823E+00 -2.49367E+00 -2.83760E+00 -3.19931E+00 -3.56720E+00 -3.92898E+00 -4.27197E+00 -4.58350E+00 -4.85149E+00 -5.06509E+00 -5.21542E+00 -5.29635E+00 -5.30511E+00 -5.24278E+00 -5.11452E+00 -4.92938E+00 -4.69989E+00 -4.44114E+00 -4.16981E+00 -3.90291E+00 -3.65659E+00 -3.44506E+00 -3.27974E+00 -3.16874E+00 -3.11660E+00 -3.12444E+00 -3.19026E+00 -3.30944E+00 -3.47540E+00 -3.68012E+00 -3.91475E+00 -4.16996E+00 -4.43634E+00 -4.70453E+00 -4.96538E+00 -5.21002E+00 -5.42993E+00 -5.61707E+00 -5.76399E+00 -5.86407E+00 -5.91170E+00 -5.90266E+00 -5.83427E+00 -5.70572E+00 -5.51827E+00 -5.27530E+00 -4.98238E+00 -4.64714E+00
 -3.62673E+00 -3.26028E+00 -2.88543E+00 -2.51410E+00 -2.15846E+00 -1.83046E+00 -1.54125E+00 -1.30067E+00 -1.11682E+00 -9.95689E-01 -9.40934E-01 -9.53778E-01 -1.03303E+00 -1.17519E+00 -1.37470E+00 -1.62421E+00 -1.91491E+00 -2.23682E+00 -2.57918E+00 -2.93071E+00 -3.27992E+00 -3.61543E+00 -3.92622E+00 -4.20202E+00 -4.43360E+00 -4.61325E+00 -4.73511E+00 -4.79568E+00 -4.79409E+00 -4.73241E+00 -4.61573E+00 -4.45205E+00 -4.25191E+00 -4.02789E+00 -3.79378E+00 -3.56372E+00 -3.35130E+00 -3.16866E+00 -3.02577E+00 -2.92990E+00 -2.88535E+00 -2.89342E+00 -2.95255E+00 -3.05878E+00 -3.20616E+00 -3.38729E+00 -3.59388E+00 -3.81718E+00 -4.04834E+00 -4.27869E+00 -4.49992E+00 -4.70414E+00 -4.88404E+00 -5.03283E+00 -5.14441E+00 -5.21342E+00 -5.23541E+00 -5.20701E+00 -5.12611E+00 -4.99212E+00 -4.80607E+00 -4.57083E+00 -4.29116E+00 -3.97366E+00 -3.62673E+00
 -2.67038E+00 -2.32420E+00 -1.98220E+00 -1.65559E+00 -1.35553E+00 -1.09265E+00 -8.76530E-01 -7.15248E-01 -6.14944E-01 -5.79493E-01 -6.10296E-01 -7.06180E-01 -8.63446E-01 -1.07603E+00 -1.33581E+00 -1.63297E+00 -1.95646E+00 -2.29451E+00 -2.63510E+00 -2.96649E+00 -3.27765E+00 -3.55864E+00 -3.80095E+00 -3.99780E+00 -4.14428E+00 -4.23751E+00 -4.27675E+00 -4.26338E+00 -4.20087E+00 -4.09470E+00 -3.95215E+00 -3.78204E+00 -3.59431E+00 -3.39963E+00 -3.20881E+00 -3.03229E+00 -2.87954E+00 -2.75857E+00 -2.67552E+00 -2.63442E+00 -2.63699E+00 -2.68272E+00 -2.76897E+00 -2.89131E+00 -3.04381E+00 -3.21942E+00 -3.41045E+00 -3.60880E+00 -3.80637E+00 -3.99528E+00 -4.16804E+00 -4.31776E+00 -4.43817E+00 -4.52380E+00 -4.57003E+00 -4.57318E+00 -4.53065E+00 -4.44102E+00 -4.30415E+00 -4.12133E+00 -3.89535E+00 -3.63058E+00 -3.33297E+00 -3.00996E+00 -2.67038E+00
 -1.79827E+00 -1.48704E+00 -1.19124E+00 -9.20879E-01 -6.85578E-01 -4.94148E-01 -3.54153E-01 -2.71508E-01 -2.50123E-01 -2.91615E-01 -3.95133E-01 -5.57285E-01 -7.72216E-01 -1.03182E+00 -1.32611E+00 -1.64368E+00 -1.97226E+00 -2.29938E+00 -2.61301E+00 -2.90213E+00 -3.15730E+00 -3.37105E+00 -3.53816E+00 -3.65576E+00 -3.72333E+00 -3.74249E+00 -3.71680E+00 -3.65137E+00 -3.55251E+00 -3.42743E+00 -3.28384E+00 -3.12970E+00 -2.97292E+00 -2.82116E+00 -2.68157E+00 -2.56061E+00 -2.46382E+00 -2.39566E+00 -2.35934E+00 -2.35667E+00 -2.38800E+00 -2.45218E+00 -2.54662E+00 -2.66737E+00 -2.80933E+00 -2.96643E+00 -3.13191E+00 -3.29860E+00 -3.45915E+00 -3.60637E+00 -3.73340E+00 -3.83400E+00 -3.90267E+00 -3.93487E+00 -3.92714E+00 -3.87716E+00 -3.78391E+00 -3.64769E+00 -3.47013E+00 -3.25427E+00 -3.00450E+00 -2.72654E+00 -2.42732E+00 -2.11491E+00 -1.79827E+00
 -1.01673E+00 -7.50984E-01 -5.10159E-01 -3.02660E-01 -1.36146E-01 -1.72005E-02  4.89836E-02  5.89127E-02  1.10581E-02 -9.39365E-02 -2.53129E-01 -4.61266E-01 -7.10895E-01 -9.92625E-01 -1.29553E+00 -1.60770E+00 -1.91685E+00 -2.21103E+00 -2.47933E+00 -2.71252E+00 -2.90353E+00 -3.04786E+00 -3.14369E+00 -3.19182E+00 -3.19542E+00 -3.15960E+00 -3.09086E+00 -2.99652E+00 -2.88417E+00 -2.76120E+00 -2.63447E+00 -2.51007E+00 -2.39323E+00 -2.28834E+00 -2.19903E+00 -2.12826E+00 -2.07836E+00 -2.05113E+00 -2.04776E+00 -2.06883E+00 -2.11417E+00 -2.18275E+00 -2.27260E+00 -2.38075E+00 -2.50321E+00 -2.63507E+00 -2.77064E+00 -2.90363E+00 -3.02746E+00 -3.13548E+00 -3.22135E+00 -3.27930E+00 -3.30442E+00 -3.29288E+00 -3.24214E+00 -3.15105E+00 -3.01994E+00 -2.85058E+00 -2.64623E+00 -2.41144E+00 -2.15201E+00 -1.87479E+00 -1.58752E+00 -1.29856E+00 -1.01673E+00
 -3.23344E-01 -1.09298E-01  7.24013E-02  2.15281E-01  3.13950E-01  3.64301E-01  3.63708E-01  3.11196E-01  2.07587E-01  5.56139E-02 -1.40048E-01 -3.72822E-01 -6.34394E-01 -9.14993E-01 -1.20382E+00 -1.48956E+00 -1.76105E+00 -2.00793E+00 -2.22130E+00 -2.39429E+00 -2.52255E+00 -2.60445E+00 -2.64109E+00 -2.63611E+00 -2.59521E+00 -2.52559E+00 -2.43523E+00 -2.33218E+00 -2.22401E+00 -2.11727E+00 -2.01723E+00 -1.92781E+00 -1.85163E+00 -1.79023E+00 -1.74438E+00 -1.71437E+00 -1.70026E+00 -1.70206E+00 -1.71978E+00 -1.75340E+00 -1.80269E+00 -1.86707E+00 -1.94535E+00 -2.03558E+00 -2.13488E+00 -2.23944E+00 -2.34453E+00 -2.44473E+00 -2.53411E+00 -2.60659E+00 -2.65629E+00 -2.67789E+00 -2.66700E+00 -2.62043E+00 -2.53644E+00 -2.41487E+00 -2.25721E+00 -2.06655E+00 -1.84745E+00 -1.60581E+00 -1.34854E+00 -1.08337E+00 -8.18518E-01 -5.62402E-01 -3.23344E-01
  2.93284E-01  4.53196E-01  5.75626E-01  6.56238E-01  6.92049E-01  6.81513E-01  6.24560E-01  5.22624E-01  3.78654E-01  1.97091E-01 -1.61780E-02 -2.53934E-01 -5.07814E-01 -7.68587E-01 -1.02654E+00 -1.27193E+00 -1.49557E+00 -1.68936E+00 -1.84685E+00 -1.96372E+00 -2.03809E+00 -2.07066E+00 -2.06461E+00 -2.02525E+00 -1.95953E+00 -1.87536E+00 -1.78091E+00 -1.68385E+00 -1.59086E+00 -1.50716E+00 -1.43632E+00 -1.38031E+00 -1.33966E+00 -1.31387E+00 -1.30174E+00 -1.30182E+00 -1.31277E+00 -1.33354E+00 -1.36348E+00 -1.40230E+00 -1.44990E+00 -1.50607E+00 -1.57028E+00 -1.64138E+00 -1.71736E+00 -1.79531E+00 -1.87137E+00 -1.94085E+00 -1.99852E+00 -2.03890E+00 -2.05665E+00 -2.04702E+00 -2.00617E+00 -1.93158E+00 -1.82229E+00 -1.67904E+00 -1.50432E+00 -1.30228E+00 -1.07859E+00 -8.40114E-01 -5.94595E-01 -3.50286E-01 -1.15558E-01  1.01476E-01  2.93284E-01
  8.48510E-01  9.55024E-01  1.02128E+00  1.04512E+00  1.02596E+00  9.64661E-01  8.63508E-01  7.26027E-01  5.56867E-01  3.61662E-01  1.46889E-01 -8.02839E-02 -3.12185E-01 -5.40875E-01 -7.58434E-01 -9.57315E-01 -1.13075E+00 -1.27315E+00 -1.38056E+00 -1.45090E+00 -1.48426E+00 -1.48287E+00 -1.45098E+00 -1.39448E+00 -1.32041E+00 -1.23630E+00 -1.14958E+00 -1.06689E+00 -9.93632E-01 -9.33660E-01 -8.89125E-01 -8.60593E-01 -8.47288E-01 -8.47475E-01 -8.58903E-01 -8.79221E-01 -9.06334E-01 -9.38636E-01 -9.75110E-01 -1.01527E+00 -1.05898E+00 -1.10624E+00 -1.15682E+00 -1.21003E+00 -1.26445E+00 -1.31780E+00 -1.36693E+00 -1.40788E+00 -1.43614E+00 -1.44697E+00 -1.43575E+00 -1.39843E+00 -1.33194E+00 -1.23454E+00 -1.10605E+00 -9.48074E-01 -7.63955E-01 -5.58698E-01 -3.38729E-01 -1.11551E-01  1.14669E-01  3.31552E-01  5.30965E-01  7.05436E-01  8.48510E-01
  1.35811E+00  1.41412E+00  1.42935E+00  1.40373E+00  1.33884E+00  1.23766E+00  1.10441E+00  9.44216E-01  7.62899E-01  5.66703E-01  3.62111E-01  1.55661E-01 -4.62036E-02 -2.37292E-01 -4.11838E-01 -5.64700E-01 -6.91598E-01 -7.89362E-01 -8.56167E-01 -8.91734E-01 -8.97426E-01 -8.76226E-01 -8.32577E-01 -7.72063E-01 -7.00983E-01 -6.25831E-01 -5.52777E-01 -4.87170E-01 -4.33163E-01 -3.93470E-01 -3.69300E-01 -3.60455E-01 -3.65574E-01 -3.82479E-01 -4.08562E-01 -4.41170E-01 -4.77914E-01 -5.16897E-01 -5.56796E-01 -5.96841E-01 -6.36664E-01 -6.76081E-01 -7.14837E-01 -7.52331E-01 -7.87407E-01 -8.18219E-01 -8.42190E-01 -8.56097E-01 -8.56268E-01 -8.38856E-01 -8.00212E-01 -7.37263E-01 -6.47900E-01 -5.31308E-01 -3.88209E-01 -2.21001E-01 -3.37483E-02  1.67953E-01  3.77254E-01  5.86431E-01  7.87341E-01  9.71924E-01  1.13268E+00  1.26312E+00  1.35811E+00
  1.83397E+00  1.84340E+00  1.81355E+00  1.74619E+00  1.64469E+00  1.51371E+00  1.35886E+00  1.18634E+00  1.00256E+00  8.13859E-01  6.26261E-01  4.45307E-01  2.75947E-01  1.22477E-01 -1.15083E-02 -1.23167E-01 -2.10477E-01 -2.72323E-01 -3.08582E-01 -3.20205E-01 -3.09243E-01 -2.78801E-01 -2.32913E-01 -1.76309E-01 -1.14110E-01 -5.14614E-02  6.84248E-03  5.67111E-02  9.50364E-02  1.19868E-01  1.30470E-01  1.27249E-01  1.11577E-01  8.55311E-02  5.15970E-02  1.23673E-02 -2.97151E-02 -7.25471E-02 -1.14461E-01 -1.54231E-01 -1.90989E-01 -2.24075E-01 -2.52851E-01 -2.76511E-01 -2.93916E-01 -3.03482E-01 -3.03166E-01 -2.90518E-01 -2.62839E-01 -2.17418E-01 -1.51826E-01 -6.42370E-02  4.62532E-02  1.79354E-01  3.33381E-01  5.05169E-01  6.90102E-01  8.82281E-01  1.07481E+00  1.26018E+00  1.43075E+00  1.57923E+00  1.69914E+00  1.78527E+00  1.83397E+00
  2.28017E+00  2.24699E+00  2.17772E+00  2.07565E+00  1.94548E+00  1.79302E+00  1.62474E+00  1.44734E+00  1.26735E+00  1.09080E+00  9.22992E-01  7.68299E-01  6.30164E-01  5.11092E-01  4.12721E-01  3.35900E-01  2.80775E-01  2.46833E-01  2.32946E-01  2.37385E-01  2.57840E-01  2.91460E-01  3.34926E-01  3.84579E-01  4.36587E-01  4.87162E-01  5.32784E-01  5.70425E-01  5.97746E-01  6.13234E-01  6.16259E-01  6.07071E-01  5.86708E-01  5.56845E-01  5.19608E-01  4.77370E-01  4.32558E-01  3.87495E-01  3.44289E-01  3.04780E-01  2.70550E-01  2.42967E-01  2.23274E-01  2.12686E-01  2.12472E-01  2.24015E-01  2.48818E-01  2.88464E-01  3.44497E-01  4.18267E-01  5.10728E-01  6.22207E-01  7.52194E-01  8.99152E-01  1.06041E+00  1.23211E+00  1.40929E+00  1.58606E+00  1.75588E+00  1.91191E+00  2.04747E+00  2.15645E+00  2.23376E+00  2.27568E+00  2.28017E+00
  2.69113E+00  2.61874E+00  2.51486E+00  2.38390E+00  2.23145E+00  2.06394E+00  1.88819E+00  1.71095E+00  1.53851E+00  1.37634E+00  1.22886E+00  1.09931E+00  9.89752E-01  9.01138E-01  8.33464E-01  7.85962E-01  7.57286E-01  7.45688E-01  7.49146E-01  7.65450E-01  7.92262E-01  8.27128E-01  8.67503E-01  9.10769E-01  9.54283E-01  9.95447E-01  1.03181E+00  1.06118E+00  1.08176E+00  1.09224E+00  1.09193E+00  1.08074E+00  1.05927E+00  1.02871E+00  9.90790E-01  9.47659E-01  9.01763E-01  8.55705E-01  8.12120E-01  7.73567E-01  7.42446E-01  7.20936E-01  7.10976E-01  7.14243E-01  7.32147E-01  7.65839E-01  8.16189E-01  8.83765E-01  9.68778E-01  1.07101E+00  1.18972E+00  1.32357E+00  1.47048E+00  1.62764E+00  1.79142E+00  1.95744E+00  2.12063E+00  2.27548E+00  2.41619E+00  2.53704E+00  2.63272E+00  2.69869E+00  2.73152E+00  2.72914E+00  2.69113E+00
  3.05138E+00  2.94271E+00  2.80838E+00  2.65351E+00  2.48415E+00  2.30691E+00  2.12852E+00  1.95545E+00  1.79347E+00  1.64733E+00  1.52055E+00  1.41532E+00  1.33248E+00  1.27169E+00  1.23160E+00  1.21016E+00  1.20486E+00  1.21301E+00  1.23192E+00  1.25907E+00  1.29217E+00  1.32915E+00  1.36815E+00  1.40744E+00  1.44535E+00  1.48027E+00  1.51059E+00  1.53480E+00  1.55148E+00  1.55948E+00  1.55797E+00  1.54660E+00  1.52557E+00  1.49568E+00  1.45836E+00  1.41564E+00  1.37007E+00  1.32459E+00  1.28239E+00  1.24677E+00  1.22091E+00  1.20777E+00  1.20989E+00  1.22932E+00  1.26747E+00  1.32511E+00  1.40232E+00  1.49848E+00  1.61229E+00  1.74182E+00  1.88451E+00  2.03727E+00  2.19649E+00  2.35813E+00  2.51778E+00  2.67078E+00  2.81231E+00  2.93757E+00  3.04194E+00  3.12121E+00  3.17183E+00  3.19108E+00  3.17739E+00  3.13046E+00  3.05138E+00
  3.33865E+00  3.19701E+00  3.03666E+00  2.86308E+00  2.68237E+00  2.50094E+00  2.32514E+00  2.16084E+00  2.01310E+00  1.88586E+00  1.78171E+00  1.70182E+00  1.64596E+00  1.61268E+00  1.59953E+00  1.60341E+00  1.62088E+00  1.64852E+00  1.68315E+00  1.72200E+00  1.76284E+00  1.80392E+00  1.84391E+00  1.88179E+00  1.91669E+00  1.94775E+00  1.97409E+00  1.99472E+00  2.00862E+00  2.01478E+00  2.01238E+00  2.00094E+00  1.98045E+00  1.95152E+00  1.91546E+00  1.87432E+00  1.83085E+00  1.78835E+00  1.75054E+00  1.72133E+00  1.70454E+00  1.70368E+00  1.72166E+00  1.76063E+00  1.82177E+00  1.90520E+00  2.00999E+00  2.13413E+00  2.27471E+00  2.42798E+00  2.58961E+00  2.75483E+00  2.91867E+00  3.07613E+00  3.22232E+00  3.35268E+00  3.46304E+00  3.54972E+00  3.60970E+00  3.64062E+00  3.64095E+00  3.61003E+00  3.54822E+00  3.45692E+00  3.33865E+00
  3.52932E+00  3.35979E+00  3.17954E+00  2.99407E+00  2.80921E+00  2.63084E+00  2.46462E+00  2.31560E+00  2.18796E+00  2.08468E+00  2.00735E+00  1.95613E+00  1.92978E+00  1.92583E+00  1.94089E+00  1.97099E+00  2.01197E+00  2.05983E+00  2.11101E+00  2.16262E+00  2.21246E+00  2.25908E+00  2.30157E+00  2.33949E+00  2.37259E+00  2.40067E+00  2.42345E+00  2.44046E+00  2.45107E+00  2.45458E+00  2.45032E+00  2.43790E+00  2.41735E+00  2.38932E+00  2.35523E+00  2.31728E+00  2.27845E+00  2.24240E+00  2.21324E+00  2.19527E+00  2.19265E+00  2.20909E+00  2.24749E+00  2.30969E+00  2.39624E+00  2.50632E+00  2.63772E+00  2.78691E+00  2.94928E+00  3.11938E+00  3.29124E+00  3.45872E+00  3.61587E+00  3.75715E+00  3.87772E+00  3.97360E+00  4.04176E+00  4.08011E+00  4.08756E+00  4.06390E+00  4.00979E+00  3.92668E+00  3.81680E+00  3.68312E+00  3.52932E+00
  3.60522E+00  3.41618E+00  3.22529E+00  3.03771E+00  2.85866E+00  2.69322E+00  2.54607E+00  2.42124E+00  2.32180E+00  2.24961E+00  2.20518E+00  2.18757E+00  2.19454E+00  2.22267E+00  2.26776E+00  2.32513E+00  2.39007E+00  2.45822E+00  2.52581E+00  2.58992E+00  2.64850E+00  2.70038E+00  2.74508E+00  2.78263E+00  2.81336E+00  2.83764E+00  2.85575E+00  2.86775E+00  2.87350E+00  2.87270E+00  2.86507E+00  2.85052E+00  2.82936E+00  2.80253E+00  2.77168E+00  2.73928E+00  2.70858E+00  2.68346E+00  2.66820E+00  2.66716E+00  2.68444E+00  2.72345E+00  2.78656E+00  2.87484E+00  2.98776E+00  3.12320E+00  3.27744E+00  3.44535E+00  3.62070E+00  3.79656E+00  3.96573E+00  4.12123E+00  4.25670E+00  4.36674E+00  4.44723E+00  4.49540E+00  4.50989E+00  4.49066E+00  4.43884E+00  4.35653E+00  4.24659E+00  4.11246E+00  3.95800E+00  3.78742E+00  3.60522E+00
  3.56105E+00  3.36520E+00  3.17682E+00  3.00034E+00  2.84006E+00  2.69994E+00  2.58346E+00  2.49338E+00  2.43147E+00  2.39834E+00  2.39326E+00  2.41418E+00  2.45784E+00  2.51999E+00  2.59573E+00  2.67990E+00  2.76748E+00  2.85396E+00  2.93562E+00  3.00971E+00  3.07446E+00  3.12908E+00  3.17355E+00  3.20842E+00  3.23453E+00  3.25281E+00  3.26411E+00  3.26903E+00  3.26798E+00  3.26121E+00  3.24896E+00  3.23163E+00  3.21003E+00  3.18551E+00  3.16008E+00  3.13653E+00  3.11826E+00  3.10919E+00  3.11347E+00  3.13510E+00  3.17758E+00  3.24350E+00  3.33414E+00  3.44923E+00  3.58676E+00  3.74296E+00  3.91248E+00  4.08863E+00  4.26383E+00  4.43011E+00  4.57967E+00  4.70542E+00  4.80145E+00  4.86336E+00  4.88854E+00  4.87614E+00  4.82704E+00  4.74359E+00  4.62932E+00  4.48857E+00  4.32621E+00  4.14727E+00  3.95682E+00  3.75982E+00  3.56105E+00
  3.40933E+00  3.22373E+00  3.05457E+00  2.90519E+00  2.77863E+00  2.67748E+00  2.60382E+00  2.55897E+00  2.54327E+00  2.55594E+00  2.59501E+00  2.65733E+00  2.73872E+00  2.83423E+00  2.93851E+00  3.04617E+00  3.15219E+00  3.25222E+00  3.34286E+00  3.42177E+00  3.48770E+00  3.54038E+00  3.58033E+00  3.60865E+00  3.62674E+00  3.63608E+00  3.63805E+00  3.63384E+00  3.62446E+00  3.61076E+00  3.59357E+00  3.57394E+00  3.55321E+00  3.53323E+00  3.51641E+00  3.50572E+00  3.50460E+00  3.51670E+00  3.54566E+00  3.59464E+00  3.66601E+00  3.76093E+00  3.87905E+00  4.01828E+00  4.17475E+00  4.34289E+00  4.51570E+00  4.68520E+00  4.84294E+00  4.98062E+00  5.09070E+00  5.16696E+00  5.20498E+00  5.20233E+00  5.15875E+00  5.07601E+00  4.95766E+00  4.80861E+00  4.63471E+00  4.44223E+00  4.23751E+00  4.02657E+00  3.81499E+00  3.60776E+00  3.40933E+00
