 ##################################################
 #WARNING: these are left-handed Boozer coordinates
 #(similar, but not equal, to PEST)
 ##################################################
  0.359000000000000     
          65
          65
           5
  1.04378E-01  7.94195E-02  4.94494E-02  1.93248E-02 -6.08813E-03 -2.36154E-02 -3.26654E-02 -3.50018E-02 -3.36485E-02 -3.15389E-02 -3.05240E-02 -3.10671E-02 -3.25648E-02 -3.39853E-02 -3.44957E-02 -3.39061E-02 -3.29261E-02 -3.32743E-02 -3.75885E-02 -4.89786E-02 -7.00897E-02 -1.01781E-01 -1.41868E-01 -1.84596E-01 -2.21430E-01 -2.43235E-01 -2.43266E-01 -2.19819E-01 -1.77357E-01 -1.25434E-01 -7.56766E-02 -3.79719E-02 -1.74195E-02 -1.32717E-02 -2.01940E-02 -3.11131E-02 -4.02404E-02 -4.48943E-02 -4.54543E-02 -4.37844E-02 -4.12164E-02 -3.73160E-02 -3.01008E-02 -1.74957E-02  9.23565E-04  2.30100E-02  4.45782E-02  6.11810E-02  7.01963E-02  7.20932E-02  7.01843E-02  6.89887E-02  7.20721E-02  8.04886E-02  9.25891E-02  1.05195E-01  1.15402E-01  1.21986E-01  1.25642E-01  1.28028E-01  1.30221E-01  1.31562E-01  1.29602E-01  1.21228E-01  1.04378E-01
  1.10713E-01  8.84017E-02  5.89743E-02  2.86529E-02  2.95066E-03 -1.53124E-02 -2.65180E-02 -3.32594E-02 -3.85876E-02 -4.45032E-02 -5.13955E-02 -5.84818E-02 -6.47387E-02 -6.96543E-02 -7.34175E-02 -7.66428E-02 -8.00592E-02 -8.45327E-02 -9.14072E-02 -1.02732E-01 -1.20837E-01 -1.47071E-01 -1.80145E-01 -2.15050E-01 -2.43496E-01 -2.56213E-01 -2.46434E-01 -2.13083E-01 -1.62065E-01 -1.04765E-01 -5.41769E-02 -2.02395E-02 -6.46441E-03 -9.33780E-03 -2.06850E-02 -3.17495E-02 -3.69589E-02 -3.56128E-02 -3.08802E-02 -2.69204E-02 -2.58648E-02 -2.63526E-02 -2.43511E-02 -1.56747E-02  1.32394E-03  2.44596E-02  4.85567E-02  6.79346E-02  7.91331E-02  8.23768E-02  8.10324E-02  7.94660E-02  8.05870E-02  8.44892E-02  8.89021E-02  9.10809E-02  8.99231E-02  8.69809E-02  8.57109E-02  8.93549E-02  9.86740E-02  1.10881E-01  1.20468E-01  1.21577E-01  1.10713E-01
  1.14472E-01  1.00081E-01  7.90224E-02  5.68145E-02  3.77915E-02  2.34685E-02  1.25828E-02  2.54123E-03 -8.72945E-03 -2.16336E-02 -3.50081E-02 -4.72047E-02 -5.73144E-02 -6.57077E-02 -7.36127E-02 -8.21480E-02 -9.16016E-02 -1.01540E-01 -1.11692E-01 -1.22884E-01 -1.37149E-01 -1.56554E-01 -1.81181E-01 -2.07449E-01 -2.28045E-01 -2.34046E-01 -2.18593E-01 -1.80486E-01 -1.25786E-01 -6.63658E-02 -1.57545E-02  1.59305E-02  2.56615E-02  1.80725E-02  2.72405E-03 -1.05255E-02 -1.57441E-02 -1.27546E-02 -5.89396E-03 -6.40004E-04 -8.20184E-05 -3.14941E-03 -5.42586E-03 -1.90431E-03  9.99741E-03  2.88868E-02  5.01177E-02  6.82604E-02  7.98339E-02  8.47454E-02  8.57133E-02  8.61607E-02  8.79437E-02  9.03166E-02  9.07368E-02  8.69611E-02  7.90874E-02  7.02000E-02  6.51048E-02  6.77807E-02  7.89660E-02  9.52819E-02  1.10461E-01  1.18093E-01  1.14472E-01
  1.14789E-01  1.12578E-01  1.06829E-01  1.00370E-01  9.46913E-02  8.92856E-02  8.23019E-02  7.20104E-02  5.81066E-02  4.20330E-02  2.61466E-02  1.22984E-02  7.57927E-04 -9.82157E-03 -2.13835E-02 -3.50817E-02 -5.04742E-02 -6.58820E-02 -7.97202E-02 -9.19026E-02 -1.04258E-01 -1.19434E-01 -1.38707E-01 -1.59953E-01 -1.77158E-01 -1.82160E-01 -1.68113E-01 -1.33104E-01 -8.20324E-02 -2.55966E-02  2.34070E-02  5.48836E-02  6.51457E-02  5.78257E-02  4.16461E-02  2.62247E-02  1.79876E-02  1.80888E-02  2.31133E-02  2.78885E-02  2.87281E-02  2.53753E-02  2.07737E-02  1.90497E-02  2.30215E-02  3.26862E-02  4.54401E-02  5.77299E-02  6.70304E-02  7.29494E-02  7.68838E-02  8.05788E-02  8.46111E-02  8.78196E-02  8.80776E-02  8.39244E-02  7.60022E-02  6.73241E-02  6.20842E-02  6.36020E-02  7.25403E-02  8.64161E-02  1.00709E-01  1.10969E-01  1.14789E-01
  1.12180E-01  1.24348E-01  1.37795E-01  1.51499E-01  1.63272E-01  1.70424E-01  1.70949E-01  1.64567E-01  1.53002E-01  1.39244E-01  1.26122E-01  1.14964E-01  1.05082E-01  9.43995E-02  8.08678E-02  6.38427E-02  4.45837E-02  2.55351E-02  8.78415E-03 -5.36553E-03 -1.87518E-02 -3.42518E-02 -5.36856E-02 -7.58570E-02 -9.59411E-02 -1.06822E-01 -1.01978E-01 -7.86364E-02 -3.96537E-02  6.90626E-03  5.04483E-02  8.16520E-02  9.57328E-02  9.37499E-02  8.14896E-02  6.65834E-02  5.52749E-02  5.02846E-02  5.05621E-02  5.27408E-02  5.33407E-02  5.05487E-02  4.48053E-02  3.81518E-02  3.29249E-02  3.06136E-02  3.14357E-02  3.46832E-02  3.94283E-02  4.50590E-02  5.13291E-02  5.80035E-02  6.44695E-02  6.96920E-02  7.26246E-02  7.28432E-02  7.09771E-02  6.86091E-02  6.76434E-02  6.94842E-02  7.44997E-02  8.20806E-02  9.12281E-02  1.01265E-01  1.12180E-01
  1.07957E-01  1.34461E-01  1.67024E-01  2.00805E-01  2.30262E-01  2.51071E-01  2.61567E-01  2.63070E-01  2.58973E-01  2.53034E-01  2.47688E-01  2.43173E-01  2.37829E-01  2.29355E-01  2.16295E-01  1.98979E-01  1.79399E-01  1.60099E-01  1.42717E-01  1.26976E-01  1.10757E-01  9.12910E-02  6.69457E-02  3.86994E-02  1.05150E-02 -1.16938E-02 -2.21532E-02 -1.75137E-02  1.64552E-03  3.07506E-02  6.26460E-02  8.99189E-02  1.07216E-01  1.12684E-01  1.08074E-01  9.75938E-02  8.60640E-02  7.71388E-02  7.22205E-02  7.03685E-02  6.90951E-02  6.56357E-02  5.81682E-02  4.65457E-02  3.23338E-02  1.82096E-02  6.99771E-03  7.18150E-04 -6.28479E-06  4.00870E-03  1.09970E-02  1.90295E-02  2.67540E-02  3.37673E-02  4.04710E-02  4.75112E-02  5.51198E-02  6.27452E-02  6.92329E-02  7.35302E-02  7.55859E-02  7.69435E-02  8.06093E-02  9.00953E-02  1.07957E-01
  1.02847E-01  1.42008E-01  1.90269E-01  2.40042E-01  2.83754E-01  3.16541E-01  3.37564E-01  3.49501E-01  3.56616E-01  3.62461E-01  3.68335E-01  3.73134E-01  3.74487E-01  3.70412E-01  3.60570E-01  3.46477E-01  3.30629E-01  3.15108E-01  3.00417E-01  2.85175E-01  2.66794E-01  2.42805E-01  2.12193E-01  1.76160E-01  1.38039E-01  1.02446E-01  7.40257E-02  5.62308E-02  5.04598E-02  5.57416E-02  6.89837E-02  8.57131E-02  1.01161E-01  1.11453E-01  1.14597E-01  1.10921E-01  1.02732E-01  9.32557E-02  8.51822E-02  7.94425E-02  7.47746E-02  6.83509E-02  5.72396E-02  4.00372E-02  1.78701E-02 -5.77382E-03 -2.63578E-02 -4.01420E-02 -4.56562E-02 -4.40625E-02 -3.82437E-02 -3.11228E-02 -2.41376E-02 -1.67110E-02 -7.00630E-03  6.47133E-03  2.33806E-02  4.10984E-02  5.57212E-02  6.41075E-02  6.59217E-02  6.45387E-02  6.61794E-02  7.75240E-02  1.02847E-01
  9.56823E-02  1.45138E-01  2.04068E-01  2.63698E-01  3.16165E-01  3.57306E-01  3.87485E-01  4.10289E-01  4.29982E-01  4.49114E-01  4.67472E-01  4.82721E-01  4.92165E-01  4.94515E-01  4.90667E-01  4.83147E-01  4.74631E-01  4.66425E-01  4.57746E-01  4.46111E-01  4.28549E-01  4.02945E-01  3.68882E-01  3.27707E-01  2.82024E-01  2.35014E-01  1.89970E-01  1.50063E-01  1.18161E-01  9.64296E-02  8.56941E-02  8.48520E-02  9.07880E-02  9.90836E-02  1.05398E-01  1.06942E-01  1.03312E-01  9.61757E-02  8.79328E-02  8.00266E-02  7.18619E-02  6.09877E-02  4.45233E-02  2.10765E-02 -7.92916E-03 -3.83377E-02 -6.48167E-02 -8.31182E-02 -9.18469E-02 -9.27671E-02 -8.94762E-02 -8.51863E-02 -8.08788E-02 -7.49076E-02 -6.43102E-02 -4.70892E-02 -2.41100E-02  5.92447E-04  2.14654E-02  3.43084E-02  3.88691E-02  3.97111E-02  4.47267E-02  6.18777E-02  9.56823E-02
  8.30676E-02  1.40503E-01  2.05366E-01  2.69074E-01  3.24915E-01  3.70345E-01  4.07087E-01  4.39209E-01  4.70382E-01  5.01823E-01  5.31916E-01  5.57501E-01  5.75935E-01  5.86673E-01  5.91499E-01  5.93398E-01  5.94781E-01  5.96123E-01  5.95701E-01  5.90485E-01  5.77549E-01  5.55202E-01  5.23306E-01  4.82842E-01  4.35227E-01  3.81977E-01  3.24954E-01  2.66919E-01  2.11803E-01  1.64201E-01  1.28096E-01  1.05366E-01  9.48976E-02  9.29048E-02  9.43961E-02  9.51010E-02  9.28544E-02  8.77244E-02  8.08841E-02  7.29645E-02  6.29453E-02  4.83337E-02  2.66054E-02 -2.91421E-03 -3.78895E-02 -7.33466E-02 -1.03535E-01 -1.24356E-01 -1.35039E-01 -1.38123E-01 -1.37720E-01 -1.37011E-01 -1.36400E-01 -1.33406E-01 -1.24388E-01 -1.07132E-01 -8.27666E-02 -5.58117E-02 -3.21344E-02 -1.58239E-02 -6.64123E-03  4.98814E-04  1.35896E-02  3.99999E-02  8.30676E-02
  6.03708E-02  1.23713E-01  1.91246E-01  2.55328E-01  3.11037E-01  3.57711E-01  3.98299E-01  4.37055E-01  4.76923E-01  5.18004E-01  5.57804E-01  5.92907E-01  6.20992E-01  6.42019E-01  6.57989E-01  6.71546E-01  6.84323E-01  6.95997E-01  7.04489E-01  7.07057E-01  7.01512E-01  6.86816E-01  6.62830E-01  6.29575E-01  5.86711E-01  5.33791E-01  4.71238E-01  4.01460E-01  3.29260E-01  2.61029E-01  2.02902E-01  1.58720E-01  1.28822E-01  1.10326E-01  9.87403E-02  9.00202E-02  8.19646E-02  7.42342E-02  6.71266E-02  5.99907E-02  5.04022E-02  3.47616E-02  1.00992E-02 -2.39291E-02 -6.40914E-02 -1.04393E-01 -1.38396E-01 -1.61899E-01 -1.74552E-01 -1.79540E-01 -1.81483E-01 -1.83717E-01 -1.86476E-01 -1.86981E-01 -1.81362E-01 -1.67293E-01 -1.45778E-01 -1.20963E-01 -9.79945E-02 -8.00477E-02 -6.61799E-02 -5.12836E-02 -2.82860E-02  8.46753E-03  6.03708E-02
  2.37023E-02  9.07946E-02  1.59238E-01  2.22394E-01  2.76899E-01  3.23542E-01  3.66085E-01  4.08804E-01  4.54147E-01  5.01698E-01  5.48821E-01  5.92408E-01  6.30600E-01  6.63502E-01  6.92609E-01  7.19447E-01  7.44366E-01  7.66214E-01  7.83000E-01  7.92989E-01  7.95417E-01  7.90310E-01  7.77566E-01  7.56002E-01  7.23203E-01  6.76550E-01  6.14996E-01  5.40643E-01  4.59063E-01  3.77987E-01  3.04828E-01  2.44244E-01  1.96946E-01  1.60352E-01  1.30633E-01  1.04975E-01  8.27581E-02  6.50229E-02  5.26317E-02  4.43424E-02  3.61120E-02  2.22575E-02 -1.99850E-03 -3.79453E-02 -8.22433E-02 -1.27982E-01 -1.67517E-01 -1.95665E-01 -2.11646E-01 -2.18775E-01 -2.22182E-01 -2.25839E-01 -2.30544E-01 -2.33904E-01 -2.32204E-01 -2.22977E-01 -2.06703E-01 -1.86617E-01 -1.66693E-01 -1.49003E-01 -1.32015E-01 -1.10890E-01 -7.97532E-02 -3.47561E-02  2.37023E-02
 -2.80696E-02  4.00503E-02  1.08251E-01  1.70572E-01  2.24466E-01  2.71325E-01  3.15121E-01  3.60024E-01  4.08341E-01  4.59786E-01  5.12239E-01  5.63317E-01  6.11674E-01  6.57275E-01  7.00630E-01  7.41666E-01  7.79095E-01  8.10797E-01  8.34935E-01  8.51020E-01  8.60068E-01  8.63581E-01  8.61902E-01  8.52988E-01  8.32588E-01  7.96004E-01  7.40689E-01  6.68276E-01  5.84840E-01  4.99049E-01  4.19017E-01  3.49446E-01  2.90517E-01  2.39063E-01  1.91327E-01  1.45684E-01  1.03753E-01  6.92354E-02  4.51452E-02  3.10646E-02  2.21188E-02  1.04524E-02 -1.14046E-02 -4.69844E-02 -9.40195E-02 -1.45294E-01 -1.91813E-01 -2.26674E-01 -2.47712E-01 -2.57664E-01 -2.61978E-01 -2.65602E-01 -2.70529E-01 -2.75341E-01 -2.76778E-01 -2.72185E-01 -2.61308E-01 -2.46314E-01 -2.30107E-01 -2.13997E-01 -1.96240E-01 -1.72420E-01 -1.37592E-01 -8.90317E-02 -2.80696E-02
 -9.22829E-02 -2.66312E-02  3.96484E-02  1.01008E-01  1.55001E-01  2.02797E-01  2.47975E-01  2.94411E-01  3.44471E-01  3.98391E-01  4.54929E-01  5.12600E-01  5.70562E-01  6.28545E-01  6.86007E-01  7.41248E-01  7.91312E-01  8.32958E-01  8.64209E-01  8.85466E-01  8.99304E-01  9.08819E-01  9.15323E-01  9.16746E-01  9.07855E-01  8.82457E-01  8.36599E-01  7.71084E-01  6.91871E-01  6.07959E-01  5.27770E-01  4.55866E-01  3.91734E-01  3.31293E-01  2.70239E-01  2.07360E-01  1.45892E-01  9.20764E-02  5.16544E-02  2.62048E-02  1.14203E-02 -1.59374E-03 -2.25210E-02 -5.74172E-02 -1.05912E-01 -1.61435E-01 -2.14300E-01 -2.56031E-01 -2.82763E-01 -2.96127E-01 -3.01457E-01 -3.04508E-01 -3.08573E-01 -3.13443E-01 -3.16500E-01 -3.15004E-01 -3.08033E-01 -2.96879E-01 -2.83761E-01 -2.69756E-01 -2.53361E-01 -2.30689E-01 -1.97317E-01 -1.50780E-01 -9.22829E-02
 -1.62989E-01 -1.03748E-01 -4.22022E-02  1.66142E-02  7.01141E-02  1.18812E-01  1.65481E-01  2.13448E-01  2.65060E-01  3.21083E-01  3.81133E-01  4.44551E-01  5.10927E-01  5.79821E-01  6.49911E-01  7.18292E-01  7.80699E-01  8.32823E-01  8.72148E-01  8.99199E-01  9.17305E-01  9.30717E-01  9.41953E-01  9.49822E-01  9.49361E-01  9.33956E-01  8.98687E-01  8.43177E-01  7.72346E-01  6.94553E-01  6.18001E-01  5.47284E-01  4.81898E-01  4.17558E-01  3.49578E-01  2.76446E-01  2.01555E-01  1.32039E-01  7.52483E-02  3.47290E-02  7.89587E-03 -1.32483E-02 -3.86143E-02 -7.54707E-02 -1.25118E-01 -1.82425E-01 -2.38368E-01 -2.84200E-01 -3.15114E-01 -3.31685E-01 -3.38617E-01 -3.41749E-01 -3.45078E-01 -3.49329E-01 -3.52588E-01 -3.52305E-01 -3.47251E-01 -3.38221E-01 -3.27121E-01 -3.15153E-01 -3.01341E-01 -2.82435E-01 -2.54359E-01 -2.14415E-01 -1.62989E-01
 -2.32803E-01 -1.83572E-01 -1.30406E-01 -7.73361E-02 -2.67538E-02  2.13043E-02  6.86957E-02  1.17965E-01  1.71160E-01  2.29301E-01  2.92582E-01  3.60912E-01  4.34158E-01  5.11780E-01  5.92050E-01  6.71503E-01  7.45259E-01  8.08353E-01  8.57577E-01  8.92814E-01  9.17003E-01  9.34528E-01  9.48715E-01  9.59733E-01  9.64091E-01  9.56137E-01  9.30902E-01  8.86818E-01  8.26863E-01  7.57459E-01  6.85664E-01  6.16121E-01  5.49413E-01  4.82682E-01  4.12175E-01  3.36256E-01  2.57180E-01  1.80578E-01  1.12861E-01  5.79207E-02  1.49411E-02 -2.14482E-02 -5.86703E-02 -1.02606E-01 -1.54735E-01 -2.11444E-01 -2.65798E-01 -3.10782E-01 -3.42344E-01 -3.60757E-01 -3.69803E-01 -3.74420E-01 -3.78219E-01 -3.82163E-01 -3.84943E-01 -3.84559E-01 -3.80002E-01 -3.71962E-01 -3.62191E-01 -3.52010E-01 -3.40961E-01 -3.26526E-01 -3.05160E-01 -2.74079E-01 -2.32803E-01
 -2.95263E-01 -2.58400E-01 -2.17037E-01 -1.73586E-01 -1.29563E-01 -8.50678E-02 -3.89793E-02  1.03664E-02  6.44666E-02  1.24285E-01  1.90292E-01  2.62670E-01  3.41317E-01  4.25494E-01  5.13260E-01  6.01137E-01  6.84430E-01  7.58282E-01  8.19129E-01  8.65841E-01  8.99917E-01  9.24513E-01  9.42687E-01  9.55694E-01  9.62210E-01  9.58897E-01  9.42048E-01  9.09504E-01  8.61835E-01  8.02246E-01  7.35267E-01  6.64979E-01  5.93708E-01  5.21828E-01  4.48665E-01  3.73885E-01  2.98478E-01  2.24747E-01  1.55295E-01  9.16411E-02  3.33123E-02 -2.19727E-02 -7.70491E-02 -1.33622E-01 -1.91069E-01 -2.46406E-01 -2.95470E-01 -3.34734E-01 -3.62808E-01 -3.80885E-01 -3.91968E-01 -3.99344E-01 -4.05150E-01 -4.09764E-01 -4.12244E-01 -4.11436E-01 -4.07018E-01 -3.99860E-01 -3.91485E-01 -3.83007E-01 -3.74208E-01 -3.63341E-01 -3.47814E-01 -3.25392E-01 -2.95263E-01
 -3.46620E-01 -3.22669E-01 -2.95100E-01 -2.64300E-01 -2.30314E-01 -1.92764E-01 -1.50939E-01 -1.03950E-01 -5.08806E-02  9.10858E-03  7.66683E-02  1.52084E-01  2.35011E-01  3.24199E-01  4.17321E-01  5.11067E-01  6.01535E-01  6.84864E-01  7.57917E-01  8.18790E-01  8.66986E-01  9.03188E-01  9.28737E-01  9.44974E-01  9.52674E-01  9.51722E-01  9.41111E-01  9.19282E-01  8.84696E-01  8.36523E-01  7.75248E-01  7.03001E-01  6.23446E-01  5.41170E-01  4.60673E-01  3.85233E-01  3.16041E-01  2.51946E-01  1.90005E-01  1.26700E-01  5.94278E-02 -1.22991E-02 -8.64206E-02 -1.58857E-01 -2.24807E-01 -2.80309E-01 -3.23446E-01 -3.54743E-01 -3.76654E-01 -3.92415E-01 -4.04807E-01 -4.15330E-01 -4.24081E-01 -4.30280E-01 -4.33092E-01 -4.32296E-01 -4.28508E-01 -4.22885E-01 -4.16529E-01 -4.09929E-01 -4.02722E-01 -3.93868E-01 -3.82114E-01 -3.66493E-01 -3.46620E-01
 -3.86363E-01 -3.74074E-01 -3.60137E-01 -3.42959E-01 -3.20935E-01 -2.92936E-01 -2.58379E-01 -2.16897E-01 -1.67901E-01 -1.10411E-01 -4.33723E-02  3.36832E-02  1.20001E-01  2.13411E-01  3.10726E-01  4.08523E-01  5.03864E-01  5.94538E-01  6.78755E-01  7.54583E-01  8.19657E-01  8.71513E-01  9.08486E-01  9.30653E-01  9.40104E-01  9.40146E-01  9.33589E-01  9.20964E-01  8.99698E-01  8.64966E-01  8.12082E-01  7.39419E-01  6.50387E-01  5.53280E-01  4.58773E-01  3.75999E-01  3.08952E-01  2.54920E-01  2.05782E-01  1.51673E-01  8.54036E-02  5.65263E-03 -8.24454E-02 -1.69489E-01 -2.45658E-01 -3.04427E-01 -3.44539E-01 -3.69583E-01 -3.85671E-01 -3.98516E-01 -4.11335E-01 -4.24355E-01 -4.35841E-01 -4.43800E-01 -4.47351E-01 -4.47112E-01 -4.44606E-01 -4.41238E-01 -4.37539E-01 -4.33093E-01 -4.27086E-01 -4.19019E-01 -4.09090E-01 -3.98004E-01 -3.86363E-01
 -4.16401E-01 -4.13303E-01 -4.10827E-01 -4.05870E-01 -3.95504E-01 -3.77961E-01 -3.52699E-01 -3.19610E-01 -2.78043E-01 -2.26413E-01 -1.62789E-01 -8.61765E-02  2.35186E-03  9.94685E-02  2.00610E-01  3.01663E-01  4.00303E-01  4.96084E-01  5.89176E-01  6.78500E-01  7.60538E-01  8.29808E-01  8.81018E-01  9.11806E-01  9.24410E-01  9.24990E-01  9.20591E-01  9.15116E-01  9.06514E-01  8.86962E-01  8.46401E-01  7.77940E-01  6.82473E-01  5.70010E-01  4.56674E-01  3.58516E-01  2.84935E-01  2.34836E-01  1.97412E-01  1.57245E-01  1.01327E-01  2.47495E-02 -6.74757E-02 -1.63079E-01 -2.48139E-01 -3.12833E-01 -3.54725E-01 -3.78389E-01 -3.92073E-01 -4.03414E-01 -4.16399E-01 -4.30798E-01 -4.43843E-01 -4.52787E-01 -4.56778E-01 -4.57102E-01 -4.55993E-01 -4.55009E-01 -4.54103E-01 -4.51934E-01 -4.47111E-01 -4.39442E-01 -4.30341E-01 -4.22083E-01 -4.16401E-01
 -4.39497E-01 -4.42724E-01 -4.48413E-01 -4.52619E-01 -4.51702E-01 -4.43643E-01 -4.28055E-01 -4.04984E-01 -3.73450E-01 -3.30876E-01 -2.73987E-01 -2.00749E-01 -1.12121E-01 -1.24016E-02  9.22781E-02  1.96557E-01  2.98004E-01  3.97411E-01  4.96882E-01  5.96760E-01  6.93316E-01  7.78895E-01  8.44839E-01  8.85805E-01  9.03035E-01  9.04411E-01  9.00752E-01  8.99957E-01  9.02026E-01  8.97873E-01  8.73039E-01  8.14884E-01  7.19798E-01  5.96708E-01  4.64808E-01  3.46262E-01  2.57180E-01  2.01126E-01  1.68223E-01  1.40230E-01  9.90683E-02  3.47480E-02 -5.09134E-02 -1.46152E-01 -2.35330E-01 -3.05967E-01 -3.53358E-01 -3.80970E-01 -3.97072E-01 -4.09888E-01 -4.23911E-01 -4.39029E-01 -4.52317E-01 -4.60970E-01 -4.64422E-01 -4.64546E-01 -4.64117E-01 -4.64814E-01 -4.66163E-01 -4.66093E-01 -4.62662E-01 -4.55729E-01 -4.47438E-01 -4.41153E-01 -4.39497E-01
 -4.57809E-01 -4.64793E-01 -4.75363E-01 -4.85305E-01 -4.90806E-01 -4.89979E-01 -4.82800E-01 -4.69577E-01 -4.49070E-01 -4.17706E-01 -3.70670E-01 -3.04408E-01 -2.19054E-01 -1.19163E-01 -1.20508E-02  9.54781E-02  2.00124E-01  3.02916E-01  4.07163E-01  5.14595E-01  6.22029E-01  7.20823E-01  7.99940E-01  8.51263E-01  8.74276E-01  8.77209E-01  8.73452E-01  8.74646E-01  8.83891E-01  8.92830E-01  8.84622E-01  8.41794E-01  7.55354E-01  6.30601E-01  4.86523E-01  3.48774E-01  2.39406E-01  1.68149E-01  1.29284E-01  1.05399E-01  7.59770E-02  2.65782E-02 -4.56227E-02 -1.32133E-01 -2.18461E-01 -2.91332E-01 -3.44122E-01 -3.78204E-01 -4.00247E-01 -4.17591E-01 -4.34435E-01 -4.50725E-01 -4.63791E-01 -4.71237E-01 -4.73068E-01 -4.71805E-01 -4.70777E-01 -4.71903E-01 -4.74540E-01 -4.76154E-01 -4.74315E-01 -4.68676E-01 -4.61585E-01 -4.56914E-01 -4.57809E-01
 -4.72236E-01 -4.81007E-01 -4.94004E-01 -5.07033E-01 -5.16318E-01 -5.20206E-01 -5.19155E-01 -5.13989E-01 -5.03650E-01 -4.84053E-01 -4.49100E-01 -3.93487E-01 -3.15740E-01 -2.19569E-01 -1.12511E-01 -2.46129E-03  1.05948E-01  2.12894E-01  3.21716E-01  4.34909E-01  5.50109E-01  6.58762E-01  7.48733E-01  8.09872E-01  8.39615E-01  8.45270E-01  8.41199E-01  8.41785E-01  8.53562E-01  8.70680E-01  8.76450E-01  8.50720E-01  7.79743E-01  6.63751E-01  5.18407E-01  3.69205E-01  2.41403E-01  1.50180E-01  9.55529E-02  6.41645E-02  3.66550E-02 -3.20516E-03 -6.19939E-02 -1.35422E-01 -2.12264E-01 -2.80796E-01 -3.34195E-01 -3.72420E-01 -4.00266E-01 -4.23356E-01 -4.44688E-01 -4.63595E-01 -4.77316E-01 -4.83777E-01 -4.83595E-01 -4.80070E-01 -4.77276E-01 -4.77646E-01 -4.80668E-01 -4.83546E-01 -4.83364E-01 -4.79316E-01 -4.73543E-01 -4.70027E-01 -4.72236E-01
 -4.82687E-01 -4.91788E-01 -5.05766E-01 -5.20483E-01 -5.32036E-01 -5.38757E-01 -5.41462E-01 -5.41722E-01 -5.39281E-01 -5.30386E-01 -5.08344E-01 -4.66253E-01 -4.00463E-01 -3.12694E-01 -2.09436E-01 -9.88326E-02  1.31887E-02  1.25185E-01  2.39380E-01  3.58100E-01  4.79608E-01  5.96064E-01  6.95316E-01  7.66052E-01  8.03696E-01  8.13671E-01  8.09727E-01  8.07623E-01  8.17029E-01  8.35808E-01  8.49876E-01  8.39149E-01  7.86969E-01  6.88500E-01  5.53977E-01  4.05178E-01  2.66801E-01  1.56880E-01  8.06778E-02  3.06302E-02 -8.17113E-03 -5.00904E-02 -1.02640E-01 -1.64527E-01 -2.28330E-01 -2.85683E-01 -3.31868E-01 -3.67450E-01 -3.96575E-01 -4.23459E-01 -4.49455E-01 -4.72436E-01 -4.88649E-01 -4.95639E-01 -4.94279E-01 -4.88614E-01 -4.83690E-01 -4.82782E-01 -4.85784E-01 -4.89753E-01 -4.91196E-01 -4.88616E-01 -4.83707E-01 -4.80446E-01 -4.82687E-01
 -4.88938E-01 -4.97162E-01 -5.11296E-01 -5.27225E-01 -5.40596E-01 -5.49256E-01 -5.54020E-01 -5.57217E-01 -5.59899E-01 -5.59509E-01 -5.49657E-01 -5.22369E-01 -4.71692E-01 -3.96570E-01 -3.01301E-01 -1.93238E-01 -7.90941E-02  3.78888E-02  1.58117E-01  2.82967E-01  4.10896E-01  5.34923E-01  6.43475E-01  7.24672E-01  7.72043E-01  7.88469E-01  7.85827E-01  7.79925E-01  7.82927E-01  7.96981E-01  8.12451E-01  8.11895E-01  7.78075E-01  7.02174E-01  5.88248E-01  4.51842E-01  3.13587E-01  1.91038E-01  9.26885E-02  1.67489E-02 -4.52913E-02 -1.02703E-01 -1.60486E-01 -2.17733E-01 -2.69711E-01 -3.11938E-01 -3.43558E-01 -3.68048E-01 -3.91008E-01 -4.16614E-01 -4.45000E-01 -4.72175E-01 -4.92501E-01 -5.02165E-01 -5.01544E-01 -4.95074E-01 -4.88776E-01 -4.86975E-01 -4.90193E-01 -4.95421E-01 -4.98496E-01 -4.97056E-01 -4.92225E-01 -4.88026E-01 -4.88938E-01
 -4.91408E-01 -4.97648E-01 -5.11168E-01 -5.27982E-01 -5.43122E-01 -5.53546E-01 -5.59610E-01 -5.64135E-01 -5.69591E-01 -5.75154E-01 -5.75520E-01 -5.62383E-01 -5.27862E-01 -4.67973E-01 -3.84193E-01 -2.82226E-01 -1.68819E-01 -4.86177E-02  7.69463E-02  2.08004E-01  3.42896E-01  4.75389E-01  5.94597E-01  6.88254E-01  7.47955E-01  7.73584E-01  7.74262E-01  7.64829E-01  7.59243E-01  7.64014E-01  7.74989E-01  7.79174E-01  7.60772E-01  7.08475E-01  6.20502E-01  5.05088E-01  3.76539E-01  2.49174E-01  1.32321E-01  2.86985E-02 -6.35456E-02 -1.46902E-01 -2.21285E-01 -2.83483E-01 -3.29417E-01 -3.57597E-01 -3.71407E-01 -3.78608E-01 -3.88130E-01 -4.05898E-01 -4.32073E-01 -4.61285E-01 -4.85772E-01 -4.99643E-01 -5.01920E-01 -4.96728E-01 -4.90674E-01 -4.89064E-01 -4.93159E-01 -5.00020E-01 -5.04861E-01 -5.04391E-01 -4.99077E-01 -4.92993E-01 -4.91408E-01
 -4.91382E-01 -4.94729E-01 -5.06612E-01 -5.23485E-01 -5.39965E-01 -5.52057E-01 -5.59323E-01 -5.64610E-01 -5.71472E-01 -5.80808E-01 -5.88812E-01 -5.87550E-01 -5.67955E-01 -5.23618E-01 -4.53246E-01 -3.60507E-01 -2.51498E-01 -1.31537E-01 -3.32459E-03  1.32328E-01  2.73718E-01  4.15298E-01  5.46771E-01  6.55354E-01  7.30488E-01  7.68653E-01  7.75605E-01  7.64501E-01  7.50488E-01  7.44202E-01  7.47295E-01  7.52109E-01  7.45540E-01  7.15052E-01  6.53881E-01  5.63089E-01  4.49971E-01  3.24233E-01  1.94331E-01  6.59158E-02 -5.72187E-02 -1.70929E-01 -2.69263E-01 -3.45183E-01 -3.93389E-01 -4.13643E-01 -4.12422E-01 -4.01507E-01 -3.93796E-01 -3.98280E-01 -4.16708E-01 -4.43667E-01 -4.70017E-01 -4.87827E-01 -4.94212E-01 -4.92155E-01 -4.88102E-01 -4.87908E-01 -4.93535E-01 -5.02325E-01 -5.09120E-01 -5.09814E-01 -5.04136E-01 -4.96019E-01 -4.91382E-01
 -4.90595E-01 -4.90634E-01 -4.99752E-01 -5.15254E-01 -5.31877E-01 -5.45037E-01 -5.53468E-01 -5.59610E-01 -5.67464E-01 -5.79166E-01 -5.92345E-01 -5.99898E-01 -5.92420E-01 -5.61979E-01 -5.05150E-01 -4.23696E-01 -3.22681E-01 -2.07350E-01 -8.08269E-02  5.58647E-02  2.01454E-01  3.51293E-01  4.95673E-01  6.21148E-01  7.14737E-01  7.69124E-01  7.86184E-01  7.76797E-01  7.56722E-01  7.40295E-01  7.34825E-01  7.38195E-01  7.40538E-01  7.28875E-01  6.92334E-01  6.25574E-01  5.29344E-01  4.08732E-01  2.70748E-01  1.22875E-01 -2.68766E-02 -1.69138E-01 -2.93049E-01 -3.87886E-01 -4.46292E-01 -4.67625E-01 -4.59428E-01 -4.35728E-01 -4.12434E-01 -4.01739E-01 -4.08108E-01 -4.27738E-01 -4.51675E-01 -4.70893E-01 -4.80716E-01 -4.82407E-01 -4.81388E-01 -4.83373E-01 -4.90773E-01 -5.01418E-01 -5.10198E-01 -5.12491E-01 -5.07256E-01 -4.97925E-01 -4.90595E-01
 -4.90473E-01 -4.87552E-01 -4.93167E-01 -5.05743E-01 -5.20768E-01 -5.33718E-01 -5.42814E-01 -5.49890E-01 -5.58783E-01 -5.72161E-01 -5.88675E-01 -6.02186E-01 -6.03619E-01 -5.84478E-01 -5.40089E-01 -4.70800E-01 -3.80588E-01 -2.74110E-01 -1.54128E-01 -2.10710E-02  1.24893E-01  2.80475E-01  4.36823E-01  5.79918E-01  6.94265E-01  7.68466E-01  8.00018E-01  7.96852E-01  7.74615E-01  7.50713E-01  7.37717E-01  7.38966E-01  7.48076E-01  7.52158E-01  7.36971E-01  6.91632E-01  6.11197E-01  4.96791E-01  3.54216E-01  1.92394E-01  2.24571E-02 -1.42652E-01 -2.88968E-01 -4.03464E-01 -4.77156E-01 -5.08204E-01 -5.03352E-01 -4.76490E-01 -4.44412E-01 -4.21334E-01 -4.14528E-01 -4.23002E-01 -4.39736E-01 -4.56188E-01 -4.66766E-01 -4.71029E-01 -4.72773E-01 -4.76832E-01 -4.85638E-01 -4.97571E-01 -5.07980E-01 -5.12160E-01 -5.08405E-01 -4.99301E-01 -4.90473E-01
 -4.91562E-01 -4.86798E-01 -4.89031E-01 -4.97733E-01 -5.09543E-01 -5.20643E-01 -5.29277E-01 -5.36812E-01 -5.46604E-01 -5.61273E-01 -5.79990E-01 -5.97450E-01 -6.05262E-01 -5.95082E-01 -5.61765E-01 -5.04781E-01 -4.27163E-01 -3.32716E-01 -2.23333E-01 -9.82629E-02  4.39668E-02  2.01909E-01  3.68000E-01  5.28034E-01  6.64259E-01  7.61174E-01  8.11494E-01  8.19432E-01  7.99538E-01  7.71369E-01  7.52172E-01  7.50657E-01  7.64309E-01  7.81040E-01  7.84058E-01  7.57694E-01  6.91921E-01  5.84353E-01  4.39833E-01  2.68662E-01  8.45828E-02 -9.69429E-02 -2.60340E-01 -3.91890E-01 -4.82179E-01 -5.28469E-01 -5.35850E-01 -5.16220E-01 -4.84948E-01 -4.56268E-01 -4.39198E-01 -4.35712E-01 -4.41881E-01 -4.51259E-01 -4.58719E-01 -4.62830E-01 -4.65726E-01 -4.70866E-01 -4.80184E-01 -4.92430E-01 -5.03645E-01 -5.09464E-01 -5.07805E-01 -5.00295E-01 -4.91562E-01
 -4.93463E-01 -4.88412E-01 -4.88343E-01 -4.93324E-01 -5.01113E-01 -5.08957E-01 -5.15651E-01 -5.22490E-01 -5.32430E-01 -5.47808E-01 -5.67967E-01 -5.88229E-01 -6.00980E-01 -5.98395E-01 -5.75324E-01 -5.30715E-01 -4.66747E-01 -3.86230E-01 -2.89928E-01 -1.75668E-01 -4.01527E-02  1.17208E-01  2.90472E-01  4.65753E-01  6.23613E-01  7.44825E-01  8.17226E-01  8.40613E-01  8.27279E-01  7.97691E-01  7.72935E-01  7.66986E-01  7.81887E-01  8.07533E-01  8.25811E-01  8.17101E-01  7.66549E-01  6.68016E-01  5.24932E-01  3.48580E-01  1.55052E-01 -3.79202E-02 -2.13626E-01 -3.58487E-01 -4.63754E-01 -5.26750E-01 -5.51266E-01 -5.46629E-01 -5.25305E-01 -4.99580E-01 -4.78436E-01 -4.65824E-01 -4.60993E-01 -4.60579E-01 -4.61316E-01 -4.61970E-01 -4.63608E-01 -4.68254E-01 -4.76928E-01 -4.88358E-01 -4.99216E-01 -5.05770E-01 -5.05975E-01 -5.00721E-01 -4.93463E-01
 -4.95283E-01 -4.91407E-01 -4.90687E-01 -4.93132E-01 -4.97185E-01 -5.01120E-01 -5.04583E-01 -5.09244E-01 -5.17991E-01 -5.32993E-01 -5.53687E-01 -5.75912E-01 -5.92839E-01 -5.97313E-01 -5.84382E-01 -5.52566E-01 -5.03099E-01 -4.37564E-01 -3.55386E-01 -2.52945E-01 -1.25298E-01  2.99376E-02  2.08391E-01  3.96829E-01  5.74814E-01  7.20147E-01  8.16175E-01  8.57955E-01  8.54471E-01  8.25670E-01  7.95284E-01  7.82201E-01  7.93745E-01  8.23378E-01  8.53452E-01  8.61672E-01  8.28619E-01  7.43649E-01  6.07459E-01  4.31073E-01  2.32296E-01  3.12071E-02 -1.53877E-01 -3.09180E-01 -4.26830E-01 -5.05028E-01 -5.47314E-01 -5.61126E-01 -5.55857E-01 -5.40723E-01 -5.22955E-01 -5.06824E-01 -4.93788E-01 -4.83591E-01 -4.75692E-01 -4.70267E-01 -4.68302E-01 -4.70801E-01 -4.77708E-01 -4.87309E-01 -4.96610E-01 -5.02585E-01 -5.03628E-01 -5.00362E-01 -4.95283E-01
 -4.96276E-01 -4.94472E-01 -4.94648E-01 -4.96175E-01 -4.97593E-01 -4.97859E-01 -4.97479E-01 -4.98754E-01 -5.04834E-01 -5.17956E-01 -5.37765E-01 -5.60684E-01 -5.80776E-01 -5.91738E-01 -5.88975E-01 -5.70576E-01 -5.36588E-01 -4.86949E-01 -4.19378E-01 -3.28727E-01 -2.08734E-01 -5.58066E-02  1.26743E-01  3.26260E-01  5.21841E-01  6.89260E-01  8.08265E-01  8.69464E-01  8.77915E-01  8.51689E-01  8.15662E-01  7.92754E-01  7.95869E-01  8.23538E-01  8.60740E-01  8.84411E-01  8.71394E-01  8.05946E-01  6.84305E-01  5.15191E-01  3.16628E-01  1.10648E-01 -8.21590E-02 -2.46672E-01 -3.75028E-01 -4.66271E-01 -5.24513E-01 -5.56530E-01 -5.69553E-01 -5.69779E-01 -5.61751E-01 -5.48519E-01 -5.32269E-01 -5.15011E-01 -4.98982E-01 -4.86520E-01 -4.79499E-01 -4.78600E-01 -4.82872E-01 -4.89918E-01 -4.96732E-01 -5.00875E-01 -5.01430E-01 -4.99240E-01 -4.96276E-01
 -4.96265E-01 -4.96692E-01 -4.98628E-01 -5.00513E-01 -5.00553E-01 -4.98007E-01 -4.94026E-01 -4.91509E-01 -4.93941E-01 -5.03713E-01 -5.20772E-01 -5.42271E-01 -5.63447E-01 -5.79242E-01 -5.85801E-01 -5.80953E-01 -5.63368E-01 -5.30836E-01 -4.78776E-01 -4.00172E-01 -2.87582E-01 -1.36823E-01  4.90724E-02  2.57555E-01  4.67439E-01  6.53362E-01  7.92670E-01  8.72408E-01  8.93735E-01  8.71854E-01  8.31166E-01  7.97151E-01  7.87786E-01  8.07546E-01  8.46070E-01  8.81899E-01  8.89843E-01  8.49318E-01  7.50794E-01  5.98372E-01  4.07962E-01  2.02143E-01  3.73052E-03 -1.69707E-01 -3.08802E-01 -4.12352E-01 -4.84915E-01 -5.33407E-01 -5.64127E-01 -5.81184E-01 -5.86573E-01 -5.81376E-01 -5.67234E-01 -5.47220E-01 -5.25677E-01 -5.07151E-01 -4.94958E-01 -4.90131E-01 -4.91266E-01 -4.95348E-01 -4.99172E-01 -5.00706E-01 -4.99753E-01 -4.97659E-01 -4.96265E-01
 -4.95597E-01 -4.97879E-01 -5.01581E-01 -5.04268E-01 -5.03719E-01 -4.99309E-01 -4.92604E-01 -4.86859E-01 -4.85634E-01 -4.91235E-01 -5.03752E-01 -5.21119E-01 -5.40082E-01 -5.57438E-01 -5.70779E-01 -5.78222E-01 -5.77205E-01 -5.63035E-01 -5.28181E-01 -4.63138E-01 -3.59043E-01 -2.11412E-01 -2.36585E-02  1.91157E-01  4.11459E-01  6.11367E-01  7.67013E-01  8.63085E-01  8.97418E-01  8.81867E-01  8.38900E-01  7.94729E-01  7.71096E-01  7.78351E-01  8.12179E-01  8.55100E-01  8.82273E-01  8.69640E-01  8.01641E-01  6.75943E-01  5.03735E-01  3.05787E-01  1.05929E-01 -7.55740E-02 -2.26482E-01 -3.43639E-01 -4.30845E-01 -4.94934E-01 -5.41970E-01 -5.75117E-01 -5.94735E-01 -6.00186E-01 -5.92054E-01 -5.73499E-01 -5.50016E-01 -5.27793E-01 -5.11565E-01 -5.03090E-01 -5.00988E-01 -5.01954E-01 -5.02667E-01 -5.01398E-01 -4.98558E-01 -4.96003E-01 -4.95597E-01
 -4.94750E-01 -4.98381E-01 -5.03309E-01 -5.06455E-01 -5.05389E-01 -4.99708E-01 -4.91338E-01 -4.83632E-01 -4.79788E-01 -4.81491E-01 -4.88493E-01 -4.99271E-01 -5.12243E-01 -5.26662E-01 -5.42470E-01 -5.58991E-01 -5.73061E-01 -5.77625E-01 -5.61828E-01 -5.13026E-01 -4.20368E-01 -2.78850E-01 -9.24365E-02  1.24955E-01  3.51217E-01  5.60314E-01  7.28053E-01  8.37871E-01  8.85036E-01  8.77976E-01  8.36141E-01  7.84720E-01  7.47500E-01  7.39852E-01  7.64018E-01  8.08309E-01  8.50688E-01  8.65727E-01  8.32702E-01  7.42086E-01  5.98253E-01  4.17565E-01  2.22766E-01  3.59487E-02 -1.27240E-01 -2.60187E-01 -3.64219E-01 -4.44919E-01 -5.07890E-01 -5.55975E-01 -5.88938E-01 -6.05279E-01 -6.04831E-01 -5.90506E-01 -5.68216E-01 -5.45031E-01 -5.26638E-01 -5.15472E-01 -5.10449E-01 -5.08356E-01 -5.06025E-01 -5.02106E-01 -4.97514E-01 -4.94461E-01 -4.94750E-01
 -4.93893E-01 -4.98589E-01 -5.04203E-01 -5.07195E-01 -5.05214E-01 -4.98374E-01 -4.89138E-01 -4.80895E-01 -4.76140E-01 -4.75343E-01 -4.77230E-01 -4.80253E-01 -4.84282E-01 -4.91291E-01 -5.04319E-01 -5.24940E-01 -5.50416E-01 -5.72054E-01 -5.75899E-01 -5.45914E-01 -4.68698E-01 -3.38112E-01 -1.58214E-01  5.65006E-02  2.83600E-01  4.97216E-01  6.73365E-01  7.94880E-01  8.54953E-01  8.58575E-01  8.21465E-01  7.66460E-01  7.17864E-01  6.94947E-01  7.06319E-01  7.47039E-01  7.99711E-01  8.39607E-01  8.42340E-01  7.91531E-01  6.83763E-01  5.29074E-01  3.46982E-01  1.59823E-01 -1.38818E-02 -1.63483E-01 -2.86540E-01 -3.85980E-01 -4.66003E-01 -5.28931E-01 -5.74395E-01 -6.00825E-01 -6.07987E-01 -5.98834E-01 -5.79509E-01 -5.57472E-01 -5.38824E-01 -5.26316E-01 -5.19098E-01 -5.14216E-01 -5.08929E-01 -5.02465E-01 -4.96302E-01 -4.92917E-01 -4.93893E-01
 -4.92767E-01 -4.98527E-01 -5.04709E-01 -5.07270E-01 -5.04043E-01 -4.95906E-01 -4.86153E-01 -4.78423E-01 -4.74480E-01 -4.73249E-01 -4.71811E-01 -4.67840E-01 -4.62005E-01 -4.58691E-01 -4.64238E-01 -4.83206E-01 -5.14404E-01 -5.48710E-01 -5.70058E-01 -5.59515E-01 -5.01038E-01 -3.86747E-01 -2.19862E-01 -1.44617E-02  2.07562E-01  4.21132E-01  6.02837E-01  7.35042E-01  8.08785E-01  8.25308E-01  7.96027E-01  7.40606E-01  6.82933E-01  6.45354E-01  6.42431E-01  6.76176E-01  7.34714E-01  7.95362E-01  8.31485E-01  8.20867E-01  7.52549E-01  6.29620E-01  4.67080E-01  2.85974E-01  1.06443E-01 -5.74456E-02 -1.99330E-01 -3.18733E-01 -4.17471E-01 -4.96521E-01 -5.54990E-01 -5.91330E-01 -6.05672E-01 -6.01516E-01 -5.85570E-01 -5.65714E-01 -5.48213E-01 -5.35755E-01 -5.27384E-01 -5.20250E-01 -5.12085E-01 -5.02895E-01 -4.94943E-01 -4.91110E-01 -4.92767E-01
 -4.90965E-01 -4.97827E-01 -5.04890E-01 -5.07375E-01 -5.03101E-01 -4.93685E-01 -4.83447E-01 -4.76627E-01 -4.74607E-01 -4.74896E-01 -4.72692E-01 -4.64249E-01 -4.50120E-01 -4.36200E-01 -4.31560E-01 -4.43803E-01 -4.74057E-01 -5.14143E-01 -5.47487E-01 -5.53646E-01 -5.14669E-01 -4.20795E-01 -2.73433E-01 -8.47467E-02  1.25476E-01  3.34140E-01  5.18963E-01  6.61727E-01  7.50716E-01  7.82626E-01  7.63821E-01  7.10234E-01  6.44947E-01  5.93102E-01  5.74992E-01  5.99462E-01  6.60263E-01  7.37233E-01  8.02357E-01  8.28701E-01  7.98819E-01  7.09473E-01  5.71060E-01  4.02497E-01  2.24169E-01  5.20951E-02 -1.04545E-01 -2.42287E-01 -3.60226E-01 -4.57137E-01 -5.30595E-01 -5.78321E-01 -6.00524E-01 -6.01435E-01 -5.88789E-01 -5.71335E-01 -5.55707E-01 -5.44417E-01 -5.36047E-01 -5.27462E-01 -5.16626E-01 -5.04347E-01 -4.93921E-01 -4.88981E-01 -4.90965E-01
 -4.88418E-01 -4.96091E-01 -5.04377E-01 -5.07561E-01 -5.03054E-01 -4.92846E-01 -4.82166E-01 -4.76098E-01 -4.76168E-01 -4.79055E-01 -4.78388E-01 -4.68781E-01 -4.49844E-01 -4.27720E-01 -4.12950E-01 -4.15390E-01 -4.38585E-01 -4.76388E-01 -5.13561E-01 -5.30200E-01 -5.08051E-01 -4.36091E-01 -3.13363E-01 -1.48579E-01  4.25547E-02  2.40701E-01  4.25751E-01  5.79005E-01  6.85290E-01  7.35631E-01  7.30256E-01  6.80623E-01  6.08690E-01  5.42366E-01  5.07714E-01  5.20394E-01  5.79726E-01  6.68154E-01  7.56738E-01  8.14729E-01  8.19433E-01  7.62495E-01  6.50445E-01  4.99987E-01  3.30774E-01  1.59147E-01 -4.68357E-03 -1.55650E-01 -2.90714E-01 -4.06137E-01 -4.96987E-01 -5.59031E-01 -5.91557E-01 -5.99050E-01 -5.90348E-01 -5.75513E-01 -5.62054E-01 -5.52588E-01 -5.45186E-01 -5.36094E-01 -5.23118E-01 -5.07621E-01 -4.93988E-01 -4.86936E-01 -4.88418E-01
 -4.85681E-01 -4.93336E-01 -5.02697E-01 -5.07204E-01 -5.03548E-01 -4.93523E-01 -4.82765E-01 -4.77083E-01 -4.78559E-01 -4.83843E-01 -4.85812E-01 -4.77809E-01 -4.58092E-01 -4.31865E-01 -4.09513E-01 -4.01699E-01 -4.13721E-01 -4.41944E-01 -4.74046E-01 -4.92869E-01 -4.81982E-01 -4.30442E-01 -3.35069E-01 -2.00069E-01 -3.52104E-02  1.45957E-01  3.27074E-01  4.89683E-01  6.14937E-01  6.87257E-01  6.99458E-01  6.57301E-01  5.80733E-01  4.99959E-01  4.46731E-01  4.43709E-01  4.96155E-01  5.89646E-01  6.95010E-01  7.78562E-01  8.13345E-01  7.86829E-01  7.02337E-01  5.74501E-01  4.21711E-01  2.59471E-01  9.74645E-02 -5.92134E-02 -2.06573E-01 -3.38842E-01 -4.48261E-01 -5.27691E-01 -5.74268E-01 -5.91631E-01 -5.89089E-01 -5.77968E-01 -5.67056E-01 -5.59647E-01 -5.53721E-01 -5.44978E-01 -5.30787E-01 -5.12641E-01 -4.95699E-01 -4.85769E-01 -4.85681E-01
 -4.83726E-01 -4.90151E-01 -4.99685E-01 -5.05457E-01 -5.03464E-01 -4.94795E-01 -4.84734E-01 -4.79262E-01 -4.81049E-01 -4.87404E-01 -4.91501E-01 -4.86289E-01 -4.68863E-01 -4.42751E-01 -4.16709E-01 -4.00536E-01 -4.00081E-01 -4.14002E-01 -4.33795E-01 -4.46803E-01 -4.40446E-01 -4.05540E-01 -3.37508E-01 -2.35844E-01 -1.03247E-01  5.42113E-02  2.25725E-01  3.94532E-01  5.38878E-01  6.36469E-01  6.71743E-01  6.43163E-01  5.66824E-01  4.73648E-01  4.00186E-01  3.76152E-01  4.13717E-01  5.03163E-01  6.16793E-01  7.19369E-01  7.80467E-01  7.83563E-01  7.28520E-01  6.27456E-01  4.97034E-01  3.51424E-01  1.99154E-01  4.44772E-02 -1.08721E-01 -2.53641E-01 -3.80315E-01 -4.78635E-01 -5.42795E-01 -5.74317E-01 -5.81701E-01 -5.76712E-01 -5.69318E-01 -5.64034E-01 -5.59570E-01 -5.51706E-01 -5.37488E-01 -5.18120E-01 -4.98879E-01 -4.86181E-01 -4.83726E-01
 -4.83263E-01 -4.87345E-01 -4.95634E-01 -5.01811E-01 -5.01634E-01 -4.95274E-01 -4.86919E-01 -4.81890E-01 -4.83044E-01 -4.88660E-01 -4.93130E-01 -4.90086E-01 -4.76146E-01 -4.53072E-01 -4.27095E-01 -4.05787E-01 -3.94249E-01 -3.92682E-01 -3.96448E-01 -3.98203E-01 -3.90527E-01 -3.67430E-01 -3.24166E-01 -2.56247E-01 -1.59351E-01 -3.13381E-02  1.23993E-01  2.93490E-01  4.54366E-01  5.78819E-01  6.42892E-01  6.36306E-01  5.68724E-01  4.68861E-01  3.75821E-01  3.25656E-01  3.38561E-01  4.12058E-01  5.22954E-01  6.36885E-01  7.21043E-01  7.54520E-01  7.32355E-01  6.62640E-01  5.59347E-01  4.35154E-01  2.97798E-01  1.50999E-01 -1.72510E-03 -1.53501E-01 -2.93432E-01 -4.09429E-01 -4.92880E-01 -5.42341E-01 -5.64008E-01 -5.68628E-01 -5.66567E-01 -5.63723E-01 -5.60420E-01 -5.53559E-01 -5.40446E-01 -5.21836E-01 -5.02351E-01 -4.88127E-01 -4.83263E-01
 -4.83954E-01 -4.85238E-01 -4.91003E-01 -4.96346E-01 -4.97497E-01 -4.93877E-01 -4.88125E-01 -4.84126E-01 -4.84278E-01 -4.87704E-01 -4.90498E-01 -4.87858E-01 -4.76785E-01 -4.57736E-01 -4.34290E-01 -4.11138E-01 -3.91693E-01 -3.76755E-01 -3.64849E-01 -3.53633E-01 -3.41034E-01 -3.24978E-01 -3.01760E-01 -2.64397E-01 -2.02885E-01 -1.07508E-01  2.54701E-02  1.88311E-01  3.59854E-01  5.09377E-01  6.05961E-01  6.30055E-01  5.82337E-01  4.85523E-01  3.77638E-01  2.99026E-01  2.78280E-01  3.22829E-01  4.17842E-01  5.33383E-01  6.36189E-01  7.00794E-01  7.15581E-01  6.82239E-01  6.10314E-01  5.10565E-01  3.90696E-01  2.55094E-01  1.07618E-01 -4.51191E-02 -1.92599E-01 -3.22356E-01 -4.24041E-01 -4.93210E-01 -5.32661E-01 -5.50536E-01 -5.56303E-01 -5.56832E-01 -5.54587E-01 -5.48622E-01 -5.37386E-01 -5.21395E-01 -5.04080E-01 -4.90359E-01 -4.83954E-01
 -4.84052E-01 -4.83029E-01 -4.85832E-01 -4.89453E-01 -4.91221E-01 -4.90222E-01 -4.87548E-01 -4.85251E-01 -4.84715E-01 -4.85496E-01 -4.85346E-01 -4.81392E-01 -4.71663E-01 -4.56013E-01 -4.35896E-01 -4.13284E-01 -3.89596E-01 -3.65450E-01 -3.41387E-01 -3.18821E-01 -3.00082E-01 -2.86822E-01 -2.77241E-01 -2.63725E-01 -2.32956E-01 -1.69653E-01 -6.32755E-02  8.49551E-02  2.58279E-01  4.26603E-01  5.54956E-01  6.15523E-01  5.98482E-01  5.16934E-01  4.03435E-01  2.99162E-01  2.39936E-01  2.44616E-01  3.10267E-01  4.15432E-01  5.29393E-01  6.23071E-01  6.77077E-01  6.84390E-01  6.47896E-01  5.75291E-01  4.74508E-01  3.51793E-01  2.12581E-01  6.36521E-02 -8.55243E-02 -2.23562E-01 -3.39857E-01 -4.27755E-01 -4.86390E-01 -5.20202E-01 -5.36435E-01 -5.42019E-01 -5.41428E-01 -5.36417E-01 -5.27369E-01 -5.15083E-01 -5.01752E-01 -4.90528E-01 -4.84052E-01
 -4.80777E-01 -4.78712E-01 -4.79265E-01 -4.81213E-01 -4.83204E-01 -4.84408E-01 -4.84749E-01 -4.84595E-01 -4.84143E-01 -4.82965E-01 -4.80022E-01 -4.74132E-01 -4.64514E-01 -4.50996E-01 -4.33743E-01 -4.12782E-01 -3.87867E-01 -3.59028E-01 -3.27617E-01 -2.97072E-01 -2.72437E-01 -2.58147E-01 -2.54666E-01 -2.55571E-01 -2.47078E-01 -2.11281E-01 -1.32739E-01 -6.13662E-03  1.58337E-01  3.34899E-01  4.88451E-01  5.85555E-01  6.06179E-01  5.51540E-01  4.44682E-01  3.23306E-01  2.27471E-01  1.86854E-01  2.12256E-01  2.94140E-01  4.07971E-01  5.23567E-01  6.14446E-01  6.63849E-01  6.66078E-01  6.23985E-01  5.44856E-01  4.36999E-01  3.08300E-01  1.66556E-01  2.04004E-02 -1.20476E-01 -2.46390E-01 -3.49636E-01 -4.26294E-01 -4.76912E-01 -5.05666E-01 -5.18489E-01 -5.21075E-01 -5.17657E-01 -5.10861E-01 -5.02342E-01 -4.93524E-01 -4.85905E-01 -4.80777E-01
 -4.71376E-01 -4.69706E-01 -4.69557E-01 -4.70879E-01 -4.73339E-01 -4.76366E-01 -4.79253E-01 -4.81264E-01 -4.81701E-01 -4.79973E-01 -4.75683E-01 -4.68689E-01 -4.59048E-01 -4.46771E-01 -4.31481E-01 -4.12240E-01 -3.87848E-01 -3.57736E-01 -3.23139E-01 -2.87855E-01 -2.57786E-01 -2.38853E-01 -2.33691E-01 -2.38471E-01 -2.41598E-01 -2.25694E-01 -1.73011E-01 -7.27570E-02  7.24726E-02  2.44163E-01  4.11107E-01  5.38029E-01  5.96910E-01  5.76914E-01  4.89011E-01  3.63299E-01  2.39802E-01  1.56036E-01  1.35832E-01  1.83243E-01  2.83240E-01  4.08237E-01  5.27457E-01  6.15507E-01  6.57459E-01  6.49549E-01  5.96467E-01  5.07300E-01  3.92122E-01  2.60307E-01  1.20450E-01 -1.90385E-02 -1.49707E-01 -2.63722E-01 -3.55195E-01 -4.21469E-01 -4.63602E-01 -4.85756E-01 -4.93737E-01 -4.93319E-01 -4.89017E-01 -4.83647E-01 -4.78594E-01 -4.74414E-01 -4.71376E-01
 -4.54324E-01 -4.53964E-01 -4.54699E-01 -4.56888E-01 -4.60586E-01 -4.65325E-01 -4.70166E-01 -4.73970E-01 -4.75730E-01 -4.74831E-01 -4.71120E-01 -4.64788E-01 -4.56101E-01 -4.45066E-01 -4.31142E-01 -4.13185E-01 -3.89776E-01 -3.60014E-01 -3.24548E-01 -2.86388E-01 -2.50839E-01 -2.24094E-01 -2.10554E-01 -2.09716E-01 -2.14043E-01 -2.09289E-01 -1.78019E-01 -1.05764E-01  1.21981E-02  1.66192E-01  3.32080E-01  4.76720E-01  5.67678E-01  5.84021E-01  5.24209E-01  4.07887E-01  2.70607E-01  1.53140E-01  8.91508E-02  9.55581E-02  1.68761E-01  2.87569E-01  4.21163E-01  5.38741E-01  6.17385E-01  6.45862E-01  6.24054E-01  5.59389E-01  4.62494E-01  3.43950E-01  2.12992E-01  7.77652E-02 -5.39089E-02 -1.74302E-01 -2.76506E-01 -3.55772E-01 -4.10692E-01 -4.43474E-01 -4.59089E-01 -4.63636E-01 -4.62628E-01 -4.59882E-01 -4.57312E-01 -4.55462E-01 -4.54324E-01
 -4.30021E-01 -4.30964E-01 -4.33359E-01 -4.37502E-01 -4.43234E-01 -4.49833E-01 -4.56200E-01 -4.61241E-01 -4.64194E-01 -4.64763E-01 -4.62980E-01 -4.58947E-01 -4.52587E-01 -4.43499E-01 -4.30921E-01 -4.13791E-01 -3.90933E-01 -3.61471E-01 -3.25500E-01 -2.84843E-01 -2.43473E-01 -2.07020E-01 -1.81051E-01 -1.68344E-01 -1.66145E-01 -1.64850E-01 -1.49390E-01 -1.03674E-01 -1.70364E-02  1.09665E-01  2.61042E-01  4.09266E-01  5.21376E-01  5.69724E-01  5.41868E-01  4.46083E-01  3.10073E-01  1.73037E-01  7.37995E-02  3.92355E-02  7.70318E-02  1.74999E-01  3.06589E-01  4.40012E-01  5.47364E-01  6.10708E-01  6.23758E-01  5.89738E-01  5.17323E-01  4.16822E-01  2.97952E-01  1.69403E-01  3.93678E-02 -8.40471E-02 -1.93231E-01 -2.82252E-01 -3.48150E-01 -3.91567E-01 -4.16265E-01 -4.27720E-01 -4.31425E-01 -4.31604E-01 -4.30775E-01 -4.30086E-01 -4.30021E-01
 -4.00517E-01 -4.01980E-01 -4.05620E-01 -4.11744E-01 -4.19780E-01 -4.28430E-01 -4.36198E-01 -4.42015E-01 -4.45579E-01 -4.47222E-01 -4.47411E-01 -4.46204E-01 -4.42983E-01 -4.36589E-01 -4.25687E-01 -4.09109E-01 -3.85994E-01 -3.55809E-01 -3.18516E-01 -2.75081E-01 -2.28156E-01 -1.82413E-01 -1.43843E-01 -1.17699E-01 -1.05543E-01 -1.02677E-01 -9.75685E-02 -7.44047E-02 -1.86144E-02  7.63792E-02  2.03967E-01  3.43420E-01  4.64479E-01  5.36506E-01  5.39091E-01  4.70105E-01  3.47856E-01  2.06252E-01  8.45629E-02  1.55113E-02  1.59647E-02  8.33048E-02  1.98199E-01  3.32048E-01  4.55877E-01  5.47451E-01  5.94657E-01  5.95072E-01  5.53090E-01  4.76568E-01  3.74454E-01  2.55833E-01  1.29885E-01  5.86514E-03 -1.07534E-01 -2.03405E-01 -2.77870E-01 -3.30640E-01 -3.64529E-01 -3.84118E-01 -3.94198E-01 -3.98649E-01 -4.00109E-01 -4.00293E-01 -4.00517E-01
 -3.68368E-01 -3.69420E-01 -3.73016E-01 -3.80048E-01 -3.89865E-01 -4.00547E-01 -4.09848E-01 -4.16296E-01 -4.19791E-01 -4.21369E-01 -4.22289E-01 -4.22991E-01 -4.22565E-01 -4.18999E-01 -4.09993E-01 -3.93810E-01 -3.69669E-01 -3.37591E-01 -2.98053E-01 -2.51966E-01 -2.01215E-01 -1.49427E-01 -1.02160E-01 -6.57395E-02 -4.46341E-02 -3.82748E-02 -3.89988E-02 -3.27863E-02 -3.43187E-03  6.08663E-02  1.61028E-01  2.83771E-01  4.03570E-01  4.89958E-01  5.17810E-01  4.76775E-01  3.76023E-01  2.42277E-01  1.11742E-01  1.89606E-02 -1.32613E-02  2.06002E-02  1.09221E-01  2.29853E-01  3.56048E-01  4.64610E-01  5.39708E-01  5.73675E-01  5.65504E-01  5.18621E-01  4.39204E-01  3.35396E-01  2.16970E-01  9.47057E-02 -2.09288E-02 -1.21537E-01 -2.02280E-01 -2.62358E-01 -3.04231E-01 -3.31988E-01 -3.49668E-01 -3.60287E-01 -3.65830E-01 -3.67903E-01 -3.68368E-01
 -3.35191E-01 -3.35507E-01 -3.37765E-01 -3.44149E-01 -3.54631E-01 -3.66994E-01 -3.78050E-01 -3.85359E-01 -3.88447E-01 -3.88806E-01 -3.88692E-01 -3.89469E-01 -3.90469E-01 -3.89046E-01 -3.81732E-01 -3.65767E-01 -3.40107E-01 -3.05431E-01 -2.63378E-01 -2.15753E-01 -1.64429E-01 -1.12043E-01 -6.28224E-02 -2.24837E-02  3.49722E-03  1.29305E-02  9.83831E-03  5.33429E-03  1.51120E-02  5.37440E-02  1.27788E-01  2.30772E-01  3.42802E-01  4.35747E-01  4.82538E-01  4.67071E-01  3.90750E-01  2.72901E-01  1.44859E-01  4.00630E-02 -1.59592E-02 -1.21087E-02  4.71477E-02  1.45539E-01  2.61350E-01  3.73552E-01  4.65670E-01  5.26926E-01  5.51535E-01  5.37616E-01  4.86695E-01  4.03898E-01  2.98065E-01  1.80944E-01  6.51249E-02 -3.87003E-02 -1.24044E-01 -1.89428E-01 -2.37369E-01 -2.72155E-01 -2.97596E-01 -3.15833E-01 -3.27614E-01 -3.33527E-01 -3.35191E-01
 -3.00757E-01 -3.01041E-01 -3.01555E-01 -3.06164E-01 -3.16155E-01 -3.29603E-01 -3.42535E-01 -3.51216E-01 -3.54207E-01 -3.52964E-01 -3.50637E-01 -3.49825E-01 -3.50637E-01 -3.50220E-01 -3.44040E-01 -3.28102E-01 -3.00835E-01 -2.63572E-01 -2.19550E-01 -1.72218E-01 -1.24111E-01 -7.69805E-02 -3.29697E-02  4.35554E-03  3.03646E-02  4.15791E-02  3.88609E-02  2.96500E-02  2.73270E-02  4.70013E-02  9.89483E-02  1.82517E-01  2.83648E-01  3.77850E-01  4.38056E-01  4.44457E-01  3.92258E-01  2.94075E-01  1.75962E-01  6.87844E-02 -1.45194E-03 -2.05711E-02  1.17262E-02  8.46012E-02  1.81485E-01  2.85361E-01  3.81918E-01  4.60181E-01  5.11718E-01  5.30038E-01  5.11202E-01  4.55429E-01  3.68486E-01  2.61500E-01  1.48615E-01  4.32209E-02 -4.56380E-02 -1.15021E-01 -1.67283E-01 -2.07315E-01 -2.39399E-01 -2.65335E-01 -2.84625E-01 -2.96259E-01 -3.00757E-01
 -2.63184E-01 -2.64964E-01 -2.64589E-01 -2.67379E-01 -2.76239E-01 -2.90137E-01 -3.04841E-01 -3.15470E-01 -3.19328E-01 -3.17302E-01 -3.12991E-01 -3.10124E-01 -3.09842E-01 -3.09542E-01 -3.03994E-01 -2.88096E-01 -2.59642E-01 -2.20491E-01 -1.75528E-01 -1.30170E-01 -8.80207E-02 -5.01365E-02 -1.62215E-02  1.32743E-02  3.58998E-02  4.80912E-02  4.80945E-02  3.92574E-02  3.13434E-02  3.82461E-02  7.23637E-02  1.37948E-01  2.26775E-01  3.18803E-01  3.88271E-01  4.13047E-01  3.83289E-01  3.05629E-01  2.01050E-01  9.74805E-02  2.04375E-02 -1.43445E-02 -3.64252E-03  4.54090E-02  1.20339E-01  2.08265E-01  2.98484E-01  3.82283E-01  4.51313E-01  4.96578E-01  5.09444E-01  4.84477E-01  4.22507E-01  3.31863E-01  2.26619E-01  1.22301E-01  3.09926E-02 -4.18580E-02 -9.75104E-02 -1.41131E-01 -1.77857E-01 -2.09918E-01 -2.36227E-01 -2.54325E-01 -2.63184E-01
 -2.20207E-01 -2.25077E-01 -2.25506E-01 -2.27488E-01 -2.35292E-01 -2.49143E-01 -2.65259E-01 -2.78217E-01 -2.84216E-01 -2.83215E-01 -2.78629E-01 -2.74792E-01 -2.73767E-01 -2.73511E-01 -2.68616E-01 -2.53259E-01 -2.24637E-01 -1.84836E-01 -1.40001E-01 -9.73012E-02 -6.15327E-02 -3.33927E-02 -1.04158E-02  1.01545E-02  2.85797E-02  4.19831E-02  4.65966E-02  4.17169E-02  3.28219E-02  3.14083E-02  5.07620E-02  9.92442E-02  1.74406E-01  2.61290E-01  3.36454E-01  3.76437E-01  3.67054E-01  3.09313E-01  2.19263E-01  1.21935E-01  4.22809E-02 -2.77907E-03 -7.97555E-03  2.18525E-02  7.66920E-02  1.46516E-01  2.23947E-01  3.03610E-01  3.79489E-01  4.42803E-01  4.82428E-01  4.88152E-01  4.55127E-01  3.86940E-01  2.95315E-01  1.96260E-01  1.04438E-01  2.85028E-02 -3.04285E-02 -7.67183E-02 -1.16045E-01 -1.51610E-01 -1.82746E-01 -2.06397E-01 -2.20207E-01
 -1.70899E-01 -1.79603E-01 -1.82372E-01 -1.84902E-01 -1.92158E-01 -2.05615E-01 -2.22537E-01 -2.37766E-01 -2.46909E-01 -2.48921E-01 -2.46454E-01 -2.43744E-01 -2.43369E-01 -2.43961E-01 -2.40431E-01 -2.26722E-01 -1.99524E-01 -1.60705E-01 -1.16891E-01 -7.63504E-02 -4.49385E-02 -2.35069E-02 -8.32927E-03  5.74034E-03  2.13862E-02  3.67840E-02  4.69115E-02  4.76629E-02  4.03170E-02  3.33631E-02  3.99373E-02  7.15690E-02  1.31227E-01  2.09447E-01  2.86078E-01  3.37404E-01  3.45637E-01  3.06396E-01  2.30673E-01  1.40446E-01  6.01441E-02  8.06620E-03 -8.46946E-03  7.40822E-03  4.68174E-02  1.00813E-01  1.63831E-01  2.33350E-01  3.06706E-01  3.77666E-01  4.35462E-01  4.67359E-01  4.63630E-01  4.22199E-01  3.50313E-01  2.62128E-01  1.73356E-01  9.56431E-02  3.34349E-02 -1.54247E-02 -5.61418E-02 -9.27866E-02 -1.25879E-01 -1.52881E-01 -1.70899E-01
 -1.16903E-01 -1.28799E-01 -1.34294E-01 -1.38122E-01 -1.45206E-01 -1.57925E-01 -1.74833E-01 -1.91677E-01 -2.04089E-01 -2.10230E-01 -2.11688E-01 -2.12022E-01 -2.13865E-01 -2.16468E-01 -2.15406E-01 -2.04811E-01 -1.80948E-01 -1.44962E-01 -1.03028E-01 -6.36173E-02 -3.33369E-02 -1.37734E-02 -1.23523E-03  1.03805E-02  2.53016E-02  4.28522E-02  5.77348E-02  6.37343E-02  5.87942E-02  4.83216E-02  4.42973E-02  6.00060E-02  1.02764E-01  1.68451E-01  2.41060E-01  2.98070E-01  3.19463E-01  2.96214E-01  2.34235E-01  1.51946E-01  7.27639E-02  1.62168E-02 -8.16906E-03 -1.74843E-03  2.72217E-02  6.96108E-02  1.19944E-01  1.77131E-01  2.41518E-01  3.10595E-01  3.76383E-01  4.26451E-01  4.48276E-01  4.34664E-01  3.87237E-01  3.16080E-01  2.35689E-01  1.59360E-01  9.48409E-02  4.32140E-02  1.09010E-03 -3.55941E-02 -6.85447E-02 -9.64798E-02 -1.16903E-01
 -6.24304E-02 -7.56932E-02 -8.28155E-02 -8.75253E-02 -9.42419E-02 -1.05737E-01 -1.21645E-01 -1.38827E-01 -1.53399E-01 -1.63124E-01 -1.68621E-01 -1.72560E-01 -1.77320E-01 -1.82639E-01 -1.84891E-01 -1.78656E-01 -1.59842E-01 -1.28502E-01 -8.95698E-02 -5.08599E-02 -1.93317E-02  2.26836E-03  1.63780E-02  2.85434E-02  4.34729E-02  6.16204E-02  7.85308E-02  8.76197E-02  8.49658E-02  7.32817E-02  6.24023E-02  6.54082E-02  9.19618E-02  1.42224E-01  2.04753E-01  2.59943E-01  2.87781E-01  2.76372E-01  2.27196E-01  1.54579E-01  7.97262E-02  2.22848E-02 -6.51854E-03 -6.16057E-03  1.59804E-02  5.03999E-02  9.07856E-02  1.36048E-01  1.88337E-01  2.48660E-01  3.13043E-01  3.71725E-01  4.12046E-01  4.23545E-01  4.02528E-01  3.53689E-01  2.88024E-01  2.18252E-01  1.54166E-01  1.00155E-01  5.57427E-02  1.82597E-02 -1.42498E-02 -4.16497E-02 -6.24304E-02
 -1.29390E-02 -2.54650E-02 -3.22429E-02 -3.65242E-02 -4.21698E-02 -5.18480E-02 -6.57202E-02 -8.15125E-02 -9.60015E-02 -1.07010E-01 -1.14636E-01 -1.20867E-01 -1.27777E-01 -1.35436E-01 -1.40947E-01 -1.39434E-01 -1.26570E-01 -1.01264E-01 -6.68446E-02 -2.99150E-02  2.64506E-03  2.68777E-02  4.33043E-02  5.58936E-02  6.90189E-02  8.42434E-02  9.89767E-02  1.08018E-01  1.07268E-01  9.74431E-02  8.54041E-02  8.18341E-02  9.60618E-02  1.30558E-01  1.78120E-01  2.23587E-01  2.49683E-01  2.44389E-01  2.06357E-01  1.45736E-01  8.00184E-02  2.69598E-02 -2.02228E-03 -4.95039E-03  1.22145E-02  4.04022E-02  7.27366E-02  1.07466E-01  1.47199E-01  1.95237E-01  2.51382E-01  3.09743E-01  3.59855E-01  3.90531E-01  3.94402E-01  3.70796E-01  3.25640E-01  2.68657E-01  2.09505E-01  1.54824E-01  1.07387E-01  6.72568E-02  3.37569E-02  6.83539E-03 -1.29390E-02
  2.69166E-02  1.63477E-02  1.14535E-02  8.76529E-03  4.78554E-03 -2.67809E-03 -1.36635E-02 -2.62678E-02 -3.78969E-02 -4.68636E-02 -5.33650E-02 -5.91844E-02 -6.62211E-02 -7.47124E-02 -8.22898E-02 -8.46022E-02 -7.73388E-02 -5.86140E-02 -3.03600E-02  2.14825E-03  3.24958E-02  5.59222E-02  7.11956E-02  8.05464E-02  8.77434E-02  9.54819E-02  1.03681E-01  1.09771E-01  1.10845E-01  1.06395E-01  9.98335E-02  9.76178E-02  1.06110E-01  1.27709E-01  1.58383E-01  1.88221E-01  2.05073E-01  1.99763E-01  1.70385E-01  1.23554E-01  7.19421E-02  2.92411E-02  4.96161E-03  1.47645E-03  1.45335E-02  3.66760E-02  6.15998E-02  8.71429E-02  1.15480E-01  1.50655E-01  1.94977E-01  2.46327E-01  2.97804E-01  3.39871E-01  3.63824E-01  3.64891E-01  3.43560E-01  3.04788E-01  2.55784E-01  2.03625E-01  1.53739E-01  1.09591E-01  7.31717E-02  4.55407E-02  2.69166E-02
  5.50564E-02  4.59918E-02  4.28073E-02  4.14998E-02  3.88301E-02  3.33349E-02  2.55785E-02  1.74917E-02  1.10884E-02  7.21203E-03  4.99979E-03  2.41055E-03 -2.41737E-03 -9.71058E-03 -1.73670E-02 -2.15319E-02 -1.82821E-02 -5.62237E-03  1.52395E-02  4.00568E-02  6.31489E-02  7.96962E-02  8.76094E-02  8.80756E-02  8.45837E-02  8.10228E-02  7.99072E-02  8.16467E-02  8.51394E-02  8.91843E-02  9.37348E-02  1.00130E-01  1.10077E-01  1.23953E-01  1.39503E-01  1.51869E-01  1.55217E-01  1.45308E-01  1.21781E-01  8.89199E-02  5.44127E-02  2.65618E-02  1.12302E-02  9.92995E-03  1.99095E-02  3.61101E-02  5.39565E-02  7.15879E-02  9.04671E-02  1.14155E-01  1.45934E-01  1.86485E-01  2.32711E-01  2.78217E-01  3.15153E-01  3.36580E-01  3.38426E-01  3.20393E-01  2.85721E-01  2.40117E-01  1.90352E-01  1.42912E-01  1.02931E-01  7.34501E-02  5.50564E-02
  7.25850E-02  6.29623E-02  5.91430E-02  5.70058E-02  5.38468E-02  4.91249E-02  4.41416E-02  4.08957E-02  4.07157E-02  4.33531E-02  4.69845E-02  4.91174E-02  4.79447E-02  4.34521E-02  3.76873E-02  3.39880E-02  3.54758E-02  4.34933E-02  5.67208E-02  7.14199E-02  8.27483E-02  8.66082E-02  8.12543E-02  6.80000E-02  5.07640E-02  3.46897E-02  2.44341E-02  2.27938E-02  3.01202E-02  4.45921E-02  6.30646E-02  8.20495E-02  9.84502E-02  1.09908E-01  1.14854E-01  1.12490E-01  1.02863E-01  8.70423E-02  6.72313E-02  4.65998E-02  2.87166E-02  1.66807E-02  1.22458E-02  1.53141E-02  2.40707E-02  3.57771E-02  4.79566E-02  5.95066E-02  7.12681E-02  8.57693E-02  1.06178E-01  1.34811E-01  1.71741E-01  2.14045E-01  2.56033E-01  2.90469E-01  3.10462E-01  3.11441E-01  2.92578E-01  2.57172E-01  2.11829E-01  1.64662E-01  1.23094E-01  9.19679E-02  7.25850E-02
  8.29665E-02  7.00883E-02  6.19111E-02  5.52846E-02  4.87232E-02  4.27718E-02  3.92439E-02  3.98442E-02  4.49371E-02  5.30939E-02  6.16202E-02  6.77649E-02  6.99903E-02  6.86684E-02  6.58657E-02  6.43111E-02  6.60126E-02  7.11384E-02  7.76488E-02  8.18523E-02  7.96868E-02  6.82642E-02  4.71266E-02  1.87767E-02 -1.17176E-02 -3.79479E-02 -5.38783E-02 -5.55489E-02 -4.22652E-02 -1.69014E-02  1.48037E-02  4.57707E-02  6.94722E-02  8.16093E-02  8.10572E-02  6.98169E-02  5.20663E-02  3.27137E-02  1.59985E-02  4.59833E-03 -5.68996E-04  3.28954E-05  5.18245E-03  1.34312E-02  2.33728E-02  3.37153E-02  4.33654E-02  5.17022E-02  5.90183E-02  6.68727E-02  7.79999E-02  9.55450E-02  1.21726E-01  1.56399E-01  1.96201E-01  2.34828E-01  2.64570E-01  2.78661E-01  2.73575E-01  2.50330E-01  2.14216E-01  1.73027E-01  1.34485E-01  1.03899E-01  8.29665E-02
  9.02297E-02  7.22334E-02  5.64093E-02  4.18514E-02  2.90772E-02  1.97861E-02  1.58445E-02  1.80971E-02  2.56605E-02  3.60742E-02  4.62311E-02  5.36227E-02  5.72919E-02  5.80494E-02  5.78644E-02  5.87178E-02  6.14271E-02  6.49450E-02  6.64276E-02  6.20680E-02  4.84244E-02  2.38150E-02 -1.06709E-02 -5.08923E-02 -9.02699E-02 -1.21219E-01 -1.37083E-01 -1.34040E-01 -1.12407E-01 -7.68378E-02 -3.52527E-02  3.26467E-03  3.09651E-02  4.35032E-02  4.08788E-02  2.69600E-02  7.83705E-03 -1.03046E-02 -2.29709E-02 -2.82050E-02 -2.63581E-02 -1.91348E-02 -8.51746E-03  3.89820E-03  1.69699E-02  2.96928E-02  4.09423E-02  4.96372E-02  5.53543E-02  5.90426E-02  6.32957E-02  7.17851E-02  8.78800E-02  1.12971E-01  1.45280E-01  1.79834E-01  2.09777E-01  2.28581E-01  2.32274E-01  2.20720E-01  1.97444E-01  1.68105E-01  1.38349E-01  1.11983E-01  9.02297E-02
  9.71582E-02  7.42852E-02  4.99764E-02  2.63401E-02  6.28276E-03 -7.50424E-03 -1.36046E-02 -1.24685E-02 -6.25642E-03  1.98097E-03  9.41371E-03  1.43575E-02  1.66550E-02  1.74053E-02  1.81907E-02  2.01172E-02  2.30204E-02  2.51160E-02  2.32456E-02  1.37087E-02 -6.48551E-03 -3.82721E-02 -7.95223E-02 -1.24811E-01 -1.66241E-01 -1.95272E-01 -2.05122E-01 -1.92963E-01 -1.61101E-01 -1.16592E-01 -6.93019E-02 -2.90287E-02 -2.70827E-03  7.29586E-03  3.24883E-03 -9.43500E-03 -2.44787E-02 -3.68444E-02 -4.38555E-02 -4.50922E-02 -4.14156E-02 -3.38389E-02 -2.29091E-02 -8.86057E-03  7.72010E-03  2.53014E-02  4.14325E-02  5.35445E-02  6.01841E-02  6.20068E-02  6.19028E-02  6.40399E-02  7.21699E-02  8.79564E-02  1.10114E-01  1.34777E-01  1.56937E-01  1.72270E-01  1.78529E-01  1.75928E-01  1.66461E-01  1.52608E-01  1.36165E-01  1.17748E-01  9.71582E-02
  1.04378E-01  7.94195E-02  4.94494E-02  1.93248E-02 -6.08813E-03 -2.36154E-02 -3.26654E-02 -3.50018E-02 -3.36485E-02 -3.15389E-02 -3.05240E-02 -3.10671E-02 -3.25648E-02 -3.39853E-02 -3.44957E-02 -3.39061E-02 -3.29261E-02 -3.32743E-02 -3.75885E-02 -4.89786E-02 -7.00897E-02 -1.01781E-01 -1.41868E-01 -1.84596E-01 -2.21430E-01 -2.43235E-01 -2.43266E-01 -2.19819E-01 -1.77357E-01 -1.25434E-01 -7.56766E-02 -3.79719E-02 -1.74195E-02 -1.32717E-02 -2.01940E-02 -3.11131E-02 -4.02404E-02 -4.48943E-02 -4.54543E-02 -4.37844E-02 -4.12164E-02 -3.73160E-02 -3.01008E-02 -1.74957E-02  9.23565E-04  2.30100E-02  4.45782E-02  6.11810E-02  7.01963E-02  7.20932E-02  7.01843E-02  6.89887E-02  7.20721E-02  8.04886E-02  9.25891E-02  1.05195E-01  1.15402E-01  1.21986E-01  1.25642E-01  1.28028E-01  1.30221E-01  1.31562E-01  1.29602E-01  1.21228E-01  1.04378E-01
