# Postprocessed output from file: /home/jose/RUNS/marconis/lhdis_0111/flsurf_phi.dat
# Time average interval         : 100000	500000
# load_s0, nchi, nphi, nfp
#
0.640625
65
65
10
0.600171485579	0.439836369617	0.257412206735	0.0536339770206	-0.169867381011	-0.410584768171	-0.665232287517	-0.929904791936	-1.2002770961	-1.4718228645	-1.74002781706	-2.00058324642	-2.24954312472	-2.48344258112	-2.69937248547	-2.89501260893	-3.06863704421	-3.2190824135	-3.34570720999	-3.44832360191	-3.52712932019	-3.58262746645	-3.61554502458	-3.62675103201	-3.61717250669	-3.58773586934	-3.53928563874	-3.47254387857	-3.38808911531	-3.28632775653	-3.16752397688	-3.03184142198	-2.87939637433	-2.71035890755	-2.52504676335	-2.32404502894	-2.10830256271	-1.87923244414	-1.63878450527	-1.38945856504	-1.13430436031	-0.876850076411	-0.620987430142	-0.370817771394	-0.13045810872	0.0961720317995	0.305559211996	0.494790647085	0.661704105022	0.80498088423	0.924167574645	1.01961755767	1.09236249863	1.14391604053	1.17603722855	1.19047615541	1.18873096927	1.17184881361	1.14028966073	1.09387829301	1.03184441145	0.952947541709	0.855683807241	0.738521809679	0.600171485579	
0.721971395509	0.516520240394	0.292185479157	0.0510627508964	-0.203878762957	-0.468923142437	-0.73980269796	-1.01194029591	-1.28070075883	-1.54163084088	-1.79066052762	-2.02425069693	-2.23948323978	-2.43409171326	-2.60644289437	-2.75548432669	-2.88066252317	-2.98183478765	-3.05917954154	-3.11311755427	-3.14423910652	-3.15324856514	-3.14092402953	-3.1080755325	-3.05552612305	-2.98408480762	-2.89453454545	-2.78760723725	-2.6639936093	-2.52432173647	-2.36917888949	-2.19914655155	-2.0148117479	-1.81684981388	-1.60608440862	-1.38356542772	-1.15065384269	-0.909093815501	-0.661059721723	-0.409184113612	-0.156540131207	0.0934195589031	0.336970427324	0.570264051236	0.789510869956	0.991179333113	1.17219473408	1.33011585721	1.46326675004	1.57080874735	1.65273547263	1.70979168342	1.74331623126	1.75502722301	1.74677441396	1.72028327276	1.67693170985	1.61758257828	1.54249926226	1.45136072648	1.34335982769	1.21740805085	1.07237671634	0.907363073738	0.721971395509	
0.722837609941	0.482453704708	0.229077696507	-0.0340842198957	-0.303125777535	-0.573649798434	-0.841027043092	-1.10067386399	-1.34831303096	-1.58018862044	-1.79321900681	-1.98507371622	-2.15417311416	-2.29963125432	-2.42114839223	-2.51887343435	-2.59325949905	-2.64493339776	-2.67458904651	-2.68290058967	-2.67048402343	-2.63788474808	-2.58558550871	-2.51404293791	-2.42372524312	-2.31514864451	-2.18891752469	-2.04574236949	-1.88645568022	-1.71200841277	-1.5234591952	-1.32198207454	-1.1088509046	-0.885449472461	-0.653292318843	-0.414053695235	-0.169606784722	0.077936499706	0.32618880303	0.572475072993	0.813840732218	1.04709516342	1.26890050043	1.47588308266	1.66479380388	1.83266901914	1.97700345907	2.09590102357	2.18818200128	2.25344216407	2.29202922194	2.30495861055	2.29375126956	2.26022745473	2.20626789456	2.13358681554	2.04353565671	1.93698115165	1.81426757478	1.67527250291	1.51955860679	1.34659553648	1.15601208131	0.947858266081	0.722837609941	
0.62415759782	0.363897396908	0.0983526624867	-0.16863561362	-0.432782361892	-0.689610203847	-0.9347311268	-1.16412130833	-1.3743546807	-1.5627708625	-1.72756388339	-1.86777844235	-1.98323191319	-2.07437857337	-2.14211424133	-2.18758668345	-2.21200454857	-2.21647752245	-2.20190567931	-2.16891109835	-2.11783997177	-2.04880218356	-1.96175261843	-1.85659622189	-1.73330081428	-1.59200564889	-1.43310637023	-1.2573155244	-1.06569031938	-0.85962521184	-0.640821664151	-0.411233007264	-0.17300908716	0.0715689182097	0.320138075735	0.570283761649	0.819559113323	1.06547964608	1.30551582588	1.53707359912	1.75749484449	1.96406385069	2.15405480685	2.32479779974	2.47377550312	2.59875228834	2.69789688052	2.76990280937	2.81408417047	2.83042402432	2.81955771436	2.78270319855	2.72151932605	2.63792647368	2.53389963315	2.41127153508	2.27157439258	2.11594637804	1.94512141705	1.75950565105	1.55933918791	1.34490152222	1.11674674221	0.875927866484	0.62415759782	
0.456875541982	0.19468765929	-0.0644179118842	-0.3165334773	-0.557566193416	-0.783496074741	-0.9906434658	-1.17591647299	-1.3370001439	-1.47247576618	-1.58184231375	-1.66545244223	-1.7243754678	-1.76018250856	-1.77471587606	-1.76984698273	-1.74725728636	-1.70826668898	-1.65372707917	-1.58398965068	-1.49893987823	-1.39810294491	-1.28079296611	-1.14629241139	-0.994039492309	-0.82380316588	-0.635818622872	-0.430881331562	-0.210390599411	0.0236734243321	0.268816539128	0.522135581836	0.780452445041	1.04045622657	1.29883492876	1.55238454222	1.7980896955	2.03316725332	2.25506778387	2.4614629523	2.65020599507	2.81929544124	2.96685379404	3.09112695847	3.19051700294	3.26363500287	3.30940254191	3.32713447372	3.31662662318	3.27822017395	3.2128094311	3.1218054699	3.00703631565	2.87060456629	2.71472095196	2.54152960576	2.35297964218	2.15073112052	1.93615186268	1.7103860375	1.47447495054	1.22954299961	0.976983298479	0.718632475383	0.456875541982	
0.25836055689	0.0126661060728	-0.222113035331	-0.442523782488	-0.645128658377	-0.826737143886	-0.984643781702	-1.11683145526	-1.22212674932	-1.30026955308	-1.35188796973	-1.37840282116	-1.38183789536	-1.36457172375	-1.32907648586	-1.27764956389	-1.21218013786	-1.13397922496	-1.04368566006	-0.941259775048	-0.826063774804	-0.697019303673	-0.552821102203	-0.392187431171	-0.214110789263	-0.0180932181743	0.195667235839	0.426156149937	0.671492828108	0.928975187361	1.19518319886	1.46614850195	1.73757852983	2.00507944689	2.26438799027	2.51156311466	2.74313088753	2.95616895439	3.14832473363	3.31777786782	3.46315373763	3.5834240972	3.6777951937	3.74562681655	3.78637882426	3.79961446006	3.78505077522	3.74263099176	3.6726262466	3.57572199299	3.45307577209	3.30632662065	3.13754597718	2.94913693426	2.74369372154	2.52384975903	2.29213679975	2.05088775295	1.8021987268	1.54795488759	1.28992188479	1.02987021275	0.769725723764	0.511698446066	0.25836055689	
0.0685061369148	-0.144160512869	-0.339604316499	-0.515197328235	-0.668433003988	-0.797118026406	-0.89957156463	-0.97479380394	-1.02259339999	-1.04362390049	-1.03934098244	-1.01188459454	-0.963869008231	-0.898131860223	-0.817449216923	-0.724267477763	-0.620472073637	-0.507219797926	-0.384862404662	-0.252965660596	-0.110425262098	0.0443300886865	0.213074855152	0.397482953792	0.598813838929	0.817633813787	1.05359834815	1.30529962573	1.57023012141	1.84484628343	2.12471688181	2.40478189777	2.67964550017	2.94390793876	3.19248686636	3.42089127178	3.6254312004	3.80332454692	3.95271672851	4.07260153446	4.16266871141	4.22311869515	4.25444528941	4.25726539827	4.23219219618	4.1797816806	4.10054904853	3.99504667724	3.86399882793	3.70842585489	3.52976232321	3.32991818139	3.11127819056	2.8766339048	2.6290557094	2.37173712822	2.10783061206	1.84031783698	1.57192101186	1.30507910088	1.04199868338	0.784732912385	0.53530273376	0.295808219472	0.0685061369148	
-0.0743759802704	-0.241341236687	-0.386934582236	-0.509515433191	-0.607571229231	-0.67987173689	-0.725635847981	-0.744672951894	-0.737491496716	-0.705331262626	-0.650114242857	-0.574323771958	-0.480802354415	-0.372505909989	-0.252233178102	-0.122361618662	0.0153733381724	0.160030008968	0.311522489533	0.4705799917	0.638606115451	0.817448292607	1.00908857209	1.21531061583	1.43734572791	1.67556643138	1.92923319453	2.19635471388	2.47365955051	2.75668281016	3.03999835748	3.31752596941	3.58293431613	3.83005479322	4.05329096787	4.24796723599	4.41055805729	4.5388320761	4.63181541064	4.68965542346	4.71339733244	4.70467263436	4.66540325048	4.59752781903	4.5028164037	4.38277080727	4.23864023872	4.07152584971	3.88254580338	3.67302463337	3.44466477039	3.19965485189	2.94070792407	2.67100376526	2.39406011254	2.11355567884	1.83312421502	1.556183466	1.28579842818	1.02461784374	0.774882557566	0.538491995938	0.317115025858	0.11230946191	-0.0743759802704	
-0.137332041699	-0.251066919768	-0.341652081635	-0.408382658661	-0.450616805997	-0.467895676408	-0.46009031204	-0.427530665966	-0.371100887991	-0.29228063465	-0.193106489158	-0.0760645675066	0.0560876280778	0.200544546341	0.354700775621	0.516392865958	0.684096622562	0.857065624747	1.03537619144	1.21987224768	1.41200609073	1.61359029841	1.82648229129	2.0522182822	2.29165140198	2.54464014299	2.8097985801	3.08436264509	3.36419193951	3.6439229555	3.91724996453	4.17731529293	4.41719665768	4.63039083776	4.81128855519	4.95555297705	5.06037248343	5.1245427042	5.14839499016	5.13356849326	5.08267439464	4.9988952849	4.88558464073	4.74593819807	4.5827526592	4.3983291149	4.19450068828	3.97278079738	3.73458028198	3.48145049024	3.21530068425	2.93854213487	2.65413612404	2.36553336653	2.07652812177	1.79104384847	1.51289384902	1.24557112899	0.992078544853	0.754847638925	0.535734829281	0.336091206119	0.156889176728	-0.00113245199968	-0.137332041699	
-0.095901243514	-0.154457869681	-0.190259259745	-0.203315398356	-0.193594513276	-0.161128034173	-0.10613859801	-0.0291692125579	0.0688218300206	0.186412922323	0.321733219715	0.472549771888	0.636409568841	0.810834225501	0.993530881085	1.18260432724	1.37672823241	1.57525834253	1.77826756075	1.9864678262	2.201055016	2.42346054254	2.65501619274	2.89663108582	3.14841418293	3.40936617621	3.6772243829	3.94831828117	4.21763800143	4.47905875869	4.72568414828	4.95031731688	5.1459893873	5.30650394952	5.42692064457	5.50392120916	5.53602721165	5.52359057934	5.46862824221	5.37450925248	5.24548791236	5.08623540032	4.901368404	4.69508551102	4.47093505098	4.23173356111	3.97964868061	3.7163974218	3.4435169115	3.16265179533	2.87579462898	2.58543893045	2.29461628834	2.00681546096	1.72580584324	1.45539309517	1.19916317567	0.960251627756	0.741173748429	0.543751502776	0.369123509617	0.217841724684	0.0900231558265	-0.0144776862358	-0.095901243514	
0.0638862419983	0.0572284351847	0.0712653015249	0.105598220018	0.159973541945	0.234185654007	0.327948955064	0.440774558454	0.571868165674	0.720068306572	0.883844681876	1.06135465552	1.25055274168	1.44934900607	1.65578157804	1.8681896185	2.08535622102	2.30659283808	2.531748256	2.76113673153	2.99537803642	3.23514096651	3.48085804272	3.73242216189	3.98884153893	4.24802943356	4.50666074545	4.76013006142	5.00272017189	5.22784650216	5.42851103339	5.59781913101	5.72950356432	5.81847513701	5.86128648114	5.85638370552	5.8042136411	5.70715594899	5.56917101601	5.39537982096	5.19155639113	4.96355999044	4.71687555725	4.456265845	4.18557841959	3.90774554545	3.62492614491	3.33876747167	3.05071764745	2.76233037459	2.47550205208	2.19260226029	1.91647898663	1.65034633098	1.3975800028	1.16146493335	0.944939438358	0.750383848329	0.579484312087	0.433187849324	0.311752059402	0.214873843857	0.141863612842	0.0918353944417	0.0638862419983	
0.344917718032	0.382730901256	0.438187707998	0.510858274303	0.60053428269	0.707117478268	0.830499931158	0.970433165165	1.12642053623	1.29765349947	1.48298751135	1.68097994072	1.88997327505	2.10821200135	2.33398093305	2.56574280505	2.80222925722	3.04252398432	3.28601722667	3.53234976356	3.78125340664	4.03230295274	4.2847072553	4.53702265892	4.78693672354	5.03112760326	5.26520522788	5.48379811053	5.68080404747	5.84972070374	5.98414523605	6.07828193404	6.12746537583	6.12863725351	6.0806321877	5.9843446985	5.84265818966	5.66019023151	5.44284407649	5.19727895158	4.93034539244	4.64853701533	4.35758034059	4.06216659759	3.76587242639	3.47125026731	3.18005719525	2.89356848364	2.61290787059	2.33933747255	2.07445623875	1.8202823295	1.57921057013	1.35386540353	1.14688786274	0.960694600978	0.797257634367	0.657940326879	0.54341831632	0.453688559837	0.388158647933	0.345802194083	0.325345652556	0.325458091037	0.344917718032	
0.7398175239	0.812000376266	0.898484315353	0.999139213885	1.11407583503	1.24352303998	1.38770548606	1.54670396211	1.72034844028	1.90815206996	2.10928139322	2.32258691342	2.54665415705	2.77990201995	3.02068630143	3.26740302492	3.51854161148	3.77272347138	4.02865692256	4.28505805412	4.54051591956	4.79328466841	5.04112670198	5.28113717307	5.50962829181	5.72210473914	5.913344631	6.07762232774	6.20901509446	6.30184937	6.35116720973	6.35319881951	6.30582419907	6.20881254667	6.06396903725	5.87510225181	5.64771443455	5.38855898815	5.10512092581	4.80502601671	4.49546162413	4.18274848806	3.87204651569	3.56723165181	3.27097347516	2.98494064191	2.71011264155	2.44712133948	2.19656537664	1.95924930083	1.73631130083	1.52923536343	1.33975806721	1.16969417646	1.02072961266	0.894219509204	0.791026726928	0.711429161158	0.655106732386	0.621208745657	0.60848201393	0.615440174112	0.640548302055	0.682393221458	0.7398175239	
1.2325748037	1.32791599256	1.43451653458	1.55279874886	1.68338682573	1.82697486398	1.98417842241	2.15539827977	2.34072046645	2.53984809609	2.75208108192	2.97633973415	3.21121791873	3.45505981351	3.7060388662	3.96222871672	4.22164171344	4.48220486171	4.74175044346	4.99790336431	5.2479554897	5.48877535968	5.71668917204	5.92742606509	6.11614028348	6.27753581666	6.40609483932	6.49638457172	6.5434779091	6.54342240896	6.49360488152	6.39319173786	6.24335237856	6.04726570608	5.81005753294	5.53846281616	5.24032755942	4.92402314567	4.59784639982	4.26945016535	3.94538974617	3.63084832787	3.3295376149	3.0437915004	2.77480204548	2.52294927134	2.28817013815	2.07029099748	1.86929064807	1.68545093032	1.51938991261	1.37199737557	1.24428619336	1.13720144183	1.05144072507	0.987302872419	0.944596195412	0.922624871824	0.920246380752	0.935988171264	0.968208208001	1.01527229666	1.07572055866	1.1484035673	1.2325748037	
1.80146791131	1.90905648104	2.02559138307	2.15218998054	2.29009657457	2.44050636241	2.60439821302	2.78240432892	2.97470621746	3.18098527375	3.40041044155	3.63167580647	3.87306532068	4.12251716283	4.37770968424	4.63610815885	4.89497568362	5.15138198842	5.40212738106	5.64370285464	5.87218627567	6.08320891871	6.27196328542	6.43324002789	6.56162784622	6.65173414478	6.69856196209	6.69789349254	6.64673441986	6.54373662541	6.3894768009	6.18666244168	5.94012400083	5.65658522992	5.34424172499	5.01221754658	4.66989714984	4.32625287902	3.98926124854	3.66545139831	3.35965984631	3.07498230493	2.81293314989	2.57375049376	2.35679719849	2.16098080306	1.98513167231	1.82829823386	1.68990608407	1.56979641569	1.46816513026	1.38540211564	1.32189402606	1.27784079798	1.25309979915	1.2470873661	1.25876615202	1.28669517262	1.32916598298	1.38435971367	1.45052666843	1.52617276088	1.61019619837	1.70198815233	1.80146791131	
2.41980608326	2.53001099783	2.64779968977	2.77503656893	2.91357989859	3.06507155013	3.23075304924	3.41132380605	3.60684129265	3.81668941018	4.0395918348	4.27365255511	4.51648344995	4.76524857254	5.01677492454	5.26763447347	5.51413594646	5.7523663578	5.9781198577	6.18691352054	6.37394662502	6.53410892655	6.6621121817	6.75265250259	6.80066667565	6.80170659058	6.7523368926	6.65056133006	6.49621878837	6.29125231958	6.03986710181	5.74843721902	5.42522377184	5.07988536482	4.72279320771	4.36430766948	4.0140291216	3.68015475035	3.36902536401	3.08488884553	2.82992066225	2.60444889096	2.40736654645	2.2366298319	2.08976809403	1.96434285769	1.85828771523	1.77010240917	1.69890680674	1.64433815031	1.60638958478	1.58517781562	1.58069269338	1.59263096161	1.62026600691	1.66240444713	1.71743887495	1.78347139385	1.85849910709	1.94061395359	2.02820488635	2.12013979879	2.21587487844	2.31551777206	2.41980608326	
3.05995260082	3.16513355825	3.27753656828	3.39970269469	3.53400731833	3.68240090082	3.8462109119	4.02597973309	4.22136931408	4.43115816266	4.6532602815	4.8848262955	5.1223887134	5.36197535426	5.59926816484	5.82969775842	6.04853278216	6.25093409246	6.43196721226	6.58663865323	6.70992670136	6.79689203645	6.84281819135	6.84346341236	6.79535591346	6.69617646493	6.5451357494	6.34331302452	6.09394401765	5.80248889592	5.47654936791	5.12554255986	4.76014835616	4.39160877338	4.03090474535	3.68797184436	3.3710061633	3.08597436931	2.83639961	2.62339206191	2.44595246138	2.30146437452	2.18629012048	2.09638559922	2.0278497529	1.97735185469	1.9423617958	1.92124039712	1.91314311249	1.91781654856	1.93533289102	1.96578158547	2.00903742276	2.06456965697	2.13134882264	2.2078612323	2.29222013476	2.38235243613	2.47621366065	2.57203024245	2.6685193622	2.76505614254	2.86176409566	2.95953559988	3.05995260082	
3.69171466102	3.78650847125	3.88906013108	4.00240744785	4.12924153267	4.27160410824	4.43065434254	4.60651052915	4.79814643749	5.00338345458	5.21899409788	5.44080325549	5.66394793393	5.88302571889	6.09237541068	6.28627520053	6.45906860536	6.60535756348	6.72005158605	6.79849418637	6.83650820209	6.83053923486	6.77779454963	6.67645050042	6.52590073065	6.3270329937	6.08247919618	5.79678877222	5.47651045266	5.13005997536	4.76739325506	4.39950534385	4.03772623271	3.69292306841	3.37471943425	3.09080608144	2.84644533299	2.64425291592	2.48423746236	2.36412451341	2.27989579649	2.22643724983	2.19822192402	2.18994258694	2.19699547413	2.21580533893	2.24393290825	2.28003325165	2.32363615245	2.37484839528	2.43404761622	2.50151631912	2.57721911376	2.66063492654	2.75069734885	2.84585402331	2.94421393437	3.04378380981	3.14271228381	3.23955187418	3.33348284023	3.42445691778	3.51328072992	3.601587681	3.69171466102	
4.28577596677	4.36706936516	4.45729603071	4.5597067755	4.67700266361	4.81100999971	4.96242666826	5.13061608385	5.31354904424	5.50780595649	5.70869637849	5.91049431227	6.10675828338	6.29059462915	6.45509782403	6.59365690019	6.70020746748	6.76952913417	6.79736101752	6.78055867942	6.71712410998	6.60628588434	6.44853417392	6.24568126225	6.00092515147	5.71893120581	5.40585652208	5.06930475768	4.71818435882	4.36240901757	4.01243997306	3.67870705905	3.3709430654	3.09749698807	2.86474355093	2.67665227552	2.53460033862	2.43742068207	2.38170274644	2.36232844446	2.37309906116	2.40741144586	2.45891031473	2.52200549952	2.59223140784	2.66642883946	2.74272834667	2.82038305429	2.89950938231	2.98070533889	3.06472925934	3.15218631341	3.24326488679	3.33763393352	3.43440960703	3.53225032686	3.62952865673	3.72457636787	3.8159477958	3.90266904967	3.98446083101	4.06186337016	4.13628409309	4.20995602545	4.28577596677	
4.81376386428	4.88044778443	4.95748679424	5.04795303718	5.1541638465	5.27735814324	5.41740032712	5.57259456204	5.73962354049	5.91358920058	6.08825570324	6.25632474691	6.40986145773	6.54086656857	6.64168039883	6.70551046771	6.72685820634	6.70179026453	6.62815839273	6.50565696748	6.33579631206	6.12178338774	5.86835825715	5.58159376808	5.26869518025	4.93779205413	4.59771911475	4.25776771673	3.92738308653	3.61581658469	3.33169036501	3.08252869661	2.87432705719	2.71115721302	2.59490422512	2.52517836846	2.49941533608	2.5131489198	2.56048973644	2.63466690883	2.7286039995	2.83552284462	2.94938170774	3.06525818037	3.17953781809	3.28994462539	3.39544975403	3.49603709696	3.59239127014	3.68559325266	3.77678792964	3.86687395872	3.95636321266	4.04525541097	4.13303355999	4.2187964586	4.30142197419	4.37979236706	4.45303865318	4.52077557672	4.58328490658	4.64162283158	4.69766167901	4.75398970244	4.81376386428	
5.24737262956	5.2995662492	5.36327168838	5.44090207024	5.53393642884	5.64258184902	5.7655035339	5.89969270195	6.04040207688	6.18125604767	6.31466588364	6.4321546055	6.52494329253	6.584724049	6.60411355337	6.57735678927	6.50079822727	6.37311608635	6.19553200219	5.97170055272	5.70749248942	5.4106230288	5.09018407294	4.75614199917	4.41883184164	4.0884836244	3.7748121722	3.48664113513	3.23160787794	3.0159232254	2.84415401317	2.71906580234	2.64153964188	2.61058660378	2.62345003837	2.67581186941	2.76207964828	2.87579256813	3.01003371817	3.15786706663	3.31274695842	3.46889339856	3.62152099514	3.76704467867	3.90310312276	4.02850599261	4.14309450064	4.24750494017	4.34290275393	4.43069203627	4.5123063087	4.58893363961	4.66142349369	4.73020785384	4.79531134875	4.85646927785	4.91325670473	4.96527589726	5.01238118508	5.05481656953	5.09339759269	5.12959203364	5.16548404182	5.20372959478	5.24737262956	
5.5606463852	5.59874346379	5.64865677618	5.71159969408	5.78771762463	5.87579313183	5.97302909542	6.07499017756	6.1756401532	6.26756046431	6.34241866229	6.39151539524	6.40644148178	6.37986197615	6.30616494648	6.18207170289	6.00707805489	5.78362805239	5.51710534928	5.21554087631	4.88911411735	4.5494935284	4.20907133489	3.88017092795	3.57431255951	3.30158528209	3.07016648648	2.88602826094	2.75279371707	2.67175980219	2.64207477669	2.66097819061	2.72412267961	2.82593909987	2.96001587809	3.11946162639	3.29725059521	3.48653034468	3.68088185504	3.8745447714	4.06257494749	4.24097531315	4.40676648757	4.55796837823	4.6935777279	4.81343981041	4.91814198663	5.00879432936	5.08683143841	5.15386822435	5.21148857661	5.26111269875	5.30394775575	5.34092777242	5.37271650672	5.39981778923	5.4226262704	5.44158364564	5.4573221185	5.47073459131	5.48308139891	5.49605555922	5.51172096964	5.53242383263	5.5606463852	
5.72619266257	5.74969636827	5.78391384824	5.82834865099	5.88139723072	5.94015843993	6.00038524043	6.05643264009	6.10152443784	6.12815416134	6.12842798056	6.09485458411	6.02099953694	5.90214271847	5.73594071709	5.5228706019	5.26649403347	4.97345476952	4.6532007966	4.31745540597	3.97946798553	3.65309135117	3.35182411034	3.08786380866	2.87130180325	2.70952687298	2.60687151416	2.56454642931	2.58083722434	2.65148131258	2.77021187616	2.92939033181	3.12061486273	3.33529343569	3.5651105436	3.80237960438	4.04029322802	4.27302136193	4.49578055707	4.70482095981	4.89735421382	5.07148266075	5.22611562618	5.3608730514	5.47598958017	5.57219014035	5.65058591882	5.7125536965	5.75966224998	5.79356106572	5.81590072266	5.82827325975	5.83220542652	5.82913708568	5.82040492137	5.80730927233	5.79112778362	5.7731857161	5.75485464706	5.7376402286	5.72313592921	5.7130379256	5.70911752514	5.71301682252	5.72619266257	
5.71778532075	5.72429084468	5.73866086548	5.75836191638	5.77985100363	5.79861451151	5.80928999678	5.80577215029	5.78160234741	5.73048720929	5.64660651068	5.5253773399	5.36395357508	5.16170198945	4.92064938617	4.64563806573	4.34433567812	4.02696051698	3.70577503969	3.39432619868	3.10655740149	2.85579471768	2.65375937482	2.50969206001	2.42970944526	2.41642569841	2.46890928907	2.58295546415	2.75159385156	2.96582180634	3.21539565668	3.48961252955	3.77804933345	4.07110233571	4.36039902888	4.63903574463	4.90161751203	5.14419670717	5.36417261175	5.56004083671	5.7312214657	5.87787086101	6.00059687215	6.10042890723	6.17859989195	6.2365070481	6.27561969497	6.29742570695	6.30349557775	6.29540129865	6.2747586641	6.24325613882	6.20267669922	6.15487564573	6.10184735292	6.04561729498	5.98829492418	5.93203004495	5.87889053741	5.83085844337	5.78971586714	5.75697263229	5.73375651032	5.72069462128	5.71778532075	
5.50857064005	5.49381719888	5.48243888332	5.46985399721	5.45082238927	5.41972637515	5.37083940404	5.29875032127	5.19872663048	5.06716018156	4.90195921496	4.70289760514	4.47191185453	4.2132568558	3.93353316492	3.64154180903	3.34795620042	3.06481946185	2.80487068644	2.58072520808	2.40401374778	2.28451939161	2.22940864326	2.24267504826	2.32483240836	2.47291146402	2.68076197621	2.93962041019	3.23882281574	3.56663564987	3.91110036474	4.26074983774	4.60521799093	4.93568036158	5.24507269102	5.52819850303	5.78163736252	6.003582218	6.19358429625	6.35222263213	6.4809068312	6.58145905933	6.65597727381	6.70659746184	6.73534091273	6.74411457978	6.73459860143	6.70832435072	6.6667365278	6.61128702763	6.54345019755	6.46491014765	6.37758348752	6.28364541778	6.18556825456	6.08600758864	5.98777704502	5.89366677421	5.80632275319	5.72806249534	5.66067128385	5.60524334622	5.56204690612	5.53039866047	5.50857064005	
5.07701897796	5.0357908704	4.99258681748	4.94120702703	4.8753864692	4.78922676199	4.67788153233	4.53785241331	4.36749814354	4.16728473248	3.93989683288	3.69027429959	3.42544272692	3.15425446468	2.88697304263	2.63478968633	2.40923400732	2.2215463615	2.08201192117	1.99932065884	1.97998136392	2.02783294727	2.14375083434	2.32554126291	2.56805175753	2.86353371245	3.20214452111	3.57262023085	3.96296386315	4.36113363499	4.75570830165	5.13636277914	5.49430608415	5.8225688969	6.11602363055	6.37146516666	6.58746207068	6.76412154658	6.90284368237	7.00591473013	7.07627946599	7.11715590728	7.13176994955	7.12311680285	7.09388051457	7.04632862587	6.98229247384	6.90328774434	6.81060503288	6.70548275793	6.58921922485	6.46337326023	6.32985478286	6.1909779805	6.04948111517	5.90844593917	5.77116212005	5.64090487087	5.52066865023	5.41290999335	5.31926353463	5.24026913668	5.17518844133	5.12193668373	5.07701897796	
4.41316255416	4.34188526272	4.26374706736	4.1717385646	4.05951491613	3.92210419193	3.75664084164	3.56273699256	3.34279096025	3.10199734144	2.84808564333	2.5908742288	2.34162746098	2.11232884785	1.91489682634	1.76043354988	1.65855354985	1.61683381132	1.64041241709	1.73174330048	1.89052157976	2.11373673183	2.39591774281	2.72946382577	3.10506444063	3.51223436475	3.93976861052	4.37629869466	4.81074671047	5.23266480319	5.63269701145	6.00278530308	6.33639973713	6.62873920971	6.87670649837	7.07895338498	7.23572733952	7.34867722047	7.42063468586	7.45524126063	7.45650829266	7.42869552889	7.37591166162	7.30183927841	7.20965362183	7.10189656784	6.98056071943	6.84712113174	6.70271713407	6.54835084454	6.38505785316	6.21414987085	6.03741092852	5.85708043432	5.67591528679	5.49715931921	5.3243076854	5.16085745473	5.00994412228	4.87399216558	4.75435438747	4.65095902876	4.56213855376	4.48452432507	4.41316255416	
3.5267330503	3.42631352415	3.31606716139	3.18925009009	3.04059170286	2.86717256769	2.66900709507	2.44947138326	2.21523561999	1.97592408551	1.74344061179	1.53101296303	1.3521390026	1.21948557551	1.14389634261	1.13359991585	1.193686588	1.3258943078	1.52866770819	1.79748402351	2.1253221644	2.50328797953	2.92118219509	3.36812261816	3.83300886358	4.3049541674	4.77355644761	5.22910471151	5.66279238584	6.06678683006	6.43433349696	6.75993549481	7.03940098742	7.26999606192	7.45042258276	7.58093705986	7.66308595773	7.69971326584	7.69475298034	7.65268329028	7.57840755264	7.47687191437	7.35283551452	7.21049003801	7.05342222686	6.88441304845	6.70555955543	6.51837033858	6.32379999803	6.12265318041	5.91567206854	5.70384931604	5.48865032863	5.27204602222	5.05662696623	4.84550228823	4.64210479529	4.44987313661	4.27188464752	4.11040369442	3.96644593744	3.83941077834	3.72689057926	3.62460944348	3.5267330503	
2.45585638001	2.33371171987	2.20183922398	2.05493858027	1.88990048829	1.70662013187	1.5085002873	1.30252267495	1.09891601315	0.910384787777	0.751019030681	0.635006143652	0.575288650096	0.582352456072	0.663282908358	0.821204356422	1.05514552274	1.36031712943	1.7287253199	2.14997925842	2.61222443921	3.10295577527	3.6098263109	4.12110488624	4.62605159351	5.11511620871	5.57989667053	6.01316958705	6.40878284669	6.76155304338	7.06733534757	7.3230126153	7.52649697308	7.67690074595	7.77449848366	7.82080541302	7.81854234811	7.77136374965	7.68389907946	7.56131497968	7.40901714155	7.23249249667	7.0368269057	6.82660913081	6.60572424328	6.3771609034	6.14313674556	5.90517612255	5.66417472086	5.42072702835	5.17532443979	4.92861966769	4.68165950479	4.43602093896	4.1939183938	3.9581029006	3.73169247385	3.51786657254	3.31943033059	3.13834314272	2.97526255019	2.82918255471	2.69723291983	2.57479258505	2.45585638001	
1.26633377181	1.13673874867	1.0011394551	0.856719626099	0.7032953632	0.543906693628	0.385010011311	0.236237833637	0.109694614723	0.0188869270268	-0.02260911844	-0.00256384561853	0.0885979817476	0.256764997953	0.503535369483	0.82608617333	1.2175448997	1.66771404085	2.16407885711	2.69288169665	3.24008015102	3.79228711243	4.33718269894	4.86401041584	5.36368471999	5.82858770283	6.25263942925	6.63106954722	6.96013825607	7.23699062362	7.45981217778	7.62756594989	7.7399877569	7.79788507775	7.80293588966	7.75769373054	7.66576782897	7.53157207679	7.36015063914	7.15704864351	6.92797690087	6.67856503072	6.41411650497	6.13942606437	5.85851621283	5.57456348919	5.29000741952	5.00635359222	4.72460892692	4.44527476893	4.16864626124	3.89517055891	3.62545413309	3.3607071321	3.10259323132	2.85334913796	2.61556846027	2.39185457921	2.18447718112	1.99486220625	1.82319831746	1.66812907546	1.52669245151	1.39451734659	1.26633377181	
0.0448577840162	-0.0732886175021	-0.19020095736	-0.305493445042	-0.416189226251	-0.516507640758	-0.598013773972	-0.650203955661	-0.66141989707	-0.620042387243	-0.515779396359	-0.340881215092	-0.091109112633	0.233685386502	0.629442076531	1.08823657728	1.59901838017	2.1485406268	2.7224815924	3.30638150974	3.8864427361	4.45025453309	4.98694201929	5.48749959981	5.94473995838	6.35305349903	6.70841041897	7.00799143947	7.25012023676	7.43401251431	7.55974916152	7.6280831162	7.64052393654	7.59935413904	7.5074277454	7.36836531379	7.18640071776	6.96648895051	6.71393991667	6.43429709221	6.13332991967	5.81659610937	5.48939364672	5.15651219977	4.82203067082	4.48934047555	4.16105461286	3.83894370925	3.52421329999	3.21754957592	2.9193339646	2.62991154579	2.3496923585	2.07945126425	1.82029320182	1.5736834601	1.34129432785	1.12473780279	0.925257959704	0.74336857621	0.578588738219	0.429311147492	0.29287869774	0.165912812379	0.0448577840162	
-1.11647481887	-1.20300445349	-1.27825751226	-1.33852226991	-1.37814836051	-1.38971795247	-1.36454698616	-1.29341591591	-1.16751831488	-0.979461795465	-0.724211750758	-0.399828785886	-0.00788908247965	0.446459033882	0.954823002259	1.50617529175	2.08766453077	2.6855341061	3.28588484468	3.87547896754	4.44217841252	4.97538246607	5.46616697967	5.90729669162	6.29338895937	6.62061462896	6.88655559859	7.09009595561	7.23130714461	7.3111534261	7.33138259131	7.29443105682	7.20339905919	7.06177240621	6.87349672593	6.64312203537	6.37540009519	6.07538847326	5.74842321702	5.39992832897	5.03535472404	4.66000318466	4.27893615967	3.89685173135	3.51788812264	3.14566148707	2.78310823935	2.4325622337	2.09573355148	1.77381218276	1.46759906926	1.17755869832	0.904044509903	0.647305095492	0.407586198104	0.18510413797	-0.0200171655788	-0.207842946062	-0.378762633442	-0.533581125877	-0.673536140997	-0.800226708198	-0.915378127137	-1.02050882384	-1.11647481887	
-2.13948118553	-2.17671954657	-2.1910344158	-2.17602802173	-2.12453421379	-2.02913674834	-1.88280485048	-1.67957878498	-1.41525046085	-1.0879311872	-0.698440039298	-0.250452770496	0.249605804217	0.792898655791	1.36870398655	1.96501925172	2.5692372072	3.16873920941	3.75133639362	4.30587072265	4.82229620499	5.29202985383	5.70803899458	6.06483789846	6.35863733509	6.58711005752	6.74936286202	6.84583350935	6.87810875273	6.8486636079	6.76082638302	6.61853752732	6.42606996612	6.18803088615	5.90932009887	5.59497241288	5.24998307052	4.87939063937	4.4882988356	4.08172036151	3.66464355802	3.24198691743	2.81851892839	2.39881042137	1.98720658459	1.58770417612	1.20391678558	0.838988479924	0.495509047706	0.17549390092	-0.11968401153	-0.38933874203	-0.633471814377	-0.852749267026	-1.04847637399	-1.22247389744	-1.37695720365	-1.51435219173	-1.63708191166	-1.74732386654	-1.84677123068	-1.93635889177	-2.01604986838	-2.08461135435	-2.13948118553	
-2.97526626596	-2.95080304949	-2.89177864597	-2.79039002782	-2.63955143675	-2.43353048659	-2.1684807925	-1.84286069553	-1.45764300143	-1.01634544551	-0.524861115189	0.0088684377798	0.575286780766	1.16371743958	1.76284392682	2.36113045433	2.94729556007	3.51049493765	4.0407033576	4.52886843826	4.96707765168	5.34873697365	5.66861542198	5.92301840686	6.10965205994	6.22773567269	6.27789624155	6.26199281681	6.18302822463	6.04486929839	5.8521319618	5.60990778686	5.32342668406	4.99815716933	4.63951261251	4.25265430632	3.84261591673	3.4142265989	2.97214427263	2.5209109878	2.06505166324	1.60911716507	1.15772233614	0.715527202854	0.287279339979	-0.122305463397	-0.50871193664	-0.867741377255	-1.19579960184	-1.49011686263	-1.74903333061	-1.97220001205	-2.16069213879	-2.31701198136	-2.44489830267	-2.54898639745	-2.6343351535	-2.70585974042	-2.76775288017	-2.82295390556	-2.87273005238	-2.91642126045	-2.95137010006	-2.97302813	-2.97526626596	
-3.61052785312	-3.51852690613	-3.38206307744	-3.19356203474	-2.94757133377	-2.64125101949	-2.27464713442	-1.85067192822	-1.3748708216	-0.854979996618	-0.30039507194	0.278394537075	0.870341345043	1.46428836255	2.04929255437	2.61493572195	3.15142793576	3.64981939356	4.10206537706	4.50112851801	4.84118144425	5.1175635819	5.32691971328	5.46734734625	5.5382854913	5.54053701872	5.47624668278	5.3486462551	5.16202803588	4.92142328324	4.63232954831	4.30062907799	3.93224882385	3.53301690991	3.10842876782	2.66366116675	2.20355063229	1.7325791052	1.25503941472	0.775111855815	0.297066934936	-0.17463291199	-0.635251568014	-1.07966809007	-1.50248621262	-1.89818901567	-2.26129310892	-2.5868495905	-2.87076922717	-3.11032296815	-3.30459060783	-3.45468720346	-3.56389025839	-3.63743185943	-3.68204581178	-3.70528102499	-3.71464582152	-3.71671885725	-3.71632930855	-3.7159188984	-3.71516262966	-3.71091815136	-3.69745699575	-3.66701581839	-3.61052785312	
-4.06500298882	-3.9059051245	-3.69567379779	-3.42848435459	-3.10155389085	-2.7153806721	-2.2736548831	-1.78288460467	-1.25183407673	-0.690857075002	-0.111231814419	0.47543524715	1.05769745963	1.62462875153	2.16601019381	2.67257931918	3.13595916907	3.54887520921	3.90511356584	4.19956956081	4.42843342134	4.58902603622	4.68005303409	4.7015025139	4.65461597833	4.54188370571	4.36690229922	4.13419845952	3.84906960416	3.51735572832	3.14519156184	2.73880281888	2.30433659773	1.84761246342	1.3740458345	0.88865303543	0.396029228561	-0.0995345225873	-0.59389221725	-1.0828673936	-1.56206897288	-2.02672195532	-2.47161424987	-2.89105271508	-3.2790491997	-3.62960248349	-3.93706480594	-4.19676511241	-4.40548413815	-4.56204006189	-4.66768421013	-4.7262034171	-4.74381780866	-4.72864664783	-4.68995498462	-4.63714317581	-4.57868527309	-4.52111063103	-4.46819866944	-4.42046835391	-4.37506393897	-4.3259907926	-4.26475999558	-4.18129572361	-4.06500298882	
-4.37897535895	-4.15847988547	-3.88434058882	-3.55342263583	-3.16594938092	-2.72543558029	-2.23831552631	-1.71339828049	-1.16120732422	-0.59328396407	-0.0215673965579	0.542136344075	1.08656001952	1.60126812224	2.0768520847	2.50504528825	2.8788023928	3.1923388338	3.44116313212	3.62211291135	3.73332079031	3.77426175189	3.74570949779	3.64961964851	3.4890813099	3.26820284553	2.99189571251	2.66577803558	2.2958858509	1.88852759694	1.45011951069	0.986914211957	0.50493580712	0.00983948106251	-0.49312104425	-0.999073873082	-1.50345177708	-2.00185432201	-2.48988022282	-2.96296091825	-3.41619167029	-3.84430091966	-4.24161935894	-4.60228579628	-4.92051996416	-5.19103032649	-5.40959114184	-5.57354929222	-5.68236107895	-5.73791110467	-5.74464619039	-5.70942768853	-5.64102900981	-5.54937607241	-5.44456909032	-5.3358082214	-5.23036159902	-5.1327269762	-5.04406642625	-4.96201979075	-4.88093679189	-4.79245634387	-4.6864346186	-4.55205253125	-4.37897535895	
-4.60020735206	-4.32754603969	-4.00302451867	-3.62646970021	-3.20083491112	-2.7318601072	-2.22765677476	-1.69813251326	-1.15438672457	-0.608142566381	-0.0712163369294	0.444922833192	0.929516199832	1.37278351847	1.76615456602	2.10237971102	2.37566328098	2.58170646697	2.71770076505	2.78238490037	2.77590992606	2.69981063958	2.55689950526	2.35105549966	2.08709829846	1.77056228185	1.40750635861	1.00432455555	0.567567028163	0.103739971907	-0.380794450663	-0.879906822839	-1.38780840073	-1.89901998211	-2.40837812183	-2.91093941789	-3.40186931503	-3.87633542876	-4.32939346194	-4.75586013634	-5.15041428056	-5.507611386	-5.82212673887	-6.08909225113	-6.30448515941	-6.46559217856	-6.57140601222	-6.62301071801	-6.62371923797	-6.57907668634	-6.49656956144	-6.38515571946	-6.2545337541	-6.11429443321	-5.97300113896	-5.83731520143	-5.71129494363	-5.59589217003	-5.48884845693	-5.38486945636	-5.2761261923	-5.15316279721	-5.00579264634	-4.82425722875	-4.60020735206	
-4.77293094737	-4.45962383098	-4.09988542962	-3.69628876628	-3.25385704398	-2.77973765113	-2.28280795644	-1.7731950229	-1.26182300143	-0.759974344115	-0.278855078546	0.170764425796	0.578899183573	0.936641881611	1.23639988417	1.4720654152	1.63915938968	1.73489915264	1.75819955745	1.70962057097	1.59127396352	1.40665554192	1.16043946279	0.858245701379	0.506379757843	0.111572551082	-0.319221032739	-0.779045142149	-1.26111134589	-1.75885371488	-2.26604046529	-2.77675541041	-3.2853720949	-3.78650773388	-4.274890618	-4.74531762437	-5.19255583741	-5.61126716492	-5.99613445448	-6.34183928327	-6.64336089666	-6.89628386934	-7.09707661097	-7.24358421579	-7.33527298256	-7.37354147054	-7.36183760584	-7.30552644664	-7.21167218058	-7.08860438803	-6.94532186961	-6.79082473131	-6.63339224434	-6.47989102762	-6.33516733833	-6.20160680382	-6.07888049071	-5.96395942831	-5.85137086105	-5.73373536876	-5.60245353394	-5.44849244806	-5.26338330072	-5.0399333755	-4.77293094737	
-4.9296509474	-4.58825541959	-4.20855402228	-3.79529875525	-3.3549271804	-2.89534114789	-2.42555997228	-1.95539736643	-1.49515031296	-1.0552602121	-0.645979902473	-0.277038682823	0.0426717092954	0.305396594308	0.50477984759	0.63606354959	0.696236160159	0.684100017885	0.600260667525	0.447054347033	0.228376244799	-0.0505468616834	-0.383417566321	-0.763192434292	-1.18237742445	-1.63331166188	-2.10843124444	-2.60041797711	-3.1023503336	-3.60772078178	-4.11043402528	-4.60472429096	-5.08507308311	-5.54610963809	-5.9824418225	-6.38870412478	-6.75954187579	-7.08968669037	-7.3742359735	-7.60888255582	-7.7903363342	-7.91671535731	-7.98786168536	-8.00567110652	-7.97407834951	-7.89901814085	-7.78812056506	-7.65012580333	-7.49431469539	-7.32979394087	-7.16478505748	-7.00601118755	-6.85818647291	-6.72370156579	-6.60246049625	-6.49197065717	-6.38757387498	-6.28291419086	-6.17045266593	-6.04216290428	-5.8902480423	-5.7076493197	-5.48883868902	-5.23004971954	-4.9296509474	
-5.09165289861	-4.73473730955	-4.34926894154	-3.94157416716	-3.5190211053	-3.0898059697	-2.66275053124	-2.24706766942	-1.85213908717	-1.48727573198	-1.16145526605	-0.883025467112	-0.659426779773	-0.496899231247	-0.400242801719	-0.372605637696	-0.415357826262	-0.528028560365	-0.708331504451	-0.952301685412	-1.25447982407	-1.6081931681	-2.0058697935	-2.43939523189	-2.90042753247	-3.38071115113	-3.87230466599	-4.36771837419	-4.86004638181	-5.34289813036	-5.81036676723	-6.25690519342	-6.67719527866	-7.06608428543	-7.41850029139	-7.7295260451	-7.99455484459	-8.20949583029	-8.37119887231	-8.47779835051	-8.52906284742	-8.5267984011	-8.47499018521	-8.37974658738	-8.24906314248	-8.09235084075	-7.91972771245	-7.74125526632	-7.56611712335	-7.40184437368	-7.25374826097	-7.12453509063	-7.01415638038	-6.91993474879	-6.83690853974	-6.75835351562	-6.67644249436	-6.5829176375	-6.46978564657	-6.32993711458	-6.15760543246	-5.94876740951	-5.70127912698	-5.41498971054	-5.09165289861	
-5.2681301547	-4.9079010627	-4.52954157501	-4.14048737097	-3.74865881349	-3.36229273135	-2.98979493346	-2.63958577991	-2.31993386233	-2.03878761069	-1.80354608229	-1.62084503053	-1.49632304059	-1.43435304236	-1.43785817288	-1.50813113129	-1.64473018092	-1.84546143569	-2.1064446539	-2.42222743239	-2.78607241915	-3.19020771014	-3.62616991156	-4.08516993744	-4.55838994061	-5.03734186206	-5.51399328221	-5.98096066136	-6.43155656527	-6.85972252677	-7.26000373829	-7.62740115071	-7.9572734631	-8.24534090631	-8.48769832199	-8.6809292298	-8.8223745546	-8.91039841665	-8.94475035576	-8.92693439871	-8.86039693485	-8.75068099184	-8.60532732089	-8.4335352368	-8.24565536485	-8.05242293101	-7.86411795388	-7.68969532653	-7.53602376067	-7.40724669618	-7.30448104728	-7.22576856432	-7.16634398959	-7.11913337269	-7.07553164863	-7.02615475717	-6.96171483999	-6.87385866981	-6.75555197162	-6.60174866781	-6.40950982412	-6.17795931592	-5.90828674318	-5.60350146372	-5.2681301547	
-5.4593683604	-5.1069886629	-4.74696029067	-4.3874187669	-4.03657067933	-3.70246529786	-3.39294216906	-3.11547510943	-2.87703143067	-2.68397568405	-2.54188033427	-2.45537924604	-2.42798014126	-2.46190533587	-2.55792793436	-2.7152758303	-2.93160063615	-3.20298132171	-3.52401597854	-3.88802591232	-4.28728087752	-4.71328641997	-5.15712355095	-5.60976745454	-6.06242008003	-6.50676352271	-6.93515318533	-7.34075184804	-7.71753354764	-8.0603056034	-8.36464790073	-8.62679062056	-8.84362987542	-9.01270651477	-9.13227794111	-9.20146704961	-9.22045987591	-9.19078345248	-9.11548796999	-8.99929471672	-8.84871076661	-8.67187494329	-8.47822603805	-8.27802430107	-8.08165508383	-7.89881771527	-7.73771819076	-7.60428981138	-7.50164223679	-7.42973565205	-7.38535620598	-7.36242924864	-7.35260018957	-7.34601597203	-7.33225926132	-7.30121261755	-7.24392665992	-7.15331931129	-7.02440856528	-6.8546970077	-6.6440884008	-6.39460057451	-6.11016662796	-5.79622546128	-5.4593683604	
-5.65977699107	-5.32520259679	-4.99305803255	-4.67181421269	-4.36964619615	-4.09424598549	-3.85268499977	-3.6513257721	-3.495702652	-3.39040100897	-3.33898404325	-3.34388339753	-3.40627483979	-3.52602688681	-3.70161408711	-3.93011070673	-4.20722240072	-4.52736774385	-4.88380506609	-5.26886339675	-5.67416236245	-6.09090053576	-6.51019104994	-6.92333916272	-7.32214830597	-7.69911235216	-8.04764074329	-8.36214054743	-8.63804314063	-8.8718179959	-9.06090296044	-9.20367833178	-9.29941078447	-9.34824359619	-9.35124769831	-9.31048939669	-9.22911000473	-9.11144315483	-8.96313854814	-8.79106321431	-8.60318545158	-8.40836010759	-8.21585731847	-8.03480829851	-7.87353678148	-7.73884361034	-7.6353690528	-7.56508547174	-7.52700587043	-7.51717456167	-7.52895807516	-7.55355453301	-7.580783104	-7.59993972263	-7.60067426166	-7.57386840753	-7.51222819399	-7.41075650871	-7.26699688045	-7.08095922672	-6.85496021152	-6.59334025881	-6.30203830026	-5.98819770592	-5.65977699107	
-5.85809409181	-5.54990532433	-5.2534526649	-4.9771503986	-4.72883068605	-4.5155584909	-4.34345060923	-4.21759283099	-4.14194100816	-4.11921344582	-4.15086690576	-4.23703697174	-4.37651403944	-4.56677399726	-4.80399027207	-5.08311315335	-5.39801810897	-5.74158489935	-6.1059854917	-6.48286099868	-6.86360813629	-7.23962739258	-7.60267857165	-7.94509859578	-8.2600472348	-8.54175711445	-8.78556288478	-8.98806728206	-9.14709066908	-9.26161608611	-9.33173727637	-9.35858003216	-9.3441474154	-9.29130079632	-9.2037175425	-9.08586952904	-8.94298550794	-8.78103823885	-8.60671443712	-8.42731468231	-8.25049333433	-8.08390948617	-7.93483799091	-7.80964444199	-7.71324757526	-7.64862435058	-7.61641178277	-7.61469955629	-7.63903446037	-7.68264205174	-7.73695175939	-7.79214575234	-7.83800686297	-7.86471358642	-7.86343038503	-7.82715677025	-7.75100092969	-7.63239000263	-7.47128052169	-7.269872746	-7.03239250141	-6.76479883669	-6.4743482597	-6.16921207574	-5.85809409181	
-6.04210894908	-5.76729420043	-5.51238355118	-5.28532192793	-5.09325311224	-4.94230164608	-4.83743723747	-4.78233183949	-4.77927120594	-4.8290988655	-4.93118626724	-5.08344452988	-5.28238563107	-5.52322960047	-5.80000056182	-6.1057151033	-6.43262781458	-6.77240041639	-7.11642317046	-7.4561098189	-7.7831641013	-8.08987346043	-8.36940498017	-8.6159986858	-8.82517263614	-8.99384042211	-9.12026621516	-9.20414643572	-9.24638679571	-9.2490160771	-9.21504144394	-9.14817244534	-9.05273594685	-8.93354826931	-8.79581196553	-8.64505721369	-8.4871041143	-8.32795966564	-8.17373997125	-8.03052647661	-7.90410172513	-7.79964238136	-7.7213512575	-7.67207913964	-7.65297821859	-7.66323968375	-7.69997576021	-7.75826068103	-7.8313638798	-7.91114174379	-7.98859092312	-8.05443581229	-8.09982167962	-8.11690065792	-8.09929132268	-8.04259133607	-7.94450129451	-7.80489589519	-7.62581352413	-7.41121538556	-7.16673660283	-6.89934832394	-6.61700200486	-6.32829572378	-6.04210894908	
-6.19644836605	-5.96025875955	-5.75065560745	-5.57466575198	-5.43835996713	-5.34666191557	-5.30318511432	-5.31009028385	-5.36800733281	-5.4759763608	-5.63145014677	-5.83035668297	-6.06719435629	-6.33521963864	-6.62665232617	-6.9329798171	-7.24520086331	-7.55423154235	-7.85126614701	-8.1280661069	-8.37738473089	-8.59321029956	-8.77101076092	-8.90788996128	-9.00262481057	-9.05561839253	-9.06877785654	-9.04524960051	-8.98916060733	-8.9053751517	-8.79912845143	-8.67582195114	-8.54089389592	-8.39967714065	-8.25735353537	-8.11893382562	-7.98926286144	-7.87296558559	-7.77434113551	-7.69722066721	-7.64474138476	-7.6190712463	-7.62114762135	-7.65044971105	-7.7048235421	-7.78044797247	-7.87192763355	-7.97254580861	-8.07459082239	-8.16986485024	-8.25013847681	-8.30774430607	-8.33596279845	-8.3294906309	-8.28476803117	-8.20003959721	-8.07552604472	-7.9133217412	-7.71723015956	-7.49255898107	-7.24586972725	-6.98464824506	-6.71702497325	-6.45145756289	-6.19644836605	
-6.3084975747	-6.1140793674	-5.95110367143	-5.82525967859	-5.74120557051	-5.70240155461	-5.71096487951	-5.76751632827	-5.87111059412	-6.01918340809	-6.20755744177	-6.43054667467	-6.68108623557	-6.95097417532	-7.23115851935	-7.5121350172	-7.78439100284	-8.03873526558	-8.26690953041	-8.46191123124	-8.6183627122	-8.73283332258	-8.80390997186	-8.83225932773	-8.820441789	-8.77266189214	-8.69436428111	-8.59179476508	-8.47157561426	-8.34026789804	-8.20404032841	-8.06851421447	-7.93863516075	-7.81869505645	-7.71241000886	-7.62300114944	-7.55327910758	-7.50566717769	-7.48209638397	-7.48386658834	-7.51146585674	-7.56432425871	-7.64063707947	-7.73725556306	-7.84967413213	-7.97215116383	-8.09795040875	-8.21970800818	-8.32981533443	-8.42092519278	-8.48633259772	-8.52044788421	-8.51902404841	-8.47944058292	-8.40082999577	-8.28400396631	-8.1314742421	-7.9472121878	-7.73649171165	-7.50560744139	-7.26162018449	-7.0121120471	-6.76490884257	-6.5278324232	-6.3084975747	
-6.36408156835	-6.2123020803	-6.09471832871	-6.01532322417	-5.97708035384	-5.98181494992	-6.03006896088	-6.120986262	-6.25223883612	-6.41996395798	-6.61877469925	-6.84189518432	-7.08131879671	-7.32809229677	-7.57268125737	-7.80544225431	-8.01716885457	-8.19954837991	-8.34575759171	-8.45087523935	-8.5122134946	-8.52952920534	-8.50494029005	-8.44279209089	-8.34923236111	-8.23168027705	-8.09822097701	-7.95699652898	-7.81564179245	-7.68084800663	-7.55815225229	-7.4518222834	-7.3649450719	-7.29963301113	-7.25723839607	-7.23859932491	-7.24416728469	-7.27406177937	-7.32800384002	-7.40513909164	-7.50387667932	-7.62165763665	-7.75483657189	-7.89865471712	-8.04731653897	-8.19422803338	-8.33230587105	-8.45440577518	-8.55373035288	-8.62427141367	-8.66115974529	-8.66097780954	-8.62192872284	-8.54390986727	-8.42849830328	-8.27879132493	-8.09926461352	-7.89548180982	-7.67381648611	-7.44120988891	-7.20487837982	-6.97208232478	-6.74992761977	-6.54516886282	-6.36408156835	
-6.35197542493	-6.241150629	-6.16500566691	-6.12558152323	-6.12398252253	-6.16031762345	-6.23358740489	-6.34162889186	-6.48101056889	-6.64699750008	-6.83359658464	-7.03363055555	-7.23895661074	-7.44075909867	-7.63000486038	-7.79799681831	-7.93681416324	-8.03998394349	-8.10300539963	-8.12366962938	-8.10237886195	-8.04212420683	-7.94828471048	-7.82819941971	-7.69053928939	-7.54459277394	-7.39951579359	-7.26362541593	-7.14389024578	-7.04559920568	-6.97226786066	-6.92575253805	-6.90654031302	-6.91412903288	-6.94737407323	-7.00482704747	-7.08490426583	-7.18591708164	-7.30600474728	-7.44291729088	-7.59381557386	-7.75506936367	-7.92214436507	-8.08962991611	-8.25136067495	-8.40070179563	-8.53094918215	-8.63569583671	-8.70929015378	-8.74726357198	-8.74656672865	-8.70585437796	-8.62549457704	-8.5076097428	-8.35589916617	-8.1753620813	-7.97209302709	-7.75287164224	-7.5248557362	-7.29527681754	-7.07115392666	-6.85909168748	-6.66511310535	-6.49454852553	-6.35197542493	
-6.26276416264	-6.18857592197	-6.14728306103	-6.13887030668	-6.16254791966	-6.21676307722	-6.29915271292	-6.40653827002	-6.53481924507	-6.67896649142	-6.83308280103	-6.99043584124	-7.14370052166	-7.28525456621	-7.40763542005	-7.50404421608	-7.56884128375	-7.59810392851	-7.59009610554	-7.54550291322	-7.46753141558	-7.36178238418	-7.23582765192	-7.09861207172	-6.95970564178	-6.8284924519	-6.71341072749	-6.62132959368	-6.55715768302	-6.52368666903	-6.52171187508	-6.55034060319	-6.60745045443	-6.69019605025	-6.79542974415	-6.92004061763	-7.06113163605	-7.21601366852	-7.38202768796	-7.55635387991	-7.73574080679	-7.91629006397	-8.09338192669	-8.26166563725	-8.4152846875	-8.54811607975	-8.65420567893	-8.72818848458	-8.76568028894	-8.76368982464	-8.7208466007	-8.637597224	-8.51617538586	-8.3605098314	-8.17600026832	-7.96916122924	-7.74726510412	-7.51793450057	-7.28873618461	-7.06685026453	-6.8587867928	-6.6701949572	-6.50573376008	-6.36904361642	-6.26276416264	
-6.08654895568	-6.04232170535	-6.02713388244	-6.03897976963	-6.07531402025	-6.13315706198	-6.20912926583	-6.29947313834	-6.40001743266	-6.50615082406	-6.61285059613	-6.71475347825	-6.80631105175	-6.88206847707	-6.93702356732	-6.96701649925	-6.96920244823	-6.94245674268	-6.8876568808	-6.8078375256	-6.70812544887	-6.59543918695	-6.47799571432	-6.36462950924	-6.26403793884	-6.18403107672	-6.1308796011	-6.10886941517	-6.12008694748	-6.16448180542	-6.24015686858	-6.34381662346	-6.47131632372	-6.6182097615	-6.78020748032	-6.95339173633	-7.13437861609	-7.3202627624	-7.50833163614	-7.69586543507	-7.87983394405	-8.05666387686	-8.22215953979	-8.37154655637	-8.4996399505	-8.60115701705	-8.67111046934	-8.70526516898	-8.70049473478	-8.65514820783	-8.56933613971	-8.44496431923	-8.28573976803	-8.0969911576	-7.88535708829	-7.65839718473	-7.42413143371	-7.19059089745	-6.9653778683	-6.75528617825	-6.5660309553	-6.40205910427	-6.26648315941	-6.16111752472	-6.08654895568	
-5.81828842664	-5.79549215529	-5.79622737887	-5.81677969493	-5.8532026724	-5.90151552726	-5.95783880876	-6.01843432245	-6.07971509756	-6.13823402329	-6.1906487919	-6.23374005206	-6.26448757296	-6.28022091558	-6.27883579457	-6.25906808269	-6.22078707559	-6.1652351445	-6.09518247911	-6.01494143652	-5.93020066177	-5.84768048094	-5.77462526019	-5.7181851897	-5.68477920306	-5.67949096291	-5.7056321309	-5.7644952289	-5.85531861608	-5.97553000524	-6.12114629095	-6.28726638005	-6.46862736022	-6.66013999222	-6.85721960941	-7.05596500243	-7.25323977135	-7.44648419806	-7.63347264101	-7.8120264464	-7.97969696544	-8.13358345607	-8.27022580608	-8.38565067408	-8.47557114865	-8.53569109166	-8.56211009256	-8.55168299486	-8.50246927034	-8.41403915757	-8.2876664806	-8.12642916436	-7.93509532908	-7.7199380217	-7.48837074977	-7.24850733353	-7.0086450218	-6.77680499928	-6.56023652872	-6.36505518637	-6.19592987015	-6.05594352526	-5.94659901294	-5.86784107328	-5.81828842664	
-5.4538918151	-5.44319236909	-5.44955387877	-5.46803643689	-5.49384428378	-5.52260273325	-5.55055666359	-5.57466037789	-5.59258380212	-5.60265852822	-5.60378935954	-5.59535514721	-5.57715194895	-5.54939061554	-5.51274326779	-5.46843707286	-5.41837946778	-5.36526284456	-5.3126020652	-5.26467997714	-5.22636429911	-5.20280340971	-5.19901529644	-5.21942489196	-5.26740980891	-5.34492037902	-5.45224798854	-5.58795029707	-5.74899947175	-5.93107924646	-6.12900286222	-6.33722420648	-6.5503079151	-6.76333503415	-6.97213750886	-7.17344246995	-7.36478411657	-7.54431587862	-7.71055647872	-7.86203806795	-7.99708674857	-8.11359228346	-8.20893408349	-8.28007791623	-8.32373356169	-8.33663878736	-8.31600094002	-8.25976475081	-8.16706410887	-8.03851102554	-7.87629950701	-7.68434295057	-7.46808627612	-7.23429869145	-6.99068460509	-6.7454161653	-6.50662943642	-6.2819111698	-6.07781045779	-5.89948248428	-5.75038949992	-5.63219403807	-5.54478177922	-5.48638305613	-5.4538918151	
-4.99560800427	-4.98812058356	-4.99114604728	-4.99917326804	-5.00725906692	-5.01132282023	-5.00838622913	-4.99669826461	-4.97566603026	-4.94574134515	-4.90823207504	-4.86508146553	-4.81864746733	-4.77153490882	-4.72648044297	-4.68630148041	-4.65388726492	-4.63221044834	-4.62432156819	-4.63329596408	-4.66211287307	-4.71346491348	-4.78950973353	-4.89160669327	-5.02006349282	-5.17397099813	-5.35113802832	-5.54814571403	-5.76058013875	-5.9833237961	-6.21091682122	-6.43802117435	-6.65974083179	-6.87189391222	-7.07120562178	-7.2553001294	-7.42256138977	-7.57195981215	-7.70278421953	-7.81430957908	-7.90561719187	-7.97538310529	-8.02188544884	-8.04305102022	-8.03657956744	-8.00030978316	-7.93250528105	-7.83217887622	-7.69944890242	-7.53576768051	-7.34405478154	-7.12870565614	-6.89547271617	-6.65119285426	-6.40340696431	-6.15991581779	-5.92824657928	-5.7151771298	-5.52626771194	-5.36549263104	-5.23502242753	-5.13513415551	-5.06426038421	-5.01922932257	-4.99560800427	
-4.45062192752	-4.43941010201	-4.43305460155	-4.42622999712	-4.41455535305	-4.39490613541	-4.3656265201	-4.32660078094	-4.27912530774	-4.22571202084	-4.1697611888	-4.11522186515	-4.06624769912	-4.02688834295	-4.00086942374	-3.99144327281	-4.001322677	-4.0326684911	-4.08710322841	-4.16572619263	-4.26910144949	-4.39721675449	-4.54941387954	-4.72430175668	-4.91969493865	-5.13258989596	-5.35920277398	-5.59510560185	-5.83540978513	-6.07505665637	-6.30908824375	-6.53292647116	-6.74264233487	-6.93510027723	-7.10802312506	-7.25995452827	-7.39010938058	-7.49818992874	-7.58412052021	-7.64785469136	-7.68914388862	-7.70738918109	-7.70174915785	-7.671080773	-7.61411627416	-7.52976593605	-7.41733942841	-7.27686286742	-7.10933619998	-6.91688111453	-6.70289189625	-6.4719849485	-6.22985396742	-5.98302577312	-5.73848038922	-5.50322880977	-5.28383017167	-5.08593759701	-4.91388687613	-4.77037904413	-4.65628245623	-4.57064005256	-4.51076076858	-4.47248597256	-4.45062192752	
-3.83332019274	-3.81462617476	-3.79692196456	-3.77578196214	-3.74799114259	-3.71184522346	-3.66727754168	-3.61582305447	-3.56044217225	-3.50519911026	-3.45484691606	-3.41440299896	-3.38871754323	-3.38211403655	-3.39812921424	-3.43934382174	-3.50732789464	-3.60266679784	-3.72504524016	-3.87335707725	-4.04581715346	-4.2400579089	-4.45319756822	-4.68189671058	-4.92239783967	-5.17059015655	-5.42208224084	-5.67232224818	-5.91675116702	-6.15098198184	-6.37098139576	-6.57324104372	-6.75491532631	-6.91389519454	-7.04881783662	-7.15898300409	-7.24425852067	-7.30487350957	-7.34125735077	-7.35386597796	-7.34302891752	-7.30887000668	-7.25130830763	-7.17013056644	-7.06511084812	-6.93619315234	-6.78371827352	-6.6086396604	-6.41270330502	-6.19856310905	-5.96985879454	-5.73116478853	-5.48781666223	-5.24569813155	-5.01088621887	-4.7892808382	-4.58618411255	-4.40590445062	-4.25142189153	-4.12416352975	-4.02385292775	-3.94855677879	-3.89487319151	-3.85822666657	-3.83332019274	
-3.16417214557	-3.13832472144	-3.11202007271	-3.0822524026	-3.04735756308	-3.00719718536	-2.96320108385	-2.91822890036	-2.87629684032	-2.84219190649	-2.82101670115	-2.81773491144	-2.83673589434	-2.88150218907	-2.95437678883	-3.05645253412	-3.18758364378	-3.34648475275	-3.53090345636	-3.73782123253	-3.96365756042	-4.20445664199	-4.45603934007	-4.71411419447	-4.97437248277	-5.23254774429	-5.48448310386	-5.72618984614	-5.9539464091	-6.16436638425	-6.354487159	-6.52187618291	-6.66465804915	-6.78156065383	-6.87189150315	-6.93547779737	-6.97258527509	-6.9837788794	-6.96983175408	-6.93156645294	-6.86981102151	-6.78532951338	-6.67881420814	-6.550954099	-6.40249483539	-6.23440001895	-6.0479589276	-5.84495112897	-5.62774521212	-5.39935611902	-5.16347456124	-4.92438486981	-4.68681946632	-4.45574356779	-4.23607441867	-4.03237744897	-3.84851116611	-3.68735757146	-3.55054894133	-3.43833815126	-3.3495663792	-3.28172082811	-3.23119176393	-3.19358889776	-3.16417214557	
-2.46902221031	-2.4406589688	-2.41302726844	-2.3847749824	-2.35581472184	-2.32739449878	-2.302012272	-2.28319462899	-2.27518248588	-2.28251331195	-2.3095905453	-2.36027336598	-2.43752255003	-2.54315010433	-2.67768366523	-2.84035785863	-3.02921097163	-3.24126854582	-3.47278390541	-3.71948873131	-3.97685013294	-4.24026873058	-4.50524933667	-4.76751366714	-5.0230673906	-5.26823321555	-5.49965223802	-5.71430594889	-5.90951171772	-6.08293971568	-6.23263598788	-6.35703866414	-6.45500869629	-6.52582607385	-6.56920268067	-6.58523410299	-6.57436088296	-6.53734084794	-6.47512776983	-6.38886634293	-6.27982980523	-6.14933404235	-5.99883583762	-5.82989175681	-5.64416102676	-5.44353550905	-5.2301695583	-5.00653843048	-4.77547789588	-4.54019579053	-4.3042394339	-4.07140586296	-3.8456188242	-3.63074825682	-3.43039175341	-3.24765562861	-3.08492424286	-2.94368826843	-2.82438650707	-2.72635147513	-2.64787768056	-2.58634246622	-2.53844802557	-2.50054822694	-2.46902221031	
-1.77754415905	-1.75515762708	-1.73703353861	-1.72336201755	-1.71532741252	-1.71505421606	-1.72543311469	-1.74985282911	-1.79187876758	-1.85488706153	-1.94171777001	-2.05437259584	-2.19379058065	-2.35973153333	-2.55076502551	-2.76436512854	-2.99709038689	-3.24482218999	-3.50302907978	-3.76702536729	-4.03220207246	-4.29419945167	-4.54903921377	-4.79317942664	-5.02352781597	-5.23742415424	-5.43258988159	-5.6070854612	-5.75925039469	-5.88767972214	-5.99119957387	-6.06887315042	-6.12000776851	-6.14418370447	-6.14126524339	-6.11142088926	-6.05516231269	-5.97327055842	-5.8668502604	-5.73730774112	-5.58630963886	-5.4157525836	-5.22776226256	-5.02467134899	-4.80898969087	-4.58342872346	-4.35084723978	-4.11426611873	-3.87682386313	-3.6417373049	-3.4122368411	-3.19147880576	-2.98243981007	-2.78779436222	-2.60978451799	-2.45008573399	-2.30970665203	-2.1889275801	-2.08725372097	-2.00346420593	-1.93572102134	-1.88172691169	-1.83896562585	-1.8049567519	-1.77754415905	
-1.12100600663	-1.11577176566	-1.11990088862	-1.13469194539	-1.16201567919	-1.20416957157	-1.26365571648	-1.34293191247	-1.444134718	-1.56882623865	-1.71777635632	-1.89080599624	-2.08672334113	-2.30333774854	-2.53756710627	-2.78561240099	-3.04318028904	-3.30573304709	-3.56872469955	-3.82782204723	-4.07906380174	-4.31896934197	-4.54460513661	-4.75356209509	-4.943918373	-5.11416209733	-5.26310425394	-5.38978251367	-5.4933877166	-5.57321290366	-5.6286160865	-5.65903303462	-5.6639976249	-5.643191512	-5.59649049684	-5.52403836853	-5.42630991736	-5.30412986542	-5.15872159414	-4.99171825227	-4.80516653399	-4.60148169583	-4.3833932252	-4.15392563031	-3.91630406941	-3.67388364108	-3.43007345185	-3.18824979575	-2.95166872055	-2.72338369653	-2.5061642415	-2.30241731427	-2.11411761014	-1.94275084608	-1.78927833846	-1.65410415741	-1.53709743318	-1.43762260096	-1.35461153998	-1.28667568995	-1.23224081247	-1.18971333825	-1.15765588283	-1.13496059765	-1.12100600663	
-0.5304641561	-0.554414012453	-0.593262323453	-0.648759072505	-0.722734056439	-0.816910736254	-0.932705301448	-1.07103752133	-1.23216948666	-1.41558180838	-1.61991141005	-1.84295195301	-2.08172131957	-2.33258874939	-2.59145104006	-2.85394089717	-3.11564298076	-3.37230647028	-3.62001745877	-3.85534330407	-4.07541331928	-4.27794990967	-4.46124467376	-4.624108802	-4.76576442389	-4.88573749918	-4.98375143278	-5.05960907274	-5.11311793771	-5.14403609777	-5.15204726388	-5.1367855256	-5.0978750473	-5.03500407556	-4.94803616571	-4.83706116949	-4.70252475452	-4.54531810598	-4.36679766557	-4.16883358609	-3.9538080788	-3.72457246193	-3.48438637022	-3.23681868063	-2.98563210117	-2.73465179848	-2.4876248858	-2.24808559951	-2.01922787223	-1.80379133175	-1.60398162726	-1.42141309191	-1.25709068238	-1.11142657705	-0.984281824962	-0.875058256915	-0.782803868837	-0.706339716842	-0.644404264102	-0.59579667261	-0.559514088765	-0.534873392759	-0.521604320965	-0.519906253907	-0.5304641561	
-0.0336396781839	-0.0975239547319	-0.180989075667	-0.285506418529	-0.412163825608	-0.561500075986	-0.733378725083	-0.926907779006	-1.14040888027	-1.37144052005	-1.61687516085	-1.87302141193	-2.13577955955	-2.40082617081	-2.66380177757	-2.92050154346	-3.16703597928	-3.39997750717	-3.61644399441	-3.81416936327	-3.99149538562	-4.14734938925	-4.28116648422	-4.3927874608	-4.48235866878	-4.55018132235	-4.59662589843	-4.62201270952	-4.62654506557	-4.61026954984	-4.57307025553	-4.51470470048	-4.43486455129	-4.33327571081	-4.20980727893	-4.06458830613	-3.89811859998	-3.71138297539	-3.50590717466	-3.28379014574	-3.0477120303	-2.80087667138	-2.54692592536	-2.28980709775	-2.03362071088	-1.78244528085	-1.54015306735	-1.31023867828	-1.09566709535	-0.898751197043	-0.721084715182	-0.563520542978	-0.42620304146	-0.308656899903	-0.209921010065	-0.128714432413	-0.0636209675078	-0.0132790338425	0.0234445500612	0.0473115191652	0.0586116450854	0.0571153602283	0.0420841847587	0.012335767277	-0.0336396781839	
0.347589980151	0.236501112261	0.103170010604	-0.0529661862223	-0.231739134053	-0.43216503152	-0.652424701387	-0.889909782407	-1.14131943369	-1.40280744313	-1.67015462059	-1.93895611365	-2.20480968973	-2.46348771089	-2.71109182243	-2.94417239922	-3.15981857585	-3.35571036647	-3.53013495272	-3.68197355193	-3.81064901868	-3.91605998472	-3.99848302937	-4.05846942744	-4.09673757331	-4.11405602054	-4.11115424663	-4.08864027184	-4.04695253854	-3.98632789711	-3.90681374744	-3.80831579399	-3.69067103445	-3.55374027991	-3.39752996386	-3.2223275066	-3.02878707945	-2.81807217489	-2.59190633307	-2.3526038691	-2.10307868544	-1.84676471717	-1.58752333576	-1.32948528456	-1.07687280961	-0.833793480952	-0.604035836608	-0.390877065776	-0.196922276186	-0.0239956185748	0.126909778459	0.255613337333	0.362656941013	0.449156536303	0.516604282612	0.566642778567	0.600833800997	0.620446581174	0.626290236121	0.618603777204	0.597023409035	0.560621549176	0.508024738125	0.43758504487	0.347589980151	
0.600171485579	0.439836369617	0.257412206735	0.0536339770206	-0.169867381011	-0.410584768171	-0.665232287517	-0.929904791936	-1.2002770961	-1.4718228645	-1.74002781706	-2.00058324642	-2.24954312472	-2.48344258112	-2.69937248547	-2.89501260893	-3.06863704421	-3.2190824135	-3.34570720999	-3.44832360191	-3.52712932019	-3.58262746645	-3.61554502458	-3.62675103201	-3.61717250669	-3.58773586934	-3.53928563874	-3.47254387857	-3.38808911531	-3.28632775653	-3.16752397688	-3.03184142198	-2.87939637433	-2.71035890755	-2.52504676335	-2.32404502894	-2.10830256271	-1.87923244414	-1.63878450527	-1.38945856504	-1.13430436031	-0.876850076411	-0.620987430142	-0.370817771394	-0.13045810872	0.0961720317995	0.305559211996	0.494790647085	0.661704105022	0.80498088423	0.924167574645	1.01961755767	1.09236249863	1.14391604053	1.17603722855	1.19047615541	1.18873096927	1.17184881361	1.14028966073	1.09387829301	1.03184441145	0.952947541709	0.855683807241	0.738521809679	0.600171485579	
