 0.10000E+01	 0.00000E+00	 0.00000E+00	 0.36821E+00	 0.78891E+00	 0.78891E+00	 0.59855E-03	 0.59855E-03	 0.25970E-03	 0.25970E-03	 0.45723E+01	 0.10005E+04	 0.21891E+06	 0.12250E-12	 0.19260E+00	 0.34940E+00	 0.11400E-01	 0.23366E+01	 0.33260E+00
 0.10000E+00	 0.00000E+00	 0.00000E+00	 0.36821E+00	 0.12650E+00	 0.12650E+00	 0.54680E-01	 0.54680E-01	 0.10515E+00	 0.10515E+00	 0.45723E+01	 0.10005E+04	 0.21891E+06	 0.69569E-13	 0.19260E+00	 0.34940E+00	 0.11400E-01	 0.23366E+01	 0.33260E+00
 0.10000E+02	 0.00000E+00	 0.00000E+00	 0.36821E+00	 0.78236E+01	 0.78236E+01	 0.58197E-05	 0.58197E-05	 0.31624E-06	 0.31624E-06	 0.45723E+01	 0.10005E+04	 0.21891E+06	 0.14374E-10	 0.19260E+00	 0.34940E+00	 0.11400E-01	 0.23366E+01	 0.33260E+00
 0.10000E-01	 0.00000E+00	 0.00000E+00	 0.36821E+00	 0.72174E-01	 0.72174E-01	 0.65773E+00	 0.65773E+00	 0.10636E+02	 0.10636E+02	 0.45723E+01	 0.10005E+04	 0.21891E+06	 0.64235E-12	 0.19260E+00	 0.34940E+00	 0.11400E-01	 0.23366E+01	 0.33260E+00
 0.10000E+03	 0.00000E+00	 0.00000E+00	 0.36821E+00	 0.78230E+02	 0.78230E+02	 0.58176E-07	 0.58176E-07	 0.31738E-09	 0.31738E-09	 0.45723E+01	 0.10005E+04	 0.21891E+06	 0.15845E-08	 0.19260E+00	 0.34940E+00	 0.11400E-01	 0.23366E+01	 0.33260E+00
 0.10000E-02	 0.00000E+00	 0.00000E+00	 0.36821E+00	 0.40929E-01	 0.40924E-01	 0.13607E+01	 0.13607E+01	 0.22459E+03	 0.22459E+03	 0.45723E+01	 0.10005E+04	 0.21891E+06	 0.38951E-10	 0.19260E+00	 0.34940E+00	 0.11400E-01	 0.23366E+01	 0.33260E+00
 0.10000E-03	 0.00000E+00	 0.00000E+00	 0.36821E+00	 0.13416E+00	 0.12425E+00	 0.13668E+01	 0.13746E+01	 0.26898E+04	 0.26729E+04	 0.45723E+01	 0.10005E+04	 0.21891E+06	 0.36050E-08	 0.19260E+00	 0.34940E+00	 0.11400E-01	 0.23366E+01	 0.33260E+00
 0.10000E-04	 0.00000E+00	 0.00000E+00	 0.36821E+00	 0.11927E+01	 0.66856E+00	 0.12063E+01	 0.12496E+01	 0.28921E+05	 0.27793E+05	 0.45723E+01	 0.10005E+04	 0.21891E+06	 0.74176E-06	 0.19260E+00	 0.34940E+00	 0.11400E-01	 0.23366E+01	 0.33260E+00
 0.10000E-05	 0.00000E+00	 0.00000E+00	 0.36821E+00	 0.11899E+02	 0.26410E+01	 0.17527E+01	-0.71161E+00	 0.31172E+06	 0.27860E+06	 0.45723E+01	 0.10005E+04	 0.21891E+06	 0.13290E-03	 0.19260E+00	 0.34940E+00	 0.11400E-01	 0.23366E+01	 0.33260E+00
 0.30000E+01	 0.00000E+00	 0.00000E+00	 0.36821E+00	 0.23491E+01	 0.23491E+01	 0.64905E-04	 0.64905E-04	 0.11334E-04	 0.11334E-04	 0.45723E+01	 0.10005E+04	 0.21891E+06	 0.20053E-11	 0.19260E+00	 0.34940E+00	 0.11400E-01	 0.23366E+01	 0.33260E+00
 0.30000E+00	 0.00000E+00	 0.00000E+00	 0.36821E+00	 0.25507E+00	 0.25507E+00	 0.70039E-02	 0.70039E-02	 0.63845E-02	 0.63845E-02	 0.45723E+01	 0.10005E+04	 0.21891E+06	 0.16747E-13	 0.19260E+00	 0.34940E+00	 0.11400E-01	 0.23366E+01	 0.33260E+00
 0.30000E+02	 0.00000E+00	 0.00000E+00	 0.36821E+00	 0.23469E+02	 0.23469E+02	 0.64643E-06	 0.64643E-06	 0.11751E-07	 0.11751E-07	 0.45723E+01	 0.10005E+04	 0.21891E+06	 0.36740E-09	 0.19260E+00	 0.34940E+00	 0.11400E-01	 0.23366E+01	 0.33260E+00
 0.30000E-01	 0.00000E+00	 0.00000E+00	 0.36821E+00	 0.93559E-01	 0.93559E-01	 0.26439E+00	 0.26439E+00	 0.14857E+01	 0.14857E+01	 0.45723E+01	 0.10005E+04	 0.21891E+06	 0.15313E-12	 0.19260E+00	 0.34940E+00	 0.11400E-01	 0.23366E+01	 0.33260E+00
 0.30000E+03	 0.00000E+00	 0.00000E+00	 0.36821E+00	 0.23469E+03	 0.23469E+03	 0.64640E-08	 0.64640E-08	 0.11755E-10	 0.11755E-10	 0.45723E+01	 0.10005E+04	 0.21891E+06	 0.10173E-07	 0.19260E+00	 0.34940E+00	 0.11400E-01	 0.23366E+01	 0.33260E+00
 0.30000E-02	 0.00000E+00	 0.00000E+00	 0.36821E+00	 0.49102E-01	 0.49102E-01	 0.11458E+01	 0.11458E+01	 0.60124E+02	 0.60124E+02	 0.45723E+01	 0.10005E+04	 0.21891E+06	 0.71153E-11	 0.19260E+00	 0.34940E+00	 0.11400E-01	 0.23366E+01	 0.33260E+00
 0.30000E-03	 0.00000E+00	 0.00000E+00	 0.36821E+00	 0.61017E-01	 0.60462E-01	 0.14196E+01	 0.14203E+01	 0.84417E+03	 0.84333E+03	 0.45723E+01	 0.10005E+04	 0.21891E+06	 0.47154E-09	 0.19260E+00	 0.34940E+00	 0.11400E-01	 0.23366E+01	 0.33260E+00
 0.30000E-04	 0.00000E+00	 0.00000E+00	 0.36821E+00	 0.40409E+00	 0.30498E+00	 0.12580E+01	 0.12926E+01	 0.93448E+04	 0.91770E+04	 0.45723E+01	 0.10005E+04	 0.21891E+06	 0.66466E-07	 0.19260E+00	 0.34940E+00	 0.11400E-01	 0.23366E+01	 0.33260E+00
 0.30000E-05	 0.00000E+00	 0.00000E+00	 0.36821E+00	 0.39671E+01	 0.14306E+01	 0.13197E+01	 0.10779E+01	 0.10006E+06	 0.92829E+05	 0.45723E+01	 0.10005E+04	 0.21891E+06	 0.62027E-05	 0.19260E+00	 0.34940E+00	 0.11400E-01	 0.23366E+01	 0.33260E+00
 0.10000E+01	 0.10000E+00	 0.28620E+00	 0.36821E+00	 0.27965E-01	 0.27965E-01	 0.20056E-02	 0.20056E-02	 0.52741E-03	 0.52741E-03	 0.45723E+01	 0.10005E+04	 0.21891E+06	 0.52486E-12	 0.19260E+00	 0.34940E+00	 0.11400E-01	 0.23366E+01	 0.33260E+00
 0.10000E+00	 0.10000E+00	 0.28620E+00	 0.36821E+00	 0.15062E+00	 0.15062E+00	 0.68691E-01	 0.68691E-01	 0.10116E+00	 0.10116E+00	 0.45723E+01	 0.10005E+04	 0.21891E+06	 0.45069E-12	 0.19260E+00	 0.34940E+00	 0.11400E-01	 0.23366E+01	 0.33260E+00
 0.10000E+02	 0.10000E+00	 0.28620E+00	 0.36821E+00	 0.44758E-02	 0.44758E-02	 0.19868E-04	 0.19868E-04	 0.62537E-06	 0.62537E-06	 0.45723E+01	 0.10005E+04	 0.21891E+06	 0.14082E-11	 0.19260E+00	 0.34940E+00	 0.11400E-01	 0.23366E+01	 0.33260E+00
 0.10000E-01	 0.10000E+00	 0.28620E+00	 0.36821E+00	 0.18790E+00	 0.18790E+00	 0.56938E+00	 0.56938E+00	 0.54789E+01	 0.54789E+01	 0.45723E+01	 0.10005E+04	 0.21891E+06	 0.24032E-11	 0.19260E+00	 0.34940E+00	 0.11400E-01	 0.23366E+01	 0.33260E+00
 0.10000E+03	 0.10000E+00	 0.28620E+00	 0.36821E+00	 0.64929E-03	 0.64929E-03	 0.19793E-06	 0.19793E-06	 0.62872E-09	 0.62872E-09	 0.45723E+01	 0.10005E+04	 0.21891E+06	 0.65634E-10	 0.19260E+00	 0.34940E+00	 0.11400E-01	 0.23366E+01	 0.33260E+00
 0.10000E-02	 0.10000E+00	 0.28620E+00	 0.36821E+00	 0.46478E-01	 0.46478E-01	 0.12267E+01	 0.12267E+01	 0.21621E+03	 0.21621E+03	 0.45723E+01	 0.10005E+04	 0.21891E+06	 0.12811E-09	 0.19260E+00	 0.34940E+00	 0.11400E-01	 0.23366E+01	 0.33260E+00
 0.10000E-03	 0.10000E+00	 0.28620E+00	 0.36821E+00	 0.65486E-02	 0.65448E-02	 0.14498E+01	 0.14517E+01	 0.41124E+04	 0.40917E+04	 0.45723E+01	 0.10005E+04	 0.21891E+06	 0.20312E-07	 0.19260E+00	 0.34940E+00	 0.11400E-01	 0.23366E+01	 0.33260E+00
 0.10000E-04	 0.10000E+00	 0.28620E+00	 0.36821E+00	 0.80650E-03	 0.74558E-03	 0.16551E+01	 0.15885E+01	 0.50714E+05	 0.48232E+05	 0.45723E+01	 0.10005E+04	 0.21891E+06	 0.60000E-06	 0.19260E+00	 0.34940E+00	 0.11400E-01	 0.23366E+01	 0.33260E+00
 0.10000E-05	 0.10000E+00	 0.28620E+00	 0.36821E+00	 0.38674E-03	 0.78266E-04	 0.17436E+01	 0.15580E+01	 0.56519E+06	 0.48999E+06	 0.45723E+01	 0.10005E+04	 0.21891E+06	 0.48673E-04	 0.19260E+00	 0.34940E+00	 0.11400E-01	 0.23366E+01	 0.33260E+00
 0.30000E+01	 0.10000E+00	 0.28620E+00	 0.36821E+00	 0.11055E-01	 0.11055E-01	 0.22581E-03	 0.22581E-03	 0.22493E-04	 0.22493E-04	 0.45723E+01	 0.10005E+04	 0.21891E+06	 0.63157E-12	 0.19260E+00	 0.34940E+00	 0.11400E-01	 0.23366E+01	 0.33260E+00
 0.30000E+00	 0.10000E+00	 0.28620E+00	 0.36821E+00	 0.73951E-01	 0.73951E-01	 0.16856E-01	 0.16856E-01	 0.11561E-01	 0.11561E-01	 0.45723E+01	 0.10005E+04	 0.21891E+06	 0.13888E-11	 0.19260E+00	 0.34940E+00	 0.11400E-01	 0.23366E+01	 0.33260E+00
 0.30000E+02	 0.10000E+00	 0.28620E+00	 0.36821E+00	 0.18780E-02	 0.18780E-02	 0.21946E-05	 0.21946E-05	 0.23265E-07	 0.23265E-07	 0.45723E+01	 0.10005E+04	 0.21891E+06	 0.16506E-10	 0.19260E+00	 0.34940E+00	 0.11400E-01	 0.23366E+01	 0.33260E+00
 0.30000E-01	 0.10000E+00	 0.28620E+00	 0.36821E+00	 0.23058E+00	 0.23058E+00	 0.24927E+00	 0.24927E+00	 0.82320E+00	 0.82320E+00	 0.45723E+01	 0.10005E+04	 0.21891E+06	 0.39572E-11	 0.19260E+00	 0.34940E+00	 0.11400E-01	 0.23366E+01	 0.33260E+00
 0.30000E+03	 0.10000E+00	 0.28620E+00	 0.36821E+00	 0.23366E-03	 0.23366E-03	 0.21995E-07	 0.21995E-07	 0.23289E-10	 0.23289E-10	 0.45723E+01	 0.10005E+04	 0.21891E+06	 0.18040E-08	 0.19260E+00	 0.34940E+00	 0.11400E-01	 0.23366E+01	 0.33260E+00
 0.30000E-02	 0.10000E+00	 0.28620E+00	 0.36821E+00	 0.10071E+00	 0.10071E+00	 0.98953E+00	 0.98953E+00	 0.40305E+02	 0.40305E+02	 0.45723E+01	 0.10005E+04	 0.21891E+06	 0.20720E-09	 0.19260E+00	 0.34940E+00	 0.11400E-01	 0.23366E+01	 0.33260E+00
 0.30000E-03	 0.10000E+00	 0.28620E+00	 0.36821E+00	 0.17348E-01	 0.17347E-01	 0.13538E+01	 0.13538E+01	 0.11012E+04	 0.11006E+04	 0.45723E+01	 0.10005E+04	 0.21891E+06	 0.49375E-08	 0.19260E+00	 0.34940E+00	 0.11400E-01	 0.23366E+01	 0.33260E+00
 0.30000E-04	 0.10000E+00	 0.28620E+00	 0.36821E+00	 0.21736E-02	 0.21394E-02	 0.15543E+01	 0.15509E+01	 0.15704E+05	 0.15373E+05	 0.45723E+01	 0.10005E+04	 0.21891E+06	 0.76724E-07	 0.19260E+00	 0.34940E+00	 0.11400E-01	 0.23366E+01	 0.33260E+00
 0.30000E-05	 0.10000E+00	 0.28620E+00	 0.36821E+00	 0.35015E-03	 0.23015E-03	 0.17448E+01	 0.15736E+01	 0.17864E+06	 0.16297E+06	 0.45723E+01	 0.10005E+04	 0.21891E+06	 0.60191E-05	 0.19260E+00	 0.34940E+00	 0.11400E-01	 0.23366E+01	 0.33260E+00
 0.10000E+01	 0.10000E-01	 0.28620E-01	 0.36821E+00	 0.58870E+00	 0.58870E+00	 0.10035E-02	 0.10035E-02	 0.26174E-03	 0.26174E-03	 0.45723E+01	 0.10005E+04	 0.21891E+06	 0.17016E-12	 0.19260E+00	 0.34940E+00	 0.11400E-01	 0.23366E+01	 0.33260E+00
 0.10000E+00	 0.10000E-01	 0.28620E-01	 0.36821E+00	 0.12813E+00	 0.12813E+00	 0.55288E-01	 0.55288E-01	 0.10511E+00	 0.10511E+00	 0.45723E+01	 0.10005E+04	 0.21891E+06	 0.48661E-13	 0.19260E+00	 0.34940E+00	 0.11400E-01	 0.23366E+01	 0.33260E+00
 0.10000E+02	 0.10000E-01	 0.28620E-01	 0.36821E+00	 0.25734E+00	 0.25734E+00	 0.20746E-04	 0.20746E-04	 0.31923E-06	 0.31923E-06	 0.45723E+01	 0.10005E+04	 0.21891E+06	 0.34151E-12	 0.19260E+00	 0.34940E+00	 0.11400E-01	 0.23366E+01	 0.33260E+00
 0.10000E-01	 0.10000E-01	 0.28620E-01	 0.36821E+00	 0.71802E-01	 0.71802E-01	 0.64819E+00	 0.64819E+00	 0.10489E+02	 0.10489E+02	 0.45723E+01	 0.10005E+04	 0.21891E+06	 0.95817E-12	 0.19260E+00	 0.34940E+00	 0.11400E-01	 0.23366E+01	 0.33260E+00
 0.10000E+03	 0.10000E-01	 0.28620E-01	 0.36821E+00	 0.43261E-01	 0.43261E-01	 0.19947E-06	 0.19947E-06	 0.32048E-09	 0.32048E-09	 0.45723E+01	 0.10005E+04	 0.21891E+06	 0.10583E-10	 0.19260E+00	 0.34940E+00	 0.11400E-01	 0.23366E+01	 0.33260E+00
 0.10000E-02	 0.10000E-01	 0.28620E-01	 0.36821E+00	 0.25842E-01	 0.25840E-01	 0.12384E+01	 0.12384E+01	 0.21698E+03	 0.21698E+03	 0.45723E+01	 0.10005E+04	 0.21891E+06	 0.11899E-09	 0.19260E+00	 0.34940E+00	 0.11400E-01	 0.23366E+01	 0.33260E+00
 0.10000E-03	 0.10000E-01	 0.28620E-01	 0.36821E+00	 0.66786E-02	 0.63496E-02	 0.11622E+01	 0.11681E+01	 0.27129E+04	 0.26966E+04	 0.45723E+01	 0.10005E+04	 0.21891E+06	 0.73632E-08	 0.19260E+00	 0.34940E+00	 0.11400E-01	 0.23366E+01	 0.33260E+00
 0.10000E-04	 0.10000E-01	 0.28620E-01	 0.36821E+00	 0.14759E-02	 0.10767E-02	 0.10319E+01	 0.10878E+01	 0.29797E+05	 0.28546E+05	 0.45723E+01	 0.10005E+04	 0.21891E+06	 0.33676E-05	 0.19260E+00	 0.34940E+00	 0.11400E-01	 0.23366E+01	 0.33260E+00
 0.10000E-05	 0.10000E-01	 0.28620E-01	 0.36821E+00	 0.60691E-03	 0.27348E-03	 0.13480E+01	 0.99073E+00	 0.32983E+06	 0.28718E+06	 0.45723E+01	 0.10005E+04	 0.21891E+06	 0.70221E-03	 0.19260E+00	 0.34940E+00	 0.11400E-01	 0.23366E+01	 0.33260E+00
 0.30000E+01	 0.10000E-01	 0.28620E-01	 0.36821E+00	 0.58731E+00	 0.58731E+00	 0.19339E-03	 0.19339E-03	 0.11433E-04	 0.11433E-04	 0.45723E+01	 0.10005E+04	 0.21891E+06	 0.30458E-12	 0.19260E+00	 0.34940E+00	 0.11400E-01	 0.23366E+01	 0.33260E+00
 0.30000E+00	 0.10000E-01	 0.28620E-01	 0.36821E+00	 0.25254E+00	 0.25254E+00	 0.76273E-02	 0.76273E-02	 0.64331E-02	 0.64331E-02	 0.45723E+01	 0.10005E+04	 0.21891E+06	 0.14914E-13	 0.19260E+00	 0.34940E+00	 0.11400E-01	 0.23366E+01	 0.33260E+00
 0.30000E+02	 0.10000E-01	 0.28620E-01	 0.36821E+00	 0.10449E+00	 0.10449E+00	 0.22847E-05	 0.22847E-05	 0.11864E-07	 0.11864E-07	 0.45723E+01	 0.10005E+04	 0.21891E+06	 0.11938E-11	 0.19260E+00	 0.34940E+00	 0.11400E-01	 0.23366E+01	 0.33260E+00
 0.30000E-01	 0.10000E-01	 0.28620E-01	 0.36821E+00	 0.94372E-01	 0.94372E-01	 0.26373E+00	 0.26373E+00	 0.14729E+01	 0.14729E+01	 0.45723E+01	 0.10005E+04	 0.21891E+06	 0.17962E-12	 0.19260E+00	 0.34940E+00	 0.11400E-01	 0.23366E+01	 0.33260E+00
 0.30000E+03	 0.10000E-01	 0.28620E-01	 0.36821E+00	 0.18439E-01	 0.18439E-01	 0.21960E-07	 0.21960E-07	 0.11870E-10	 0.11870E-10	 0.45723E+01	 0.10005E+04	 0.21891E+06	 0.31772E-10	 0.19260E+00	 0.34940E+00	 0.11400E-01	 0.23366E+01	 0.33260E+00
 0.30000E-02	 0.10000E-01	 0.28620E-01	 0.36821E+00	 0.44629E-01	 0.44629E-01	 0.10810E+01	 0.10810E+01	 0.58413E+02	 0.58413E+02	 0.45723E+01	 0.10005E+04	 0.21891E+06	 0.16556E-10	 0.19260E+00	 0.34940E+00	 0.11400E-01	 0.23366E+01	 0.33260E+00
 0.30000E-03	 0.10000E-01	 0.28620E-01	 0.36821E+00	 0.13107E-01	 0.13038E-01	 0.12224E+01	 0.12226E+01	 0.83127E+03	 0.83060E+03	 0.45723E+01	 0.10005E+04	 0.21891E+06	 0.99693E-09	 0.19260E+00	 0.34940E+00	 0.11400E-01	 0.23366E+01	 0.33260E+00
 0.30000E-04	 0.10000E-01	 0.28620E-01	 0.36821E+00	 0.31105E-02	 0.25797E-02	 0.10848E+01	 0.11207E+01	 0.95700E+04	 0.93886E+04	 0.45723E+01	 0.10005E+04	 0.21891E+06	 0.15484E-06	 0.19260E+00	 0.34940E+00	 0.11400E-01	 0.23366E+01	 0.33260E+00
 0.30000E-05	 0.10000E-01	 0.28620E-01	 0.36821E+00	 0.73981E-03	 0.47628E-03	 0.10540E+01	 0.10479E+01	 0.10393E+06	 0.95485E+05	 0.45723E+01	 0.10005E+04	 0.21891E+06	 0.60399E-04	 0.19260E+00	 0.34940E+00	 0.11400E-01	 0.23366E+01	 0.33260E+00
 0.10000E+01	 0.10000E-02	 0.28620E-02	 0.36821E+00	 0.78502E+00	 0.78502E+00	 0.60424E-03	 0.60424E-03	 0.25972E-03	 0.25972E-03	 0.45723E+01	 0.10005E+04	 0.21891E+06	 0.23474E-12	 0.19260E+00	 0.34940E+00	 0.11400E-01	 0.23366E+01	 0.33260E+00
 0.10000E+00	 0.10000E-02	 0.28620E-02	 0.36821E+00	 0.12645E+00	 0.12645E+00	 0.54686E-01	 0.54686E-01	 0.10515E+00	 0.10515E+00	 0.45723E+01	 0.10005E+04	 0.21891E+06	 0.64401E-13	 0.19260E+00	 0.34940E+00	 0.11400E-01	 0.23366E+01	 0.33260E+00
 0.10000E+02	 0.10000E-02	 0.28620E-02	 0.36821E+00	 0.57285E+01	 0.57285E+01	 0.97189E-05	 0.97189E-05	 0.31626E-06	 0.31626E-06	 0.45723E+01	 0.10005E+04	 0.21891E+06	 0.84772E-11	 0.19260E+00	 0.34940E+00	 0.11400E-01	 0.23366E+01	 0.33260E+00
 0.10000E-01	 0.10000E-02	 0.28620E-02	 0.36821E+00	 0.72166E-01	 0.72166E-01	 0.65757E+00	 0.65757E+00	 0.10634E+02	 0.10634E+02	 0.45723E+01	 0.10005E+04	 0.21891E+06	 0.71002E-12	 0.19260E+00	 0.34940E+00	 0.11400E-01	 0.23366E+01	 0.33260E+00
 0.10000E+03	 0.10000E-02	 0.28620E-02	 0.36821E+00	 0.25689E+01	 0.25689E+01	 0.20732E-06	 0.20732E-06	 0.31741E-09	 0.31741E-09	 0.45723E+01	 0.10005E+04	 0.21891E+06	 0.56493E-10	 0.19260E+00	 0.34940E+00	 0.11400E-01	 0.23366E+01	 0.33260E+00
 0.10000E-02	 0.10000E-02	 0.28620E-02	 0.36821E+00	 0.40133E-01	 0.40128E-01	 0.13556E+01	 0.13556E+01	 0.22426E+03	 0.22426E+03	 0.45723E+01	 0.10005E+04	 0.21891E+06	 0.85248E-10	 0.19260E+00	 0.34940E+00	 0.11400E-01	 0.23366E+01	 0.33260E+00
 0.10000E-03	 0.10000E-02	 0.28620E-02	 0.36821E+00	 0.59069E-01	 0.53521E-01	 0.13221E+01	 0.13225E+01	 0.26812E+04	 0.26641E+04	 0.45723E+01	 0.10005E+04	 0.21891E+06	 0.55503E-08	 0.19260E+00	 0.34940E+00	 0.11400E-01	 0.23366E+01	 0.33260E+00
 0.10000E-04	 0.10000E-02	 0.28620E-02	 0.36821E+00	 0.40577E-01	 0.13407E-01	 0.11989E+01	 0.11943E+01	 0.28898E+05	 0.27744E+05	 0.45723E+01	 0.10005E+04	 0.21891E+06	 0.24114E-05	 0.19260E+00	 0.34940E+00	 0.11400E-01	 0.23366E+01	 0.33260E+00
 0.10000E-05	 0.10000E-02	 0.28620E-02	 0.36821E+00	 0.11215E-01	 0.14417E-02	 0.11425E+01	 0.11943E+01	 0.31145E+06	 0.27799E+06	 0.45723E+01	 0.10005E+04	 0.21891E+06	 0.31246E-02	 0.19260E+00	 0.34940E+00	 0.11400E-01	 0.23366E+01	 0.33260E+00
 0.30000E+01	 0.10000E-02	 0.28620E-02	 0.36821E+00	 0.22697E+01	 0.22697E+01	 0.70117E-04	 0.70117E-04	 0.11334E-04	 0.11334E-04	 0.45723E+01	 0.10005E+04	 0.21891E+06	 0.30522E-11	 0.19260E+00	 0.34940E+00	 0.11400E-01	 0.23366E+01	 0.33260E+00
 0.30000E+00	 0.10000E-02	 0.28620E-02	 0.36821E+00	 0.25482E+00	 0.25482E+00	 0.70107E-02	 0.70107E-02	 0.63850E-02	 0.63850E-02	 0.45723E+01	 0.10005E+04	 0.21891E+06	 0.20360E-13	 0.19260E+00	 0.34940E+00	 0.11400E-01	 0.23366E+01	 0.33260E+00
 0.30000E+02	 0.10000E-02	 0.28620E-02	 0.36821E+00	 0.58250E+01	 0.58250E+01	 0.19204E-05	 0.19204E-05	 0.11752E-07	 0.11752E-07	 0.45723E+01	 0.10005E+04	 0.21891E+06	 0.23518E-10	 0.19260E+00	 0.34940E+00	 0.11400E-01	 0.23366E+01	 0.33260E+00
 0.30000E-01	 0.10000E-02	 0.28620E-02	 0.36821E+00	 0.93550E-01	 0.93550E-01	 0.26437E+00	 0.26437E+00	 0.14855E+01	 0.14855E+01	 0.45723E+01	 0.10005E+04	 0.21891E+06	 0.14572E-12	 0.19260E+00	 0.34940E+00	 0.11400E-01	 0.23366E+01	 0.33260E+00
 0.30000E+03	 0.10000E-02	 0.28620E-02	 0.36821E+00	 0.10442E+01	 0.10442E+01	 0.22847E-07	 0.22847E-07	 0.11756E-10	 0.11756E-10	 0.45723E+01	 0.10005E+04	 0.21891E+06	 0.13396E-09	 0.19260E+00	 0.34940E+00	 0.11400E-01	 0.23366E+01	 0.33260E+00
 0.30000E-02	 0.10000E-02	 0.28620E-02	 0.36821E+00	 0.49008E-01	 0.49008E-01	 0.11444E+01	 0.11444E+01	 0.60084E+02	 0.60084E+02	 0.45723E+01	 0.10005E+04	 0.21891E+06	 0.79084E-11	 0.19260E+00	 0.34940E+00	 0.11400E-01	 0.23366E+01	 0.33260E+00
 0.30000E-03	 0.10000E-02	 0.28620E-02	 0.36821E+00	 0.50443E-01	 0.49973E-01	 0.13997E+01	 0.13999E+01	 0.84136E+03	 0.84053E+03	 0.45723E+01	 0.10005E+04	 0.21891E+06	 0.79214E-09	 0.19260E+00	 0.34940E+00	 0.11400E-01	 0.23366E+01	 0.33260E+00
 0.30000E-04	 0.10000E-02	 0.28620E-02	 0.36821E+00	 0.49160E-01	 0.31779E-01	 0.12162E+01	 0.12218E+01	 0.93305E+04	 0.91587E+04	 0.45723E+01	 0.10005E+04	 0.21891E+06	 0.61769E-07	 0.19260E+00	 0.34940E+00	 0.11400E-01	 0.23366E+01	 0.33260E+00
 0.30000E-05	 0.10000E-02	 0.28620E-02	 0.36821E+00	 0.24980E-01	 0.42605E-02	 0.12196E+01	 0.11900E+01	 0.99991E+05	 0.92646E+05	 0.45723E+01	 0.10005E+04	 0.21891E+06	 0.11939E-03	 0.19260E+00	 0.34940E+00	 0.11400E-01	 0.23366E+01	 0.33260E+00
 0.10000E+01	 0.10000E-03	 0.28620E-03	 0.36821E+00	 0.78820E+00	 0.78820E+00	 0.59861E-03	 0.59861E-03	 0.25970E-03	 0.25970E-03	 0.45723E+01	 0.10005E+04	 0.21891E+06	 0.23112E-12	 0.19260E+00	 0.34940E+00	 0.11400E-01	 0.23366E+01	 0.33260E+00
 0.10000E+00	 0.10000E-03	 0.28620E-03	 0.36821E+00	 0.12648E+00	 0.12648E+00	 0.54680E-01	 0.54680E-01	 0.10515E+00	 0.10515E+00	 0.45723E+01	 0.10005E+04	 0.21891E+06	 0.67982E-13	 0.19260E+00	 0.34940E+00	 0.11400E-01	 0.23366E+01	 0.33260E+00
 0.10000E+02	 0.10000E-03	 0.28620E-03	 0.36821E+00	 0.77828E+01	 0.77828E+01	 0.58757E-05	 0.58757E-05	 0.31624E-06	 0.31624E-06	 0.45723E+01	 0.10005E+04	 0.21891E+06	 0.13632E-10	 0.19260E+00	 0.34940E+00	 0.11400E-01	 0.23366E+01	 0.33260E+00
 0.10000E-01	 0.10000E-03	 0.28620E-03	 0.36821E+00	 0.72174E-01	 0.72174E-01	 0.65773E+00	 0.65773E+00	 0.10636E+02	 0.10636E+02	 0.45723E+01	 0.10005E+04	 0.21891E+06	 0.71831E-12	 0.19260E+00	 0.34940E+00	 0.11400E-01	 0.23366E+01	 0.33260E+00
 0.10000E+03	 0.10000E-03	 0.28620E-03	 0.36821E+00	 0.57269E+02	 0.57269E+02	 0.97151E-07	 0.97151E-07	 0.31738E-09	 0.31738E-09	 0.45723E+01	 0.10005E+04	 0.21891E+06	 0.79391E-09	 0.19260E+00	 0.34940E+00	 0.11400E-01	 0.23366E+01	 0.33260E+00
 0.10000E-02	 0.10000E-03	 0.28620E-03	 0.36821E+00	 0.40906E-01	 0.40901E-01	 0.13605E+01	 0.13605E+01	 0.22459E+03	 0.22459E+03	 0.45723E+01	 0.10005E+04	 0.21891E+06	 0.62566E-10	 0.19260E+00	 0.34940E+00	 0.11400E-01	 0.23366E+01	 0.33260E+00
 0.10000E-03	 0.10000E-03	 0.28620E-03	 0.36821E+00	 0.12903E+00	 0.11921E+00	 0.13734E+01	 0.13775E+01	 0.26893E+04	 0.26723E+04	 0.45723E+01	 0.10005E+04	 0.21891E+06	 0.69031E-08	 0.19260E+00	 0.34940E+00	 0.11400E-01	 0.23366E+01	 0.33260E+00
 0.10000E-04	 0.10000E-03	 0.28620E-03	 0.36821E+00	 0.54667E+00	 0.22985E+00	 0.14822E+01	 0.13977E+01	 0.28915E+05	 0.27785E+05	 0.45723E+01	 0.10005E+04	 0.21891E+06	 0.82946E-06	 0.19260E+00	 0.34940E+00	 0.11400E-01	 0.23366E+01	 0.33260E+00
 0.10000E-05	 0.10000E-03	 0.28620E-03	 0.36821E+00	 0.51789E+00	 0.34566E-01	 0.22844E+01	 0.13938E+01	 0.31168E+06	 0.27845E+06	 0.45723E+01	 0.10005E+04	 0.21891E+06	 0.61275E-02	 0.19260E+00	 0.34940E+00	 0.11400E-01	 0.23366E+01	 0.33260E+00
 0.30000E+01	 0.10000E-03	 0.28620E-03	 0.36821E+00	 0.23460E+01	 0.23460E+01	 0.64967E-04	 0.64967E-04	 0.11334E-04	 0.11334E-04	 0.45723E+01	 0.10005E+04	 0.21891E+06	 0.23221E-11	 0.19260E+00	 0.34940E+00	 0.11400E-01	 0.23366E+01	 0.33260E+00
 0.30000E+00	 0.10000E-03	 0.28620E-03	 0.36821E+00	 0.25492E+00	 0.25492E+00	 0.70040E-02	 0.70040E-02	 0.63845E-02	 0.63845E-02	 0.45723E+01	 0.10005E+04	 0.21891E+06	 0.29026E-13	 0.19260E+00	 0.34940E+00	 0.11400E-01	 0.23366E+01	 0.33260E+00
 0.30000E+02	 0.10000E-03	 0.28620E-03	 0.36821E+00	 0.22670E+02	 0.22670E+02	 0.69839E-06	 0.69839E-06	 0.11751E-07	 0.11751E-07	 0.45723E+01	 0.10005E+04	 0.21891E+06	 0.27351E-09	 0.19260E+00	 0.34940E+00	 0.11400E-01	 0.23366E+01	 0.33260E+00
 0.30000E-01	 0.10000E-03	 0.28620E-03	 0.36821E+00	 0.93559E-01	 0.93559E-01	 0.26439E+00	 0.26439E+00	 0.14857E+01	 0.14857E+01	 0.45723E+01	 0.10005E+04	 0.21891E+06	 0.16457E-12	 0.19260E+00	 0.34940E+00	 0.11400E-01	 0.23366E+01	 0.33260E+00
 0.30000E+03	 0.10000E-03	 0.28620E-03	 0.36821E+00	 0.58246E+02	 0.58246E+02	 0.19202E-07	 0.19202E-07	 0.11755E-10	 0.11755E-10	 0.45723E+01	 0.10005E+04	 0.21891E+06	 0.18071E-08	 0.19260E+00	 0.34940E+00	 0.11400E-01	 0.23366E+01	 0.33260E+00
 0.30000E-02	 0.10000E-03	 0.28620E-03	 0.36821E+00	 0.49100E-01	 0.49100E-01	 0.11458E+01	 0.11458E+01	 0.60123E+02	 0.60123E+02	 0.45723E+01	 0.10005E+04	 0.21891E+06	 0.54908E-11	 0.19260E+00	 0.34940E+00	 0.11400E-01	 0.23366E+01	 0.33260E+00
 0.30000E-03	 0.10000E-03	 0.28620E-03	 0.36821E+00	 0.60613E-01	 0.60059E-01	 0.14184E+01	 0.14191E+01	 0.84411E+03	 0.84327E+03	 0.45723E+01	 0.10005E+04	 0.21891E+06	 0.46257E-09	 0.19260E+00	 0.34940E+00	 0.11400E-01	 0.23366E+01	 0.33260E+00
 0.30000E-04	 0.10000E-03	 0.28620E-03	 0.36821E+00	 0.32524E+00	 0.23385E+00	 0.13551E+01	 0.13508E+01	 0.93419E+04	 0.91738E+04	 0.45723E+01	 0.10005E+04	 0.21891E+06	 0.49324E-07	 0.19260E+00	 0.34940E+00	 0.11400E-01	 0.23366E+01	 0.33260E+00
 0.30000E-05	 0.10000E-03	 0.28620E-03	 0.36821E+00	 0.55978E+00	 0.98514E-01	 0.17606E+01	 0.13964E+01	 0.10005E+06	 0.92796E+05	 0.45723E+01	 0.10005E+04	 0.21891E+06	 0.12622E-03	 0.19260E+00	 0.34940E+00	 0.11400E-01	 0.23366E+01	 0.33260E+00
 0.10000E+01	 0.10000E-04	 0.28620E-04	 0.36821E+00	 0.78877E+00	 0.78877E+00	 0.59855E-03	 0.59855E-03	 0.25970E-03	 0.25970E-03	 0.45723E+01	 0.10005E+04	 0.21891E+06	 0.34164E-12	 0.19260E+00	 0.34940E+00	 0.11400E-01	 0.23366E+01	 0.33260E+00
 0.10000E+00	 0.10000E-04	 0.28620E-04	 0.36821E+00	 0.12650E+00	 0.12650E+00	 0.54680E-01	 0.54680E-01	 0.10515E+00	 0.10515E+00	 0.45723E+01	 0.10005E+04	 0.21891E+06	 0.66720E-13	 0.19260E+00	 0.34940E+00	 0.11400E-01	 0.23366E+01	 0.33260E+00
 0.10000E+02	 0.10000E-04	 0.28620E-04	 0.36821E+00	 0.78165E+01	 0.78165E+01	 0.58203E-05	 0.58203E-05	 0.31624E-06	 0.31624E-06	 0.45723E+01	 0.10005E+04	 0.21891E+06	 0.14401E-10	 0.19260E+00	 0.34940E+00	 0.11400E-01	 0.23366E+01	 0.33260E+00
 0.10000E-01	 0.10000E-04	 0.28620E-04	 0.36821E+00	 0.72174E-01	 0.72174E-01	 0.65773E+00	 0.65773E+00	 0.10636E+02	 0.10636E+02	 0.45723E+01	 0.10005E+04	 0.21891E+06	 0.70684E-12	 0.19260E+00	 0.34940E+00	 0.11400E-01	 0.23366E+01	 0.33260E+00
 0.10000E+03	 0.10000E-04	 0.28620E-04	 0.36821E+00	 0.77821E+02	 0.77821E+02	 0.58736E-07	 0.58736E-07	 0.31738E-09	 0.31738E-09	 0.45723E+01	 0.10005E+04	 0.21891E+06	 0.19419E-08	 0.19260E+00	 0.34940E+00	 0.11400E-01	 0.23366E+01	 0.33260E+00
 0.10000E-02	 0.10000E-04	 0.28620E-04	 0.36821E+00	 0.40929E-01	 0.40924E-01	 0.13607E+01	 0.13607E+01	 0.22459E+03	 0.22459E+03	 0.45723E+01	 0.10005E+04	 0.21891E+06	 0.63479E-10	 0.19260E+00	 0.34940E+00	 0.11400E-01	 0.23366E+01	 0.33260E+00
 0.10000E-03	 0.10000E-04	 0.28620E-04	 0.36821E+00	 0.13403E+00	 0.12412E+00	 0.13670E+01	 0.13746E+01	 0.26898E+04	 0.26729E+04	 0.45723E+01	 0.10005E+04	 0.21891E+06	 0.52232E-08	 0.19260E+00	 0.34940E+00	 0.11400E-01	 0.23366E+01	 0.33260E+00
 0.10000E-04	 0.10000E-04	 0.28620E-04	 0.36821E+00	 0.11472E+01	 0.62663E+00	 0.13518E+01	 0.13456E+01	 0.28920E+05	 0.27791E+05	 0.45723E+01	 0.10005E+04	 0.21891E+06	 0.37546E-06	 0.19260E+00	 0.34940E+00	 0.11400E-01	 0.23366E+01	 0.33260E+00
 0.10000E-05	 0.10000E-04	 0.28620E-04	 0.36821E+00	 0.59389E+01	 0.59360E+00	 0.38472E+01	 0.28256E+01	 0.31171E+06	 0.27855E+06	 0.45723E+01	 0.10005E+04	 0.21891E+06	 0.47012E-03	 0.19260E+00	 0.34940E+00	 0.11400E-01	 0.23366E+01	 0.33260E+00
 0.30000E+01	 0.10000E-04	 0.28620E-04	 0.36821E+00	 0.23476E+01	 0.23476E+01	 0.64906E-04	 0.64906E-04	 0.11334E-04	 0.11334E-04	 0.45723E+01	 0.10005E+04	 0.21891E+06	 0.17644E-11	 0.19260E+00	 0.34940E+00	 0.11400E-01	 0.23366E+01	 0.33260E+00
 0.30000E+00	 0.10000E-04	 0.28620E-04	 0.36821E+00	 0.25507E+00	 0.25507E+00	 0.70039E-02	 0.70039E-02	 0.63845E-02	 0.63845E-02	 0.45723E+01	 0.10005E+04	 0.21891E+06	 0.17215E-13	 0.19260E+00	 0.34940E+00	 0.11400E-01	 0.23366E+01	 0.33260E+00
 0.30000E+02	 0.10000E-04	 0.28620E-04	 0.36821E+00	 0.23437E+02	 0.23437E+02	 0.64704E-06	 0.64704E-06	 0.11751E-07	 0.11751E-07	 0.45723E+01	 0.10005E+04	 0.21891E+06	 0.41424E-09	 0.19260E+00	 0.34940E+00	 0.11400E-01	 0.23366E+01	 0.33260E+00
 0.30000E-01	 0.10000E-04	 0.28620E-04	 0.36821E+00	 0.93559E-01	 0.93559E-01	 0.26439E+00	 0.26439E+00	 0.14857E+01	 0.14857E+01	 0.45723E+01	 0.10005E+04	 0.21891E+06	 0.18030E-12	 0.19260E+00	 0.34940E+00	 0.11400E-01	 0.23366E+01	 0.33260E+00
 0.30000E+03	 0.10000E-04	 0.28620E-04	 0.36821E+00	 0.22670E+03	 0.22670E+03	 0.69836E-08	 0.69836E-08	 0.11755E-10	 0.11755E-10	 0.45723E+01	 0.10005E+04	 0.21891E+06	 0.14277E-07	 0.19260E+00	 0.34940E+00	 0.11400E-01	 0.23366E+01	 0.33260E+00
 0.30000E-02	 0.10000E-04	 0.28620E-04	 0.36821E+00	 0.49102E-01	 0.49102E-01	 0.11458E+01	 0.11458E+01	 0.60124E+02	 0.60124E+02	 0.45723E+01	 0.10005E+04	 0.21891E+06	 0.68224E-11	 0.19260E+00	 0.34940E+00	 0.11400E-01	 0.23366E+01	 0.33260E+00
 0.30000E-03	 0.10000E-04	 0.28620E-04	 0.36821E+00	 0.61011E-01	 0.60456E-01	 0.14196E+01	 0.14203E+01	 0.84417E+03	 0.84333E+03	 0.45723E+01	 0.10005E+04	 0.21891E+06	 0.56139E-09	 0.19260E+00	 0.34940E+00	 0.11400E-01	 0.23366E+01	 0.33260E+00
 0.30000E-04	 0.10000E-04	 0.28620E-04	 0.36821E+00	 0.40067E+00	 0.30165E+00	 0.12721E+01	 0.13008E+01	 0.93447E+04	 0.91768E+04	 0.45723E+01	 0.10005E+04	 0.21891E+06	 0.90065E-07	 0.19260E+00	 0.34940E+00	 0.11400E-01	 0.23366E+01	 0.33260E+00
 0.30000E-05	 0.10000E-04	 0.28620E-04	 0.36821E+00	 0.32821E+01	 0.93354E+00	 0.21327E+01	 0.19049E+01	 0.10006E+06	 0.92823E+05	 0.45723E+01	 0.10005E+04	 0.21891E+06	 0.54532E-05	 0.19260E+00	 0.34940E+00	 0.11400E-01	 0.23366E+01	 0.33260E+00
 0.10000E+01	 0.30000E-01	 0.85861E-01	 0.36821E+00	 0.20851E+00	 0.20851E+00	 0.18285E-02	 0.18285E-02	 0.28327E-03	 0.28327E-03	 0.45723E+01	 0.10005E+04	 0.21891E+06	 0.41794E-13	 0.19260E+00	 0.34940E+00	 0.11400E-01	 0.23366E+01	 0.33260E+00
 0.10000E+00	 0.30000E-01	 0.85861E-01	 0.36821E+00	 0.14268E+00	 0.14268E+00	 0.60501E-01	 0.60501E-01	 0.10529E+00	 0.10529E+00	 0.45723E+01	 0.10005E+04	 0.21891E+06	 0.25277E-12	 0.19260E+00	 0.34940E+00	 0.11400E-01	 0.23366E+01	 0.33260E+00
 0.10000E+02	 0.30000E-01	 0.85861E-01	 0.36821E+00	 0.35021E-01	 0.35021E-01	 0.20559E-04	 0.20559E-04	 0.34380E-06	 0.34380E-06	 0.45723E+01	 0.10005E+04	 0.21891E+06	 0.52997E-12	 0.19260E+00	 0.34940E+00	 0.11400E-01	 0.23366E+01	 0.33260E+00
 0.10000E-01	 0.30000E-01	 0.85861E-01	 0.36821E+00	 0.72876E-01	 0.72876E-01	 0.62206E+00	 0.62206E+00	 0.98341E+01	 0.98341E+01	 0.45723E+01	 0.10005E+04	 0.21891E+06	 0.25295E-11	 0.19260E+00	 0.34940E+00	 0.11400E-01	 0.23366E+01	 0.33260E+00
 0.10000E+03	 0.30000E-01	 0.85861E-01	 0.36821E+00	 0.61557E-02	 0.61557E-02	 0.19763E-06	 0.19763E-06	 0.34536E-09	 0.34536E-09	 0.45723E+01	 0.10005E+04	 0.21891E+06	 0.25614E-11	 0.19260E+00	 0.34940E+00	 0.11400E-01	 0.23366E+01	 0.33260E+00
 0.10000E-02	 0.30000E-01	 0.85861E-01	 0.36821E+00	 0.18163E-01	 0.18163E-01	 0.11131E+01	 0.11131E+01	 0.22753E+03	 0.22752E+03	 0.45723E+01	 0.10005E+04	 0.21891E+06	 0.15470E-09	 0.19260E+00	 0.34940E+00	 0.11400E-01	 0.23366E+01	 0.33260E+00
 0.10000E-03	 0.30000E-01	 0.85861E-01	 0.36821E+00	 0.34936E-02	 0.34382E-02	 0.92346E+00	 0.92948E+00	 0.33074E+04	 0.32724E+04	 0.45723E+01	 0.10005E+04	 0.21891E+06	 0.92132E-08	 0.19260E+00	 0.34940E+00	 0.11400E-01	 0.23366E+01	 0.33260E+00
 0.10000E-04	 0.30000E-01	 0.85861E-01	 0.36821E+00	 0.65977E-03	 0.61145E-03	 0.38040E+00	 0.38710E+00	 0.39608E+05	 0.37232E+05	 0.45723E+01	 0.10005E+04	 0.21891E+06	 0.70727E-06	 0.19260E+00	 0.34940E+00	 0.11400E-01	 0.23366E+01	 0.33260E+00
 0.10000E-05	 0.30000E-01	 0.85861E-01	 0.36821E+00	 0.20211E-03	 0.72111E-04	 0.31802E+00	 0.24971E+00	 0.43534E+06	 0.37790E+06	 0.45723E+01	 0.10005E+04	 0.21891E+06	 0.55726E-04	 0.19260E+00	 0.34940E+00	 0.11400E-01	 0.23366E+01	 0.33260E+00
 0.30000E+01	 0.30000E-01	 0.85861E-01	 0.36821E+00	 0.94952E-01	 0.94952E-01	 0.23128E-03	 0.23128E-03	 0.12324E-04	 0.12324E-04	 0.45723E+01	 0.10005E+04	 0.21891E+06	 0.66255E-13	 0.19260E+00	 0.34940E+00	 0.11400E-01	 0.23366E+01	 0.33260E+00
 0.30000E+00	 0.30000E-01	 0.85861E-01	 0.36821E+00	 0.23305E+00	 0.23305E+00	 0.12004E-01	 0.12004E-01	 0.69091E-02	 0.69091E-02	 0.45723E+01	 0.10005E+04	 0.21891E+06	 0.41581E-13	 0.19260E+00	 0.34940E+00	 0.11400E-01	 0.23366E+01	 0.33260E+00
 0.30000E+02	 0.30000E-01	 0.85861E-01	 0.36821E+00	 0.15618E-01	 0.15618E-01	 0.22208E-05	 0.22208E-05	 0.12781E-07	 0.12781E-07	 0.45723E+01	 0.10005E+04	 0.21891E+06	 0.77815E-12	 0.19260E+00	 0.34940E+00	 0.11400E-01	 0.23366E+01	 0.33260E+00
 0.30000E-01	 0.30000E-01	 0.85861E-01	 0.36821E+00	 0.10094E+00	 0.10094E+00	 0.25920E+00	 0.25920E+00	 0.13835E+01	 0.13835E+01	 0.45723E+01	 0.10005E+04	 0.21891E+06	 0.23681E-12	 0.19260E+00	 0.34940E+00	 0.11400E-01	 0.23366E+01	 0.33260E+00
 0.30000E+03	 0.30000E-01	 0.85861E-01	 0.36821E+00	 0.23558E-02	 0.23558E-02	 0.21992E-07	 0.21992E-07	 0.12793E-10	 0.12793E-10	 0.45723E+01	 0.10005E+04	 0.21891E+06	 0.31194E-10	 0.19260E+00	 0.34940E+00	 0.11400E-01	 0.23366E+01	 0.33260E+00
 0.30000E-02	 0.30000E-01	 0.85861E-01	 0.36821E+00	 0.38652E-01	 0.38652E-01	 0.98687E+00	 0.98687E+00	 0.56581E+02	 0.56581E+02	 0.45723E+01	 0.10005E+04	 0.21891E+06	 0.17668E-10	 0.19260E+00	 0.34940E+00	 0.11400E-01	 0.23366E+01	 0.33260E+00
 0.30000E-03	 0.30000E-01	 0.85861E-01	 0.36821E+00	 0.74961E-02	 0.74808E-02	 0.10811E+01	 0.10822E+01	 0.94899E+03	 0.94773E+03	 0.45723E+01	 0.10005E+04	 0.21891E+06	 0.13547E-08	 0.19260E+00	 0.34940E+00	 0.11400E-01	 0.23366E+01	 0.33260E+00
 0.30000E-04	 0.30000E-01	 0.85861E-01	 0.36821E+00	 0.15391E-02	 0.14760E-02	 0.61937E+00	 0.63189E+00	 0.12391E+05	 0.11970E+05	 0.45723E+01	 0.10005E+04	 0.21891E+06	 0.80367E-07	 0.19260E+00	 0.34940E+00	 0.11400E-01	 0.23366E+01	 0.33260E+00
 0.30000E-05	 0.30000E-01	 0.85861E-01	 0.36821E+00	 0.26948E-03	 0.20715E-03	 0.24942E+00	 0.26437E+00	 0.13769E+06	 0.12565E+06	 0.45723E+01	 0.10005E+04	 0.21891E+06	 0.10452E-04	 0.19260E+00	 0.34940E+00	 0.11400E-01	 0.23366E+01	 0.33260E+00
 0.10000E+01	 0.30000E-02	 0.85861E-02	 0.36821E+00	 0.76381E+00	 0.76381E+00	 0.64635E-03	 0.64635E-03	 0.25986E-03	 0.25986E-03	 0.45723E+01	 0.10005E+04	 0.21891E+06	 0.14492E-12	 0.19260E+00	 0.34940E+00	 0.11400E-01	 0.23366E+01	 0.33260E+00
 0.10000E+00	 0.30000E-02	 0.85861E-02	 0.36821E+00	 0.12659E+00	 0.12659E+00	 0.54735E-01	 0.54735E-01	 0.10514E+00	 0.10514E+00	 0.45723E+01	 0.10005E+04	 0.21891E+06	 0.52186E-13	 0.19260E+00	 0.34940E+00	 0.11400E-01	 0.23366E+01	 0.33260E+00
 0.10000E+02	 0.30000E-02	 0.85861E-02	 0.36821E+00	 0.19430E+01	 0.19430E+01	 0.17293E-04	 0.17293E-04	 0.31648E-06	 0.31648E-06	 0.45723E+01	 0.10005E+04	 0.21891E+06	 0.30654E-11	 0.19260E+00	 0.34940E+00	 0.11400E-01	 0.23366E+01	 0.33260E+00
 0.10000E-01	 0.30000E-02	 0.85861E-02	 0.36821E+00	 0.72108E-01	 0.72108E-01	 0.65654E+00	 0.65654E+00	 0.10616E+02	 0.10616E+02	 0.45723E+01	 0.10005E+04	 0.21891E+06	 0.10186E-11	 0.19260E+00	 0.34940E+00	 0.11400E-01	 0.23366E+01	 0.33260E+00
 0.10000E+03	 0.30000E-02	 0.85861E-02	 0.36821E+00	 0.34810E+00	 0.34810E+00	 0.20563E-06	 0.20563E-06	 0.31766E-09	 0.31766E-09	 0.45723E+01	 0.10005E+04	 0.21891E+06	 0.23296E-10	 0.19260E+00	 0.34940E+00	 0.11400E-01	 0.23366E+01	 0.33260E+00
 0.10000E-02	 0.30000E-02	 0.85861E-02	 0.36821E+00	 0.36510E-01	 0.36506E-01	 0.13383E+01	 0.13383E+01	 0.22250E+03	 0.22250E+03	 0.45723E+01	 0.10005E+04	 0.21891E+06	 0.76842E-10	 0.19260E+00	 0.34940E+00	 0.11400E-01	 0.23366E+01	 0.33260E+00
 0.10000E-03	 0.30000E-02	 0.85861E-02	 0.36821E+00	 0.21283E-01	 0.19744E-01	 0.12119E+01	 0.12179E+01	 0.26832E+04	 0.26654E+04	 0.45723E+01	 0.10005E+04	 0.21891E+06	 0.65776E-08	 0.19260E+00	 0.34940E+00	 0.11400E-01	 0.23366E+01	 0.33260E+00
 0.10000E-04	 0.30000E-02	 0.85861E-02	 0.36821E+00	 0.89127E-02	 0.38831E-02	 0.52755E+00	 0.75186E+00	 0.29452E+05	 0.28286E+05	 0.45723E+01	 0.10005E+04	 0.21891E+06	 0.28202E-05	 0.19260E+00	 0.34940E+00	 0.11400E-01	 0.23366E+01	 0.33260E+00
 0.10000E-05	 0.30000E-02	 0.85861E-02	 0.36821E+00	 0.16402E-02	 0.42074E-03	-0.35628E+00	 0.50125E+00	 0.32373E+06	 0.28648E+06	 0.45723E+01	 0.10005E+04	 0.21891E+06	 0.14918E-02	 0.19260E+00	 0.34940E+00	 0.11400E-01	 0.23366E+01	 0.33260E+00
 0.30000E+01	 0.30000E-02	 0.85861E-02	 0.36821E+00	 0.18133E+01	 0.18133E+01	 0.10203E-03	 0.10203E-03	 0.11341E-04	 0.11341E-04	 0.45723E+01	 0.10005E+04	 0.21891E+06	 0.15688E-11	 0.19260E+00	 0.34940E+00	 0.11400E-01	 0.23366E+01	 0.33260E+00
 0.30000E+00	 0.30000E-02	 0.85861E-02	 0.36821E+00	 0.25455E+00	 0.25455E+00	 0.70625E-02	 0.70625E-02	 0.63887E-02	 0.63887E-02	 0.45723E+01	 0.10005E+04	 0.21891E+06	 0.29153E-13	 0.19260E+00	 0.34940E+00	 0.11400E-01	 0.23366E+01	 0.33260E+00
 0.30000E+02	 0.30000E-02	 0.85861E-02	 0.36821E+00	 0.93337E+00	 0.93337E+00	 0.22963E-05	 0.22963E-05	 0.11760E-07	 0.11760E-07	 0.45723E+01	 0.10005E+04	 0.21891E+06	 0.44851E-11	 0.19260E+00	 0.34940E+00	 0.11400E-01	 0.23366E+01	 0.33260E+00
 0.30000E-01	 0.30000E-02	 0.85861E-02	 0.36821E+00	 0.93614E-01	 0.93614E-01	 0.26430E+00	 0.26430E+00	 0.14844E+01	 0.14844E+01	 0.45723E+01	 0.10005E+04	 0.21891E+06	 0.18559E-12	 0.19260E+00	 0.34940E+00	 0.11400E-01	 0.23366E+01	 0.33260E+00
 0.30000E+03	 0.30000E-02	 0.85861E-02	 0.36821E+00	 0.15565E+00	 0.15565E+00	 0.22215E-07	 0.22215E-07	 0.11766E-10	 0.11766E-10	 0.45723E+01	 0.10005E+04	 0.21891E+06	 0.59045E-10	 0.19260E+00	 0.34940E+00	 0.11400E-01	 0.23366E+01	 0.33260E+00
 0.30000E-02	 0.30000E-02	 0.85861E-02	 0.36821E+00	 0.48438E-01	 0.48438E-01	 0.11372E+01	 0.11372E+01	 0.59834E+02	 0.59834E+02	 0.45723E+01	 0.10005E+04	 0.21891E+06	 0.10643E-10	 0.19260E+00	 0.34940E+00	 0.11400E-01	 0.23366E+01	 0.33260E+00
 0.30000E-03	 0.30000E-02	 0.85861E-02	 0.36821E+00	 0.30162E-01	 0.29934E-01	 0.13475E+01	 0.13480E+01	 0.83556E+03	 0.83473E+03	 0.45723E+01	 0.10005E+04	 0.21891E+06	 0.90850E-09	 0.19260E+00	 0.34940E+00	 0.11400E-01	 0.23366E+01	 0.33260E+00
 0.30000E-04	 0.30000E-02	 0.85861E-02	 0.36821E+00	 0.14017E-01	 0.95286E-02	 0.97437E+00	 0.10100E+01	 0.94123E+04	 0.92404E+04	 0.45723E+01	 0.10005E+04	 0.21891E+06	 0.11754E-06	 0.19260E+00	 0.34940E+00	 0.11400E-01	 0.23366E+01	 0.33260E+00
 0.30000E-05	 0.30000E-02	 0.85861E-02	 0.36821E+00	 0.39739E-02	 0.12489E-02	-0.10744E+00	 0.54220E+00	 0.10355E+06	 0.95307E+05	 0.45723E+01	 0.10005E+04	 0.21891E+06	 0.79626E-03	 0.19260E+00	 0.34940E+00	 0.11400E-01	 0.23366E+01	 0.33260E+00
 0.10000E+01	 0.30000E-03	 0.85861E-03	 0.36821E+00	 0.78787E+00	 0.78787E+00	 0.59911E-03	 0.59911E-03	 0.25971E-03	 0.25971E-03	 0.45723E+01	 0.10005E+04	 0.21891E+06	 0.28972E-12	 0.19260E+00	 0.34940E+00	 0.11400E-01	 0.23366E+01	 0.33260E+00
 0.10000E+00	 0.30000E-03	 0.85861E-03	 0.36821E+00	 0.12645E+00	 0.12645E+00	 0.54681E-01	 0.54681E-01	 0.10515E+00	 0.10515E+00	 0.45723E+01	 0.10005E+04	 0.21891E+06	 0.67352E-13	 0.19260E+00	 0.34940E+00	 0.11400E-01	 0.23366E+01	 0.33260E+00
 0.10000E+02	 0.30000E-03	 0.85861E-03	 0.36821E+00	 0.75574E+01	 0.75574E+01	 0.62875E-05	 0.62875E-05	 0.31624E-06	 0.31624E-06	 0.45723E+01	 0.10005E+04	 0.21891E+06	 0.32577E-10	 0.19260E+00	 0.34940E+00	 0.11400E-01	 0.23366E+01	 0.33260E+00
 0.10000E-01	 0.30000E-03	 0.85861E-03	 0.36821E+00	 0.72174E-01	 0.72174E-01	 0.65772E+00	 0.65772E+00	 0.10636E+02	 0.10636E+02	 0.45723E+01	 0.10005E+04	 0.21891E+06	 0.88785E-12	 0.19260E+00	 0.34940E+00	 0.11400E-01	 0.23366E+01	 0.33260E+00
 0.10000E+03	 0.30000E-03	 0.85861E-03	 0.36821E+00	 0.19415E+02	 0.19415E+02	 0.17282E-06	 0.17282E-06	 0.31738E-09	 0.31738E-09	 0.45723E+01	 0.10005E+04	 0.21891E+06	 0.15127E-09	 0.19260E+00	 0.34940E+00	 0.11400E-01	 0.23366E+01	 0.33260E+00
 0.10000E-02	 0.30000E-03	 0.85861E-03	 0.36821E+00	 0.40794E-01	 0.40789E-01	 0.13596E+01	 0.13596E+01	 0.22456E+03	 0.22455E+03	 0.45723E+01	 0.10005E+04	 0.21891E+06	 0.57169E-10	 0.19260E+00	 0.34940E+00	 0.11400E-01	 0.23366E+01	 0.33260E+00
 0.10000E-03	 0.30000E-03	 0.85861E-03	 0.36821E+00	 0.11119E+00	 0.10205E+00	 0.13754E+01	 0.13759E+01	 0.26870E+04	 0.26701E+04	 0.45723E+01	 0.10005E+04	 0.21891E+06	 0.53882E-08	 0.19260E+00	 0.34940E+00	 0.11400E-01	 0.23366E+01	 0.33260E+00
 0.10000E-04	 0.30000E-03	 0.85861E-03	 0.36821E+00	 0.17235E+00	 0.63720E-01	 0.13225E+01	 0.12710E+01	 0.28911E+05	 0.27775E+05	 0.45723E+01	 0.10005E+04	 0.21891E+06	 0.95793E-06	 0.19260E+00	 0.34940E+00	 0.11400E-01	 0.23366E+01	 0.33260E+00
 0.10000E-05	 0.30000E-03	 0.85861E-03	 0.36821E+00	 0.96380E-01	 0.74203E-02	 0.15560E+01	 0.12585E+01	 0.31164E+06	 0.27833E+06	 0.45723E+01	 0.10005E+04	 0.21891E+06	 0.26446E-01	 0.19260E+00	 0.34940E+00	 0.11400E-01	 0.23366E+01	 0.33260E+00
 0.30000E+01	 0.30000E-03	 0.85861E-03	 0.36821E+00	 0.23387E+01	 0.23387E+01	 0.65415E-04	 0.65415E-04	 0.11334E-04	 0.11334E-04	 0.45723E+01	 0.10005E+04	 0.21891E+06	 0.92745E-12	 0.19260E+00	 0.34940E+00	 0.11400E-01	 0.23366E+01	 0.33260E+00
 0.30000E+00	 0.30000E-03	 0.85861E-03	 0.36821E+00	 0.25487E+00	 0.25487E+00	 0.70046E-02	 0.70046E-02	 0.63846E-02	 0.63846E-02	 0.45723E+01	 0.10005E+04	 0.21891E+06	 0.17021E-13	 0.19260E+00	 0.34940E+00	 0.11400E-01	 0.23366E+01	 0.33260E+00
 0.30000E+02	 0.30000E-03	 0.85861E-03	 0.36821E+00	 0.18083E+02	 0.18083E+02	 0.10161E-05	 0.10161E-05	 0.11751E-07	 0.11751E-07	 0.45723E+01	 0.10005E+04	 0.21891E+06	 0.10606E-09	 0.19260E+00	 0.34940E+00	 0.11400E-01	 0.23366E+01	 0.33260E+00
 0.30000E-01	 0.30000E-03	 0.85861E-03	 0.36821E+00	 0.93558E-01	 0.93558E-01	 0.26438E+00	 0.26438E+00	 0.14857E+01	 0.14857E+01	 0.45723E+01	 0.10005E+04	 0.21891E+06	 0.16395E-12	 0.19260E+00	 0.34940E+00	 0.11400E-01	 0.23366E+01	 0.33260E+00
 0.30000E+03	 0.30000E-03	 0.85861E-03	 0.36821E+00	 0.93320E+01	 0.93320E+01	 0.22961E-07	 0.22961E-07	 0.11755E-10	 0.11755E-10	 0.45723E+01	 0.10005E+04	 0.21891E+06	 0.39443E-09	 0.19260E+00	 0.34940E+00	 0.11400E-01	 0.23366E+01	 0.33260E+00
 0.30000E-02	 0.30000E-03	 0.85861E-03	 0.36821E+00	 0.49086E-01	 0.49086E-01	 0.11457E+01	 0.11457E+01	 0.60120E+02	 0.60120E+02	 0.45723E+01	 0.10005E+04	 0.21891E+06	 0.72339E-11	 0.19260E+00	 0.34940E+00	 0.11400E-01	 0.23366E+01	 0.33260E+00
 0.30000E-03	 0.30000E-03	 0.85861E-03	 0.36821E+00	 0.59113E-01	 0.58566E-01	 0.14162E+01	 0.14166E+01	 0.84373E+03	 0.84290E+03	 0.45723E+01	 0.10005E+04	 0.21891E+06	 0.56789E-09	 0.19260E+00	 0.34940E+00	 0.11400E-01	 0.23366E+01	 0.33260E+00
 0.30000E-04	 0.30000E-03	 0.85861E-03	 0.36821E+00	 0.17797E+00	 0.11710E+00	 0.13169E+01	 0.13082E+01	 0.93382E+04	 0.91694E+04	 0.45723E+01	 0.10005E+04	 0.21891E+06	 0.96271E-07	 0.19260E+00	 0.34940E+00	 0.11400E-01	 0.23366E+01	 0.33260E+00
 0.30000E-05	 0.30000E-03	 0.85861E-03	 0.36821E+00	 0.15447E+00	 0.21847E-01	 0.14665E+01	 0.12596E+01	 0.10004E+06	 0.92758E+05	 0.45723E+01	 0.10005E+04	 0.21891E+06	 0.29199E-03	 0.19260E+00	 0.34940E+00	 0.11400E-01	 0.23366E+01	 0.33260E+00
 0.10000E+01	 0.30000E-04	 0.85861E-04	 0.36821E+00	 0.78842E+00	 0.78842E+00	 0.59855E-03	 0.59855E-03	 0.25970E-03	 0.25970E-03	 0.45723E+01	 0.10005E+04	 0.21891E+06	 0.18031E-12	 0.19260E+00	 0.34940E+00	 0.11400E-01	 0.23366E+01	 0.33260E+00
 0.10000E+00	 0.30000E-04	 0.85861E-04	 0.36821E+00	 0.12650E+00	 0.12650E+00	 0.54680E-01	 0.54680E-01	 0.10515E+00	 0.10515E+00	 0.45723E+01	 0.10005E+04	 0.21891E+06	 0.64164E-13	 0.19260E+00	 0.34940E+00	 0.11400E-01	 0.23366E+01	 0.33260E+00
 0.10000E+02	 0.30000E-04	 0.85861E-04	 0.36821E+00	 0.78130E+01	 0.78130E+01	 0.58252E-05	 0.58252E-05	 0.31624E-06	 0.31624E-06	 0.45723E+01	 0.10005E+04	 0.21891E+06	 0.15869E-10	 0.19260E+00	 0.34940E+00	 0.11400E-01	 0.23366E+01	 0.33260E+00
 0.10000E-01	 0.30000E-04	 0.85861E-04	 0.36821E+00	 0.72174E-01	 0.72174E-01	 0.65773E+00	 0.65773E+00	 0.10636E+02	 0.10636E+02	 0.45723E+01	 0.10005E+04	 0.21891E+06	 0.10001E-11	 0.19260E+00	 0.34940E+00	 0.11400E-01	 0.23366E+01	 0.33260E+00
 0.10000E+03	 0.30000E-04	 0.85861E-04	 0.36821E+00	 0.75565E+02	 0.75565E+02	 0.62853E-07	 0.62853E-07	 0.31738E-09	 0.31738E-09	 0.45723E+01	 0.10005E+04	 0.21891E+06	 0.11577E-08	 0.19260E+00	 0.34940E+00	 0.11400E-01	 0.23366E+01	 0.33260E+00
 0.10000E-02	 0.30000E-04	 0.85861E-04	 0.36821E+00	 0.40927E-01	 0.40922E-01	 0.13606E+01	 0.13606E+01	 0.22459E+03	 0.22459E+03	 0.45723E+01	 0.10005E+04	 0.21891E+06	 0.63313E-10	 0.19260E+00	 0.34940E+00	 0.11400E-01	 0.23366E+01	 0.33260E+00
 0.10000E-03	 0.30000E-04	 0.85861E-04	 0.36821E+00	 0.13323E+00	 0.12333E+00	 0.13682E+01	 0.13750E+01	 0.26898E+04	 0.26728E+04	 0.45723E+01	 0.10005E+04	 0.21891E+06	 0.57472E-08	 0.19260E+00	 0.34940E+00	 0.11400E-01	 0.23366E+01	 0.33260E+00
 0.10000E-04	 0.30000E-04	 0.85861E-04	 0.36821E+00	 0.99988E+00	 0.50728E+00	 0.14987E+01	 0.14456E+01	 0.28918E+05	 0.27789E+05	 0.45723E+01	 0.10005E+04	 0.21891E+06	 0.43266E-06	 0.19260E+00	 0.34940E+00	 0.11400E-01	 0.23366E+01	 0.33260E+00
 0.10000E-05	 0.30000E-04	 0.85861E-04	 0.36821E+00	 0.21008E+01	 0.17857E+00	 0.31503E+01	 0.20014E+01	 0.31170E+06	 0.27851E+06	 0.45723E+01	 0.10005E+04	 0.21891E+06	 0.30752E-02	 0.19260E+00	 0.34940E+00	 0.11400E-01	 0.23366E+01	 0.33260E+00
 0.30000E+01	 0.30000E-04	 0.85861E-04	 0.36821E+00	 0.23470E+01	 0.23470E+01	 0.64911E-04	 0.64911E-04	 0.11334E-04	 0.11334E-04	 0.45723E+01	 0.10005E+04	 0.21891E+06	 0.19754E-11	 0.19260E+00	 0.34940E+00	 0.11400E-01	 0.23366E+01	 0.33260E+00
 0.30000E+00	 0.30000E-04	 0.85861E-04	 0.36821E+00	 0.25503E+00	 0.25503E+00	 0.70039E-02	 0.70039E-02	 0.63845E-02	 0.63845E-02	 0.45723E+01	 0.10005E+04	 0.21891E+06	 0.17333E-13	 0.19260E+00	 0.34940E+00	 0.11400E-01	 0.23366E+01	 0.33260E+00
 0.30000E+02	 0.30000E-04	 0.85861E-04	 0.36821E+00	 0.23364E+02	 0.23364E+02	 0.65151E-06	 0.65151E-06	 0.11751E-07	 0.11751E-07	 0.45723E+01	 0.10005E+04	 0.21891E+06	 0.39568E-09	 0.19260E+00	 0.34940E+00	 0.11400E-01	 0.23366E+01	 0.33260E+00
 0.30000E-01	 0.30000E-04	 0.85861E-04	 0.36821E+00	 0.93559E-01	 0.93559E-01	 0.26439E+00	 0.26439E+00	 0.14857E+01	 0.14857E+01	 0.45723E+01	 0.10005E+04	 0.21891E+06	 0.18325E-12	 0.19260E+00	 0.34940E+00	 0.11400E-01	 0.23366E+01	 0.33260E+00
 0.30000E+03	 0.30000E-04	 0.85861E-04	 0.36821E+00	 0.18083E+03	 0.18083E+03	 0.10160E-07	 0.10160E-07	 0.11755E-10	 0.11755E-10	 0.45723E+01	 0.10005E+04	 0.21891E+06	 0.36175E-08	 0.19260E+00	 0.34940E+00	 0.11400E-01	 0.23366E+01	 0.33260E+00
 0.30000E-02	 0.30000E-04	 0.85861E-04	 0.36821E+00	 0.49102E-01	 0.49102E-01	 0.11458E+01	 0.11458E+01	 0.60124E+02	 0.60124E+02	 0.45723E+01	 0.10005E+04	 0.21891E+06	 0.64073E-11	 0.19260E+00	 0.34940E+00	 0.11400E-01	 0.23366E+01	 0.33260E+00
 0.30000E-03	 0.30000E-04	 0.85861E-04	 0.36821E+00	 0.60965E-01	 0.60411E-01	 0.14194E+01	 0.14201E+01	 0.84416E+03	 0.84333E+03	 0.45723E+01	 0.10005E+04	 0.21891E+06	 0.61162E-09	 0.19260E+00	 0.34940E+00	 0.11400E-01	 0.23366E+01	 0.33260E+00
 0.30000E-04	 0.30000E-04	 0.85861E-04	 0.36821E+00	 0.38809E+00	 0.28979E+00	 0.13042E+01	 0.13200E+01	 0.93441E+04	 0.91762E+04	 0.45723E+01	 0.10005E+04	 0.21891E+06	 0.75620E-07	 0.19260E+00	 0.34940E+00	 0.11400E-01	 0.23366E+01	 0.33260E+00
 0.30000E-05	 0.30000E-04	 0.85861E-04	 0.36821E+00	 0.18972E+01	 0.42548E+00	 0.21297E+01	 0.18218E+01	 0.10006E+06	 0.92814E+05	 0.45723E+01	 0.10005E+04	 0.21891E+06	 0.17453E-04	 0.19260E+00	 0.34940E+00	 0.11400E-01	 0.23366E+01	 0.33260E+00
