 ##################################################
 #WARNING: these are left-handed Boozer coordinates
 #(similar, but not equal, to PEST)
 ##################################################
  0.641000000000000     
          65
          65
           5
  3.72800E-01  3.05200E-01  2.15529E-01  1.23473E-01  5.12494E-02  1.50900E-02  1.91456E-02  5.46127E-02  1.04360E-01  1.50696E-01  1.82522E-01  1.98593E-01  2.05755E-01  2.13557E-01  2.28336E-01  2.49853E-01  2.71937E-01  2.86365E-01  2.87560E-01  2.75481E-01  2.55311E-01  2.34423E-01  2.18571E-01  2.09483E-01  2.05016E-01  2.01489E-01  1.96533E-01  1.90693E-01  1.86887E-01  1.88210E-01  1.95572E-01  2.06713E-01  2.17207E-01  2.22853E-01  2.21981E-01  2.16312E-01  2.09878E-01  2.06724E-01  2.08795E-01  2.15226E-01  2.23384E-01  2.30863E-01  2.37126E-01  2.43741E-01  2.53105E-01  2.66561E-01  2.83186E-01  3.00120E-01  3.14249E-01  3.24163E-01  3.31045E-01  3.37818E-01  3.47012E-01  3.58736E-01  3.70210E-01  3.77375E-01  3.77777E-01  3.72882E-01  3.68097E-01  3.69970E-01  3.81764E-01  3.99881E-01  4.13483E-01  4.08228E-01  3.72800E-01
  3.65148E-01  3.03446E-01  2.15030E-01  1.19862E-01  4.12105E-02 -3.67197E-03 -1.01272E-02  1.31365E-02  4.92535E-02  8.16056E-02  1.01181E-01  1.09393E-01  1.15371E-01  1.29616E-01  1.57626E-01  1.96837E-01  2.38185E-01  2.71043E-01  2.88582E-01  2.90626E-01  2.82730E-01  2.72378E-01  2.64741E-01  2.60433E-01  2.56321E-01  2.48577E-01  2.35856E-01  2.20596E-01  2.07702E-01  2.01517E-01  2.03061E-01  2.09276E-01  2.14758E-01  2.14909E-01  2.08588E-01  1.98671E-01  1.90222E-01  1.87433E-01  1.91216E-01  1.98896E-01  2.06119E-01  2.09746E-01  2.09888E-01  2.09821E-01  2.13851E-01  2.24509E-01  2.40861E-01  2.59044E-01  2.74677E-01  2.85605E-01  2.93166E-01  3.01066E-01  3.12531E-01  3.27580E-01  3.42341E-01  3.51138E-01  3.50300E-01  3.41336E-01  3.31234E-01  3.29106E-01  3.40645E-01  3.63395E-01  3.85781E-01  3.91124E-01  3.65148E-01
  3.50599E-01  3.02310E-01  2.28532E-01  1.45258E-01  7.20325E-02  2.36981E-02  4.50885E-03  7.50089E-03  1.92459E-02  2.73435E-02  2.66854E-02  2.13388E-02  2.13535E-02  3.65229E-02  7.06351E-02  1.19273E-01  1.72108E-01  2.18135E-01  2.50774E-01  2.70099E-01  2.81225E-01  2.90164E-01  2.99788E-01  3.08285E-01  3.10859E-01  3.03425E-01  2.85887E-01  2.62922E-01  2.41774E-01  2.28399E-01  2.24307E-01  2.25992E-01  2.27284E-01  2.23184E-01  2.12872E-01  2.00103E-01  1.90795E-01  1.89307E-01  1.95693E-01  2.05594E-01  2.12833E-01  2.13131E-01  2.06699E-01  1.98130E-01  1.93677E-01  1.97576E-01  2.09652E-01  2.25646E-01  2.40021E-01  2.49473E-01  2.54907E-01  2.60623E-01  2.71164E-01  2.87854E-01  3.07310E-01  3.23076E-01  3.29584E-01  3.26054E-01  3.17757E-01  3.13482E-01  3.20259E-01  3.38239E-01  3.58806E-01  3.67492E-01  3.50599E-01
  3.38867E-01  3.09151E-01  2.59838E-01  2.00041E-01  1.42256E-01  9.65903E-02  6.63776E-02  4.75427E-02  3.19840E-02  1.30102E-02 -1.02477E-02 -3.19167E-02 -4.24246E-02 -3.37447E-02 -3.87554E-03  4.19204E-02  9.37220E-02  1.41824E-01  1.81086E-01  2.12359E-01  2.40364E-01  2.69469E-01  2.99995E-01  3.27294E-01  3.44156E-01  3.45093E-01  3.29919E-01  3.04482E-01  2.78031E-01  2.58714E-01  2.49743E-01  2.48398E-01  2.48335E-01  2.43789E-01  2.33151E-01  2.19851E-01  2.10080E-01  2.08783E-01  2.16355E-01  2.28041E-01  2.36438E-01  2.35625E-01  2.24531E-01  2.07549E-01  1.92086E-01  1.84486E-01  1.86740E-01  1.95841E-01  2.06098E-01  2.12904E-01  2.15646E-01  2.17973E-01  2.25279E-01  2.40974E-01  2.63896E-01  2.88524E-01  3.07964E-01  3.17958E-01  3.19425E-01  3.17875E-01  3.19863E-01  3.28472E-01  3.40518E-01  3.47324E-01  3.38867E-01
  3.35525E-01  3.26286E-01  3.05441E-01  2.74466E-01  2.37844E-01  2.00373E-01  1.64510E-01  1.29459E-01  9.26069E-02  5.24406E-02  1.10545E-02 -2.54388E-02 -4.90974E-02 -5.38473E-02 -3.86081E-02 -7.99132E-03  2.99454E-02  6.77065E-02  1.01882E-01  1.34161E-01  1.69234E-01  2.10778E-01  2.57882E-01  3.04105E-01  3.39856E-01  3.56949E-01  3.52836E-01  3.32174E-01  3.04796E-01  2.81141E-01  2.67572E-01  2.64064E-01  2.65384E-01  2.64922E-01  2.58902E-01  2.48546E-01  2.39043E-01  2.36018E-01  2.41672E-01  2.52909E-01  2.62600E-01  2.63291E-01  2.51245E-01  2.28539E-01  2.02018E-01  1.79764E-01  1.67083E-01  1.64262E-01  1.67274E-01  1.70868E-01  1.72131E-01  1.72397E-01  1.76388E-01  1.89146E-01  2.12625E-01  2.43986E-01  2.76627E-01  3.03361E-01  3.19908E-01  3.26696E-01  3.27971E-01  3.28819E-01  3.31879E-01  3.35682E-01  3.35525E-01
  3.39284E-01  3.49321E-01  3.55074E-01  3.51759E-01  3.37173E-01  3.11827E-01  2.77760E-01  2.37100E-01  1.91466E-01  1.42517E-01  9.30599E-02  4.76180E-02  1.16939E-02 -1.01580E-02 -1.63986E-02 -9.35871E-03  5.89238E-03  2.42692E-02  4.35256E-02  6.55171E-02  9.49140E-02  1.35851E-01  1.88285E-01  2.46200E-01  2.98947E-01  3.35330E-01  3.48519E-01  3.39243E-01  3.15562E-01  2.89219E-01  2.70412E-01  2.63622E-01  2.66562E-01  2.72599E-01  2.75156E-01  2.71557E-01  2.64216E-01  2.58627E-01  2.59441E-01  2.67007E-01  2.76453E-01  2.79889E-01  2.70543E-01  2.46512E-01  2.12024E-01  1.75523E-01  1.45646E-01  1.27336E-01  1.20173E-01  1.19726E-01  1.20997E-01  1.21857E-01  1.24480E-01  1.33934E-01  1.54818E-01  1.87907E-01  2.28811E-01  2.69459E-01  3.01648E-01  3.20728E-01  3.27474E-01  3.27190E-01  3.26641E-01  3.30520E-01  3.39284E-01
  3.42591E-01  3.68629E-01  3.95138E-01  4.13801E-01  4.18449E-01  4.07183E-01  3.82145E-01  3.47531E-01  3.07292E-01  2.63916E-01  2.18761E-01  1.73314E-01  1.30186E-01  9.29099E-02  6.45870E-02  4.63280E-02  3.67185E-02  3.29412E-02  3.30496E-02  3.79683E-02  5.17237E-02  7.93402E-02  1.23272E-01  1.80332E-01  2.41108E-01  2.92662E-01  3.23554E-01  3.28805E-01  3.12222E-01  2.84774E-01  2.59668E-01  2.46569E-01  2.47818E-01  2.58489E-01  2.70041E-01  2.75431E-01  2.72833E-01  2.65991E-01  2.61172E-01  2.62610E-01  2.69187E-01  2.74339E-01  2.69320E-01  2.48015E-01  2.10606E-01  1.64015E-01  1.18864E-01  8.46172E-02  6.55696E-02  5.97890E-02  6.14387E-02  6.49819E-02  6.87630E-02  7.58921E-02  9.19754E-02  1.21090E-01  1.62420E-01  2.09597E-01  2.53237E-01  2.85326E-01  3.03068E-01  3.10087E-01  3.14331E-01  3.23835E-01  3.42591E-01
  3.35107E-01  3.73227E-01  4.13496E-01  4.46975E-01  4.66426E-01  4.69351E-01  4.58281E-01  4.38446E-01  4.14448E-01  3.87987E-01  3.57871E-01  3.22051E-01  2.80162E-01  2.34823E-01  1.90828E-01  1.52822E-01  1.23057E-01  1.00808E-01  8.39453E-02  7.16531E-02  6.63888E-02  7.34721E-02  9.80954E-02  1.41250E-01  1.97009E-01  2.53135E-01  2.95276E-01  3.12941E-01  3.04279E-01  2.77073E-01  2.45246E-01  2.22521E-01  2.16415E-01  2.25569E-01  2.41646E-01  2.54564E-01  2.58073E-01  2.52637E-01  2.44134E-01  2.39348E-01  2.40995E-01  2.45273E-01  2.43440E-01  2.26566E-01  1.90800E-01  1.40134E-01  8.50960E-02  3.80358E-02  7.59769E-03 -4.65133E-03 -3.72197E-03  2.67666E-03  9.03788E-03  1.51437E-02  2.56517E-02  4.65818E-02  8.09059E-02  1.25922E-01  1.74011E-01  2.16374E-01  2.47592E-01  2.68390E-01  2.84999E-01  3.05488E-01  3.35107E-01
  3.08263E-01  3.55119E-01  4.03445E-01  4.45749E-01  4.75775E-01  4.91569E-01  4.95986E-01  4.94408E-01  4.91140E-01  4.86715E-01  4.77720E-01  4.59219E-01  4.28222E-01  3.86069E-01  3.38223E-01  2.91651E-01  2.51430E-01  2.18735E-01  1.91489E-01  1.67250E-01  1.46411E-01  1.33460E-01  1.35113E-01  1.56102E-01  1.94986E-01  2.42639E-01  2.84797E-01  3.07773E-01  3.04593E-01  2.78343E-01  2.40820E-01  2.07065E-01  1.88496E-01  1.88145E-01  2.00327E-01  2.14687E-01  2.22197E-01  2.19746E-01  2.10857E-01  2.02359E-01  1.99159E-01  2.00302E-01  1.98739E-01  1.85002E-01  1.52741E-01  1.02945E-01  4.43948E-02 -9.98141E-03 -4.89184E-02 -6.76451E-02 -6.92076E-02 -6.17395E-02 -5.33742E-02 -4.77236E-02 -4.23799E-02 -3.10734E-02 -8.00650E-03  2.82930E-02  7.38506E-02  1.21415E-01  1.64514E-01  2.00917E-01  2.33454E-01  2.67744E-01  3.08263E-01
  2.58663E-01  3.12008E-01  3.65132E-01  4.12686E-01  4.50182E-01  4.76551E-01  4.94705E-01  5.09648E-01  5.25225E-01  5.41440E-01  5.54050E-01  5.56741E-01  5.44703E-01  5.17500E-01  4.79555E-01  4.37965E-01  3.98963E-01  3.65162E-01  3.35256E-01  3.06320E-01  2.77226E-01  2.50898E-01  2.33732E-01  2.32207E-01  2.48477E-01  2.77576E-01  3.08151E-01  3.26781E-01  3.23878E-01  2.98157E-01  2.57296E-01  2.14349E-01  1.81714E-01  1.65763E-01  1.64791E-01  1.71150E-01  1.76106E-01  1.74591E-01  1.67203E-01  1.58516E-01  1.52934E-01  1.50736E-01  1.46822E-01  1.33033E-01  1.02819E-01  5.55606E-02 -1.98379E-03 -5.80898E-02 -1.01141E-01 -1.24695E-01 -1.29880E-01 -1.23923E-01 -1.15758E-01 -1.11156E-01 -1.10006E-01 -1.07016E-01 -9.51883E-02 -6.99305E-02 -3.14474E-02  1.57603E-02  6.57387E-02  1.14381E-01  1.61168E-01  2.08415E-01  2.58663E-01
  1.88852E-01  2.47266E-01  3.04008E-01  3.55326E-01  3.98216E-01  4.32302E-01  4.60351E-01  4.86885E-01  5.15572E-01  5.46849E-01  5.77220E-01  6.00728E-01  6.11854E-01  6.08248E-01  5.91780E-01  5.67345E-01  5.40205E-01  5.13447E-01  4.87096E-01  4.59353E-01  4.29126E-01  3.98159E-01  3.71253E-01  3.54174E-01  3.50282E-01  3.57819E-01  3.69571E-01  3.75398E-01  3.66545E-01  3.39585E-01  2.97970E-01  2.50372E-01  2.06709E-01  1.73912E-01  1.53566E-01  1.42442E-01  1.35316E-01  1.28253E-01  1.20399E-01  1.13338E-01  1.08604E-01  1.05092E-01  9.81857E-02  8.14077E-02  4.98342E-02  3.37653E-03 -5.20461E-02 -1.06327E-01 -1.49234E-01 -1.74692E-01 -1.83096E-01 -1.80480E-01 -1.75032E-01 -1.72818E-01 -1.74909E-01 -1.77275E-01 -1.73265E-01 -1.57160E-01 -1.26837E-01 -8.42614E-02 -3.38476E-02  2.00963E-02  7.52243E-02  1.31310E-01  1.88852E-01
  1.05483E-01  1.67528E-01  2.27412E-01  2.81803E-01  3.28365E-01  3.67110E-01  4.00709E-01  4.33426E-01  4.69092E-01  5.09143E-01  5.51759E-01  5.92542E-01  6.26384E-01  6.49519E-01  6.60736E-01  6.61241E-01  6.53440E-01  6.39503E-01  6.20593E-01  5.97163E-01  5.69988E-01  5.41090E-01  5.13773E-01  4.91522E-01  4.76281E-01  4.67089E-01  4.59945E-01  4.49158E-01  4.29603E-01  3.98798E-01  3.57796E-01  3.10515E-01  2.61963E-01  2.16356E-01  1.76087E-01  1.41903E-01  1.13882E-01  9.23301E-02  7.78273E-02  7.02875E-02  6.76629E-02  6.53083E-02  5.67820E-02  3.60619E-02  2.59883E-04 -4.85493E-02 -1.03485E-01 -1.55171E-01 -1.95261E-01 -2.19582E-01 -2.29398E-01 -2.30243E-01 -2.28935E-01 -2.30257E-01 -2.34901E-01 -2.39518E-01 -2.38658E-01 -2.27433E-01 -2.03509E-01 -1.67573E-01 -1.22305E-01 -7.07075E-02 -1.48798E-02  4.41281E-02  1.05483E-01
  1.61568E-02  7.94952E-02  1.41251E-01  1.97463E-01  2.45709E-01  2.86201E-01  3.21791E-01  3.56851E-01  3.95519E-01  4.40123E-01  4.90406E-01  5.43769E-01  5.96229E-01  6.43569E-01  6.82213E-01  7.09654E-01  7.24576E-01  7.26897E-01  7.17866E-01  7.00081E-01  6.77201E-01  6.53188E-01  6.31201E-01  6.12596E-01  5.96511E-01  5.80343E-01  5.60941E-01  5.35955E-01  5.04653E-01  4.67808E-01  4.26784E-01  3.82465E-01  3.34770E-01  2.83168E-01  2.27971E-01  1.71588E-01  1.18793E-01  7.55024E-02  4.63629E-02  3.22258E-02  2.88606E-02  2.77951E-02  1.91960E-02 -4.33893E-03 -4.47508E-02 -9.76626E-02 -1.54133E-01 -2.04242E-01 -2.40898E-01 -2.62168E-01 -2.71224E-01 -2.74114E-01 -2.76601E-01 -2.81589E-01 -2.88262E-01 -2.93055E-01 -2.91716E-01 -2.81254E-01 -2.60826E-01 -2.31342E-01 -1.94294E-01 -1.50696E-01 -1.00819E-01 -4.48357E-02  1.61568E-02
 -7.32382E-02 -1.22675E-02  4.84805E-02  1.04044E-01  1.51546E-01  1.91331E-01  2.26682E-01  2.62363E-01  3.02776E-01  3.50593E-01  4.06262E-01  4.68301E-01  5.33866E-01  5.99193E-01  6.59825E-01  7.10922E-01  7.48014E-01  7.68215E-01  7.71482E-01  7.61152E-01  7.43189E-01  7.24149E-01  7.08652E-01  6.97564E-01  6.87869E-01  6.74409E-01  6.52645E-01  6.21011E-01  5.81544E-01  5.38432E-01  4.95281E-01  4.52699E-01  4.07715E-01  3.55559E-01  2.92978E-01  2.21266E-01  1.47166E-01  8.08176E-02  3.15068E-02  3.21327E-03 -7.74760E-03 -1.16492E-02 -2.11734E-02 -4.60252E-02 -8.88697E-02 -1.44479E-01 -2.02396E-01 -2.51712E-01 -2.85615E-01 -3.03613E-01 -3.10618E-01 -3.13680E-01 -3.18241E-01 -3.25787E-01 -3.33888E-01 -3.38206E-01 -3.35116E-01 -3.23408E-01 -3.04260E-01 -2.79771E-01 -2.51153E-01 -2.17789E-01 -1.77753E-01 -1.29435E-01 -7.32382E-02
 -1.59450E-01 -1.05506E-01 -5.00498E-02  1.41702E-03  4.56139E-02  8.28845E-02  1.16859E-01  1.52712E-01  1.95037E-01  2.46409E-01  3.07098E-01  3.75677E-01  4.49760E-01  5.26279E-01  6.01231E-01  6.69460E-01  7.25159E-01  7.63363E-01  7.81951E-01  7.83045E-01  7.72790E-01  7.59202E-01  7.48885E-01  7.44166E-01  7.42204E-01  7.36631E-01  7.20980E-01  6.92101E-01  6.51699E-01  6.05115E-01  5.58002E-01  5.12797E-01  4.67074E-01  4.14904E-01  3.50623E-01  2.73003E-01  1.87403E-01  1.04477E-01  3.58166E-02 -1.13895E-02 -3.79303E-02 -5.24660E-02 -6.76564E-02 -9.43816E-02 -1.36888E-01 -1.91201E-01 -2.47463E-01 -2.94860E-01 -3.26570E-01 -3.42320E-01 -3.47506E-01 -3.49651E-01 -3.54306E-01 -3.62555E-01 -3.71244E-01 -3.75457E-01 -3.71600E-01 -3.59267E-01 -3.40943E-01 -3.19938E-01 -2.97967E-01 -2.73919E-01 -2.44552E-01 -2.06670E-01 -1.59450E-01
 -2.40957E-01 -1.98711E-01 -1.53199E-01 -1.09420E-01 -7.07473E-02 -3.71818E-02 -5.30790E-03  3.01222E-02  7.39148E-02  1.28671E-01  1.94292E-01  2.68681E-01  3.48900E-01  4.31912E-01  5.14509E-01  5.92772E-01  6.61828E-01  7.16570E-01  7.53329E-01  7.71683E-01  7.75273E-01  7.70829E-01  7.65559E-01  7.64051E-01  7.66244E-01  7.67613E-01  7.61543E-01  7.42714E-01  7.09680E-01  6.65278E-01  6.14659E-01  5.62112E-01  5.08543E-01  4.51136E-01  3.85482E-01  3.09014E-01  2.23747E-01  1.36625E-01  5.70435E-02 -7.29417E-03 -5.40261E-02 -8.73107E-02 -1.15807E-01 -1.48427E-01 -1.90007E-01 -2.39117E-01 -2.89047E-01 -3.31390E-01 -3.60250E-01 -3.74913E-01 -3.79689E-01 -3.81218E-01 -3.84845E-01 -3.92063E-01 -4.00304E-01 -4.04962E-01 -4.02330E-01 -3.91689E-01 -3.75425E-01 -3.57236E-01 -3.39641E-01 -3.22321E-01 -3.02310E-01 -2.75874E-01 -2.40957E-01
 -3.16243E-01 -2.89131E-01 -2.57285E-01 -2.24046E-01 -1.92490E-01 -1.63447E-01 -1.34627E-01 -1.01354E-01 -5.85276E-02 -2.80065E-03  6.61267E-02  1.45636E-01  2.31481E-01  3.19379E-01  4.05993E-01  4.88894E-01  5.65799E-01  6.33870E-01  6.89801E-01  7.30856E-01  7.56325E-01  7.68447E-01  7.72018E-01  7.72628E-01  7.74236E-01  7.77310E-01  7.78504E-01  7.72136E-01  7.52750E-01  7.17497E-01  6.67185E-01  6.05558E-01  5.37329E-01  4.66118E-01  3.93400E-01  3.18933E-01  2.42243E-01  1.64127E-01  8.71904E-02  1.50466E-02 -4.93412E-02 -1.05148E-01 -1.54050E-01 -1.99158E-01 -2.43099E-01 -2.86326E-01 -3.26682E-01 -3.60504E-01 -3.84694E-01 -3.98579E-01 -4.04505E-01 -4.06784E-01 -4.09575E-01 -4.14856E-01 -4.21617E-01 -4.26688E-01 -4.26705E-01 -4.20071E-01 -4.07805E-01 -3.92830E-01 -3.78158E-01 -3.65058E-01 -3.52315E-01 -3.36989E-01 -3.16243E-01
 -3.82612E-01 -3.71855E-01 -3.55507E-01 -3.34428E-01 -3.11011E-01 -2.87277E-01 -2.62941E-01 -2.34665E-01 -1.97096E-01 -1.45259E-01 -7.70726E-02  5.38287E-03  9.65714E-02  1.89817E-01  2.79958E-01  3.64884E-01  4.45142E-01  5.21948E-01  5.94891E-01  6.60813E-01  7.14702E-01  7.52204E-01  7.72313E-01  7.78582E-01  7.77894E-01  7.77191E-01  7.79757E-01  7.83047E-01  7.79346E-01  7.59138E-01  7.15614E-01  6.48123E-01  5.62859E-01  4.70451E-01  3.81632E-01  3.03124E-01  2.35620E-01  1.74664E-01  1.13751E-01  4.79569E-02 -2.36902E-02 -9.80443E-02 -1.69641E-01 -2.33266E-01 -2.85914E-01 -3.27287E-01 -3.58953E-01 -3.82940E-01 -4.00736E-01 -4.13167E-01 -4.20988E-01 -4.25502E-01 -4.28591E-01 -4.32031E-01 -4.36507E-01 -4.41079E-01 -4.43567E-01 -4.41780E-01 -4.34895E-01 -4.24133E-01 -4.12250E-01 -4.02045E-01 -3.94746E-01 -3.89232E-01 -3.82612E-01
 -4.36435E-01 -4.40726E-01 -4.39532E-01 -4.30993E-01 -4.16443E-01 -3.99014E-01 -3.80828E-01 -3.60531E-01 -3.32865E-01 -2.90805E-01 -2.29266E-01 -1.48287E-01 -5.37371E-02  4.50768E-02  1.39719E-01  2.26465E-01  3.07411E-01  3.88097E-01  4.72917E-01  5.60975E-01  6.44977E-01  7.14080E-01  7.59359E-01  7.78870E-01  7.79311E-01  7.72975E-01  7.71306E-01  7.78368E-01  7.87820E-01  7.85317E-01  7.55410E-01  6.89596E-01  5.91410E-01  4.75853E-01  3.63302E-01  2.70845E-01  2.05243E-01  1.60872E-01  1.23450E-01  7.74576E-02  1.35253E-02 -6.77222E-02 -1.56826E-01 -2.40566E-01 -3.08058E-01 -3.54837E-01 -3.83294E-01 -3.99925E-01 -4.11366E-01 -4.21512E-01 -4.30952E-01 -4.38456E-01 -4.43091E-01 -4.45428E-01 -4.47173E-01 -4.49722E-01 -4.52882E-01 -4.54806E-01 -4.53285E-01 -4.47536E-01 -4.39215E-01 -4.31816E-01 -4.28702E-01 -4.30957E-01 -4.36435E-01
 -4.74666E-01 -4.90631E-01 -5.02448E-01 -5.05868E-01 -5.00802E-01 -4.90848E-01 -4.80203E-01 -4.69776E-01 -4.55076E-01 -4.27500E-01 -3.78652E-01 -3.05326E-01 -2.12147E-01 -1.10005E-01 -1.08336E-02  7.84702E-02  1.59421E-01  2.40420E-01  3.30892E-01  4.34266E-01  5.43943E-01  6.44916E-01  7.20628E-01  7.61508E-01  7.70442E-01  7.61779E-01  7.53929E-01  7.59211E-01  7.76373E-01  7.90080E-01  7.78095E-01  7.22774E-01  6.21048E-01  4.87628E-01  3.49578E-01  2.34740E-01  1.59687E-01  1.23052E-01  1.07333E-01  8.79988E-02  4.51812E-02 -2.77393E-02 -1.22460E-01 -2.21105E-01 -3.05262E-01 -3.63945E-01 -3.96809E-01 -4.11836E-01 -4.19604E-01 -4.27698E-01 -4.38128E-01 -4.48484E-01 -4.55347E-01 -4.57407E-01 -4.56368E-01 -4.55426E-01 -4.56746E-01 -4.59873E-01 -4.62254E-01 -4.61451E-01 -4.57430E-01 -4.53213E-01 -4.53286E-01 -4.60682E-01 -4.74666E-01
 -4.96649E-01 -5.19855E-01 -5.41461E-01 -5.55562E-01 -5.60353E-01 -5.58882E-01 -5.56428E-01 -5.55941E-01 -5.54482E-01 -5.43175E-01 -5.11220E-01 -4.51901E-01 -3.67066E-01 -2.67135E-01 -1.66144E-01 -7.43654E-02  7.27663E-03  8.74881E-02  1.78960E-01  2.89676E-01  4.16102E-01  5.42501E-01  6.47364E-01  7.13892E-01  7.38878E-01  7.34845E-01  7.23711E-01  7.24914E-01  7.44192E-01  7.69232E-01  7.74973E-01  7.36313E-01  6.41847E-01  5.01524E-01  3.44022E-01  2.04855E-01  1.10967E-01  6.93265E-02  6.49655E-02  6.90930E-02  5.29698E-02  6.26895E-04 -8.54647E-02 -1.87768E-01 -2.83494E-01 -3.55366E-01 -3.98038E-01 -4.17718E-01 -4.26354E-01 -4.34334E-01 -4.45794E-01 -4.58539E-01 -4.67667E-01 -4.70018E-01 -4.66546E-01 -4.61419E-01 -4.58946E-01 -4.60678E-01 -4.64744E-01 -4.67767E-01 -4.67906E-01 -4.66784E-01 -4.68841E-01 -4.78446E-01 -4.96649E-01
 -5.04964E-01 -5.31043E-01 -5.58867E-01 -5.81740E-01 -5.96098E-01 -6.03475E-01 -6.08958E-01 -6.16865E-01 -6.26326E-01 -6.29792E-01 -6.15856E-01 -5.75158E-01 -5.05986E-01 -4.16046E-01 -3.18903E-01 -2.26739E-01 -1.43511E-01 -6.26941E-02  2.85892E-02  1.40954E-01  2.74431E-01  4.15446E-01  5.41469E-01  6.31375E-01  6.76144E-01  6.83855E-01  6.75743E-01  6.74836E-01  6.92959E-01  7.23136E-01  7.41865E-01  7.20664E-01  6.41256E-01  5.06629E-01  3.42059E-01  1.85256E-01  7.02845E-02  1.30771E-02  5.49598E-03  2.05104E-02  2.55393E-02 -2.82949E-03 -6.97522E-02 -1.62392E-01 -2.58344E-01 -3.37149E-01 -3.88919E-01 -4.16287E-01 -4.29869E-01 -4.40733E-01 -4.54431E-01 -4.69558E-01 -4.80800E-01 -4.83829E-01 -4.78721E-01 -4.69929E-01 -4.63249E-01 -4.62133E-01 -4.65901E-01 -4.70955E-01 -4.74001E-01 -4.74956E-01 -4.77448E-01 -4.86507E-01 -5.04964E-01
 -5.04690E-01 -5.30167E-01 -5.60772E-01 -5.89831E-01 -6.12368E-01 -6.27946E-01 -6.40414E-01 -6.54514E-01 -6.71394E-01 -6.85977E-01 -6.88177E-01 -6.67655E-01 -6.19455E-01 -5.47100E-01 -4.60971E-01 -3.72575E-01 -2.87899E-01 -2.03906E-01 -1.10622E-01  1.91852E-03  1.35678E-01  2.80354E-01  4.15879E-01  5.20993E-01  5.83567E-01  6.06981E-01  6.08610E-01  6.10629E-01  6.27656E-01  6.57781E-01  6.82127E-01  6.73718E-01  6.11500E-01  4.92453E-01  3.35440E-01  1.74561E-01  4.50491E-02 -3.14724E-02 -5.53148E-02 -4.68782E-02 -3.60090E-02 -4.81292E-02 -9.39007E-02 -1.66909E-01 -2.49499E-01 -3.22853E-01 -3.75779E-01 -4.08036E-01 -4.27444E-01 -4.43422E-01 -4.61115E-01 -4.79337E-01 -4.92876E-01 -4.97099E-01 -4.91640E-01 -4.80903E-01 -4.71366E-01 -4.67670E-01 -4.70179E-01 -4.75512E-01 -4.79578E-01 -4.80955E-01 -4.82297E-01 -4.88796E-01 -5.04690E-01
 -5.01393E-01 -5.23994E-01 -5.54309E-01 -5.86352E-01 -6.14487E-01 -6.36581E-01 -6.54783E-01 -6.73337E-01 -6.94708E-01 -7.16483E-01 -7.31154E-01 -7.29174E-01 -7.03620E-01 -6.53707E-01 -5.84898E-01 -5.05428E-01 -4.21223E-01 -3.32395E-01 -2.33686E-01 -1.18932E-01  1.29241E-02  1.53960E-01  2.88333E-01  3.98320E-01  4.72440E-01  5.11202E-01  5.26975E-01  5.37491E-01  5.56022E-01  5.83385E-01  6.06227E-01  6.02975E-01  5.54765E-01  4.55937E-01  3.18696E-01  1.69380E-01  3.80161E-02 -5.38205E-02 -1.01045E-01 -1.15385E-01 -1.18300E-01 -1.30414E-01 -1.62758E-01 -2.13770E-01 -2.72714E-01 -3.26900E-01 -3.68443E-01 -3.97131E-01 -4.18497E-01 -4.38975E-01 -4.61391E-01 -4.83452E-01 -4.99811E-01 -5.06049E-01 -5.01897E-01 -4.91679E-01 -4.81845E-01 -4.77286E-01 -4.78822E-01 -4.83417E-01 -4.86870E-01 -4.87180E-01 -4.86344E-01 -4.89412E-01 -5.01393E-01
 -4.98961E-01 -5.17449E-01 -5.44868E-01 -5.76425E-01 -6.06811E-01 -6.33061E-01 -6.55803E-01 -6.78122E-01 -7.02710E-01 -7.29055E-01 -7.52406E-01 -7.65216E-01 -7.60244E-01 -7.33520E-01 -6.85439E-01 -6.19451E-01 -5.39287E-01 -4.46633E-01 -3.40886E-01 -2.21291E-01 -9.01647E-02  4.50180E-02  1.72408E-01  2.79586E-01  3.58633E-01  4.09694E-01  4.40795E-01  4.63572E-01  4.86830E-01  5.11235E-01  5.28076E-01  5.23023E-01  4.83229E-01  4.04295E-01  2.93578E-01  1.68133E-01  4.82643E-02 -5.01460E-02 -1.20889E-01 -1.67963E-01 -2.01590E-01 -2.32153E-01 -2.65283E-01 -3.00433E-01 -3.33111E-01 -3.59014E-01 -3.77375E-01 -3.91609E-01 -4.07086E-01 -4.27593E-01 -4.52769E-01 -4.78095E-01 -4.97419E-01 -5.06474E-01 -5.05280E-01 -4.98037E-01 -4.90663E-01 -4.87513E-01 -4.89255E-01 -4.93136E-01 -4.95365E-01 -4.94088E-01 -4.91060E-01 -4.90993E-01 -4.98961E-01
 -4.98470E-01 -5.12256E-01 -5.34749E-01 -5.62703E-01 -5.92050E-01 -6.20017E-01 -6.46270E-01 -6.72462E-01 -7.00496E-01 -7.30529E-01 -7.59860E-01 -7.83257E-01 -7.94461E-01 -7.88015E-01 -7.60470E-01 -7.10578E-01 -6.38727E-01 -5.46364E-01 -4.35976E-01 -3.11693E-01 -1.79927E-01 -4.92068E-02  7.12393E-02  1.73854E-01  2.55017E-01  3.15959E-01  3.61622E-01  3.97787E-01  4.27774E-01  4.50373E-01  4.60102E-01  4.49748E-01  4.13954E-01  3.52063E-01  2.68832E-01  1.72751E-01  7.29574E-02 -2.35980E-02 -1.13324E-01 -1.95133E-01 -2.68375E-01 -3.31064E-01 -3.79654E-01 -4.10637E-01 -4.23039E-01 -4.20239E-01 -4.09817E-01 -4.01182E-01 -4.01993E-01 -4.15145E-01 -4.37860E-01 -4.63371E-01 -4.84329E-01 -4.96196E-01 -4.98943E-01 -4.96330E-01 -4.93362E-01 -4.93429E-01 -4.96734E-01 -5.00762E-01 -5.02383E-01 -5.00246E-01 -4.96049E-01 -4.93941E-01 -4.98470E-01
 -4.98662E-01 -5.07493E-01 -5.23763E-01 -5.45995E-01 -5.71899E-01 -5.99595E-01 -6.28339E-01 -6.58434E-01 -6.90457E-01 -7.24256E-01 -7.58195E-01 -7.88925E-01 -8.11671E-01 -8.20869E-01 -8.10992E-01 -7.77457E-01 -7.17601E-01 -6.31594E-01 -5.23009E-01 -3.98710E-01 -2.67800E-01 -1.39771E-01 -2.23898E-02  7.98609E-02  1.66123E-01  2.38101E-01  2.98098E-01  3.47110E-01  3.83937E-01  4.05726E-01  4.09602E-01  3.94411E-01  3.61514E-01  3.14127E-01  2.55545E-01  1.87348E-01  1.08784E-01  1.79677E-02 -8.55123E-02 -1.97920E-01 -3.10232E-01 -4.09552E-01 -4.82860E-01 -5.21660E-01 -5.25458E-01 -5.02395E-01 -4.66605E-01 -4.33314E-01 -4.13764E-01 -4.12045E-01 -4.25023E-01 -4.45077E-01 -4.64152E-01 -4.77185E-01 -4.83477E-01 -4.85739E-01 -4.87677E-01 -4.91598E-01 -4.97282E-01 -5.02535E-01 -5.04912E-01 -5.03496E-01 -4.99725E-01 -4.96892E-01 -4.98662E-01
 -4.97630E-01 -5.01509E-01 -5.11146E-01 -5.26881E-01 -5.48244E-01 -5.74363E-01 -6.04320E-01 -6.37344E-01 -6.72806E-01 -7.10013E-01 -7.47812E-01 -7.84068E-01 -8.15192E-01 -8.35997E-01 -8.40195E-01 -8.21608E-01 -7.75885E-01 -7.02118E-01 -6.03641E-01 -4.87531E-01 -3.62832E-01 -2.38181E-01 -1.19813E-01 -1.08317E-02  8.79931E-02  1.76430E-01  2.53060E-01  3.14694E-01  3.57344E-01  3.78288E-01  3.77988E-01  3.60592E-01  3.32391E-01  2.98746E-01  2.60969E-01  2.14937E-01  1.52521E-01  6.56075E-02 -4.89049E-02 -1.85463E-01 -3.29477E-01 -4.60776E-01 -5.59735E-01 -6.13688E-01 -6.20998E-01 -5.91194E-01 -5.41216E-01 -4.89434E-01 -4.49918E-01 -4.29095E-01 -4.25717E-01 -4.33590E-01 -4.45436E-01 -4.56075E-01 -4.63749E-01 -4.69477E-01 -4.75259E-01 -4.82299E-01 -4.90183E-01 -4.97225E-01 -5.01596E-01 -5.02474E-01 -5.00610E-01 -4.98107E-01 -4.97630E-01
 -4.94600E-01 -4.93935E-01 -4.97428E-01 -5.07110E-01 -5.23966E-01 -5.47737E-01 -5.77205E-01 -6.10817E-01 -6.47338E-01 -6.86091E-01 -7.26559E-01 -7.67447E-01 -8.05703E-01 -8.36113E-01 -8.51943E-01 -8.46563E-01 -8.15457E-01 -7.57729E-01 -6.76351E-01 -5.76991E-01 -4.65999E-01 -3.48559E-01 -2.27993E-01 -1.06527E-01  1.29767E-02  1.25497E-01  2.23694E-01  2.99583E-01  3.47475E-01  3.66739E-01  3.62761E-01  3.45207E-01  3.23977E-01  3.04497E-01  2.84573E-01  2.54520E-01  2.00907E-01  1.12591E-01 -1.34208E-02 -1.68835E-01 -3.35118E-01 -4.88483E-01 -6.06909E-01 -6.76538E-01 -6.95124E-01 -6.71505E-01 -6.21689E-01 -5.63336E-01 -5.10792E-01 -4.72250E-01 -4.49543E-01 -4.39978E-01 -4.39002E-01 -4.42476E-01 -4.47854E-01 -4.54207E-01 -4.61512E-01 -4.69806E-01 -4.78643E-01 -4.87017E-01 -4.93671E-01 -4.97585E-01 -4.98438E-01 -4.96890E-01 -4.94600E-01
 -4.90700E-01 -4.86472E-01 -4.85039E-01 -4.89813E-01 -5.02709E-01 -5.23540E-01 -5.50494E-01 -5.81436E-01 -6.15208E-01 -6.52067E-01 -6.92852E-01 -7.37290E-01 -7.82440E-01 -8.22332E-01 -8.49253E-01 -8.56202E-01 -8.39273E-01 -7.98667E-01 -7.37737E-01 -6.60566E-01 -5.69544E-01 -4.64468E-01 -3.43948E-01 -2.08511E-01 -6.36700E-02  7.90661E-02  2.04372E-01  2.97975E-01  3.52153E-01  3.69148E-01  3.60539E-01  3.42417E-01  3.28257E-01  3.22628E-01  3.18663E-01  3.00606E-01  2.50478E-01  1.56062E-01  1.68374E-02 -1.54548E-01 -3.35709E-01 -5.01270E-01 -6.30141E-01 -7.10637E-01 -7.41972E-01 -7.32292E-01 -6.94660E-01 -6.42855E-01 -5.88367E-01 -5.39105E-01 -4.99470E-01 -4.71095E-01 -4.53659E-01 -4.45544E-01 -4.44402E-01 -4.47748E-01 -4.53548E-01 -4.60567E-01 -4.68294E-01 -4.76449E-01 -4.84394E-01 -4.90882E-01 -4.94424E-01 -4.94154E-01 -4.90700E-01
 -4.88260E-01 -4.82015E-01 -4.77276E-01 -4.78377E-01 -4.87745E-01 -5.04937E-01 -5.27399E-01 -5.52517E-01 -5.79620E-01 -6.10550E-01 -6.48245E-01 -6.94022E-01 -7.45220E-01 -7.94795E-01 -8.33396E-01 -8.52974E-01 -8.49899E-01 -8.25685E-01 -7.84747E-01 -7.30379E-01 -6.61456E-01 -5.72143E-01 -4.55408E-01 -3.08817E-01 -1.39499E-01  3.48572E-02  1.90349E-01  3.05165E-01  3.68181E-01  3.83602E-01  3.69085E-01  3.47754E-01  3.37603E-01  3.43131E-01  3.53121E-01  3.45630E-01  2.97898E-01  1.96664E-01  4.43635E-02 -1.41229E-01 -3.33286E-01 -5.04968E-01 -6.37221E-01 -7.22440E-01 -7.63403E-01 -7.69050E-01 -7.49748E-01 -7.14236E-01 -6.68974E-01 -6.19147E-01 -5.69826E-01 -5.26141E-01 -4.92305E-01 -4.70292E-01 -4.59225E-01 -4.56062E-01 -4.57238E-01 -4.60284E-01 -4.64469E-01 -4.70149E-01 -4.77404E-01 -4.85016E-01 -4.90585E-01 -4.91833E-01 -4.88260E-01
 -4.89156E-01 -4.82703E-01 -4.76328E-01 -4.74735E-01 -4.80634E-01 -4.93397E-01 -5.09919E-01 -5.27220E-01 -5.45092E-01 -5.66944E-01 -5.97982E-01 -6.41600E-01 -6.96096E-01 -7.53892E-01 -8.04053E-01 -8.36897E-01 -8.48052E-01 -8.39417E-01 -8.16183E-01 -7.81500E-01 -7.32095E-01 -6.57959E-01 -5.47185E-01 -3.93962E-01 -2.05529E-01 -3.82322E-03  1.80108E-01  3.17120E-01  3.91533E-01  4.07587E-01  3.87255E-01  3.60010E-01  3.49098E-01  3.60729E-01  3.81291E-01  3.83858E-01  3.40834E-01  2.36776E-01  7.55594E-02 -1.20989E-01 -3.21738E-01 -4.97688E-01 -6.30913E-01 -7.17524E-01 -7.64475E-01 -7.82959E-01 -7.82288E-01 -7.67135E-01 -7.38669E-01 -6.97857E-01 -6.48278E-01 -5.96578E-01 -5.50413E-01 -5.15391E-01 -4.93021E-01 -4.80891E-01 -4.74815E-01 -4.71464E-01 -4.69823E-01 -4.70731E-01 -4.75052E-01 -4.81950E-01 -4.88592E-01 -4.91577E-01 -4.89156E-01
 -4.93320E-01 -4.88230E-01 -4.81680E-01 -4.78167E-01 -4.80547E-01 -4.88338E-01 -4.98380E-01 -5.07558E-01 -5.15843E-01 -5.27507E-01 -5.49371E-01 -5.86805E-01 -6.39780E-01 -7.01462E-01 -7.60512E-01 -8.05992E-01 -8.32041E-01 -8.39385E-01 -8.32472E-01 -8.13771E-01 -7.78795E-01 -7.15470E-01 -6.09303E-01 -4.52361E-01 -2.51457E-01 -3.05589E-02  1.75018E-01  3.30944E-01  4.17356E-01  4.36950E-01  4.13367E-01  3.80120E-01  3.64996E-01  3.77211E-01  4.03411E-01  4.14333E-01  3.78831E-01  2.78554E-01  1.16468E-01 -8.43263E-02 -2.90246E-01 -4.70265E-01 -6.06135E-01 -6.95604E-01 -7.48323E-01 -7.77678E-01 -7.93285E-01 -7.97760E-01 -7.88534E-01 -7.62615E-01 -7.20926E-01 -6.69604E-01 -6.17792E-01 -5.73639E-01 -5.41072E-01 -5.19172E-01 -5.04203E-01 -4.92701E-01 -4.83585E-01 -4.78058E-01 -4.77692E-01 -4.82254E-01 -4.88933E-01 -4.93609E-01 -4.93320E-01
 -4.98469E-01 -4.95578E-01 -4.89989E-01 -4.85446E-01 -4.84702E-01 -4.87667E-01 -4.91690E-01 -4.93924E-01 -4.94290E-01 -4.96960E-01 -5.09065E-01 -5.37063E-01 -5.82765E-01 -6.41458E-01 -7.03429E-01 -7.58164E-01 -7.98720E-01 -8.23483E-01 -8.34011E-01 -8.30147E-01 -8.05643E-01 -7.47700E-01 -6.41916E-01 -4.80915E-01 -2.72264E-01 -4.08829E-02  1.76628E-01  3.44252E-01  4.40236E-01  4.65702E-01  4.43658E-01  4.08335E-01  3.89491E-01  3.98925E-01  4.25502E-01  4.40942E-01  4.13478E-01  3.22820E-01  1.69485E-01 -2.54737E-02 -2.29514E-01 -4.11599E-01 -5.52847E-01 -6.50362E-01 -7.13532E-01 -7.55820E-01 -7.86844E-01 -8.08628E-01 -8.17156E-01 -8.07324E-01 -7.77885E-01 -7.33462E-01 -6.82829E-01 -6.34931E-01 -5.95238E-01 -5.64507E-01 -5.40304E-01 -5.19932E-01 -5.02699E-01 -4.90133E-01 -4.84258E-01 -4.85353E-01 -4.90899E-01 -4.96544E-01 -4.98469E-01
 -5.01328E-01 -5.00496E-01 -4.96667E-01 -4.92352E-01 -4.89701E-01 -4.88894E-01 -4.88136E-01 -4.85351E-01 -4.80515E-01 -4.76999E-01 -4.80833E-01 -4.98070E-01 -5.31672E-01 -5.79766E-01 -6.36311E-01 -6.93743E-01 -7.45828E-01 -7.88746E-01 -8.19534E-01 -8.32893E-01 -8.18797E-01 -7.63404E-01 -6.54065E-01 -4.86760E-01 -2.72209E-01 -3.68232E-02  1.83342E-01  3.54026E-01  4.54976E-01  4.87339E-01  4.72452E-01  4.42095E-01  4.24339E-01  4.31329E-01  4.54528E-01  4.69452E-01  4.47486E-01  3.69153E-01  2.32765E-01  5.48742E-02 -1.37021E-01 -3.15508E-01 -4.62669E-01 -5.73910E-01 -6.55337E-01 -7.17090E-01 -7.66600E-01 -8.05175E-01 -8.29024E-01 -8.33314E-01 -8.16421E-01 -7.81863E-01 -7.37110E-01 -6.90340E-01 -6.47281E-01 -6.09920E-01 -5.77504E-01 -5.48813E-01 -5.24020E-01 -5.04929E-01 -4.93601E-01 -4.90473E-01 -4.93395E-01 -4.98329E-01 -5.01328E-01
 -4.99679E-01 -4.99923E-01 -4.98302E-01 -4.95726E-01 -4.93049E-01 -4.90198E-01 -4.86228E-01 -4.80292E-01 -4.72875E-01 -4.66431E-01 -4.64914E-01 -4.72408E-01 -4.91639E-01 -5.23219E-01 -5.65906E-01 -6.17403E-01 -6.74734E-01 -7.33482E-01 -7.86102E-01 -8.20508E-01 -8.20612E-01 -7.69840E-01 -6.57119E-01 -4.83121E-01 -2.63694E-01 -2.80514E-02  1.88624E-01  3.55852E-01  4.57646E-01  4.97225E-01  4.94379E-01  4.76423E-01  4.66513E-01  4.74324E-01  4.92985E-01  5.03298E-01  4.83001E-01  4.16718E-01  3.02231E-01  1.50738E-01 -1.83308E-02 -1.84979E-01 -3.35071E-01 -4.62918E-01 -5.69629E-01 -6.58932E-01 -7.33112E-01 -7.91184E-01 -8.29845E-01 -8.46146E-01 -8.40026E-01 -8.15202E-01 -7.78040E-01 -7.35268E-01 -6.91915E-01 -6.50560E-01 -6.12033E-01 -5.76828E-01 -5.46142E-01 -5.21871E-01 -5.05634E-01 -4.97603E-01 -4.96015E-01 -4.97750E-01 -4.99679E-01
 -4.93967E-01 -4.93913E-01 -4.94534E-01 -4.94933E-01 -4.94042E-01 -4.90894E-01 -4.85136E-01 -4.77406E-01 -4.69256E-01 -4.62598E-01 -4.59033E-01 -4.59621E-01 -4.65353E-01 -4.78078E-01 -5.01065E-01 -5.38298E-01 -5.92124E-01 -6.59907E-01 -7.31279E-01 -7.87873E-01 -8.06712E-01 -7.66839E-01 -6.57061E-01 -4.81675E-01 -2.61423E-01 -2.86277E-02  1.82082E-01  3.44112E-01  4.46314E-01  4.94611E-01  5.07396E-01  5.06817E-01  5.09683E-01  5.21634E-01  5.36557E-01  5.40846E-01  5.20075E-01  4.64997E-01  3.74473E-01  2.54715E-01  1.15955E-01 -3.14137E-02 -1.79337E-01 -3.22485E-01 -4.57013E-01 -5.78956E-01 -6.83503E-01 -7.65600E-01 -8.21491E-01 -8.50192E-01 -8.54044E-01 -8.38013E-01 -8.08164E-01 -7.70107E-01 -7.28096E-01 -6.85025E-01 -6.43006E-01 -6.03957E-01 -5.69779E-01 -5.42039E-01 -5.21479E-01 -5.07759E-01 -4.99642E-01 -4.95524E-01 -4.93967E-01
 -4.87414E-01 -4.85840E-01 -4.88250E-01 -4.91919E-01 -4.93629E-01 -4.91191E-01 -4.84589E-01 -4.75940E-01 -4.68154E-01 -4.63046E-01 -4.60162E-01 -4.57327E-01 -4.52891E-01 -4.48482E-01 -4.50376E-01 -4.68000E-01 -5.09453E-01 -5.75736E-01 -6.56511E-01 -7.30049E-01 -7.68375E-01 -7.46240E-01 -6.50504E-01 -4.85979E-01 -2.75024E-01 -5.07991E-02  1.53221E-01  3.13257E-01  4.20926E-01  4.82757E-01  5.14419E-01  5.32674E-01  5.48634E-01  5.64849E-01  5.76635E-01  5.76086E-01  5.56293E-01  5.13762E-01  4.48364E-01  3.61687E-01  2.55334E-01  1.30474E-01 -1.10948E-02 -1.65202E-01 -3.24192E-01 -4.77414E-01 -6.13346E-01 -7.22454E-01 -7.99478E-01 -8.44177E-01 -8.60401E-01 -8.54143E-01 -8.31615E-01 -7.98137E-01 -7.57977E-01 -7.14745E-01 -6.71709E-01 -6.31676E-01 -5.96541E-01 -5.66955E-01 -5.42491E-01 -5.22343E-01 -5.06126E-01 -4.94231E-01 -4.87414E-01
 -4.84429E-01 -4.80637E-01 -4.83899E-01 -4.89844E-01 -4.93440E-01 -4.91539E-01 -4.84470E-01 -4.75602E-01 -4.68981E-01 -4.66412E-01 -4.65863E-01 -4.62508E-01 -4.52167E-01 -4.35365E-01 -4.19449E-01 -4.16913E-01 -4.39954E-01 -4.93416E-01 -5.69560E-01 -6.47627E-01 -6.99178E-01 -6.97465E-01 -6.27082E-01 -4.89806E-01 -3.04158E-01 -9.89694E-02  9.61873E-02  2.59684E-01  3.82343E-01  4.66641E-01  5.21937E-01  5.58570E-01  5.83610E-01  5.99687E-01  6.06413E-01  6.02683E-01  5.88047E-01  5.62347E-01  5.24203E-01  4.69786E-01  3.93202E-01  2.88807E-01  1.54475E-01 -5.82390E-03 -1.81603E-01 -3.57983E-01 -5.19488E-01 -6.53873E-01 -7.54449E-01 -8.20252E-01 -8.54492E-01 -8.62422E-01 -8.49718E-01 -8.21851E-01 -7.84147E-01 -7.41851E-01 -6.99688E-01 -6.60983E-01 -6.26950E-01 -5.96786E-01 -5.68788E-01 -5.41962E-01 -5.17167E-01 -4.97017E-01 -4.84429E-01
 -4.88153E-01 -4.82003E-01 -4.84870E-01 -4.91088E-01 -4.94599E-01 -4.92080E-01 -4.84508E-01 -4.76173E-01 -4.71591E-01 -4.72139E-01 -4.74519E-01 -4.72249E-01 -4.59657E-01 -4.36276E-01 -4.09049E-01 -3.90658E-01 -3.94242E-01 -4.26742E-01 -4.84004E-01 -5.50169E-01 -6.01937E-01 -6.16057E-01 -5.76949E-01 -4.81397E-01 -3.38730E-01 -1.66925E-01  1.32495E-02  1.83529E-01  3.31149E-01  4.49257E-01  5.35734E-01  5.91802E-01  6.21265E-01  6.30283E-01  6.26838E-01  6.19140E-01  6.12960E-01  6.08888E-01  6.00989E-01  5.77976E-01  5.26884E-01  4.37949E-01  3.08670E-01  1.45334E-01 -3.85819E-02 -2.26289E-01 -4.02066E-01 -5.54376E-01 -6.76818E-01 -7.67232E-01 -8.26087E-01 -8.55335E-01 -8.58230E-01 -8.39745E-01 -8.06675E-01 -7.66740E-01 -7.26755E-01 -6.90720E-01 -6.58984E-01 -6.29126E-01 -5.98250E-01 -5.65454E-01 -5.33055E-01 -5.05755E-01 -4.88153E-01
 -4.98530E-01 -4.90159E-01 -4.91390E-01 -4.95742E-01 -4.97008E-01 -4.92534E-01 -4.84314E-01 -4.77235E-01 -4.75519E-01 -4.79482E-01 -4.84634E-01 -4.83791E-01 -4.71170E-01 -4.46214E-01 -4.14969E-01 -3.88105E-01 -3.76426E-01 -3.86012E-01 -4.15253E-01 -4.54983E-01 -4.91360E-01 -5.09898E-01 -4.98873E-01 -4.51068E-01 -3.64018E-01 -2.39723E-01 -8.46792E-02  8.97065E-02  2.67222E-01  4.28668E-01  5.55862E-01  6.36942E-01  6.70786E-01  6.68170E-01  6.48346E-01  6.31841E-01  6.32223E-01  6.50372E-01  6.73895E-01  6.82063E-01  6.54099E-01  5.77202E-01  4.50907E-01  2.86294E-01  1.01022E-01 -8.70403E-02 -2.64537E-01 -4.23968E-01 -5.61938E-01 -6.76218E-01 -7.63857E-01 -8.21549E-01 -8.47829E-01 -8.45369E-01 -8.21565E-01 -7.86632E-01 -7.50032E-01 -7.17145E-01 -6.88062E-01 -6.59178E-01 -6.26658E-01 -5.89752E-01 -5.52011E-01 -5.19729E-01 -4.98530E-01
 -5.12051E-01 -5.01463E-01 -5.00165E-01 -5.01408E-01 -4.99389E-01 -4.92472E-01 -4.83683E-01 -4.78224E-01 -4.79587E-01 -4.86727E-01 -4.94050E-01 -4.94295E-01 -4.82581E-01 -4.59234E-01 -4.29753E-01 -4.02032E-01 -3.82573E-01 -3.73920E-01 -3.74586E-01 -3.81054E-01 -3.89999E-01 -3.98825E-01 -4.03885E-01 -3.97721E-01 -3.67863E-01 -2.99312E-01 -1.80786E-01 -1.22018E-02  1.90679E-01  3.97903E-01  5.73942E-01  6.90326E-01  7.36809E-01  7.25649E-01  6.86481E-01  6.53622E-01  6.51371E-01  6.83890E-01  7.34179E-01  7.72280E-01  7.68580E-01  7.05894E-01  5.85043E-01  4.22141E-01  2.39966E-01  5.83150E-02 -1.11854E-01 -2.68333E-01 -4.12892E-01 -5.45469E-01 -6.61059E-01 -7.51026E-01 -8.07705E-01 -8.29223E-01 -8.21453E-01 -7.95858E-01 -7.64481E-01 -7.34982E-01 -7.08482E-01 -6.81251E-01 -6.48942E-01 -6.10683E-01 -5.70547E-01 -5.35627E-01 -5.12051E-01
 -5.23356E-01 -5.10164E-01 -5.05955E-01 -5.04329E-01 -4.99916E-01 -4.91603E-01 -4.82814E-01 -4.78718E-01 -4.82207E-01 -4.91336E-01 -4.99910E-01 -5.00904E-01 -4.90519E-01 -4.70238E-01 -4.45539E-01 -4.22142E-01 -4.02378E-01 -3.84263E-01 -3.64091E-01 -3.40826E-01 -3.18966E-01 -3.07092E-01 -3.11865E-01 -3.30434E-01 -3.46109E-01 -3.31171E-01 -2.57254E-01 -1.09259E-01  1.03970E-01  3.48394E-01  5.75017E-01  7.38051E-01  8.13079E-01  8.06728E-01  7.53030E-01  6.97875E-01  6.78678E-01  7.08597E-01  7.72349E-01  8.34930E-01  8.58401E-01  8.18388E-01  7.12728E-01  5.59134E-01  3.84419E-01  2.11643E-01  5.18517E-02 -9.61773E-02 -2.39388E-01 -3.81835E-01 -5.19294E-01 -6.39974E-01 -7.30389E-01 -7.82562E-01 -7.98212E-01 -7.87683E-01 -7.64550E-01 -7.39260E-01 -7.15454E-01 -6.90725E-01 -6.60811E-01 -6.24267E-01 -5.84627E-01 -5.48860E-01 -5.23356E-01
 -5.27797E-01 -5.11302E-01 -5.04216E-01 -5.01182E-01 -4.96940E-01 -4.89727E-01 -4.82093E-01 -4.78622E-01 -4.82135E-01 -4.91015E-01 -4.99573E-01 -5.01307E-01 -4.92913E-01 -4.76245E-01 -4.56716E-01 -4.39057E-01 -4.23337E-01 -4.04331E-01 -3.75289E-01 -3.34161E-01 -2.88091E-01 -2.52331E-01 -2.42623E-01 -2.64233E-01 -3.03693E-01 -3.29023E-01 -3.00372E-01 -1.87485E-01  1.39514E-02  2.75580E-01  5.43845E-01  7.59519E-01  8.80998E-01  9.00750E-01  8.47153E-01  7.70779E-01  7.21513E-01  7.27182E-01  7.83329E-01  8.58134E-01  9.09103E-01  9.02785E-01  8.28071E-01  6.97567E-01  5.37923E-01  3.75366E-01  2.24318E-01  8.44596E-02 -5.35411E-02 -1.98024E-01 -3.48304E-01 -4.93024E-01 -6.15300E-01 -7.01139E-01 -7.46111E-01 -7.56686E-01 -7.45982E-01 -7.26867E-01 -7.06530E-01 -6.85317E-01 -6.59829E-01 -6.27727E-01 -5.90960E-01 -5.55455E-01 -5.27797E-01
 -5.23466E-01 -5.03101E-01 -4.93282E-01 -4.90491E-01 -4.89371E-01 -4.86294E-01 -4.81436E-01 -4.77978E-01 -4.79103E-01 -4.84973E-01 -4.91921E-01 -4.94523E-01 -4.89181E-01 -4.76603E-01 -4.61186E-01 -4.47398E-01 -4.35523E-01 -4.20032E-01 -3.92478E-01 -3.47899E-01 -2.90914E-01 -2.36961E-01 -2.06298E-01 -2.12529E-01 -2.51277E-01 -2.95847E-01 -3.04029E-01 -2.34745E-01 -6.76481E-02  1.83776E-01  4.72915E-01  7.35671E-01  9.14902E-01  9.82890E-01  9.51544E-01  8.65611E-01  7.82113E-01  7.45633E-01  7.70728E-01  8.38953E-01  9.10672E-01  9.44916E-01  9.17266E-01  8.27665E-01  6.95800E-01  5.48072E-01  4.03902E-01  2.68487E-01  1.34834E-01 -7.38142E-03 -1.62020E-01 -3.21513E-01 -4.69184E-01 -5.86989E-01 -6.63935E-01 -7.00476E-01 -7.06861E-01 -6.96994E-01 -6.81682E-01 -6.65017E-01 -6.45390E-01 -6.19709E-01 -5.87686E-01 -5.53414E-01 -5.23466E-01
 -5.11512E-01 -4.87457E-01 -4.74889E-01 -4.72959E-01 -4.76602E-01 -4.79894E-01 -4.79566E-01 -4.76404E-01 -4.73762E-01 -4.74416E-01 -4.78067E-01 -4.81281E-01 -4.79904E-01 -4.72114E-01 -4.59744E-01 -4.46595E-01 -4.34721E-01 -4.21378E-01 -3.99388E-01 -3.61638E-01 -3.07495E-01 -2.46909E-01 -1.98451E-01 -1.80583E-01 -1.99709E-01 -2.41380E-01 -2.70661E-01 -2.43656E-01 -1.26391E-01  8.73210E-02  3.68080E-01  6.58217E-01  8.92297E-01  1.02232E+00  1.03641E+00  9.62393E-01  8.54738E-01  7.70785E-01  7.47312E-01  7.87714E-01  8.64704E-01  9.35921E-01  9.63981E-01  9.31267E-01  8.43308E-01  7.20868E-01  5.86462E-01  4.53054E-01  3.20546E-01  1.80748E-01  2.68107E-02 -1.38942E-01 -3.03333E-01 -4.47421E-01 -5.55071E-01 -6.19987E-01 -6.47466E-01 -6.50376E-01 -6.42144E-01 -6.30897E-01 -6.17777E-01 -5.99696E-01 -5.74150E-01 -5.42781E-01 -5.11512E-01
 -4.94567E-01 -4.68244E-01 -4.52766E-01 -4.50630E-01 -4.58240E-01 -4.68221E-01 -4.73816E-01 -4.72537E-01 -4.66869E-01 -4.61766E-01 -4.60795E-01 -4.63549E-01 -4.66029E-01 -4.63559E-01 -4.54065E-01 -4.39228E-01 -4.22561E-01 -4.05718E-01 -3.85926E-01 -3.56958E-01 -3.13834E-01 -2.58550E-01 -2.02653E-01 -1.63634E-01 -1.55491E-01 -1.77812E-01 -2.09740E-01 -2.13766E-01 -1.49664E-01  6.70911E-03  2.48552E-01  5.35240E-01  8.04392E-01  9.94748E-01  1.07013E+00  1.03367E+00  9.25756E-01  8.06462E-01  7.30565E-01  7.26359E-01  7.87310E-01  8.79175E-01  9.57883E-01  9.88893E-01  9.59085E-01  8.76825E-01  7.62227E-01  6.34197E-01  5.01564E-01  3.62375E-01  2.10380E-01  4.38147E-02 -1.29214E-01 -2.91926E-01 -4.25705E-01 -5.18392E-01 -5.69244E-01 -5.87987E-01 -5.88917E-01 -5.83724E-01 -5.77103E-01 -5.67221E-01 -5.50061E-01 -5.24463E-01 -4.94567E-01
 -4.74287E-01 -4.48434E-01 -4.30144E-01 -4.25503E-01 -4.33992E-01 -4.48793E-01 -4.60822E-01 -4.63955E-01 -4.58204E-01 -4.48953E-01 -4.42887E-01 -4.43330E-01 -4.47985E-01 -4.50478E-01 -4.44554E-01 -4.28036E-01 -4.03831E-01 -3.77265E-01 -3.51658E-01 -3.25407E-01 -2.93072E-01 -2.50249E-01 -1.99135E-01 -1.50499E-01 -1.19418E-01 -1.15824E-01 -1.34717E-01 -1.52267E-01 -1.31847E-01 -3.90443E-02  1.40603E-01  3.89966E-01  6.61657E-01  8.93459E-01  1.03198E+00  1.05421E+00  9.77005E-01  8.50001E-01  7.34893E-01  6.80588E-01  7.05187E-01  7.92231E-01  9.01614E-01  9.88792E-01  1.02271E+00  9.94549E-01  9.14936E-01  8.03033E-01  6.74729E-01  5.36279E-01  3.85897E-01  2.20894E-01  4.50388E-02 -1.28784E-01 -2.82275E-01 -3.99447E-01 -4.73699E-01 -5.10135E-01 -5.21976E-01 -5.23393E-01 -5.23004E-01 -5.21577E-01 -5.14771E-01 -4.98655E-01 -4.74287E-01
 -4.49565E-01 -4.27774E-01 -4.07657E-01 -3.98415E-01 -4.03898E-01 -4.20202E-01 -4.37950E-01 -4.47835E-01 -4.45978E-01 -4.35805E-01 -4.25294E-01 -4.21406E-01 -4.25235E-01 -4.30974E-01 -4.29356E-01 -4.13380E-01 -3.82631E-01 -3.43385E-01 -3.04406E-01 -2.71194E-01 -2.42608E-01 -2.12357E-01 -1.74650E-01 -1.30261E-01 -8.84557E-02 -6.23667E-02 -5.95039E-02 -7.27034E-02 -7.76656E-02 -4.03749E-02  6.75981E-02  2.52831E-01  4.91396E-01  7.33528E-01  9.21049E-01  1.01048E+00  9.91361E-01  8.91174E-01  7.64148E-01  6.69040E-01  6.45869E-01  7.01864E-01  8.12122E-01  9.33324E-01  1.02297E+00  1.05489E+00  1.02465E+00  9.44347E-01  8.31533E-01  6.99215E-01  5.52166E-01  3.90264E-01  2.15408E-01  3.67131E-02 -1.29695E-01 -2.66325E-01 -3.61955E-01 -4.16581E-01 -4.40737E-01 -4.49596E-01 -4.55378E-01 -4.62395E-01 -4.67313E-01 -4.63997E-01 -4.49565E-01
 -4.16642E-01 -4.02449E-01 -3.82817E-01 -3.68778E-01 -3.68689E-01 -3.83176E-01 -4.04713E-01 -4.22125E-01 -4.27253E-01 -4.19643E-01 -4.06338E-01 -3.96877E-01 -3.96642E-01 -4.02749E-01 -4.05188E-01 -3.92659E-01 -3.59569E-01 -3.09820E-01 -2.54915E-01 -2.07385E-01 -1.73585E-01 -1.50399E-01 -1.28142E-01 -9.79633E-02 -5.90155E-02 -2.03368E-02  4.62568E-03  8.33369E-03 -1.75290E-03 -1.57921E-03  4.09594E-02  1.50339E-01  3.28202E-01  5.47014E-01  7.57211E-01  9.05818E-01  9.58482E-01  9.14642E-01  8.08444E-01  6.94731E-01  6.26493E-01  6.34075E-01  7.15208E-01  8.39377E-01  9.63126E-01  1.04816E+00  1.07382E+00  1.03934E+00  9.57077E-01  8.42165E-01  7.04975E-01  5.49919E-01  3.79803E-01  2.01550E-01  2.86724E-02 -1.21647E-01 -2.35292E-01 -3.07608E-01 -3.45416E-01 -3.63214E-01 -3.75684E-01 -3.90786E-01 -4.07331E-01 -4.18153E-01 -4.16642E-01
 -3.71212E-01 -3.67034E-01 -3.51354E-01 -3.35139E-01 -3.29845E-01 -3.40638E-01 -3.63267E-01 -3.86587E-01 -3.99249E-01 -3.96451E-01 -3.82558E-01 -3.67884E-01 -3.61550E-01 -3.64875E-01 -3.69547E-01 -3.61994E-01 -3.31552E-01 -2.77525E-01 -2.10689E-01 -1.47998E-01 -1.03391E-01 -8.01158E-02 -6.93326E-02 -5.60921E-02 -2.92688E-02  1.06589E-02  5.11872E-02  7.57496E-02  7.59296E-02  6.06929E-02  5.63647E-02  9.58447E-02  2.01648E-01  3.71393E-01  5.73912E-01  7.59222E-01  8.78566E-01  9.05406E-01  8.47347E-01  7.43213E-01  6.46620E-01  6.03783E-01  6.35737E-01  7.32495E-01  8.60544E-01  9.78739E-01  1.05434E+00  1.07209E+00  1.03370E+00  9.50416E-01  8.34420E-01  6.93999E-01  5.34441E-01  3.62374E-01  1.89359E-01  3.13389E-02 -9.63176E-02 -1.85316E-01 -2.38298E-01 -2.67366E-01 -2.87759E-01 -3.10210E-01 -3.36326E-01 -3.59596E-01 -3.71212E-01
 -3.11368E-01 -3.17674E-01 -3.09608E-01 -2.96084E-01 -2.89018E-01 -2.96403E-01 -3.17462E-01 -3.42990E-01 -3.60803E-01 -3.63033E-01 -3.50779E-01 -3.33115E-01 -3.20911E-01 -3.19215E-01 -3.22987E-01 -3.19166E-01 -2.94212E-01 -2.42814E-01 -1.72420E-01 -1.00506E-01 -4.56842E-02 -1.75956E-02 -1.15489E-02 -1.13716E-02  8.07410E-04  3.33786E-02  7.94307E-02  1.20293E-01  1.37131E-01  1.24352E-01  9.69076E-02  8.64067E-02  1.26836E-01  2.36606E-01  4.06227E-01  5.98598E-01  7.62764E-01  8.55162E-01  8.58406E-01  7.88755E-01  6.88839E-01  6.09341E-01  5.88342E-01  6.37607E-01  7.41110E-01  8.64906E-01  9.72334E-01  1.03695E+00  1.04805E+00  1.00817E+00  9.26258E-01  8.11504E-01  6.71220E-01  5.12756E-01  3.46603E-01  1.87219E-01  4.99932E-02 -5.42654E-02 -1.23941E-01 -1.67131E-01 -1.97289E-01 -2.26204E-01 -2.58295E-01 -2.89506E-01 -3.11368E-01
 -2.39632E-01 -2.54684E-01 -2.56598E-01 -2.50857E-01 -2.46968E-01 -2.53027E-01 -2.70752E-01 -2.94179E-01 -3.13032E-01 -3.18845E-01 -3.10094E-01 -2.93050E-01 -2.77600E-01 -2.70455E-01 -2.69954E-01 -2.65969E-01 -2.45441E-01 -2.00582E-01 -1.34869E-01 -6.29061E-02 -3.63773E-03  2.96072E-02  3.66030E-02  3.06415E-02  3.11332E-02  5.22259E-02  9.39026E-02  1.41057E-01  1.71799E-01  1.70968E-01  1.41488E-01  1.06762E-01  1.01757E-01  1.56444E-01  2.79647E-01  4.51692E-01  6.30173E-01  7.66726E-01  8.27187E-01  8.05800E-01  7.27043E-01  6.34614E-01  5.73084E-01  5.70732E-01  6.30799E-01  7.33794E-01  8.48149E-01  9.43172E-01  9.98297E-01  1.00568E+00  9.67115E-01  8.88859E-01  7.78045E-01  6.42257E-01  4.91156E-01  3.37582E-01  1.96094E-01  7.89951E-02 -8.02839E-03 -6.78465E-02 -1.09845E-01 -1.44735E-01 -1.79054E-01 -2.12507E-01 -2.39632E-01
 -1.62716E-01 -1.83021E-01 -1.94636E-01 -1.99431E-01 -2.02637E-01 -2.09977E-01 -2.24061E-01 -2.42429E-01 -2.58698E-01 -2.66280E-01 -2.62423E-01 -2.49942E-01 -2.35349E-01 -2.24334E-01 -2.17365E-01 -2.08380E-01 -1.87809E-01 -1.48552E-01 -9.14449E-02 -2.67295E-02  2.99525E-02  6.52880E-02  7.55947E-02  6.93687E-02  6.31363E-02  7.24122E-02  1.02581E-01  1.44996E-01  1.81058E-01  1.92729E-01  1.74145E-01  1.37897E-01  1.11891E-01  1.27470E-01  2.04147E-01  3.38421E-01  5.02537E-01  6.54336E-01  7.54010E-01  7.80217E-01  7.38336E-01  6.57451E-01  5.77889E-01  5.35274E-01  5.48071E-01  6.13328E-01  7.11074E-01  8.14016E-01  8.97437E-01  9.45265E-01  9.51046E-01  9.15339E-01  8.42392E-01  7.38314E-01  6.11165E-01  4.71664E-01  3.32763E-01  2.07293E-01  1.04458E-01  2.71113E-02 -2.84464E-02 -6.98030E-02 -1.04262E-01 -1.35474E-01 -1.62716E-01
 -8.88978E-02 -1.10291E-01 -1.28249E-01 -1.42231E-01 -1.53210E-01 -1.63445E-01 -1.74995E-01 -1.88086E-01 -2.00601E-01 -2.09159E-01 -2.11134E-01 -2.06254E-01 -1.96577E-01 -1.84710E-01 -1.71390E-01 -1.54143E-01 -1.28255E-01 -8.98713E-02 -3.95342E-02  1.61478E-02  6.62064E-02  1.00038E-01  1.12859E-01  1.08799E-01  9.95128E-02  9.85022E-02  1.13874E-01  1.43456E-01  1.75322E-01  1.94028E-01  1.89761E-01  1.65628E-01  1.38895E-01  1.34766E-01  1.75096E-01  2.67240E-01  3.98517E-01  5.39352E-01  6.54108E-01  7.14961E-01  7.12745E-01  6.60121E-01  5.85980E-01  5.23907E-01  4.99882E-01  5.24240E-01  5.90456E-01  6.80085E-01  7.70662E-01  8.42797E-01  8.83964E-01  8.88678E-01  8.56567E-01  7.90371E-01  6.95134E-01  5.78473E-01  4.50790E-01  3.24286E-01  2.10547E-01  1.17587E-01  4.78681E-02 -1.59833E-03 -3.70485E-02 -6.48203E-02 -8.88978E-02
 -2.43259E-02 -4.33487E-02 -6.21789E-02 -8.00449E-02 -9.56013E-02 -1.08387E-01 -1.19224E-01 -1.29509E-01 -1.40055E-01 -1.50322E-01 -1.58519E-01 -1.62416E-01 -1.60220E-01 -1.50925E-01 -1.33999E-01 -1.08876E-01 -7.49338E-02 -3.23103E-02  1.67829E-02  6.72243E-02  1.11592E-01  1.42497E-01  1.55808E-01  1.53120E-01  1.41844E-01  1.32362E-01  1.33272E-01  1.47036E-01  1.68459E-01  1.87235E-01  1.93687E-01  1.85004E-01  1.68634E-01  1.60632E-01  1.79171E-01  2.35906E-01  3.29249E-01  4.42950E-01  5.51088E-01  6.27569E-01  6.56112E-01  6.36437E-01  5.84096E-01  5.24241E-01  4.82219E-01  4.75014E-01  5.06750E-01  5.69386E-01  6.47344E-01  7.23414E-01  7.83348E-01  8.17811E-01  8.22006E-01  7.94377E-01  7.35775E-01  6.49655E-01  5.42761E-01  4.25199E-01  3.09088E-01  2.05863E-01  1.23284E-01  6.35456E-02  2.34242E-02 -3.60073E-03 -2.43259E-02
  2.97578E-02  1.46095E-02  2.84987E-04 -1.44909E-02 -2.89975E-02 -4.21330E-02 -5.37079E-02 -6.47221E-02 -7.66038E-02 -8.99971E-02 -1.03874E-01 -1.15475E-01 -1.21077E-01 -1.17136E-01 -1.01274E-01 -7.28125E-02 -3.28739E-02  1.56967E-02  6.84473E-02  1.19584E-01  1.62693E-01  1.92110E-01  2.04718E-01  2.01452E-01  1.87609E-01  1.71386E-01  1.60915E-01  1.60964E-01  1.70893E-01  1.85112E-01  1.96136E-01  1.98990E-01  1.94798E-01  1.91579E-01  2.01432E-01  2.35113E-01  2.96372E-01  3.78788E-01  4.66847E-01  5.41083E-01  5.85224E-01  5.92327E-01  5.67300E-01  5.24863E-01  4.83987E-01  4.61279E-01  4.65997E-01  4.98348E-01  5.51103E-01  6.13134E-01  6.72987E-01  7.21088E-01  7.50275E-01  7.55392E-01  7.33006E-01  6.81916E-01  6.04297E-01  5.06566E-01  3.99032E-01  2.93910E-01  2.02249E-01  1.30993E-01  8.14603E-02  4.98955E-02  2.97578E-02
  7.72460E-02  6.48500E-02  5.76857E-02  5.11093E-02  4.27645E-02  3.21785E-02  1.97566E-02  5.86812E-03 -9.47562E-03 -2.62689E-02 -4.37963E-02 -6.00470E-02 -7.16565E-02 -7.45005E-02 -6.47705E-02 -4.01767E-02 -9.04495E-04  4.99601E-02  1.06679E-01  1.61801E-01  2.07656E-01  2.38149E-01  2.50384E-01  2.45613E-01  2.29041E-01  2.08345E-01  1.91270E-01  1.83091E-01  1.84969E-01  1.93974E-01  2.04888E-01  2.13096E-01  2.17298E-01  2.20714E-01  2.30078E-01  2.52684E-01  2.92744E-01  3.48693E-01  4.12769E-01  4.73209E-01  5.18248E-01  5.40274E-01  5.38456E-01  5.18830E-01  4.91966E-01  4.69313E-01  4.59752E-01  4.67589E-01  4.92377E-01  5.30138E-01  5.75015E-01  6.20514E-01  6.60015E-01  6.86860E-01  6.94619E-01  6.78016E-01  6.34443E-01  5.65433E-01  4.77265E-01  3.80093E-01  2.85647E-01  2.04264E-01  1.42326E-01  1.01089E-01  7.72460E-02
  1.24586E-01  1.11366E-01  1.09424E-01  1.11152E-01  1.10516E-01  1.04422E-01  9.27279E-02  7.71632E-02  5.98506E-02  4.22303E-02  2.48868E-02  8.26052E-03 -6.27754E-03 -1.57320E-02 -1.57501E-02 -1.95067E-03  2.81482E-02  7.34446E-02  1.28649E-01  1.85203E-01  2.33530E-01  2.65857E-01  2.78559E-01  2.73140E-01  2.55495E-01  2.33735E-01  2.15461E-01  2.05476E-01  2.04775E-01  2.11070E-01  2.20496E-01  2.29734E-01  2.37636E-01  2.45735E-01  2.57487E-01  2.76632E-01  3.05369E-01  3.43106E-01  3.86264E-01  4.29188E-01  4.65793E-01  4.91329E-01  5.03655E-01  5.03655E-01  4.94755E-01  4.81865E-01  4.70152E-01  4.64053E-01  4.66691E-01  4.79644E-01  5.02865E-01  5.34563E-01  5.71038E-01  6.06643E-01  6.34180E-01  6.45940E-01  6.35361E-01  5.98914E-01  5.37597E-01  4.57379E-01  3.68231E-01  2.81869E-01  2.08842E-01  1.55908E-01  1.24586E-01
  1.76698E-01  1.57657E-01  1.54311E-01  1.58317E-01  1.61777E-01  1.59825E-01  1.51556E-01  1.39108E-01  1.25554E-01  1.12852E-01  1.00929E-01  8.83762E-02  7.42504E-02  5.98782E-02  4.94763E-02  4.90147E-02  6.36880E-02  9.51596E-02  1.39967E-01  1.90000E-01  2.35005E-01  2.66105E-01  2.78835E-01  2.74422E-01  2.58841E-01  2.40180E-01  2.25554E-01  2.18873E-01  2.20287E-01  2.27253E-01  2.36492E-01  2.45796E-01  2.54898E-01  2.65194E-01  2.78674E-01  2.96751E-01  3.19554E-01  3.45927E-01  3.73958E-01  4.01627E-01  4.27220E-01  4.49394E-01  4.67020E-01  4.79074E-01  4.84777E-01  4.83992E-01  4.77686E-01  4.68194E-01  4.59068E-01  4.54473E-01  4.58234E-01  4.72767E-01  4.98134E-01  5.31465E-01  5.66963E-01  5.96623E-01  6.11717E-01  6.04841E-01  5.72079E-01  5.14612E-01  4.39084E-01  3.56358E-01  2.78817E-01  2.16998E-01  1.76698E-01
  2.33592E-01  2.03940E-01  1.89865E-01  1.85663E-01  1.85230E-01  1.84432E-01  1.82095E-01  1.79292E-01  1.77534E-01  1.76979E-01  1.75748E-01  1.70793E-01  1.59872E-01  1.43500E-01  1.25704E-01  1.12966E-01  1.11667E-01  1.25192E-01  1.52089E-01  1.86232E-01  2.19002E-01  2.42533E-01  2.52597E-01  2.49870E-01  2.39144E-01  2.26982E-01  2.18998E-01  2.17969E-01  2.23505E-01  2.33140E-01  2.44093E-01  2.54732E-01  2.65077E-01  2.76283E-01  2.89590E-01  3.05426E-01  3.23161E-01  3.41555E-01  3.59536E-01  3.76771E-01  3.93675E-01  4.10849E-01  4.28303E-01  4.44944E-01  4.58659E-01  4.67029E-01  4.68374E-01  4.62693E-01  4.52099E-01  4.40573E-01  4.33084E-01  4.34308E-01  4.47248E-01  4.72086E-01  5.05557E-01  5.41120E-01  5.70060E-01  5.83438E-01  5.74494E-01  5.40809E-01  4.85439E-01  4.16454E-01  3.44840E-01  2.81376E-01  2.33592E-01
  2.89608E-01  2.46496E-01  2.13139E-01  1.89739E-01  1.75998E-01  1.71586E-01  1.75978E-01  1.87832E-01  2.04393E-01  2.21456E-01  2.34162E-01  2.38438E-01  2.32521E-01  2.17831E-01  1.98704E-01  1.80970E-01  1.69894E-01  1.68302E-01  1.75663E-01  1.88490E-01  2.01858E-01  2.11366E-01  2.14733E-01  2.12407E-01  2.07048E-01  2.02228E-01  2.00970E-01  2.04755E-01  2.13311E-01  2.25127E-01  2.38336E-01  2.51490E-01  2.63938E-01  2.75717E-01  2.87172E-01  2.98563E-01  3.09907E-01  3.21087E-01  3.32125E-01  3.43378E-01  3.55510E-01  3.69181E-01  3.84584E-01  4.01047E-01  4.16920E-01  4.29886E-01  4.37649E-01  4.38810E-01  4.33642E-01  4.24435E-01  4.15218E-01  4.10811E-01  4.15409E-01  4.31107E-01  4.56844E-01  4.88196E-01  5.18215E-01  5.39134E-01  5.44446E-01  5.30697E-01  4.98373E-01  4.51604E-01  3.96822E-01  3.40922E-01  2.89608E-01
  3.35819E-01  2.79617E-01  2.22813E-01  1.73342E-01  1.39336E-01  1.26457E-01  1.35675E-01  1.62561E-01  1.98529E-01  2.33586E-01  2.59498E-01  2.72076E-01  2.71771E-01  2.62508E-01  2.49476E-01  2.36944E-01  2.27005E-01  2.19581E-01  2.13375E-01  2.07093E-01  2.00258E-01  1.93326E-01  1.87240E-01  1.82856E-01  1.80623E-01  1.80667E-01  1.83103E-01  1.88238E-01  1.96469E-01  2.07882E-01  2.21845E-01  2.36900E-01  2.51123E-01  2.62824E-01  2.71229E-01  2.76775E-01  2.80863E-01  2.85207E-01  2.91147E-01  2.99267E-01  3.09473E-01  3.21365E-01  3.34580E-01  3.48833E-01  3.63632E-01  3.77911E-01  3.89969E-01  3.97941E-01  4.00691E-01  3.98701E-01  3.94388E-01  3.91544E-01  3.93989E-01  4.04011E-01  4.21307E-01  4.42955E-01  4.64426E-01  4.81129E-01  4.89733E-01  4.88661E-01  4.77659E-01  4.56892E-01  4.26286E-01  3.85680E-01  3.35819E-01
  3.64418E-01  2.99088E-01  2.21324E-01  1.46321E-01  9.06463E-02  6.61980E-02  7.57367E-02  1.12051E-01  1.61120E-01  2.07793E-01  2.41362E-01  2.58597E-01  2.63160E-01  2.62108E-01  2.61535E-01  2.63583E-01  2.66123E-01  2.64874E-01  2.56488E-01  2.40776E-01  2.20935E-01  2.01854E-01  1.87643E-01  1.79861E-01  1.77355E-01  1.77624E-01  1.78718E-01  1.80463E-01  1.84310E-01  1.91995E-01  2.03940E-01  2.18456E-01  2.32274E-01  2.42122E-01  2.46401E-01  2.45988E-01  2.43715E-01  2.42871E-01  2.45619E-01  2.52229E-01  2.61465E-01  2.71748E-01  2.82289E-01  2.93420E-01  3.05977E-01  3.20222E-01  3.35099E-01  3.48462E-01  3.58198E-01  3.63590E-01  3.65995E-01  3.68305E-01  3.73412E-01  3.82555E-01  3.94579E-01  4.06653E-01  4.16031E-01  4.21774E-01  4.25224E-01  4.28724E-01  4.33175E-01  4.35899E-01  4.30362E-01  4.08427E-01  3.64418E-01
  3.72800E-01  3.05200E-01  2.15529E-01  1.23473E-01  5.12494E-02  1.50900E-02  1.91456E-02  5.46127E-02  1.04360E-01  1.50696E-01  1.82522E-01  1.98593E-01  2.05755E-01  2.13557E-01  2.28336E-01  2.49853E-01  2.71937E-01  2.86365E-01  2.87560E-01  2.75481E-01  2.55311E-01  2.34423E-01  2.18571E-01  2.09483E-01  2.05016E-01  2.01489E-01  1.96533E-01  1.90693E-01  1.86887E-01  1.88210E-01  1.95572E-01  2.06713E-01  2.17207E-01  2.22853E-01  2.21981E-01  2.16312E-01  2.09878E-01  2.06724E-01  2.08795E-01  2.15226E-01  2.23384E-01  2.30863E-01  2.37126E-01  2.43741E-01  2.53105E-01  2.66561E-01  2.83186E-01  3.00120E-01  3.14249E-01  3.24163E-01  3.31045E-01  3.37818E-01  3.47012E-01  3.58736E-01  3.70210E-01  3.77375E-01  3.77777E-01  3.72882E-01  3.68097E-01  3.69970E-01  3.81764E-01  3.99881E-01  4.13483E-01  4.08228E-01  3.72800E-01
