 0.10000E+02	 0.00000E+00	 0.00000E+00	 0.88270E+00	 0.17570E+02	 0.17570E+02	 0.77255E-04	 0.77255E-04	 0.37765E-05	 0.37765E-05	 0.45723E+01	 0.10005E+04	 0.21891E+06	 0.82786E-12	-0.76500E-01	 0.49000E-01	 0.00000E+00	 0.16905E+01	 0.90471E-01
 0.10000E+03	 0.00000E+00	 0.00000E+00	 0.88270E+00	 0.17555E+03	 0.17555E+03	 0.77881E-06	 0.77881E-06	 0.38780E-08	 0.38780E-08	 0.45723E+01	 0.10005E+04	 0.21891E+06	 0.89294E-10	-0.76500E-01	 0.49000E-01	 0.00000E+00	 0.16905E+01	 0.90471E-01
 0.10000E+01	 0.00000E+00	 0.00000E+00	 0.88270E+00	 0.18870E+01	 0.18870E+01	 0.59185E-02	 0.59185E-02	 0.19431E-02	 0.19431E-02	 0.45723E+01	 0.10005E+04	 0.21891E+06	 0.20953E-13	-0.76500E-01	 0.49000E-01	 0.00000E+00	 0.16905E+01	 0.90471E-01
 0.10000E+00	 0.00000E+00	 0.00000E+00	 0.88270E+00	 0.73353E+00	 0.73353E+00	 0.98586E-01	 0.98586E-01	 0.31337E+00	 0.31337E+00	 0.45723E+01	 0.10005E+04	 0.21891E+06	 0.10574E-12	-0.76500E-01	 0.49000E-01	 0.00000E+00	 0.16905E+01	 0.90471E-01
 0.10000E-01	 0.00000E+00	 0.00000E+00	 0.88270E+00	 0.12621E+01	 0.12621E+01	 0.61744E+00	 0.61743E+00	 0.14014E+02	 0.14014E+02	 0.45723E+01	 0.10005E+04	 0.21891E+06	 0.52984E-11	-0.76500E-01	 0.49000E-01	 0.00000E+00	 0.16905E+01	 0.90471E-01
 0.10000E-02	 0.00000E+00	 0.00000E+00	 0.88270E+00	 0.61402E+01	 0.60157E+01	 0.42997E+00	 0.12328E+00	 0.21685E+03	 0.21511E+03	 0.45723E+01	 0.10005E+04	 0.21891E+06	 0.13508E-08	-0.76500E-01	 0.49000E-01	 0.00000E+00	 0.16905E+01	 0.90471E-01
 0.10000E-03	 0.00000E+00	 0.00000E+00	 0.88270E+00	 0.52206E+02	 0.41238E+02	-0.71760E+01	-0.10067E+02	 0.25993E+04	 0.24009E+04	 0.45723E+01	 0.10005E+04	 0.21891E+06	 0.38400E-07	-0.76500E-01	 0.49000E-01	 0.00000E+00	 0.16905E+01	 0.90471E-01
 0.30000E+02	 0.00000E+00	 0.00000E+00	 0.88270E+00	 0.52670E+02	 0.52670E+02	 0.86460E-05	 0.86460E-05	 0.14323E-06	 0.14323E-06	 0.45723E+01	 0.10005E+04	 0.21891E+06	 0.11035E-10	-0.76500E-01	 0.49000E-01	 0.00000E+00	 0.16905E+01	 0.90471E-01
 0.30000E+03	 0.00000E+00	 0.00000E+00	 0.88270E+00	 0.52665E+03	 0.52665E+03	 0.86541E-07	 0.86541E-07	 0.14367E-09	 0.14367E-09	 0.45723E+01	 0.10005E+04	 0.21891E+06	 0.76558E-09	-0.76500E-01	 0.49000E-01	 0.00000E+00	 0.16905E+01	 0.90471E-01
 0.30000E+01	 0.00000E+00	 0.00000E+00	 0.88270E+00	 0.53140E+01	 0.53140E+01	 0.80972E-03	 0.80972E-03	 0.11577E-03	 0.11577E-03	 0.45723E+01	 0.10005E+04	 0.21891E+06	 0.11834E-12	-0.76500E-01	 0.49000E-01	 0.00000E+00	 0.16905E+01	 0.90471E-01
 0.30000E+00	 0.00000E+00	 0.00000E+00	 0.88270E+00	 0.86032E+00	 0.86032E+00	 0.32834E-01	 0.32834E-01	 0.32240E-01	 0.32240E-01	 0.45723E+01	 0.10005E+04	 0.21891E+06	 0.57884E-13	-0.76500E-01	 0.49000E-01	 0.00000E+00	 0.16905E+01	 0.90471E-01
 0.30000E-01	 0.00000E+00	 0.00000E+00	 0.88270E+00	 0.84570E+00	 0.84570E+00	 0.29332E+00	 0.29332E+00	 0.27022E+01	 0.27022E+01	 0.45723E+01	 0.10005E+04	 0.21891E+06	 0.10278E-11	-0.76500E-01	 0.49000E-01	 0.00000E+00	 0.16905E+01	 0.90471E-01
 0.30000E-02	 0.00000E+00	 0.00000E+00	 0.88270E+00	 0.25999E+01	 0.25965E+01	 0.84748E+00	 0.83898E+00	 0.62941E+02	 0.62895E+02	 0.45723E+01	 0.10005E+04	 0.21891E+06	 0.57657E-10	-0.76500E-01	 0.49000E-01	 0.00000E+00	 0.16905E+01	 0.90471E-01
 0.30000E-03	 0.00000E+00	 0.00000E+00	 0.88270E+00	 0.18118E+02	 0.16411E+02	-0.13176E+01	-0.35318E+01	 0.79823E+03	 0.77308E+03	 0.45723E+01	 0.10005E+04	 0.21891E+06	 0.89144E-08	-0.76500E-01	 0.49000E-01	 0.00000E+00	 0.16905E+01	 0.90471E-01
 0.30000E-04	 0.00000E+00	 0.00000E+00	 0.88270E+00	 0.17193E+03	 0.10160E+03	-0.27631E+02	-0.25679E+02	 0.96268E+04	 0.81181E+04	 0.45723E+01	 0.10005E+04	 0.21891E+06	 0.44632E-06	-0.76500E-01	 0.49000E-01	 0.00000E+00	 0.16905E+01	 0.90471E-01
 0.10000E+02	 0.10000E+01	 0.20408E+02	 0.88270E+00	 0.10680E-02	 0.10680E-02	 0.33349E-04	 0.33349E-04	 0.11628E-03	 0.11628E-03	 0.45723E+01	 0.10005E+04	 0.21891E+06	 0.67935E-09	-0.76500E-01	 0.49000E-01	 0.00000E+00	 0.16905E+01	 0.90471E-01
 0.10000E+03	 0.10000E+01	 0.20408E+02	 0.88270E+00	 0.17709E-03	 0.17709E-03	 0.16590E-05	 0.16590E-05	 0.58051E-06	 0.58051E-06	 0.45723E+01	 0.10005E+04	 0.21891E+06	 0.13108E-08	-0.76500E-01	 0.49000E-01	 0.00000E+00	 0.16905E+01	 0.90471E-01
 0.10000E+01	 0.10000E+01	 0.20408E+02	 0.88270E+00	 0.44165E-03	 0.44165E-03	 0.49437E-04	 0.49437E-04	 0.22243E-02	 0.22243E-02	 0.45723E+01	 0.10005E+04	 0.21891E+06	 0.28212E-08	-0.76500E-01	 0.49000E-01	 0.00000E+00	 0.16905E+01	 0.90471E-01
 0.10000E+00	 0.10000E+01	 0.20408E+02	 0.88270E+00	 0.20667E-03	 0.20667E-03	 0.12086E-03	 0.12086E-03	 0.10522E+00	 0.10522E+00	 0.45723E+01	 0.10005E+04	 0.21891E+06	 0.28492E-07	-0.76500E-01	 0.49000E-01	 0.00000E+00	 0.16905E+01	 0.90471E-01
 0.10000E-01	 0.10000E+01	 0.20408E+02	 0.88270E+00	 0.13518E-03	 0.13518E-03	 0.69583E-03	 0.69582E-03	 0.55727E+01	 0.55725E+01	 0.45723E+01	 0.10005E+04	 0.21891E+06	 0.23143E-06	-0.76500E-01	 0.49000E-01	 0.00000E+00	 0.16905E+01	 0.90471E-01
 0.10000E-02	 0.10000E+01	 0.20408E+02	 0.88270E+00	 0.11323E-03	 0.11317E-03	 0.59265E-02	 0.59226E-02	 0.11412E+03	 0.10866E+03	 0.45723E+01	 0.10005E+04	 0.21891E+06	 0.89847E-05	-0.76500E-01	 0.49000E-01	 0.00000E+00	 0.16905E+01	 0.90471E-01
 0.10000E-03	 0.10000E+01	 0.20408E+02	 0.88270E+00	 0.44970E-04	 0.40419E-04	 0.22919E-01	 0.19676E-01	 0.16291E+04	 0.12706E+04	 0.45723E+01	 0.10005E+04	 0.21891E+06	 0.14773E-03	-0.76500E-01	 0.49000E-01	 0.00000E+00	 0.16905E+01	 0.90471E-01
 0.30000E+02	 0.10000E+01	 0.20408E+02	 0.88270E+00	 0.53668E-03	 0.53668E-03	 0.12897E-04	 0.12897E-04	 0.15055E-04	 0.15055E-04	 0.45723E+01	 0.10005E+04	 0.21891E+06	 0.36286E-09	-0.76500E-01	 0.49000E-01	 0.00000E+00	 0.16905E+01	 0.90471E-01
 0.30000E+03	 0.10000E+01	 0.20408E+02	 0.88270E+00	 0.59693E-04	 0.59693E-04	 0.19224E-06	 0.19224E-06	 0.22413E-07	 0.22413E-07	 0.45723E+01	 0.10005E+04	 0.21891E+06	 0.83629E-08	-0.76500E-01	 0.49000E-01	 0.00000E+00	 0.16905E+01	 0.90471E-01
 0.30000E+01	 0.10000E+01	 0.20408E+02	 0.88270E+00	 0.89513E-03	 0.89513E-03	 0.43234E-04	 0.43234E-04	 0.52433E-03	 0.52433E-03	 0.45723E+01	 0.10005E+04	 0.21891E+06	 0.15631E-08	-0.76500E-01	 0.49000E-01	 0.00000E+00	 0.16905E+01	 0.90471E-01
 0.30000E+00	 0.10000E+01	 0.20408E+02	 0.88270E+00	 0.24509E-03	 0.24509E-03	 0.65434E-04	 0.65434E-04	 0.14856E-01	 0.14856E-01	 0.45723E+01	 0.10005E+04	 0.21891E+06	 0.77910E-08	-0.76500E-01	 0.49000E-01	 0.00000E+00	 0.16905E+01	 0.90471E-01
 0.30000E-01	 0.10000E+01	 0.20408E+02	 0.88270E+00	 0.15833E-03	 0.15833E-03	 0.27220E-03	 0.27220E-03	 0.93083E+00	 0.93083E+00	 0.45723E+01	 0.10005E+04	 0.21891E+06	 0.97188E-06	-0.76500E-01	 0.49000E-01	 0.00000E+00	 0.16905E+01	 0.90471E-01
 0.30000E-02	 0.10000E+01	 0.20408E+02	 0.88270E+00	 0.12610E-03	 0.12609E-03	 0.21911E-02	 0.21910E-02	 0.29283E+02	 0.29153E+02	 0.45723E+01	 0.10005E+04	 0.21891E+06	 0.16326E-05	-0.76500E-01	 0.49000E-01	 0.00000E+00	 0.16905E+01	 0.90471E-01
 0.30000E-03	 0.10000E+01	 0.20408E+02	 0.88270E+00	 0.80051E-04	 0.79211E-04	 0.13863E-01	 0.13627E-01	 0.46840E+03	 0.40440E+03	 0.45723E+01	 0.10005E+04	 0.21891E+06	 0.20423E-03	-0.76500E-01	 0.49000E-01	 0.00000E+00	 0.16905E+01	 0.90471E-01
 0.30000E-04	 0.10000E+01	 0.20408E+02	 0.88270E+00	 0.24065E-04	 0.15770E-04	 0.42577E-01	 0.21369E-01	 0.67260E+04	 0.43296E+04	 0.45723E+01	 0.10005E+04	 0.21891E+06	 0.31684E-02	-0.76500E-01	 0.49000E-01	 0.00000E+00	 0.16905E+01	 0.90471E-01
 0.10000E+02	 0.10000E+00	 0.20408E+01	 0.88270E+00	 0.28064E-01	 0.28064E-01	 0.16782E-03	 0.16782E-03	 0.95445E-05	 0.95445E-05	 0.45723E+01	 0.10005E+04	 0.21891E+06	 0.76660E-12	-0.76500E-01	 0.49000E-01	 0.00000E+00	 0.16905E+01	 0.90471E-01
 0.10000E+03	 0.10000E+00	 0.20408E+01	 0.88270E+00	 0.43122E-02	 0.43122E-02	 0.17298E-05	 0.17298E-05	 0.99185E-08	 0.99185E-08	 0.45723E+01	 0.10005E+04	 0.21891E+06	 0.62313E-10	-0.76500E-01	 0.49000E-01	 0.00000E+00	 0.16905E+01	 0.90471E-01
 0.10000E+01	 0.10000E+00	 0.20408E+01	 0.88270E+00	 0.12499E+00	 0.12499E+00	 0.66571E-02	 0.66571E-02	 0.28079E-02	 0.28079E-02	 0.45723E+01	 0.10005E+04	 0.21891E+06	 0.24932E-12	-0.76500E-01	 0.49000E-01	 0.00000E+00	 0.16905E+01	 0.90471E-01
 0.10000E+00	 0.10000E+00	 0.20408E+01	 0.88270E+00	 0.85108E-01	 0.85108E-01	 0.57695E-01	 0.57695E-01	 0.19085E+00	 0.19085E+00	 0.45723E+01	 0.10005E+04	 0.21891E+06	 0.22952E-11	-0.76500E-01	 0.49000E-01	 0.00000E+00	 0.16905E+01	 0.90471E-01
 0.10000E-01	 0.10000E+00	 0.20408E+01	 0.88270E+00	 0.52366E-01	 0.52365E-01	 0.41040E+00	 0.41039E+00	 0.11684E+02	 0.11683E+02	 0.45723E+01	 0.10005E+04	 0.21891E+06	 0.25695E-10	-0.76500E-01	 0.49000E-01	 0.00000E+00	 0.16905E+01	 0.90471E-01
 0.10000E-02	 0.10000E+00	 0.20408E+01	 0.88270E+00	 0.14576E-01	 0.14524E-01	 0.81386E+00	 0.81026E+00	 0.30305E+03	 0.29542E+03	 0.45723E+01	 0.10005E+04	 0.21891E+06	 0.93534E-09	-0.76500E-01	 0.49000E-01	 0.00000E+00	 0.16905E+01	 0.90471E-01
 0.10000E-03	 0.10000E+00	 0.20408E+01	 0.88270E+00	 0.31752E-02	 0.28439E-02	 0.86191E+00	 0.79017E+00	 0.49390E+04	 0.42132E+04	 0.45723E+01	 0.10005E+04	 0.21891E+06	 0.32471E-07	-0.76500E-01	 0.49000E-01	 0.00000E+00	 0.16905E+01	 0.90471E-01
 0.30000E+02	 0.10000E+00	 0.20408E+01	 0.88270E+00	 0.11216E-01	 0.11216E-01	 0.19033E-04	 0.19033E-04	 0.36564E-06	 0.36564E-06	 0.45723E+01	 0.10005E+04	 0.21891E+06	 0.79259E-11	-0.76500E-01	 0.49000E-01	 0.00000E+00	 0.16905E+01	 0.90471E-01
 0.30000E+03	 0.10000E+00	 0.20408E+01	 0.88270E+00	 0.15573E-02	 0.15573E-02	 0.19313E-06	 0.19313E-06	 0.36755E-09	 0.36755E-09	 0.45723E+01	 0.10005E+04	 0.21891E+06	 0.72909E-10	-0.76500E-01	 0.49000E-01	 0.00000E+00	 0.16905E+01	 0.90471E-01
 0.30000E+01	 0.10000E+00	 0.20408E+01	 0.88270E+00	 0.75317E-01	 0.75317E-01	 0.15301E-02	 0.15301E-02	 0.26646E-03	 0.26646E-03	 0.45723E+01	 0.10005E+04	 0.21891E+06	 0.88550E-13	-0.76500E-01	 0.49000E-01	 0.00000E+00	 0.16905E+01	 0.90471E-01
 0.30000E+00	 0.10000E+00	 0.20408E+01	 0.88270E+00	 0.10883E+00	 0.10883E+00	 0.19585E-01	 0.19585E-01	 0.24270E-01	 0.24270E-01	 0.45723E+01	 0.10005E+04	 0.21891E+06	 0.31494E-12	-0.76500E-01	 0.49000E-01	 0.00000E+00	 0.16905E+01	 0.90471E-01
 0.30000E-01	 0.10000E+00	 0.20408E+01	 0.88270E+00	 0.69806E-01	 0.69806E-01	 0.18207E+00	 0.18207E+00	 0.18106E+01	 0.18106E+01	 0.45723E+01	 0.10005E+04	 0.21891E+06	 0.32226E-10	-0.76500E-01	 0.49000E-01	 0.00000E+00	 0.16905E+01	 0.90471E-01
 0.30000E-02	 0.10000E+00	 0.20408E+01	 0.88270E+00	 0.28402E-01	 0.28396E-01	 0.67455E+00	 0.67434E+00	 0.69410E+02	 0.69184E+02	 0.45723E+01	 0.10005E+04	 0.21891E+06	 0.13029E-09	-0.76500E-01	 0.49000E-01	 0.00000E+00	 0.16905E+01	 0.90471E-01
 0.30000E-03	 0.10000E+00	 0.20408E+01	 0.88270E+00	 0.67910E-02	 0.66183E-02	 0.84788E+00	 0.82372E+00	 0.13776E+04	 0.12610E+04	 0.45723E+01	 0.10005E+04	 0.21891E+06	 0.61996E-08	-0.76500E-01	 0.49000E-01	 0.00000E+00	 0.16905E+01	 0.90471E-01
 0.30000E-04	 0.10000E+00	 0.20408E+01	 0.88270E+00	 0.16454E-02	 0.10316E-02	 0.92687E+00	 0.76431E+00	 0.18135E+05	 0.14570E+05	 0.45723E+01	 0.10005E+04	 0.21891E+06	 0.46203E-06	-0.76500E-01	 0.49000E-01	 0.00000E+00	 0.16905E+01	 0.90471E-01
 0.10000E+02	 0.10000E-01	 0.20408E+00	 0.88270E+00	 0.94550E+00	 0.94550E+00	 0.93962E-04	 0.93962E-04	 0.38310E-05	 0.38310E-05	 0.45723E+01	 0.10005E+04	 0.21891E+06	 0.25505E-12	-0.76500E-01	 0.49000E-01	 0.00000E+00	 0.16905E+01	 0.90471E-01
 0.10000E+03	 0.10000E-01	 0.20408E+00	 0.88270E+00	 0.25834E+00	 0.25834E+00	 0.16787E-05	 0.16787E-05	 0.39380E-08	 0.39380E-08	 0.45723E+01	 0.10005E+04	 0.21891E+06	 0.17749E-11	-0.76500E-01	 0.49000E-01	 0.00000E+00	 0.16905E+01	 0.90471E-01
 0.10000E+01	 0.10000E-01	 0.20408E+00	 0.88270E+00	 0.14563E+01	 0.14563E+01	 0.46229E-02	 0.46229E-02	 0.19703E-02	 0.19703E-02	 0.45723E+01	 0.10005E+04	 0.21891E+06	 0.17723E-13	-0.76500E-01	 0.49000E-01	 0.00000E+00	 0.16905E+01	 0.90471E-01
 0.10000E+00	 0.10000E-01	 0.20408E+00	 0.88270E+00	 0.70908E+00	 0.70908E+00	 0.10210E+00	 0.10210E+00	 0.31037E+00	 0.31037E+00	 0.45723E+01	 0.10005E+04	 0.21891E+06	 0.10080E-12	-0.76500E-01	 0.49000E-01	 0.00000E+00	 0.16905E+01	 0.90471E-01
 0.10000E-01	 0.10000E-01	 0.20408E+00	 0.88270E+00	 0.46801E+00	 0.46800E+00	 0.34071E+00	 0.34069E+00	 0.15545E+02	 0.15545E+02	 0.45723E+01	 0.10005E+04	 0.21891E+06	 0.73113E-11	-0.76500E-01	 0.49000E-01	 0.00000E+00	 0.16905E+01	 0.90471E-01
 0.10000E-02	 0.10000E-01	 0.20408E+00	 0.88270E+00	 0.15946E+00	 0.15604E+00	-0.51518E+00	-0.53696E+00	 0.29545E+03	 0.29267E+03	 0.45723E+01	 0.10005E+04	 0.21891E+06	 0.58580E-09	-0.76500E-01	 0.49000E-01	 0.00000E+00	 0.16905E+01	 0.90471E-01
 0.10000E-03	 0.10000E-01	 0.20408E+00	 0.88270E+00	 0.39370E-01	 0.34950E-01	-0.84545E+00	-0.11524E+01	 0.35652E+04	 0.32389E+04	 0.45723E+01	 0.10005E+04	 0.21891E+06	 0.68964E-07	-0.76500E-01	 0.49000E-01	 0.00000E+00	 0.16905E+01	 0.90471E-01
 0.30000E+02	 0.10000E-01	 0.20408E+00	 0.88270E+00	 0.61702E+00	 0.61702E+00	 0.15530E-04	 0.15530E-04	 0.14538E-06	 0.14538E-06	 0.45723E+01	 0.10005E+04	 0.21891E+06	 0.75485E-12	-0.76500E-01	 0.49000E-01	 0.00000E+00	 0.16905E+01	 0.90471E-01
 0.30000E+03	 0.10000E-01	 0.20408E+00	 0.88270E+00	 0.10608E+00	 0.10608E+00	 0.19039E-06	 0.19039E-06	 0.14590E-09	 0.14590E-09	 0.45723E+01	 0.10005E+04	 0.21891E+06	 0.45721E-11	-0.76500E-01	 0.49000E-01	 0.00000E+00	 0.16905E+01	 0.90471E-01
 0.30000E+01	 0.10000E-01	 0.20408E+00	 0.88270E+00	 0.14931E+01	 0.14931E+01	 0.66919E-03	 0.66919E-03	 0.11748E-03	 0.11748E-03	 0.45723E+01	 0.10005E+04	 0.21891E+06	 0.43141E-13	-0.76500E-01	 0.49000E-01	 0.00000E+00	 0.16905E+01	 0.90471E-01
 0.30000E+00	 0.10000E-01	 0.20408E+00	 0.88270E+00	 0.90743E+00	 0.90743E+00	 0.30732E-01	 0.30732E-01	 0.32267E-01	 0.32267E-01	 0.45723E+01	 0.10005E+04	 0.21891E+06	 0.43929E-13	-0.76500E-01	 0.49000E-01	 0.00000E+00	 0.16905E+01	 0.90471E-01
 0.30000E-01	 0.10000E-01	 0.20408E+00	 0.88270E+00	 0.61569E+00	 0.61569E+00	 0.26789E+00	 0.26789E+00	 0.27615E+01	 0.27615E+01	 0.45723E+01	 0.10005E+04	 0.21891E+06	 0.84297E-12	-0.76500E-01	 0.49000E-01	 0.00000E+00	 0.16905E+01	 0.90471E-01
 0.30000E-02	 0.10000E-01	 0.20408E+00	 0.88270E+00	 0.28589E+00	 0.28527E+00	-0.40577E-01	-0.42417E-01	 0.80929E+02	 0.80840E+02	 0.45723E+01	 0.10005E+04	 0.21891E+06	 0.15651E-09	-0.76500E-01	 0.49000E-01	 0.00000E+00	 0.16905E+01	 0.90471E-01
 0.30000E-03	 0.10000E-01	 0.20408E+00	 0.88270E+00	 0.74942E-01	 0.70008E-01	-0.83262E+00	-0.94695E+00	 0.10971E+04	 0.10509E+04	 0.45723E+01	 0.10005E+04	 0.21891E+06	 0.53120E-08	-0.76500E-01	 0.49000E-01	 0.00000E+00	 0.16905E+01	 0.90471E-01
 0.30000E-04	 0.10000E-01	 0.20408E+00	 0.88270E+00	 0.25518E-01	 0.21096E-01	-0.71903E+00	-0.11878E+01	 0.12642E+05	 0.10875E+05	 0.45723E+01	 0.10005E+04	 0.21891E+06	 0.34739E-05	-0.76500E-01	 0.49000E-01	 0.00000E+00	 0.16905E+01	 0.90471E-01
 0.10000E+02	 0.10000E-02	 0.20408E-01	 0.88270E+00	 0.12013E+02	 0.12013E+02	 0.62498E-04	 0.62498E-04	 0.37768E-05	 0.37768E-05	 0.45723E+01	 0.10005E+04	 0.21891E+06	 0.71652E-12	-0.76500E-01	 0.49000E-01	 0.00000E+00	 0.16905E+01	 0.90471E-01
 0.10000E+03	 0.10000E-02	 0.20408E-01	 0.88270E+00	 0.93350E+01	 0.93350E+01	 0.93102E-06	 0.93102E-06	 0.38786E-08	 0.38786E-08	 0.45723E+01	 0.10005E+04	 0.21891E+06	 0.16689E-10	-0.76500E-01	 0.49000E-01	 0.00000E+00	 0.16905E+01	 0.90471E-01
 0.10000E+01	 0.10000E-02	 0.20408E-01	 0.88270E+00	 0.18672E+01	 0.18672E+01	 0.59197E-02	 0.59197E-02	 0.19433E-02	 0.19433E-02	 0.45723E+01	 0.10005E+04	 0.21891E+06	 0.28322E-13	-0.76500E-01	 0.49000E-01	 0.00000E+00	 0.16905E+01	 0.90471E-01
 0.10000E+00	 0.10000E-02	 0.20408E-01	 0.88270E+00	 0.73297E+00	 0.73297E+00	 0.98701E-01	 0.98701E-01	 0.31332E+00	 0.31332E+00	 0.45723E+01	 0.10005E+04	 0.21891E+06	 0.12688E-12	-0.76500E-01	 0.49000E-01	 0.00000E+00	 0.16905E+01	 0.90471E-01
 0.10000E-01	 0.10000E-02	 0.20408E-01	 0.88270E+00	 0.11362E+01	 0.11362E+01	 0.66108E+00	 0.66107E+00	 0.13989E+02	 0.13988E+02	 0.45723E+01	 0.10005E+04	 0.21891E+06	 0.71152E-11	-0.76500E-01	 0.49000E-01	 0.00000E+00	 0.16905E+01	 0.90471E-01
 0.10000E-02	 0.10000E-02	 0.20408E-01	 0.88270E+00	 0.13972E+01	 0.13717E+01	 0.15437E+01	 0.14280E+01	 0.21556E+03	 0.21360E+03	 0.45723E+01	 0.10005E+04	 0.21891E+06	 0.46623E-09	-0.76500E-01	 0.49000E-01	 0.00000E+00	 0.16905E+01	 0.90471E-01
 0.10000E-03	 0.10000E-02	 0.20408E-01	 0.88270E+00	 0.55987E+00	 0.36131E+00	 0.96815E+00	 0.58793E+00	 0.26015E+04	 0.23784E+04	 0.45723E+01	 0.10005E+04	 0.21891E+06	 0.72552E-06	-0.76500E-01	 0.49000E-01	 0.00000E+00	 0.16905E+01	 0.90471E-01
 0.30000E+02	 0.10000E-02	 0.20408E-01	 0.88270E+00	 0.14117E+02	 0.14117E+02	 0.67321E-05	 0.67321E-05	 0.14325E-06	 0.14325E-06	 0.45723E+01	 0.10005E+04	 0.21891E+06	 0.44808E-11	-0.76500E-01	 0.49000E-01	 0.00000E+00	 0.16905E+01	 0.90471E-01
 0.30000E+03	 0.10000E-02	 0.20408E-01	 0.88270E+00	 0.61414E+01	 0.61414E+01	 0.15477E-06	 0.15477E-06	 0.14369E-09	 0.14369E-09	 0.45723E+01	 0.10005E+04	 0.21891E+06	 0.51748E-10	-0.76500E-01	 0.49000E-01	 0.00000E+00	 0.16905E+01	 0.90471E-01
 0.30000E+01	 0.10000E-02	 0.20408E-01	 0.88270E+00	 0.49643E+01	 0.49643E+01	 0.79784E-03	 0.79784E-03	 0.11578E-03	 0.11578E-03	 0.45723E+01	 0.10005E+04	 0.21891E+06	 0.18159E-12	-0.76500E-01	 0.49000E-01	 0.00000E+00	 0.16905E+01	 0.90471E-01
 0.30000E+00	 0.10000E-02	 0.20408E-01	 0.88270E+00	 0.86110E+00	 0.86110E+00	 0.32820E-01	 0.32820E-01	 0.32240E-01	 0.32240E-01	 0.45723E+01	 0.10005E+04	 0.21891E+06	 0.49825E-13	-0.76500E-01	 0.49000E-01	 0.00000E+00	 0.16905E+01	 0.90471E-01
 0.30000E-01	 0.10000E-02	 0.20408E-01	 0.88270E+00	 0.83253E+00	 0.83253E+00	 0.29674E+00	 0.29674E+00	 0.27009E+01	 0.27009E+01	 0.45723E+01	 0.10005E+04	 0.21891E+06	 0.76671E-12	-0.76500E-01	 0.49000E-01	 0.00000E+00	 0.16905E+01	 0.90471E-01
 0.30000E-02	 0.10000E-02	 0.20408E-01	 0.88270E+00	 0.15064E+01	 0.15045E+01	 0.12201E+01	 0.12136E+01	 0.62613E+02	 0.62564E+02	 0.45723E+01	 0.10005E+04	 0.21891E+06	 0.62505E-10	-0.76500E-01	 0.49000E-01	 0.00000E+00	 0.16905E+01	 0.90471E-01
 0.30000E-03	 0.10000E-02	 0.20408E-01	 0.88270E+00	 0.91792E+00	 0.80426E+00	 0.14063E+01	 0.10044E+01	 0.79630E+03	 0.76696E+03	 0.45723E+01	 0.10005E+04	 0.21891E+06	 0.28076E-07	-0.76500E-01	 0.49000E-01	 0.00000E+00	 0.16905E+01	 0.90471E-01
 0.30000E-04	 0.10000E-02	 0.20408E-01	 0.88270E+00	 0.30545E+00	 0.11912E+00	 0.29067E+00	 0.37588E+00	 0.96370E+04	 0.80120E+04	 0.45723E+01	 0.10005E+04	 0.21891E+06	 0.47918E-04	-0.76500E-01	 0.49000E-01	 0.00000E+00	 0.16905E+01	 0.90471E-01
 0.10000E+02	 0.10000E-03	 0.20408E-02	 0.88270E+00	 0.17334E+02	 0.17334E+02	 0.77377E-04	 0.77377E-04	 0.37765E-05	 0.37765E-05	 0.45723E+01	 0.10005E+04	 0.21891E+06	 0.16164E-11	-0.76500E-01	 0.49000E-01	 0.00000E+00	 0.16905E+01	 0.90471E-01
 0.10000E+03	 0.10000E-03	 0.20408E-02	 0.88270E+00	 0.11987E+03	 0.11987E+03	 0.62957E-06	 0.62957E-06	 0.38780E-08	 0.38780E-08	 0.45723E+01	 0.10005E+04	 0.21891E+06	 0.13893E-09	-0.76500E-01	 0.49000E-01	 0.00000E+00	 0.16905E+01	 0.90471E-01
 0.10000E+01	 0.10000E-03	 0.20408E-02	 0.88270E+00	 0.18868E+01	 0.18868E+01	 0.59185E-02	 0.59185E-02	 0.19431E-02	 0.19431E-02	 0.45723E+01	 0.10005E+04	 0.21891E+06	 0.21246E-13	-0.76500E-01	 0.49000E-01	 0.00000E+00	 0.16905E+01	 0.90471E-01
 0.10000E+00	 0.10000E-03	 0.20408E-02	 0.88270E+00	 0.73352E+00	 0.73352E+00	 0.98587E-01	 0.98587E-01	 0.31337E+00	 0.31337E+00	 0.45723E+01	 0.10005E+04	 0.21891E+06	 0.93821E-13	-0.76500E-01	 0.49000E-01	 0.00000E+00	 0.16905E+01	 0.90471E-01
 0.10000E-01	 0.10000E-03	 0.20408E-02	 0.88270E+00	 0.12604E+01	 0.12604E+01	 0.61803E+00	 0.61801E+00	 0.14013E+02	 0.14013E+02	 0.45723E+01	 0.10005E+04	 0.21891E+06	 0.52749E-11	-0.76500E-01	 0.49000E-01	 0.00000E+00	 0.16905E+01	 0.90471E-01
 0.10000E-02	 0.10000E-03	 0.20408E-02	 0.88270E+00	 0.56850E+01	 0.55682E+01	 0.59915E+00	 0.30837E+00	 0.21673E+03	 0.21497E+03	 0.45723E+01	 0.10005E+04	 0.21891E+06	 0.67704E-09	-0.76500E-01	 0.49000E-01	 0.00000E+00	 0.16905E+01	 0.90471E-01
 0.10000E-03	 0.10000E-03	 0.20408E-02	 0.88270E+00	 0.12694E+02	 0.96541E+01	-0.21520E+00	-0.12568E+01	 0.25968E+04	 0.23927E+04	 0.45723E+01	 0.10005E+04	 0.21891E+06	 0.43940E-06	-0.76500E-01	 0.49000E-01	 0.00000E+00	 0.16905E+01	 0.90471E-01
 0.30000E+02	 0.10000E-03	 0.20408E-02	 0.88270E+00	 0.49099E+02	 0.49099E+02	 0.85300E-05	 0.85300E-05	 0.14323E-06	 0.14323E-06	 0.45723E+01	 0.10005E+04	 0.21891E+06	 0.22708E-10	-0.76500E-01	 0.49000E-01	 0.00000E+00	 0.16905E+01	 0.90471E-01
 0.30000E+03	 0.10000E-03	 0.20408E-02	 0.88270E+00	 0.14109E+03	 0.14109E+03	 0.67331E-07	 0.67331E-07	 0.14367E-09	 0.14367E-09	 0.45723E+01	 0.10005E+04	 0.21891E+06	 0.23140E-09	-0.76500E-01	 0.49000E-01	 0.00000E+00	 0.16905E+01	 0.90471E-01
 0.30000E+01	 0.10000E-03	 0.20408E-02	 0.88270E+00	 0.53066E+01	 0.53066E+01	 0.80987E-03	 0.80987E-03	 0.11577E-03	 0.11577E-03	 0.45723E+01	 0.10005E+04	 0.21891E+06	 0.15569E-12	-0.76500E-01	 0.49000E-01	 0.00000E+00	 0.16905E+01	 0.90471E-01
 0.30000E+00	 0.10000E-03	 0.20408E-02	 0.88270E+00	 0.86033E+00	 0.86033E+00	 0.32834E-01	 0.32834E-01	 0.32240E-01	 0.32240E-01	 0.45723E+01	 0.10005E+04	 0.21891E+06	 0.41220E-13	-0.76500E-01	 0.49000E-01	 0.00000E+00	 0.16905E+01	 0.90471E-01
 0.30000E-01	 0.10000E-03	 0.20408E-02	 0.88270E+00	 0.84556E+00	 0.84556E+00	 0.29336E+00	 0.29336E+00	 0.27022E+01	 0.27022E+01	 0.45723E+01	 0.10005E+04	 0.21891E+06	 0.58064E-12	-0.76500E-01	 0.49000E-01	 0.00000E+00	 0.16905E+01	 0.90471E-01
 0.30000E-02	 0.10000E-03	 0.20408E-02	 0.88270E+00	 0.25706E+01	 0.25672E+01	 0.85889E+00	 0.85039E+00	 0.62932E+02	 0.62886E+02	 0.45723E+01	 0.10005E+04	 0.21891E+06	 0.70392E-10	-0.76500E-01	 0.49000E-01	 0.00000E+00	 0.16905E+01	 0.90471E-01
 0.30000E-03	 0.10000E-03	 0.20408E-02	 0.88270E+00	 0.11190E+02	 0.10147E+02	 0.43412E+00	-0.10577E+01	 0.79736E+03	 0.77129E+03	 0.45723E+01	 0.10005E+04	 0.21891E+06	 0.69906E-08	-0.76500E-01	 0.49000E-01	 0.00000E+00	 0.16905E+01	 0.90471E-01
 0.30000E-04	 0.10000E-03	 0.20408E-02	 0.88270E+00	 0.10927E+02	 0.50328E+01	-0.34409E+01	-0.15882E+01	 0.96173E+04	 0.80712E+04	 0.45723E+01	 0.10005E+04	 0.21891E+06	 0.18177E-04	-0.76500E-01	 0.49000E-01	 0.00000E+00	 0.16905E+01	 0.90471E-01
 0.10000E+02	 0.10000E-04	 0.20408E-03	 0.88270E+00	 0.17567E+02	 0.17567E+02	 0.77257E-04	 0.77257E-04	 0.37765E-05	 0.37765E-05	 0.45723E+01	 0.10005E+04	 0.21891E+06	 0.23095E-11	-0.76500E-01	 0.49000E-01	 0.00000E+00	 0.16905E+01	 0.90471E-01
 0.10000E+03	 0.10000E-04	 0.20408E-03	 0.88270E+00	 0.17319E+03	 0.17319E+03	 0.78010E-06	 0.78010E-06	 0.38780E-08	 0.38780E-08	 0.45723E+01	 0.10005E+04	 0.21891E+06	 0.75464E-10	-0.76500E-01	 0.49000E-01	 0.00000E+00	 0.16905E+01	 0.90471E-01
 0.10000E+01	 0.10000E-04	 0.20408E-03	 0.88270E+00	 0.18870E+01	 0.18870E+01	 0.59185E-02	 0.59185E-02	 0.19431E-02	 0.19431E-02	 0.45723E+01	 0.10005E+04	 0.21891E+06	 0.15934E-13	-0.76500E-01	 0.49000E-01	 0.00000E+00	 0.16905E+01	 0.90471E-01
 0.10000E+00	 0.10000E-04	 0.20408E-03	 0.88270E+00	 0.73353E+00	 0.73353E+00	 0.98586E-01	 0.98586E-01	 0.31337E+00	 0.31337E+00	 0.45723E+01	 0.10005E+04	 0.21891E+06	 0.12286E-12	-0.76500E-01	 0.49000E-01	 0.00000E+00	 0.16905E+01	 0.90471E-01
 0.10000E-01	 0.10000E-04	 0.20408E-03	 0.88270E+00	 0.12621E+01	 0.12621E+01	 0.61745E+00	 0.61743E+00	 0.14014E+02	 0.14014E+02	 0.45723E+01	 0.10005E+04	 0.21891E+06	 0.45892E-11	-0.76500E-01	 0.49000E-01	 0.00000E+00	 0.16905E+01	 0.90471E-01
 0.10000E-02	 0.10000E-04	 0.20408E-03	 0.88270E+00	 0.61349E+01	 0.60106E+01	 0.43187E+00	 0.12535E+00	 0.21685E+03	 0.21511E+03	 0.45723E+01	 0.10005E+04	 0.21891E+06	 0.61603E-09	-0.76500E-01	 0.49000E-01	 0.00000E+00	 0.16905E+01	 0.90471E-01
 0.10000E-03	 0.10000E-04	 0.20408E-03	 0.88270E+00	 0.49160E+02	 0.38762E+02	-0.65741E+01	-0.91056E+01	 0.25991E+04	 0.24000E+04	 0.45723E+01	 0.10005E+04	 0.21891E+06	 0.38606E-07	-0.76500E-01	 0.49000E-01	 0.00000E+00	 0.16905E+01	 0.90471E-01
 0.30000E+02	 0.10000E-04	 0.20408E-03	 0.88270E+00	 0.52594E+02	 0.52594E+02	 0.86481E-05	 0.86481E-05	 0.14323E-06	 0.14323E-06	 0.45723E+01	 0.10005E+04	 0.21891E+06	 0.18047E-10	-0.76500E-01	 0.49000E-01	 0.00000E+00	 0.16905E+01	 0.90471E-01
 0.30000E+03	 0.10000E-04	 0.20408E-03	 0.88270E+00	 0.49094E+03	 0.49094E+03	 0.85381E-07	 0.85381E-07	 0.14367E-09	 0.14367E-09	 0.45723E+01	 0.10005E+04	 0.21891E+06	 0.55794E-09	-0.76500E-01	 0.49000E-01	 0.00000E+00	 0.16905E+01	 0.90471E-01
 0.30000E+01	 0.10000E-04	 0.20408E-03	 0.88270E+00	 0.53140E+01	 0.53140E+01	 0.80973E-03	 0.80973E-03	 0.11577E-03	 0.11577E-03	 0.45723E+01	 0.10005E+04	 0.21891E+06	 0.14481E-12	-0.76500E-01	 0.49000E-01	 0.00000E+00	 0.16905E+01	 0.90471E-01
 0.30000E+00	 0.10000E-04	 0.20408E-03	 0.88270E+00	 0.86032E+00	 0.86032E+00	 0.32834E-01	 0.32834E-01	 0.32240E-01	 0.32240E-01	 0.45723E+01	 0.10005E+04	 0.21891E+06	 0.45030E-13	-0.76500E-01	 0.49000E-01	 0.00000E+00	 0.16905E+01	 0.90471E-01
 0.30000E-01	 0.10000E-04	 0.20408E-03	 0.88270E+00	 0.84570E+00	 0.84570E+00	 0.29332E+00	 0.29332E+00	 0.27022E+01	 0.27022E+01	 0.45723E+01	 0.10005E+04	 0.21891E+06	 0.63065E-12	-0.76500E-01	 0.49000E-01	 0.00000E+00	 0.16905E+01	 0.90471E-01
 0.30000E-02	 0.10000E-04	 0.20408E-03	 0.88270E+00	 0.25996E+01	 0.25962E+01	 0.84760E+00	 0.83910E+00	 0.62941E+02	 0.62895E+02	 0.45723E+01	 0.10005E+04	 0.21891E+06	 0.62821E-10	-0.76500E-01	 0.49000E-01	 0.00000E+00	 0.16905E+01	 0.90471E-01
 0.30000E-03	 0.10000E-04	 0.20408E-03	 0.88270E+00	 0.17973E+02	 0.16277E+02	-0.12800E+01	-0.34752E+01	 0.79820E+03	 0.77303E+03	 0.45723E+01	 0.10005E+04	 0.21891E+06	 0.66009E-08	-0.76500E-01	 0.49000E-01	 0.00000E+00	 0.16905E+01	 0.90471E-01
 0.30000E-04	 0.10000E-04	 0.20408E-03	 0.88270E+00	 0.11700E+03	 0.68781E+02	-0.18543E+02	-0.15234E+02	 0.96245E+04	 0.81080E+04	 0.45723E+01	 0.10005E+04	 0.21891E+06	 0.83873E-06	-0.76500E-01	 0.49000E-01	 0.00000E+00	 0.16905E+01	 0.90471E-01
 0.10000E+02	 0.30000E+00	 0.61224E+01	 0.88270E+00	 0.45476E-02	 0.45476E-02	 0.12637E-03	 0.12637E-03	 0.42491E-04	 0.42491E-04	 0.45723E+01	 0.10005E+04	 0.21891E+06	 0.82472E-11	-0.76500E-01	 0.49000E-01	 0.00000E+00	 0.16905E+01	 0.90471E-01
 0.10000E+03	 0.30000E+00	 0.61224E+01	 0.88270E+00	 0.63915E-03	 0.63915E-03	 0.17318E-05	 0.17318E-05	 0.58052E-07	 0.58052E-07	 0.45723E+01	 0.10005E+04	 0.21891E+06	 0.16709E-09	-0.76500E-01	 0.49000E-01	 0.00000E+00	 0.16905E+01	 0.90471E-01
 0.10000E+01	 0.30000E+00	 0.61224E+01	 0.88270E+00	 0.68696E-02	 0.68696E-02	 0.55511E-03	 0.55511E-03	 0.24080E-02	 0.24080E-02	 0.45723E+01	 0.10005E+04	 0.21891E+06	 0.20415E-10	-0.76500E-01	 0.49000E-01	 0.00000E+00	 0.16905E+01	 0.90471E-01
 0.10000E+00	 0.30000E+00	 0.61224E+01	 0.88270E+00	 0.27153E-02	 0.27153E-02	 0.71878E-03	 0.71875E-03	 0.12169E+00	 0.12168E+00	 0.45723E+01	 0.10005E+04	 0.21891E+06	 0.76667E-09	-0.76500E-01	 0.49000E-01	 0.00000E+00	 0.16905E+01	 0.90471E-01
 0.10000E-01	 0.30000E+00	 0.61224E+01	 0.88270E+00	 0.16686E-02	 0.16685E-02	 0.20799E-02	 0.20779E-02	 0.71454E+01	 0.71448E+01	 0.45723E+01	 0.10005E+04	 0.21891E+06	 0.30620E-07	-0.76500E-01	 0.49000E-01	 0.00000E+00	 0.16905E+01	 0.90471E-01
 0.10000E-02	 0.30000E+00	 0.61224E+01	 0.88270E+00	 0.11603E-02	 0.11515E-02	-0.63112E-02	-0.90402E-02	 0.20050E+03	 0.19111E+03	 0.45723E+01	 0.10005E+04	 0.21891E+06	 0.26955E-07	-0.76500E-01	 0.49000E-01	 0.00000E+00	 0.16905E+01	 0.90471E-01
 0.10000E-03	 0.30000E+00	 0.61224E+01	 0.88270E+00	 0.57016E-03	 0.50439E-03	-0.49585E-01	-0.10066E+00	 0.41917E+04	 0.28511E+04	 0.45723E+01	 0.10005E+04	 0.21891E+06	 0.19140E-05	-0.76500E-01	 0.49000E-01	 0.00000E+00	 0.16905E+01	 0.90471E-01
 0.30000E+02	 0.30000E+00	 0.61224E+01	 0.88270E+00	 0.19891E-02	 0.19891E-02	 0.18443E-04	 0.18443E-04	 0.20668E-05	 0.20668E-05	 0.45723E+01	 0.10005E+04	 0.21891E+06	 0.33235E-10	-0.76500E-01	 0.49000E-01	 0.00000E+00	 0.16905E+01	 0.90471E-01
 0.30000E+03	 0.30000E+00	 0.61224E+01	 0.88270E+00	 0.21467E-03	 0.21467E-03	 0.19321E-06	 0.19321E-06	 0.21579E-08	 0.21579E-08	 0.45723E+01	 0.10005E+04	 0.21891E+06	 0.15680E-08	-0.76500E-01	 0.49000E-01	 0.00000E+00	 0.16905E+01	 0.90471E-01
 0.30000E+01	 0.30000E+00	 0.61224E+01	 0.88270E+00	 0.74711E-02	 0.74711E-02	 0.41225E-03	 0.41225E-03	 0.47176E-03	 0.47176E-03	 0.45723E+01	 0.10005E+04	 0.21891E+06	 0.71458E-11	-0.76500E-01	 0.49000E-01	 0.00000E+00	 0.16905E+01	 0.90471E-01
 0.30000E+00	 0.30000E+00	 0.61224E+01	 0.88270E+00	 0.40738E-02	 0.40738E-02	 0.61761E-03	 0.61761E-03	 0.16806E-01	 0.16806E-01	 0.45723E+01	 0.10005E+04	 0.21891E+06	 0.61333E-10	-0.76500E-01	 0.49000E-01	 0.00000E+00	 0.16905E+01	 0.90471E-01
 0.30000E-01	 0.30000E+00	 0.61224E+01	 0.88270E+00	 0.20489E-02	 0.20489E-02	 0.10464E-02	 0.10464E-02	 0.11151E+01	 0.11151E+01	 0.45723E+01	 0.10005E+04	 0.21891E+06	 0.29140E-08	-0.76500E-01	 0.49000E-01	 0.00000E+00	 0.16905E+01	 0.90471E-01
 0.30000E-02	 0.30000E+00	 0.61224E+01	 0.88270E+00	 0.14028E-02	 0.14015E-02	 0.21337E-02	 0.19267E-02	 0.43279E+02	 0.43065E+02	 0.45723E+01	 0.10005E+04	 0.21891E+06	 0.49176E-07	-0.76500E-01	 0.49000E-01	 0.00000E+00	 0.16905E+01	 0.90471E-01
 0.30000E-03	 0.30000E+00	 0.61224E+01	 0.88270E+00	 0.84429E-03	 0.81278E-03	-0.29965E-01	-0.45178E-01	 0.10148E+04	 0.83771E+03	 0.45723E+01	 0.10005E+04	 0.21891E+06	 0.11256E-05	-0.76500E-01	 0.49000E-01	 0.00000E+00	 0.16905E+01	 0.90471E-01
 0.30000E-04	 0.30000E+00	 0.61224E+01	 0.88270E+00	 0.43993E-03	 0.32712E-03	-0.60232E-01	-0.15992E+00	 0.17439E+05	 0.99643E+04	 0.45723E+01	 0.10005E+04	 0.21891E+06	 0.95431E-05	-0.76500E-01	 0.49000E-01	 0.00000E+00	 0.16905E+01	 0.90471E-01
 0.10000E+02	 0.30000E-01	 0.61224E+00	 0.88270E+00	 0.21319E+00	 0.21319E+00	 0.14333E-03	 0.14333E-03	 0.42996E-05	 0.42996E-05	 0.45723E+01	 0.10005E+04	 0.21891E+06	 0.78495E-13	-0.76500E-01	 0.49000E-01	 0.00000E+00	 0.16905E+01	 0.90471E-01
 0.10000E+03	 0.30000E-01	 0.61224E+00	 0.88270E+00	 0.35532E-01	 0.35532E-01	 0.17142E-05	 0.17142E-05	 0.44208E-08	 0.44208E-08	 0.45723E+01	 0.10005E+04	 0.21891E+06	 0.27787E-11	-0.76500E-01	 0.49000E-01	 0.00000E+00	 0.16905E+01	 0.90471E-01
 0.10000E+01	 0.30000E-01	 0.61224E+00	 0.88270E+00	 0.66275E+00	 0.66275E+00	 0.65602E-02	 0.65602E-02	 0.22529E-02	 0.22529E-02	 0.45723E+01	 0.10005E+04	 0.21891E+06	 0.17561E-13	-0.76500E-01	 0.49000E-01	 0.00000E+00	 0.16905E+01	 0.90471E-01
 0.10000E+00	 0.30000E-01	 0.61224E+00	 0.88270E+00	 0.11339E+01	 0.11339E+01	 0.52755E-01	 0.52755E-01	 0.29142E+00	 0.29142E+00	 0.45723E+01	 0.10005E+04	 0.21891E+06	 0.29589E-12	-0.76500E-01	 0.49000E-01	 0.00000E+00	 0.16905E+01	 0.90471E-01
 0.10000E-01	 0.30000E-01	 0.61224E+00	 0.88270E+00	 0.83548E+00	 0.83547E+00	 0.35009E+00	 0.35012E+00	 0.16492E+02	 0.16490E+02	 0.45723E+01	 0.10005E+04	 0.21891E+06	 0.11017E-10	-0.76500E-01	 0.49000E-01	 0.00000E+00	 0.16905E+01	 0.90471E-01
 0.10000E-02	 0.30000E-01	 0.61224E+00	 0.88270E+00	 0.27539E+00	 0.27491E+00	-0.35244E+00	-0.34524E+00	 0.34876E+03	 0.34350E+03	 0.45723E+01	 0.10005E+04	 0.21891E+06	 0.16996E-08	-0.76500E-01	 0.49000E-01	 0.00000E+00	 0.16905E+01	 0.90471E-01
 0.10000E-03	 0.30000E-01	 0.61224E+00	 0.88270E+00	 0.40355E-01	 0.37928E-01	-0.10411E+01	-0.10953E+01	 0.44126E+04	 0.39952E+04	 0.45723E+01	 0.10005E+04	 0.21891E+06	 0.47789E-07	-0.76500E-01	 0.49000E-01	 0.00000E+00	 0.16905E+01	 0.90471E-01
 0.30000E+02	 0.30000E-01	 0.61224E+00	 0.88270E+00	 0.94934E-01	 0.94934E-01	 0.18624E-04	 0.18624E-04	 0.16320E-06	 0.16320E-06	 0.45723E+01	 0.10005E+04	 0.21891E+06	 0.53964E-12	-0.76500E-01	 0.49000E-01	 0.00000E+00	 0.16905E+01	 0.90471E-01
 0.30000E+03	 0.30000E-01	 0.61224E+00	 0.88270E+00	 0.15187E-01	 0.15187E-01	 0.19201E-06	 0.19201E-06	 0.16381E-09	 0.16381E-09	 0.45723E+01	 0.10005E+04	 0.21891E+06	 0.21089E-10	-0.76500E-01	 0.49000E-01	 0.00000E+00	 0.16905E+01	 0.90471E-01
 0.30000E+01	 0.30000E-01	 0.61224E+00	 0.88270E+00	 0.35999E+00	 0.35999E+00	 0.10734E-02	 0.10734E-02	 0.13313E-03	 0.13313E-03	 0.45723E+01	 0.10005E+04	 0.21891E+06	 0.27379E-13	-0.76500E-01	 0.49000E-01	 0.00000E+00	 0.16905E+01	 0.90471E-01
 0.30000E+00	 0.30000E-01	 0.61224E+00	 0.88270E+00	 0.96172E+00	 0.96172E+00	 0.24179E-01	 0.24179E-01	 0.33130E-01	 0.33130E-01	 0.45723E+01	 0.10005E+04	 0.21891E+06	 0.53629E-13	-0.76500E-01	 0.49000E-01	 0.00000E+00	 0.16905E+01	 0.90471E-01
 0.30000E-01	 0.30000E-01	 0.61224E+00	 0.88270E+00	 0.97758E+00	 0.97758E+00	 0.17421E+00	 0.17421E+00	 0.26851E+01	 0.26850E+01	 0.45723E+01	 0.10005E+04	 0.21891E+06	 0.90889E-12	-0.76500E-01	 0.49000E-01	 0.00000E+00	 0.16905E+01	 0.90471E-01
 0.30000E-02	 0.30000E-01	 0.61224E+00	 0.88270E+00	 0.55755E+00	 0.55745E+00	 0.13897E+00	 0.14007E+00	 0.91662E+02	 0.91447E+02	 0.45723E+01	 0.10005E+04	 0.21891E+06	 0.10817E-09	-0.76500E-01	 0.49000E-01	 0.00000E+00	 0.16905E+01	 0.90471E-01
 0.30000E-03	 0.30000E-01	 0.61224E+00	 0.88270E+00	 0.10400E+00	 0.10272E+00	-0.76450E+00	-0.77376E+00	 0.13479E+04	 0.12795E+04	 0.45723E+01	 0.10005E+04	 0.21891E+06	 0.13015E-07	-0.76500E-01	 0.49000E-01	 0.00000E+00	 0.16905E+01	 0.90471E-01
 0.30000E-04	 0.30000E-01	 0.61224E+00	 0.88270E+00	 0.16366E-01	 0.11854E-01	-0.14407E+01	-0.12541E+01	 0.15912E+05	 0.13480E+05	 0.45723E+01	 0.10005E+04	 0.21891E+06	 0.26663E-05	-0.76500E-01	 0.49000E-01	 0.00000E+00	 0.16905E+01	 0.90471E-01
 0.10000E+02	 0.30000E-02	 0.61224E-01	 0.88270E+00	 0.47279E+01	 0.47279E+01	 0.60523E-04	 0.60523E-04	 0.37807E-05	 0.37807E-05	 0.45723E+01	 0.10005E+04	 0.21891E+06	 0.40429E-12	-0.76500E-01	 0.49000E-01	 0.00000E+00	 0.16905E+01	 0.90471E-01
 0.10000E+03	 0.30000E-02	 0.61224E-01	 0.88270E+00	 0.20479E+01	 0.20479E+01	 0.13933E-05	 0.13933E-05	 0.38833E-08	 0.38833E-08	 0.45723E+01	 0.10005E+04	 0.21891E+06	 0.39995E-11	-0.76500E-01	 0.49000E-01	 0.00000E+00	 0.16905E+01	 0.90471E-01
 0.10000E+01	 0.30000E-02	 0.61224E-01	 0.88270E+00	 0.17919E+01	 0.17919E+01	 0.58086E-02	 0.58086E-02	 0.19449E-02	 0.19449E-02	 0.45723E+01	 0.10005E+04	 0.21891E+06	 0.18836E-13	-0.76500E-01	 0.49000E-01	 0.00000E+00	 0.16905E+01	 0.90471E-01
 0.10000E+00	 0.30000E-02	 0.61224E-01	 0.88270E+00	 0.72925E+00	 0.72925E+00	 0.99509E-01	 0.99509E-01	 0.31289E+00	 0.31289E+00	 0.45723E+01	 0.10005E+04	 0.21891E+06	 0.22389E-12	-0.76500E-01	 0.49000E-01	 0.00000E+00	 0.16905E+01	 0.90471E-01
 0.10000E-01	 0.30000E-02	 0.61224E-01	 0.88270E+00	 0.80108E+00	 0.80106E+00	 0.71798E+00	 0.71796E+00	 0.13957E+02	 0.13956E+02	 0.45723E+01	 0.10005E+04	 0.21891E+06	 0.63738E-11	-0.76500E-01	 0.49000E-01	 0.00000E+00	 0.16905E+01	 0.90471E-01
 0.10000E-02	 0.30000E-02	 0.61224E-01	 0.88270E+00	 0.40522E+00	 0.39630E+00	 0.96210E+00	 0.89866E+00	 0.21934E+03	 0.21718E+03	 0.45723E+01	 0.10005E+04	 0.21891E+06	 0.36371E-09	-0.76500E-01	 0.49000E-01	 0.00000E+00	 0.16905E+01	 0.90471E-01
 0.10000E-03	 0.30000E-02	 0.61224E-01	 0.88270E+00	 0.10158E+00	 0.70780E-01	 0.66941E+00	 0.43240E+00	 0.27415E+04	 0.24853E+04	 0.45723E+01	 0.10005E+04	 0.21891E+06	 0.22897E-06	-0.76500E-01	 0.49000E-01	 0.00000E+00	 0.16905E+01	 0.90471E-01
 0.30000E+02	 0.30000E-02	 0.61224E-01	 0.88270E+00	 0.32398E+01	 0.32398E+01	 0.99742E-05	 0.99742E-05	 0.14341E-06	 0.14341E-06	 0.45723E+01	 0.10005E+04	 0.21891E+06	 0.29094E-11	-0.76500E-01	 0.49000E-01	 0.00000E+00	 0.16905E+01	 0.90471E-01
 0.30000E+03	 0.30000E-02	 0.61224E-01	 0.88270E+00	 0.93846E+00	 0.93846E+00	 0.18534E-06	 0.18534E-06	 0.14387E-09	 0.14387E-09	 0.45723E+01	 0.10005E+04	 0.21891E+06	 0.12196E-10	-0.76500E-01	 0.49000E-01	 0.00000E+00	 0.16905E+01	 0.90471E-01
 0.30000E+01	 0.30000E-02	 0.61224E-01	 0.88270E+00	 0.38708E+01	 0.38708E+01	 0.67608E-03	 0.67608E-03	 0.11588E-03	 0.11588E-03	 0.45723E+01	 0.10005E+04	 0.21891E+06	 0.12036E-12	-0.76500E-01	 0.49000E-01	 0.00000E+00	 0.16905E+01	 0.90471E-01
 0.30000E+00	 0.30000E-02	 0.61224E-01	 0.88270E+00	 0.86643E+00	 0.86643E+00	 0.32729E-01	 0.32729E-01	 0.32233E-01	 0.32233E-01	 0.45723E+01	 0.10005E+04	 0.21891E+06	 0.44639E-13	-0.76500E-01	 0.49000E-01	 0.00000E+00	 0.16905E+01	 0.90471E-01
 0.30000E-01	 0.30000E-02	 0.61224E-01	 0.88270E+00	 0.76335E+00	 0.76335E+00	 0.31084E+00	 0.31084E+00	 0.26964E+01	 0.26964E+01	 0.45723E+01	 0.10005E+04	 0.21891E+06	 0.77715E-12	-0.76500E-01	 0.49000E-01	 0.00000E+00	 0.16905E+01	 0.90471E-01
 0.30000E-02	 0.30000E-02	 0.61224E-01	 0.88270E+00	 0.65158E+00	 0.65071E+00	 0.10858E+01	 0.10814E+01	 0.62707E+02	 0.62653E+02	 0.45723E+01	 0.10005E+04	 0.21891E+06	 0.51461E-10	-0.76500E-01	 0.49000E-01	 0.00000E+00	 0.16905E+01	 0.90471E-01
 0.30000E-03	 0.30000E-02	 0.61224E-01	 0.88270E+00	 0.20833E+00	 0.18072E+00	 0.77051E+00	 0.56181E+00	 0.82743E+03	 0.79442E+03	 0.45723E+01	 0.10005E+04	 0.21891E+06	 0.17420E-07	-0.76500E-01	 0.49000E-01	 0.00000E+00	 0.16905E+01	 0.90471E-01
 0.30000E-04	 0.30000E-02	 0.61224E-01	 0.88270E+00	 0.47626E-01	 0.22193E-01	-0.13286E+00	 0.37358E+00	 0.10174E+05	 0.83906E+04	 0.45723E+01	 0.10005E+04	 0.21891E+06	 0.23141E-04	-0.76500E-01	 0.49000E-01	 0.00000E+00	 0.16905E+01	 0.90471E-01
 0.10000E+02	 0.30000E-03	 0.61224E-02	 0.88270E+00	 0.16381E+02	 0.16381E+02	 0.76207E-04	 0.76207E-04	 0.37765E-05	 0.37765E-05	 0.45723E+01	 0.10005E+04	 0.21891E+06	 0.17235E-11	-0.76500E-01	 0.49000E-01	 0.00000E+00	 0.16905E+01	 0.90471E-01
 0.10000E+03	 0.30000E-03	 0.61224E-02	 0.88270E+00	 0.47032E+02	 0.47032E+02	 0.60597E-06	 0.60597E-06	 0.38781E-08	 0.38781E-08	 0.45723E+01	 0.10005E+04	 0.21891E+06	 0.65591E-10	-0.76500E-01	 0.49000E-01	 0.00000E+00	 0.16905E+01	 0.90471E-01
 0.10000E+01	 0.30000E-03	 0.61224E-02	 0.88270E+00	 0.18849E+01	 0.18849E+01	 0.59190E-02	 0.59190E-02	 0.19432E-02	 0.19432E-02	 0.45723E+01	 0.10005E+04	 0.21891E+06	 0.22241E-13	-0.76500E-01	 0.49000E-01	 0.00000E+00	 0.16905E+01	 0.90471E-01
 0.10000E+00	 0.30000E-03	 0.61224E-02	 0.88270E+00	 0.73348E+00	 0.73348E+00	 0.98596E-01	 0.98596E-01	 0.31337E+00	 0.31337E+00	 0.45723E+01	 0.10005E+04	 0.21891E+06	 0.11366E-12	-0.76500E-01	 0.49000E-01	 0.00000E+00	 0.16905E+01	 0.90471E-01
 0.10000E-01	 0.30000E-03	 0.61224E-02	 0.88270E+00	 0.12477E+01	 0.12477E+01	 0.62257E+00	 0.62256E+00	 0.14011E+02	 0.14011E+02	 0.45723E+01	 0.10005E+04	 0.21891E+06	 0.65878E-11	-0.76500E-01	 0.49000E-01	 0.00000E+00	 0.16905E+01	 0.90471E-01
 0.10000E-02	 0.30000E-03	 0.61224E-02	 0.88270E+00	 0.39044E+01	 0.38281E+01	 0.12085E+01	 0.98379E+00	 0.21628E+03	 0.21445E+03	 0.45723E+01	 0.10005E+04	 0.21891E+06	 0.47364E-09	-0.76500E-01	 0.49000E-01	 0.00000E+00	 0.16905E+01	 0.90471E-01
 0.10000E-03	 0.30000E-03	 0.61224E-02	 0.88270E+00	 0.32370E+01	 0.22574E+01	 0.78210E+00	 0.21407E+00	 0.25949E+04	 0.23847E+04	 0.45723E+01	 0.10005E+04	 0.21891E+06	 0.68986E-06	-0.76500E-01	 0.49000E-01	 0.00000E+00	 0.16905E+01	 0.90471E-01
 0.30000E+02	 0.30000E-03	 0.61224E-02	 0.88270E+00	 0.37889E+02	 0.37889E+02	 0.71952E-05	 0.71952E-05	 0.14323E-06	 0.14323E-06	 0.45723E+01	 0.10005E+04	 0.21891E+06	 0.77009E-11	-0.76500E-01	 0.49000E-01	 0.00000E+00	 0.16905E+01	 0.90471E-01
 0.30000E+03	 0.30000E-03	 0.61224E-02	 0.88270E+00	 0.32356E+02	 0.32356E+02	 0.99652E-07	 0.99652E-07	 0.14367E-09	 0.14367E-09	 0.45723E+01	 0.10005E+04	 0.21891E+06	 0.90723E-10	-0.76500E-01	 0.49000E-01	 0.00000E+00	 0.16905E+01	 0.90471E-01
 0.30000E+01	 0.30000E-03	 0.61224E-02	 0.88270E+00	 0.52558E+01	 0.52558E+01	 0.81057E-03	 0.81057E-03	 0.11577E-03	 0.11577E-03	 0.45723E+01	 0.10005E+04	 0.21891E+06	 0.12723E-12	-0.76500E-01	 0.49000E-01	 0.00000E+00	 0.16905E+01	 0.90471E-01
 0.30000E+00	 0.30000E-03	 0.61224E-02	 0.88270E+00	 0.86039E+00	 0.86039E+00	 0.32833E-01	 0.32833E-01	 0.32240E-01	 0.32240E-01	 0.45723E+01	 0.10005E+04	 0.21891E+06	 0.34079E-13	-0.76500E-01	 0.49000E-01	 0.00000E+00	 0.16905E+01	 0.90471E-01
 0.30000E-01	 0.30000E-03	 0.61224E-02	 0.88270E+00	 0.84445E+00	 0.84445E+00	 0.29366E+00	 0.29366E+00	 0.27021E+01	 0.27021E+01	 0.45723E+01	 0.10005E+04	 0.21891E+06	 0.96424E-12	-0.76500E-01	 0.49000E-01	 0.00000E+00	 0.16905E+01	 0.90471E-01
 0.30000E-02	 0.30000E-03	 0.61224E-02	 0.88270E+00	 0.23747E+01	 0.23715E+01	 0.93645E+00	 0.92813E+00	 0.62875E+02	 0.62828E+02	 0.45723E+01	 0.10005E+04	 0.21891E+06	 0.37673E-10	-0.76500E-01	 0.49000E-01	 0.00000E+00	 0.16905E+01	 0.90471E-01
 0.30000E-03	 0.30000E-03	 0.61224E-02	 0.88270E+00	 0.41777E+01	 0.37650E+01	 0.15834E+01	 0.74234E+00	 0.79627E+03	 0.76913E+03	 0.45723E+01	 0.10005E+04	 0.21891E+06	 0.75540E-08	-0.76500E-01	 0.49000E-01	 0.00000E+00	 0.16905E+01	 0.90471E-01
 0.30000E-04	 0.30000E-03	 0.61224E-02	 0.88270E+00	 0.22121E+01	 0.86845E+00	-0.10056E+01	-0.17387E+00	 0.96120E+04	 0.80375E+04	 0.45723E+01	 0.10005E+04	 0.21891E+06	 0.12116E-04	-0.76500E-01	 0.49000E-01	 0.00000E+00	 0.16905E+01	 0.90471E-01
 0.10000E+02	 0.30000E-04	 0.61224E-03	 0.88270E+00	 0.17544E+02	 0.17544E+02	 0.77272E-04	 0.77272E-04	 0.37765E-05	 0.37765E-05	 0.45723E+01	 0.10005E+04	 0.21891E+06	 0.10766E-11	-0.76500E-01	 0.49000E-01	 0.00000E+00	 0.16905E+01	 0.90471E-01
 0.10000E+03	 0.30000E-04	 0.61224E-03	 0.88270E+00	 0.16365E+03	 0.16365E+03	 0.76837E-06	 0.76837E-06	 0.38780E-08	 0.38780E-08	 0.45723E+01	 0.10005E+04	 0.21891E+06	 0.74549E-10	-0.76500E-01	 0.49000E-01	 0.00000E+00	 0.16905E+01	 0.90471E-01
 0.10000E+01	 0.30000E-04	 0.61224E-03	 0.88270E+00	 0.18870E+01	 0.18870E+01	 0.59185E-02	 0.59185E-02	 0.19431E-02	 0.19431E-02	 0.45723E+01	 0.10005E+04	 0.21891E+06	 0.28150E-13	-0.76500E-01	 0.49000E-01	 0.00000E+00	 0.16905E+01	 0.90471E-01
 0.10000E+00	 0.30000E-04	 0.61224E-03	 0.88270E+00	 0.73353E+00	 0.73353E+00	 0.98586E-01	 0.98586E-01	 0.31337E+00	 0.31337E+00	 0.45723E+01	 0.10005E+04	 0.21891E+06	 0.19307E-12	-0.76500E-01	 0.49000E-01	 0.00000E+00	 0.16905E+01	 0.90471E-01
 0.10000E-01	 0.30000E-04	 0.61224E-03	 0.88270E+00	 0.12619E+01	 0.12619E+01	 0.61749E+00	 0.61748E+00	 0.14014E+02	 0.14014E+02	 0.45723E+01	 0.10005E+04	 0.21891E+06	 0.46623E-11	-0.76500E-01	 0.49000E-01	 0.00000E+00	 0.16905E+01	 0.90471E-01
 0.10000E-02	 0.30000E-04	 0.61224E-03	 0.88270E+00	 0.60936E+01	 0.59697E+01	 0.44697E+00	 0.14180E+00	 0.21683E+03	 0.21510E+03	 0.45723E+01	 0.10005E+04	 0.21891E+06	 0.20228E-08	-0.76500E-01	 0.49000E-01	 0.00000E+00	 0.16905E+01	 0.90471E-01
 0.10000E-03	 0.30000E-04	 0.61224E-03	 0.88270E+00	 0.35503E+02	 0.27929E+02	-0.39419E+01	-0.56372E+01	 0.25983E+04	 0.23975E+04	 0.45723E+01	 0.10005E+04	 0.21891E+06	 0.53989E-07	-0.76500E-01	 0.49000E-01	 0.00000E+00	 0.16905E+01	 0.90471E-01
 0.30000E+02	 0.30000E-04	 0.61224E-03	 0.88270E+00	 0.52078E+02	 0.52078E+02	 0.86589E-05	 0.86589E-05	 0.14323E-06	 0.14323E-06	 0.45723E+01	 0.10005E+04	 0.21891E+06	 0.12820E-10	-0.76500E-01	 0.49000E-01	 0.00000E+00	 0.16905E+01	 0.90471E-01
 0.30000E+03	 0.30000E-04	 0.61224E-03	 0.88270E+00	 0.37880E+03	 0.37880E+03	 0.72014E-07	 0.72014E-07	 0.14367E-09	 0.14367E-09	 0.45723E+01	 0.10005E+04	 0.21891E+06	 0.82484E-09	-0.76500E-01	 0.49000E-01	 0.00000E+00	 0.16905E+01	 0.90471E-01
 0.30000E+01	 0.30000E-04	 0.61224E-03	 0.88270E+00	 0.53134E+01	 0.53134E+01	 0.80974E-03	 0.80974E-03	 0.11577E-03	 0.11577E-03	 0.45723E+01	 0.10005E+04	 0.21891E+06	 0.91024E-13	-0.76500E-01	 0.49000E-01	 0.00000E+00	 0.16905E+01	 0.90471E-01
 0.30000E+00	 0.30000E-04	 0.61224E-03	 0.88270E+00	 0.86032E+00	 0.86032E+00	 0.32834E-01	 0.32834E-01	 0.32240E-01	 0.32240E-01	 0.45723E+01	 0.10005E+04	 0.21891E+06	 0.66024E-13	-0.76500E-01	 0.49000E-01	 0.00000E+00	 0.16905E+01	 0.90471E-01
 0.30000E-01	 0.30000E-04	 0.61224E-03	 0.88270E+00	 0.84569E+00	 0.84569E+00	 0.29333E+00	 0.29333E+00	 0.27022E+01	 0.27022E+01	 0.45723E+01	 0.10005E+04	 0.21891E+06	 0.74266E-12	-0.76500E-01	 0.49000E-01	 0.00000E+00	 0.16905E+01	 0.90471E-01
 0.30000E-02	 0.30000E-04	 0.61224E-03	 0.88270E+00	 0.25972E+01	 0.25938E+01	 0.84852E+00	 0.84002E+00	 0.62940E+02	 0.62895E+02	 0.45723E+01	 0.10005E+04	 0.21891E+06	 0.54532E-10	-0.76500E-01	 0.49000E-01	 0.00000E+00	 0.16905E+01	 0.90471E-01
 0.30000E-03	 0.30000E-04	 0.61224E-03	 0.88270E+00	 0.16944E+02	 0.15334E+02	-0.10073E+01	-0.30741E+01	 0.79806E+03	 0.77272E+03	 0.45723E+01	 0.10005E+04	 0.21891E+06	 0.37134E-08	-0.76500E-01	 0.49000E-01	 0.00000E+00	 0.16905E+01	 0.90471E-01
 0.30000E-04	 0.30000E-04	 0.61224E-03	 0.88270E+00	 0.47628E+02	 0.26269E+02	-0.86794E+01	-0.63151E+01	 0.96218E+04	 0.80961E+04	 0.45723E+01	 0.10005E+04	 0.21891E+06	 0.47664E-05	-0.76500E-01	 0.49000E-01	 0.00000E+00	 0.16905E+01	 0.90471E-01
