 ##################################################
 #WARNING: these are left-handed Boozer coordinates
 #(similar, but not equal, to PEST)
 ##################################################
  0.641000000000000     
          65
          65
          10
  3.98634E+00  3.76938E+00  3.58645E+00  3.44265E+00  3.34130E+00  3.28393E+00  3.27031E+00  3.29865E+00  3.36573E+00  3.46719E+00  3.59779E+00  3.75172E+00  3.92282E+00  4.10490E+00  4.29195E+00  4.47834E+00  4.65895E+00  4.82933E+00  4.98575E+00  5.12520E+00  5.24548E+00  5.34505E+00  5.42311E+00  5.47944E+00  5.51439E+00  5.52884E+00  5.52410E+00  5.50193E+00  5.46445E+00  5.41419E+00  5.35400E+00  5.28710E+00  5.21700E+00  5.14743E+00  5.08231E+00  5.02564E+00  4.98131E+00  4.95297E+00  4.94386E+00  4.95651E+00  4.99264E+00  5.05289E+00  5.13663E+00  5.24192E+00  5.36541E+00  5.50238E+00  5.64687E+00  5.79191E+00  5.92981E+00  6.05256E+00  6.15227E+00  6.22163E+00  6.25439E+00  6.24574E+00  6.19272E+00  6.09444E+00  5.95219E+00  5.76946E+00  5.55176E+00  5.30637E+00  5.04190E+00  4.76788E+00  4.49421E+00  4.23066E+00  3.98634E+00
  3.58799E+00  3.42217E+00  3.30265E+00  3.23186E+00  3.21016E+00  3.23592E+00  3.30578E+00  3.41491E+00  3.55738E+00  3.72651E+00  3.91527E+00  4.11662E+00  4.32383E+00  4.53069E+00  4.73171E+00  4.92223E+00  5.09843E+00  5.25737E+00  5.39690E+00  5.51558E+00  5.61258E+00  5.68762E+00  5.74087E+00  5.77285E+00  5.78447E+00  5.77698E+00  5.75198E+00  5.71145E+00  5.65782E+00  5.59395E+00  5.52310E+00  5.44902E+00  5.37574E+00  5.30755E+00  5.24881E+00  5.20376E+00  5.17631E+00  5.16976E+00  5.18659E+00  5.22818E+00  5.29467E+00  5.38474E+00  5.49558E+00  5.62291E+00  5.76103E+00  5.90307E+00  6.04129E+00  6.16740E+00  6.27307E+00  6.35036E+00  6.39221E+00  6.39292E+00  6.34851E+00  6.25705E+00  6.11886E+00  5.93656E+00  5.71500E+00  5.46108E+00  5.18336E+00  4.89165E+00  4.59651E+00  4.30868E+00  4.03856E+00  3.79560E+00  3.58799E+00
  3.19212E+00  3.10349E+00  3.06866E+00  3.08691E+00  3.15540E+00  3.26948E+00  3.42299E+00  3.60866E+00  3.81859E+00  4.04461E+00  4.27876E+00  4.51359E+00  4.74246E+00  4.95977E+00  5.16098E+00  5.34272E+00  5.50264E+00  5.63937E+00  5.75236E+00  5.84169E+00  5.90789E+00  5.95189E+00  5.97482E+00  5.97804E+00  5.96305E+00  5.93160E+00  5.88568E+00  5.82762E+00  5.76017E+00  5.68652E+00  5.61029E+00  5.53550E+00  5.46648E+00  5.40764E+00  5.36332E+00  5.33747E+00  5.33337E+00  5.35337E+00  5.39858E+00  5.46868E+00  5.56174E+00  5.67420E+00  5.80091E+00  5.93529E+00  6.06961E+00  6.19540E+00  6.30388E+00  6.38647E+00  6.43533E+00  6.44386E+00  6.40715E+00  6.32236E+00  6.18893E+00  6.00870E+00  5.78589E+00  5.52694E+00  5.24015E+00  4.93532E+00  4.62325E+00  4.31519E+00  4.02226E+00  3.75496E+00  3.52265E+00  3.33308E+00  3.19212E+00
  2.87594E+00  2.88446E+00  2.94805E+00  3.06271E+00  3.22271E+00  3.42087E+00  3.64899E+00  3.89832E+00  4.15992E+00  4.42516E+00  4.68606E+00  4.93559E+00  5.16791E+00  5.37847E+00  5.56405E+00  5.72271E+00  5.85365E+00  5.95705E+00  6.03383E+00  6.08547E+00  6.11381E+00  6.12090E+00  6.10886E+00  6.07988E+00  6.03618E+00  5.98010E+00  5.91412E+00  5.84099E+00  5.76378E+00  5.68591E+00  5.61113E+00  5.54346E+00  5.48705E+00  5.44591E+00  5.42371E+00  5.42342E+00  5.44704E+00  5.49527E+00  5.56731E+00  5.66065E+00  5.77110E+00  5.89276E+00  6.01834E+00  6.13947E+00  6.24710E+00  6.33212E+00  6.38592E+00  6.40092E+00  6.37120E+00  6.29289E+00  6.16450E+00  5.98711E+00  5.76438E+00  5.50236E+00  5.20924E+00  4.89485E+00  4.57021E+00  4.24693E+00  3.93666E+00  3.65050E+00  3.39853E+00  3.18935E+00  3.02975E+00  2.92445E+00  2.87594E+00
  2.71117E+00  2.82654E+00  2.99130E+00  3.19863E+00  3.44054E+00  3.70824E+00  3.99255E+00  4.28428E+00  4.57460E+00  4.85544E+00  5.11971E+00  5.36155E+00  5.57646E+00  5.76137E+00  5.91456E+00  6.03560E+00  6.12516E+00  6.18481E+00  6.21679E+00  6.22381E+00  6.20882E+00  6.17491E+00  6.12514E+00  6.06256E+00  5.99015E+00  5.91089E+00  5.82784E+00  5.74411E+00  5.66303E+00  5.58806E+00  5.52277E+00  5.47073E+00  5.43533E+00  5.41954E+00  5.42562E+00  5.45484E+00  5.50721E+00  5.58122E+00  5.67369E+00  5.77976E+00  5.89296E+00  6.00546E+00  6.10846E+00  6.19270E+00  6.24905E+00  6.26911E+00  6.24594E+00  6.17451E+00  6.05223E+00  5.87918E+00  5.65826E+00  5.39507E+00  5.09762E+00  4.77591E+00  4.44133E+00  4.10606E+00  3.78240E+00  3.48215E+00  3.21605E+00  2.99331E+00  2.82127E+00  2.70518E+00  2.64800E+00  2.65049E+00  2.71117E+00
  2.75048E+00  2.96941E+00  3.22546E+00  3.50982E+00  3.81328E+00  4.12654E+00  4.44057E+00  4.74689E+00  5.03787E+00  5.30688E+00  5.54852E+00  5.75872E+00  5.93475E+00  6.07524E+00  6.18008E+00  6.25028E+00  6.28782E+00  6.29544E+00  6.27643E+00  6.23449E+00  6.17346E+00  6.09732E+00  6.00997E+00  5.91525E+00  5.81690E+00  5.71853E+00  5.62371E+00  5.53589E+00  5.45841E+00  5.39450E+00  5.34715E+00  5.31892E+00  5.31180E+00  5.32700E+00  5.36466E+00  5.42365E+00  5.50139E+00  5.59377E+00  5.69509E+00  5.79826E+00  5.89504E+00  5.97646E+00  6.03334E+00  6.05694E+00  6.03958E+00  5.97529E+00  5.86035E+00  5.69373E+00  5.47733E+00  5.21596E+00  4.91720E+00  4.59097E+00  4.24897E+00  3.90401E+00  3.56923E+00  3.25741E+00  2.98024E+00  2.74782E+00  2.56817E+00  2.44702E+00  2.38762E+00  2.39078E+00  2.45501E+00  2.57672E+00  2.75048E+00
  3.01597E+00  3.32134E+00  3.64632E+00  3.98123E+00  4.31677E+00  4.64430E+00  4.95606E+00  5.24528E+00  5.50639E+00  5.73499E+00  5.92796E+00  6.08340E+00  6.20063E+00  6.28009E+00  6.32321E+00  6.33230E+00  6.31040E+00  6.26114E+00  6.18855E+00  6.09700E+00  5.99100E+00  5.87515E+00  5.75402E+00  5.63214E+00  5.51386E+00  5.40333E+00  5.30447E+00  5.22085E+00  5.15559E+00  5.11128E+00  5.08978E+00  5.09210E+00  5.11819E+00  5.16679E+00  5.23529E+00  5.31966E+00  5.41442E+00  5.51276E+00  5.60673E+00  5.68761E+00  5.74637E+00  5.77418E+00  5.76305E+00  5.70645E+00  5.59993E+00  5.44155E+00  5.23225E+00  4.97598E+00  4.67966E+00  4.35280E+00  4.00709E+00  3.65568E+00  3.31243E+00  2.99107E+00  2.70447E+00  2.46388E+00  2.27843E+00  2.15470E+00  2.09653E+00  2.10498E+00  2.17847E+00  2.31305E+00  2.50274E+00  2.73996E+00  3.01597E+00
  3.49349E+00  3.85594E+00  4.21732E+00  4.56827E+00  4.90057E+00  5.20725E+00  5.48273E+00  5.72273E+00  5.92433E+00  6.08590E+00  6.20690E+00  6.28786E+00  6.33019E+00  6.33609E+00  6.30839E+00  6.25048E+00  6.16616E+00  6.05960E+00  5.93529E+00  5.79790E+00  5.65229E+00  5.50344E+00  5.35634E+00  5.21594E+00  5.08700E+00  4.97397E+00  4.88086E+00  4.81101E+00  4.76693E+00  4.75008E+00  4.76072E+00  4.79767E+00  4.85829E+00  4.93833E+00  5.03204E+00  5.13228E+00  5.23074E+00  5.31833E+00  5.38563E+00  5.42340E+00  5.42323E+00  5.37813E+00  5.28310E+00  5.13562E+00  4.93602E+00  4.68766E+00  4.39695E+00  4.07303E+00  3.72745E+00  3.37346E+00  3.02534E+00  2.69751E+00  2.40380E+00  2.15658E+00  1.96617E+00  1.84030E+00  1.78378E+00  1.79839E+00  1.88288E+00  2.03328E+00  2.24319E+00  2.50427E+00  2.80680E+00  3.14018E+00  3.49349E+00
  4.13211E+00  4.51345E+00  4.87235E+00  5.20090E+00  5.49287E+00  5.74376E+00  5.95074E+00  6.11255E+00  6.22925E+00  6.30212E+00  6.33334E+00  6.32583E+00  6.28300E+00  6.20864E+00  6.10674E+00  5.98148E+00  5.83713E+00  5.67809E+00  5.50892E+00  5.33431E+00  5.15911E+00  4.98834E+00  4.82707E+00  4.68034E+00  4.55298E+00  4.44936E+00  4.37316E+00  4.32707E+00  4.31248E+00  4.32923E+00  4.37543E+00  4.44727E+00  4.53908E+00  4.64345E+00  4.75145E+00  4.85311E+00  4.93792E+00  4.99546E+00  5.01610E+00  4.99173E+00  4.91631E+00  4.78652E+00  4.60204E+00  4.36584E+00  4.08409E+00  3.76594E+00  3.42308E+00  3.06912E+00  2.71880E+00  2.38721E+00  2.08892E+00  1.83721E+00  1.64336E+00  1.51611E+00  1.46123E+00  1.48136E+00  1.57596E+00  1.74143E+00  1.97144E+00  2.25738E+00  2.58882E+00  2.95417E+00  3.34123E+00  3.73778E+00  4.13211E+00
  4.85037E+00  5.20837E+00  5.52432E+00  5.79259E+00  6.00962E+00  6.17382E+00  6.28543E+00  6.34630E+00  6.35957E+00  6.32933E+00  6.26032E+00  6.15764E+00  6.02648E+00  5.87193E+00  5.69888E+00  5.51200E+00  5.31575E+00  5.11443E+00  4.91236E+00  4.71390E+00  4.52355E+00  4.34597E+00  4.18590E+00  4.04805E+00  3.93680E+00  3.85593E+00  3.80828E+00  3.79530E+00  3.81673E+00  3.87030E+00  3.95154E+00  4.05375E+00  4.16820E+00  4.28445E+00  4.39097E+00  4.47580E+00  4.52743E+00  4.53567E+00  4.49243E+00  4.39254E+00  4.23421E+00  4.01938E+00  3.75369E+00  3.44631E+00  3.10936E+00  2.75720E+00  2.40559E+00  2.07074E+00  1.76832E+00  1.51269E+00  1.31608E+00  1.18808E+00  1.13521E+00  1.16072E+00  1.26460E+00  1.44365E+00  1.69180E+00  2.00047E+00  2.35904E+00  2.75544E+00  3.17667E+00  3.60942E+00  4.04062E+00  4.45796E+00  4.85037E+00
  5.54732E+00  5.84100E+00  6.07682E+00  6.25195E+00  6.36582E+00  6.41990E+00  6.41749E+00  6.36341E+00  6.26359E+00  6.12468E+00  5.95363E+00  5.75740E+00  5.54256E+00  5.31523E+00  5.08089E+00  4.84440E+00  4.61012E+00  4.38200E+00  4.16380E+00  3.95921E+00  3.77200E+00  3.60604E+00  3.46525E+00  3.35343E+00  3.27394E+00  3.22933E+00  3.22095E+00  3.24840E+00  3.30925E+00  3.39870E+00  3.50952E+00  3.63219E+00  3.75530E+00  3.86617E+00  3.95178E+00  3.99969E+00  3.99916E+00  3.94215E+00  3.82411E+00  3.64463E+00  3.40765E+00  3.12138E+00  2.79782E+00  2.45198E+00  2.10087E+00  1.76234E+00  1.45394E+00  1.19181E+00  9.89812E-01  8.58796E-01  8.06199E-01  8.35850E-01  9.47998E-01  1.13953E+00  1.40430E+00  1.73359E+00  2.11661E+00  2.54099E+00  2.99336E+00  3.45986E+00  3.92664E+00  4.38039E+00  4.80878E+00  5.20083E+00  5.54732E+00
  6.11590E+00  6.31023E+00  6.43604E+00  6.49353E+00  6.48512E+00  6.41522E+00  6.28994E+00  6.11671E+00  5.90384E+00  5.66007E+00  5.39412E+00  5.11432E+00  4.82832E+00  4.54285E+00  4.26366E+00  3.99556E+00  3.74250E+00  3.50783E+00  3.29443E+00  3.10499E+00  2.94212E+00  2.80842E+00  2.70641E+00  2.63833E+00  2.60584E+00  2.60956E+00  2.64863E+00  2.72027E+00  2.81943E+00  2.93862E+00  3.06803E+00  3.19584E+00  3.30893E+00  3.39380E+00  3.43765E+00  3.42961E+00  3.36184E+00  3.23053E+00  3.03650E+00  2.78549E+00  2.48791E+00  2.15824E+00  1.81401E+00  1.47453E+00  1.15944E+00  8.87386E-01  6.74729E-01  5.34597E-01  4.76227E-01  5.04668E-01  6.20790E-01  8.21571E-01  1.10057E+00  1.44852E+00  1.85398E+00  2.30395E+00  2.78449E+00  3.28125E+00  3.77994E+00  4.26675E+00  4.72870E+00  5.15399E+00  5.53232E+00  5.85514E+00  6.11590E+00
  6.45756E+00  6.52698E+00  6.52302E+00  6.44885E+00  6.30969E+00  6.11255E+00  5.86593E+00  5.57941E+00  5.26316E+00  4.92749E+00  4.58237E+00  4.23706E+00  3.89978E+00  3.57753E+00  3.27600E+00  2.99960E+00  2.75165E+00  2.53453E+00  2.34995E+00  2.19920E+00  2.08327E+00  2.00296E+00  1.95876E+00  1.95068E+00  1.97792E+00  2.03848E+00  2.12869E+00  2.24296E+00  2.37348E+00  2.51030E+00  2.64168E+00  2.75462E+00  2.83591E+00  2.87312E+00  2.85594E+00  2.77736E+00  2.63464E+00  2.43000E+00  2.17088E+00  1.86963E+00  1.54277E+00  1.20980E+00  8.91730E-01  6.09435E-01  3.82123E-01  2.25955E-01  1.53021E-01  1.70730E-01  2.81614E-01  4.83533E-01  7.70190E-01  1.13185E+00  1.55620E+00  2.02915E+00  2.53565E+00  3.06038E+00  3.58827E+00  4.10491E+00  4.59688E+00  5.05203E+00  5.45957E+00  5.81033E+00  6.09690E+00  6.31378E+00  6.45756E+00
  6.49149E+00  6.42177E+00  6.27961E+00  6.07092E+00  5.80337E+00  5.48618E+00  5.12978E+00  4.74537E+00  4.34445E+00  3.93832E+00  3.53768E+00  3.15221E+00  2.79024E+00  2.45858E+00  2.16245E+00  1.90554E+00  1.69011E+00  1.51726E+00  1.38713E+00  1.29916E+00  1.25225E+00  1.24477E+00  1.27457E+00  1.33876E+00  1.43343E+00  1.55339E+00  1.69184E+00  1.84027E+00  1.98845E+00  2.12473E+00  2.23666E+00  2.31183E+00  2.33898E+00  2.30915E+00  2.21690E+00  2.06125E+00  1.84630E+00  1.58137E+00  1.28071E+00  9.62554E-01  6.47851E-01  3.58629E-01  1.16269E-01 -6.01653E-02 -1.55337E-01 -1.58662E-01 -6.48619E-02  1.25969E-01  4.08732E-01  7.74039E-01  1.20914E+00  1.69897E+00  2.22716E+00  2.77692E+00  3.33182E+00  3.87633E+00  4.39618E+00  4.87863E+00  5.31255E+00  5.68848E+00  5.99871E+00  6.23728E+00  6.40007E+00  6.48487E+00  6.49149E+00
  6.16415E+00  5.95284E+00  5.67542E+00  5.34013E+00  4.95677E+00  4.53636E+00  4.09077E+00  3.63233E+00  3.17331E+00  2.72553E+00  2.29983E+00  1.90574E+00  1.55118E+00  1.24226E+00  9.83233E-01  7.76549E-01  6.22986E-01  5.21871E-01  4.71304E-01  4.68376E-01  5.09307E-01  5.89529E-01  7.03648E-01  8.45345E-01  1.00723E+00  1.18072E+00  1.35598E+00  1.52207E+00  1.66724E+00  1.77958E+00  1.84777E+00  1.86216E+00  1.81586E+00  1.70572E+00  1.53326E+00  1.30505E+00  1.03283E+00  7.32879E-01  4.25109E-01  1.31571E-01 -1.25223E-01 -3.24092E-01 -4.46854E-01 -4.79696E-01 -4.14120E-01 -2.47363E-01  1.76791E-02  3.72997E-01  8.06351E-01  1.30237E+00  1.84371E+00  2.41223E+00  2.98987E+00  3.55951E+00  4.10551E+00  4.61399E+00  5.07304E+00  5.47271E+00  5.80500E+00  6.06374E+00  6.24458E+00  6.34493E+00  6.36399E+00  6.30278E+00  6.16415E+00
  5.44902E+00  5.10507E+00  4.70603E+00  4.26217E+00  3.78500E+00  3.28690E+00  2.78080E+00  2.27965E+00  1.79604E+00  1.34170E+00  9.27056E-01  5.60884E-01  2.50044E-01 -6.91256E-04 -1.88672E-01 -3.13316E-01 -3.75954E-01 -3.79629E-01 -3.28880E-01 -2.29532E-01 -8.85417E-02  8.61057E-02  2.85452E-01  4.99597E-01  7.17739E-01  9.28310E-01  1.11923E+00  1.27832E+00  1.39399E+00  1.45603E+00  1.45655E+00  1.39101E+00  1.25911E+00  1.06536E+00  8.19431E-01  5.35857E-01  2.33355E-01 -6.63925E-02 -3.40308E-01 -5.65700E-01 -7.22050E-01 -7.92625E-01 -7.65725E-01 -6.35458E-01 -4.01971E-01 -7.11652E-02  3.46033E-01  8.34722E-01  1.37727E+00  1.95453E+00  2.54709E+00  3.13620E+00  3.70452E+00  4.23668E+00  4.71951E+00  5.14214E+00  5.49592E+00  5.77434E+00  5.97281E+00  6.08860E+00  6.12065E+00  6.06961E+00  5.93774E+00  5.72900E+00  5.44902E+00
  4.35072E+00  3.89328E+00  3.39569E+00  2.86993E+00  2.32885E+00  1.78586E+00  1.25448E+00  7.47920E-01  2.78535E-01 -1.42588E-01 -5.06076E-01 -8.04608E-01 -1.03315E+00 -1.18907E+00 -1.27217E+00 -1.28455E+00 -1.23048E+00 -1.11611E+00 -9.49296E-01 -7.39311E-01 -4.96657E-01 -2.32872E-01  3.96591E-02  3.07914E-01  5.58523E-01  7.78171E-01  9.54152E-01  1.07508E+00  1.13173E+00  1.11800E+00  1.03175E+00  8.75565E-01  6.57206E-01  3.89584E-01  9.03059E-02 -2.19322E-01 -5.15718E-01 -7.74762E-01 -9.73667E-01 -1.09276E+00 -1.11702E+00 -1.03714E+00 -8.50105E-01 -5.59169E-01 -1.73352E-01  2.93513E-01  8.24000E-01  1.39844E+00  1.99626E+00  2.59715E+00  3.18206E+00  3.73387E+00  4.23786E+00  4.68187E+00  5.05630E+00  5.35400E+00  5.57000E+00  5.70137E+00  5.74694E+00  5.70718E+00  5.58409E+00  5.38116E+00  5.10337E+00  4.75723E+00  4.35072E+00
  2.90184E+00  2.35917E+00  1.79450E+00  1.22110E+00  6.52850E-01  1.03812E-01 -4.12242E-01 -8.82347E-01 -1.29487E+00 -1.64000E+00 -1.91017E+00 -2.10034E+00 -2.20829E+00 -2.23454E+00 -2.18240E+00 -2.05773E+00 -1.86866E+00 -1.62531E+00 -1.33943E+00 -1.02404E+00 -6.93127E-01 -3.61316E-01 -4.35043E-02  2.45539E-01  4.91673E-01  6.82014E-01  8.05683E-01  8.54652E-01  8.24630E-01  7.15863E-01  5.33725E-01  2.88984E-01 -2.40535E-03 -3.20015E-01 -6.40159E-01 -9.37535E-01 -1.18711E+00 -1.36609E+00 -1.45569E+00 -1.44256E+00 -1.31975E+00 -1.08703E+00 -7.50644E-01 -3.22593E-01  1.80544E-01  7.38992E-01  1.33123E+00  1.93543E+00  2.53061E+00  3.09761E+00  3.61976E+00  4.08322E+00  4.47705E+00  4.79318E+00  5.02614E+00  5.17272E+00  5.23173E+00  5.20365E+00  5.09049E+00  4.89556E+00  4.62350E+00  4.28021E+00  3.87291E+00  3.41015E+00  2.90184E+00
  1.16002E+00  5.67922E-01 -2.56072E-02 -6.06320E-01 -1.15966E+00 -1.67128E+00 -2.12757E+00 -2.51630E+00 -2.82722E+00 -3.05256E+00 -3.18748E+00 -3.23038E+00 -3.18299E+00 -3.05034E+00 -2.84053E+00 -2.56435E+00 -2.23479E+00 -1.86657E+00 -1.47553E+00 -1.07816E+00 -6.91060E-01 -3.30508E-01 -1.19356E-02  2.50574E-01  4.44890E-01  5.61515E-01  5.94330E-01  5.41355E-01  4.05407E-01  1.94554E-01 -7.77837E-02 -3.93187E-01 -7.29101E-01 -1.06020E+00 -1.36012E+00 -1.60346E+00 -1.76775E+00 -1.83521E+00 -1.79410E+00 -1.63956E+00 -1.37372E+00 -1.00538E+00 -5.49033E-01 -2.35751E-02  5.49200E-01  1.14617E+00  1.74437E+00  2.32218E+00  2.86039E+00  3.34272E+00  3.75622E+00  4.09127E+00  4.34139E+00  4.50293E+00  4.57467E+00  4.55734E+00  4.45330E+00  4.26621E+00  4.00082E+00  3.66290E+00  3.25919E+00  2.79750E+00  2.28677E+00  1.73715E+00  1.16002E+00
 -7.91497E-01 -1.39134E+00 -1.97028E+00 -2.51347E+00 -3.00606E+00 -3.43382E+00 -3.78388E+00 -4.04541E+00 -4.21038E+00 -4.27412E+00 -4.23581E+00 -4.09866E+00 -3.86993E+00 -3.56062E+00 -3.18499E+00 -2.75977E+00 -2.30344E+00 -1.83528E+00 -1.37461E+00 -9.40009E-01 -5.48678E-01 -2.15914E-01  4.53849E-02  2.25173E-01  3.16725E-01  3.17121E-01  2.27734E-01  5.46321E-02 -1.91193E-01 -4.93889E-01 -8.33208E-01 -1.18542E+00 -1.52469E+00 -1.82477E+00 -2.06091E+00 -2.21178E+00 -2.26107E+00 -2.19877E+00 -2.02187E+00 -1.73443E+00 -1.34708E+00 -8.76090E-01 -3.41958E-01  2.32112E-01  8.21828E-01  1.40333E+00  1.95449E+00  2.45589E+00  2.89155E+00  3.24921E+00  3.52038E+00  3.70009E+00  3.78653E+00  3.78050E+00  3.68486E+00  3.50403E+00  3.24359E+00  2.90994E+00  2.51014E+00  2.05186E+00  1.54349E+00  9.94225E-01  4.14255E-01 -1.85131E-01 -7.91497E-01
 -2.85266E+00 -3.41388E+00 -3.93068E+00 -4.38804E+00 -4.77133E+00 -5.06713E+00 -5.26410E+00 -5.35390E+00 -5.33201E+00 -5.19836E+00 -4.95784E+00 -4.62022E+00 -4.19990E+00 -3.71527E+00 -3.18762E+00 -2.63997E+00 -2.09580E+00 -1.57775E+00 -1.10656E+00 -7.00146E-01 -3.73014E-01 -1.35805E-01  4.91715E-03  4.67928E-02 -8.27629E-03 -1.54101E-01 -3.80231E-01 -6.72076E-01 -1.01121E+00 -1.37597E+00 -1.74234E+00 -2.08519E+00 -2.37980E+00 -2.60350E+00 -2.73728E+00 -2.76723E+00 -2.68557E+00 -2.49122E+00 -2.18984E+00 -1.79334E+00 -1.31894E+00 -7.87884E-01 -2.23996E-01  3.47937E-01  9.03635E-01  1.42067E+00  1.87952E+00  2.26434E+00  2.56331E+00  2.76878E+00  2.87703E+00  2.88786E+00  2.80398E+00  2.63039E+00  2.37372E+00  2.04167E+00  1.64257E+00  1.18505E+00  6.78000E-01  1.30543E-01 -4.47782E-01 -1.04681E+00 -1.65551E+00 -2.26183E+00 -2.85266E+00
 -4.90677E+00 -5.37972E+00 -5.78411E+00 -6.10540E+00 -6.33006E+00 -6.44659E+00 -6.44657E+00 -6.32582E+00 -6.08521E+00 -5.73130E+00 -5.27659E+00 -4.73915E+00 -4.14177E+00 -3.51073E+00 -2.87409E+00 -2.25996E+00 -1.69469E+00 -1.20134E+00 -7.98447E-01 -4.99273E-01 -3.11409E-01 -2.36795E-01 -2.72032E-01 -4.08867E-01 -6.34792E-01 -9.33660E-01 -1.28632E+00 -1.67132E+00 -2.06561E+00 -2.44544E+00 -2.78741E+00 -3.06965E+00 -3.27297E+00 -3.38211E+00 -3.38672E+00 -3.28211E+00 -3.06960E+00 -2.75651E+00 -2.35568E+00 -1.88473E+00 -1.36488E+00 -8.19726E-01 -2.73762E-01  2.48992E-01  7.26291E-01  1.13876E+00  1.47071E+00  1.71066E+00  1.85152E+00  1.89044E+00  1.82847E+00  1.66992E+00  1.42171E+00  1.09260E+00  6.92483E-01  2.31790E-01 -2.78931E-01 -8.29262E-01 -1.40897E+00 -2.00789E+00 -2.61566E+00 -3.22146E+00 -3.81375E+00 -4.38001E+00 -4.90677E+00
 -6.82490E+00 -7.15748E+00 -7.39774E+00 -7.53276E+00 -7.55161E+00 -7.44658E+00 -7.21440E+00 -6.85733E+00 -6.38400E+00 -5.80979E+00 -5.15635E+00 -4.45087E+00 -3.72443E+00 -3.00995E+00 -2.33997E+00 -1.74436E+00 -1.24831E+00 -8.70704E-01 -6.23198E-01 -5.09802E-01 -5.27140E-01 -6.65176E-01 -9.08303E-01 -1.23663E+00 -1.62732E+00 -2.05582E+00 -2.49709E+00 -2.92650E+00 -3.32081E+00 -3.65895E+00 -3.92273E+00 -4.09760E+00 -4.17320E+00 -4.14386E+00 -4.00893E+00 -3.77282E+00 -3.44491E+00 -3.03908E+00 -2.57310E+00 -2.06775E+00 -1.54575E+00 -1.03059E+00 -5.45317E-01 -1.11372E-01  2.52496E-01  5.31068E-01  7.13261E-01  7.92419E-01  7.66305E-01  6.36831E-01  4.09516E-01  9.27991E-02 -3.02737E-01 -7.65164E-01 -1.28192E+00 -1.84040E+00 -2.42833E+00 -3.03396E+00 -3.64602E+00 -4.25359E+00 -4.84573E+00 -5.41118E+00 -5.93810E+00 -6.41381E+00 -6.82490E+00
 -8.46996E+00 -8.60969E+00 -8.63575E+00 -8.53889E+00 -8.31317E+00 -7.95740E+00 -7.47628E+00 -6.88119E+00 -6.19063E+00 -5.43000E+00 -4.63036E+00 -3.82684E+00 -3.05631E+00 -2.35471E+00 -1.75440E+00 -1.28177E+00 -9.55308E-01 -7.84453E-01 -7.69207E-01 -9.00548E-01 -1.16154E+00 -1.52900E+00 -1.97539E+00 -2.47092E+00 -2.98544E+00 -3.49010E+00 -3.95864E+00 -4.36841E+00 -4.70083E+00 -4.94188E+00 -5.08212E+00 -5.11672E+00 -5.04538E+00 -4.87212E+00 -4.60507E+00 -4.25615E+00 -3.84062E+00 -3.37656E+00 -2.88422E+00 -2.38521E+00 -1.90160E+00 -1.45494E+00 -1.06528E+00 -7.50194E-01 -5.24002E-01 -3.97097E-01 -3.75593E-01 -4.61194E-01 -6.51366E-01 -9.39769E-01 -1.31686E+00 -1.77064E+00 -2.28750E+00 -2.85295E+00 -3.45235E+00 -4.07143E+00 -4.69656E+00 -5.31500E+00 -5.91468E+00 -6.48406E+00 -7.01176E+00 -7.48628E+00 -7.89576E+00 -8.22785E+00 -8.46996E+00
 -9.70010E+00 -9.59924E+00 -9.36984E+00 -9.00924E+00 -8.51976E+00 -7.90986E+00 -7.19475E+00 -6.39680E+00 -5.54499E+00 -4.67382E+00 -3.82137E+00 -3.02686E+00 -2.32784E+00 -1.75734E+00 -1.34121E+00 -1.09610E+00 -1.02819E+00 -1.13287E+00 -1.39530E+00 -1.79187E+00 -2.29226E+00 -2.86200E+00 -3.46505E+00 -4.06632E+00 -4.63375E+00 -5.13988E+00 -5.56282E+00 -5.88673E+00 -6.10168E+00 -6.20331E+00 -6.19233E+00 -6.07379E+00 -5.85651E+00 -5.55251E+00 -5.17651E+00 -4.74546E+00 -4.27803E+00 -3.79418E+00 -3.31450E+00 -2.85957E+00 -2.44927E+00 -2.10189E+00 -1.83346E+00 -1.65694E+00 -1.58167E+00 -1.61295E+00 -1.75183E+00 -1.99520E+00 -2.33610E+00 -2.76421E+00 -3.26651E+00 -3.82810E+00 -4.43292E+00 -5.06453E+00 -5.70671E+00 -6.34389E+00 -6.96148E+00 -7.54584E+00 -8.08427E+00 -8.56479E+00 -8.97580E+00 -9.30591E+00 -9.54386E+00 -9.67869E+00 -9.70010E+00
 -1.03860E+01 -1.00109E+01 -9.50516E+00 -8.87617E+00 -8.13756E+00 -7.30951E+00 -6.41895E+00 -5.49858E+00 -4.58565E+00 -3.71994E+00 -2.94119E+00 -2.28631E+00 -1.78655E+00 -1.46493E+00 -1.33424E+00 -1.39590E+00 -1.63979E+00 -2.04504E+00 -2.58178E+00 -3.21359E+00 -3.90045E+00 -4.60169E+00 -5.27891E+00 -5.89826E+00 -6.43217E+00 -6.86027E+00 -7.16962E+00 -7.35433E+00 -7.41474E+00 -7.35644E+00 -7.18928E+00 -6.92631E+00 -6.58306E+00 -6.17692E+00 -5.72648E+00 -5.25119E+00 -4.77093E+00 -4.30555E+00 -3.87441E+00 -3.49574E+00 -3.18615E+00 -2.95995E+00 -2.82855E+00 -2.79993E+00 -2.87830E+00 -3.06387E+00 -3.35282E+00 -3.73755E+00 -4.20711E+00 -4.74772E+00 -5.34349E+00 -5.97714E+00 -6.63076E+00 -7.28636E+00 -7.92651E+00 -8.53465E+00 -9.09538E+00 -9.59447E+00 -1.00188E+01 -1.03562E+01 -1.05956E+01 -1.07266E+01 -1.07400E+01 -1.06283E+01 -1.03860E+01
 -1.04346E+01 -9.78100E+00 -9.01450E+00 -8.15502E+00 -7.22867E+00 -6.26720E+00 -5.30702E+00 -4.38745E+00 -3.54857E+00 -2.82880E+00 -2.26216E+00 -1.87563E+00 -1.68694E+00 -1.70282E+00 -1.91823E+00 -2.31647E+00 -2.87034E+00 -3.54422E+00 -4.29680E+00 -5.08429E+00 -5.86359E+00 -6.59517E+00 -7.24550E+00 -7.78862E+00 -8.20677E+00 -8.49052E+00 -8.63793E+00 -8.65356E+00 -8.54717E+00 -8.33232E+00 -8.02543E+00 -7.64471E+00 -7.20945E+00 -6.73957E+00 -6.25511E+00 -5.77589E+00 -5.32119E+00 -4.90930E+00 -4.55719E+00 -4.27993E+00 -4.09018E+00 -3.99783E+00 -4.00949E+00 -4.12812E+00 -4.35292E+00 -4.67926E+00 -5.09885E+00 -5.60007E+00 -6.16849E+00 -6.78742E+00 -7.43858E+00 -8.10281E+00 -8.76072E+00 -9.39319E+00 -9.98178E+00 -1.05093E+01 -1.09597E+01 -1.13187E+01 -1.15733E+01 -1.17123E+01 -1.17265E+01 -1.16085E+01 -1.13539E+01 -1.09616E+01 -1.04346E+01
 -9.82478E+00 -8.93300E+00 -7.97081E+00 -6.97035E+00 -5.96806E+00 -5.00334E+00 -4.11646E+00 -3.34644E+00 -2.72853E+00 -2.29179E+00 -2.05682E+00 -2.03398E+00 -2.22212E+00 -2.60836E+00 -3.16864E+00 -3.86934E+00 -4.66971E+00 -5.52491E+00 -6.38924E+00 -7.21938E+00 -7.97709E+00 -8.63138E+00 -9.15963E+00 -9.54810E+00 -9.79144E+00 -9.89180E+00 -9.85754E+00 -9.70165E+00 -9.44065E+00 -9.09318E+00 -8.67910E+00 -8.21889E+00 -7.73304E+00 -7.24172E+00 -6.76445E+00 -6.31985E+00 -5.92521E+00 -5.59627E+00 -5.34683E+00 -5.18813E+00 -5.12867E+00 -5.17374E+00 -5.32521E+00 -5.58124E+00 -5.93639E+00 -6.38160E+00 -6.90461E+00 -7.49035E+00 -8.12133E+00 -8.77846E+00 -9.44149E+00 -1.00897E+01 -1.07025E+01 -1.12598E+01 -1.17427E+01 -1.21337E+01 -1.24169E+01 -1.25790E+01 -1.26087E+01 -1.24979E+01 -1.22419E+01 -1.18400E+01 -1.12961E+01 -1.06194E+01 -9.82478E+00
 -8.64445E+00 -7.60856E+00 -6.56811E+00 -5.56326E+00 -4.63497E+00 -3.82294E+00 -3.16330E+00 -2.68639E+00 -2.41457E+00 -2.36048E+00 -2.52571E+00 -2.90024E+00 -3.46275E+00 -4.18175E+00 -5.01768E+00 -5.92568E+00 -6.85880E+00 -7.77132E+00 -8.62169E+00 -9.37496E+00 -1.00045E+01 -1.04924E+01 -1.08301E+01 -1.10168E+01 -1.10587E+01 -1.09677E+01 -1.07595E+01 -1.04527E+01 -1.00673E+01 -9.62410E+00 -9.14395E+00 -8.64732E+00 -8.15390E+00 -7.68251E+00 -7.25069E+00 -6.87458E+00 -6.56864E+00 -6.34516E+00 -6.21413E+00 -6.18278E+00 -6.25522E+00 -6.43233E+00 -6.71143E+00 -7.08635E+00 -7.54751E+00 -8.08205E+00 -8.67427E+00 -9.30612E+00 -9.95764E+00 -1.06076E+01 -1.12341E+01 -1.18152E+01 -1.23293E+01 -1.27559E+01 -1.30762E+01 -1.32734E+01 -1.33336E+01 -1.32463E+01 -1.30053E+01 -1.26090E+01 -1.20612E+01 -1.13718E+01 -1.05568E+01 -9.63831E+00 -8.64445E+00
 -7.10156E+00 -6.06397E+00 -5.10151E+00 -4.25469E+00 -3.56046E+00 -3.05006E+00 -2.74707E+00 -2.66572E+00 -2.80964E+00 -3.17115E+00 -3.73137E+00 -4.46101E+00 -5.32214E+00 -6.27059E+00 -7.25906E+00 -8.24024E+00 -9.17009E+00 -1.00104E+01 -1.07310E+01 -1.13103E+01 -1.17363E+01 -1.20053E+01 -1.21213E+01 -1.20944E+01 -1.19397E+01 -1.16751E+01 -1.13207E+01 -1.08978E+01 -1.04276E+01 -9.93070E+00 -9.42734E+00 -8.93644E+00 -8.47553E+00 -8.06089E+00 -7.70709E+00 -7.42678E+00 -7.23071E+00 -7.12727E+00 -7.12223E+00 -7.21856E+00 -7.41611E+00 -7.71149E+00 -8.09797E+00 -8.56559E+00 -9.10122E+00 -9.68875E+00 -1.03098E+01 -1.09437E+01 -1.15685E+01 -1.21611E+01 -1.26982E+01 -1.31571E+01 -1.35158E+01 -1.37545E+01 -1.38559E+01 -1.38063E+01 -1.35967E+01 -1.32235E+01 -1.26894E+01 -1.20036E+01 -1.11826E+01 -1.02498E+01 -9.23468E+00 -8.17227E+00 -7.10156E+00
 -5.50490E+00 -4.63185E+00 -3.91125E+00 -3.37489E+00 -3.04692E+00 -2.94241E+00 -3.06623E+00 -3.41246E+00 -3.96431E+00 -4.69485E+00 -5.56831E+00 -6.54223E+00 -7.57006E+00 -8.60428E+00 -9.59937E+00 -1.05147E+01 -1.13168E+01 -1.19806E+01 -1.24902E+01 -1.28388E+01 -1.30274E+01 -1.30641E+01 -1.29623E+01 -1.27393E+01 -1.24152E+01 -1.20113E+01 -1.15497E+01 -1.10520E+01 -1.05391E+01 -1.00304E+01 -9.54426E+00 -9.09693E+00 -8.70308E+00 -8.37550E+00 -8.12486E+00 -7.95977E+00 -7.88657E+00 -7.90933E+00 -8.02944E+00 -8.24549E+00 -8.55330E+00 -8.94558E+00 -9.41211E+00 -9.93970E+00 -1.05122E+01 -1.11111E+01 -1.17156E+01 -1.23030E+01 -1.28496E+01 -1.33310E+01 -1.37233E+01 -1.40037E+01 -1.41515E+01 -1.41496E+01 -1.39853E+01 -1.36519E+01 -1.31493E+01 -1.24853E+01 -1.16758E+01 -1.07443E+01 -9.72168E+00 -8.64451E+00 -7.55378E+00 -6.49274E+00 -5.50490E+00
 -4.20042E+00 -3.64469E+00 -3.29812E+00 -3.17594E+00 -3.28333E+00 -3.61503E+00 -4.15550E+00 -4.87955E+00 -5.75357E+00 -6.73731E+00 -7.78621E+00 -8.85395E+00 -9.89535E+00 -1.08688E+01 -1.17389E+01 -1.24775E+01 -1.30653E+01 -1.34916E+01 -1.37537E+01 -1.38566E+01 -1.38111E+01 -1.36328E+01 -1.33409E+01 -1.29563E+01 -1.25019E+01 -1.20002E+01 -1.14733E+01 -1.09424E+01 -1.04269E+01 -9.94451E+00 -9.51066E+00 -9.13858E+00 -8.83926E+00 -8.62121E+00 -8.49065E+00 -8.45169E+00 -8.50594E+00 -8.65269E+00 -8.88891E+00 -9.20903E+00 -9.60502E+00 -1.00662E+01 -1.05792E+01 -1.11283E+01 -1.16949E+01 -1.22586E+01 -1.27965E+01 -1.32848E+01 -1.36988E+01 -1.40137E+01 -1.42066E+01 -1.42566E+01 -1.41475E+01 -1.38682E+01 -1.34153E+01 -1.27932E+01 -1.20155E+01 -1.11046E+01 -1.00914E+01 -9.01377E+00 -7.91448E+00 -6.83910E+00 -5.83339E+00 -4.94083E+00 -4.20042E+00
 -3.48127E+00 -3.34312E+00 -3.43619E+00 -3.75519E+00 -4.28470E+00 -5.00007E+00 -5.86881E+00 -6.85231E+00 -7.90792E+00 -8.99131E+00 -1.00589E+01 -1.10699E+01 -1.19886E+01 -1.27860E+01 -1.34402E+01 -1.39374E+01 -1.42714E+01 -1.44434E+01 -1.44603E+01 -1.43348E+01 -1.40836E+01 -1.37262E+01 -1.32845E+01 -1.27814E+01 -1.22401E+01 -1.16833E+01 -1.11324E+01 -1.06073E+01 -1.01255E+01 -9.70211E+00 -9.34945E+00 -9.07710E+00 -8.89167E+00 -8.79713E+00 -8.79496E+00 -8.88428E+00 -9.06181E+00 -9.32211E+00 -9.65780E+00 -1.00593E+01 -1.05151E+01 -1.10113E+01 -1.15322E+01 -1.20595E+01 -1.25731E+01 -1.30510E+01 -1.34696E+01 -1.38047E+01 -1.40321E+01 -1.41293E+01 -1.40768E+01 -1.38599E+01 -1.34705E+01 -1.29089E+01 -1.21846E+01 -1.13169E+01 -1.03348E+01 -9.27557E+00 -8.18273E+00 -7.10370E+00 -6.08679E+00 -5.17825E+00 -4.41960E+00 -3.84537E+00 -3.48127E+00
 -3.50674E+00 -3.80784E+00 -4.32279E+00 -5.02693E+00 -5.88781E+00 -6.86717E+00 -7.92312E+00 -9.01249E+00 -1.00930E+01 -1.11252E+01 -1.20744E+01 -1.29119E+01 -1.36152E+01 -1.41692E+01 -1.45654E+01 -1.48018E+01 -1.48822E+01 -1.48153E+01 -1.46145E+01 -1.42963E+01 -1.38801E+01 -1.33875E+01 -1.28411E+01 -1.22642E+01 -1.16794E+01 -1.11088E+01 -1.05725E+01 -1.00884E+01 -9.67152E+00 -9.33391E+00 -9.08432E+00 -8.92823E+00 -8.86767E+00 -8.90193E+00 -9.02756E+00 -9.23854E+00 -9.52680E+00 -9.88243E+00 -1.02938E+01 -1.07474E+01 -1.12286E+01 -1.17210E+01 -1.22063E+01 -1.26647E+01 -1.30751E+01 -1.34151E+01 -1.36621E+01 -1.37936E+01 -1.37892E+01 -1.36321E+01 -1.33108E+01 -1.28213E+01 -1.21681E+01 -1.13661E+01 -1.04398E+01 -9.42350E+00 -8.35909E+00 -7.29385E+00 -6.27736E+00 -5.35835E+00 -4.58148E+00 -3.98453E+00 -3.59623E+00 -3.43470E+00 -3.50674E+00
 -4.25752E+00 -4.93799E+00 -5.78156E+00 -6.75004E+00 -7.80145E+00 -8.89246E+00 -9.98085E+00 -1.10275E+01 -1.19980E+01 -1.28638E+01 -1.36029E+01 -1.41997E+01 -1.46449E+01 -1.49352E+01 -1.50721E+01 -1.50620E+01 -1.49147E+01 -1.46438E+01 -1.42655E+01 -1.37984E+01 -1.32631E+01 -1.26815E+01 -1.20759E+01 -1.14690E+01 -1.08825E+01 -1.03367E+01 -9.84980E+00 -9.43698E+00 -9.11045E+00 -8.87872E+00 -8.74647E+00 -8.71487E+00 -8.78153E+00 -8.94097E+00 -9.18474E+00 -9.50214E+00 -9.88055E+00 -1.03057E+01 -1.07619E+01 -1.12324E+01 -1.16995E+01 -1.21443E+01 -1.25471E+01 -1.28875E+01 -1.31448E+01 -1.32985E+01 -1.33294E+01 -1.32209E+01 -1.29607E+01 -1.25420E+01 -1.19661E+01 -1.12428E+01 -1.03918E+01 -9.44224E+00 -8.43181E+00 -7.40477E+00 -6.40930E+00 -5.49436E+00 -4.70642E+00 -4.08633E+00 -3.66658E+00 -3.46928E+00 -3.50494E+00 -3.77204E+00 -4.25752E+00
 -5.55066E+00 -6.48971E+00 -7.52208E+00 -8.60446E+00 -9.69401E+00 -1.07507E+01 -1.17393E+01 -1.26301E+01 -1.34005E+01 -1.40339E+01 -1.45206E+01 -1.48563E+01 -1.50416E+01 -1.50815E+01 -1.49840E+01 -1.47606E+01 -1.44250E+01 -1.39929E+01 -1.34825E+01 -1.29128E+01 -1.23049E+01 -1.16798E+01 -1.10593E+01 -1.04644E+01 -9.91487E+00 -9.42873E+00 -9.02131E+00 -8.70474E+00 -8.48754E+00 -8.37434E+00 -8.36578E+00 -8.45860E+00 -8.64604E+00 -8.91805E+00 -9.26169E+00 -9.66200E+00 -1.01021E+01 -1.05638E+01 -1.10279E+01 -1.14748E+01 -1.18841E+01 -1.22356E+01 -1.25096E+01 -1.26866E+01 -1.27490E+01 -1.26819E+01 -1.24734E+01 -1.21171E+01 -1.16128E+01 -1.09678E+01 -1.01980E+01 -9.32766E+00 -8.38943E+00 -7.42264E+00 -6.47147E+00 -5.58221E+00 -4.80036E+00 -4.16753E+00 -3.71864E+00 -3.47953E+00 -3.46527E+00 -3.67914E+00 -4.11263E+00 -4.74616E+00 -5.55066E+00
 -7.10135E+00 -8.15247E+00 -9.22533E+00 -1.02795E+01 -1.12783E+01 -1.21906E+01 -1.29914E+01 -1.36622E+01 -1.41912E+01 -1.45725E+01 -1.48054E+01 -1.48933E+01 -1.48434E+01 -1.46658E+01 -1.43726E+01 -1.39783E+01 -1.34988E+01 -1.29514E+01 -1.23547E+01 -1.17284E+01 -1.10926E+01 -1.04675E+01 -9.87319E+00 -9.32838E+00 -8.85019E+00 -8.45341E+00 -8.14976E+00 -7.94761E+00 -7.85144E+00 -7.86167E+00 -7.97484E+00 -8.18349E+00 -8.47661E+00 -8.84011E+00 -9.25718E+00 -9.70899E+00 -1.01751E+01 -1.06341E+01 -1.10641E+01 -1.14433E+01 -1.17505E+01 -1.19659E+01 -1.20714E+01 -1.20524E+01 -1.18978E+01 -1.16016E+01 -1.11638E+01 -1.05912E+01 -9.89791E+00 -9.10573E+00 -8.24346E+00 -7.34611E+00 -6.45328E+00 -5.60711E+00 -4.84983E+00 -4.22117E+00 -3.75582E+00 -3.48115E+00 -3.41532E+00 -3.56607E+00 -3.93014E+00 -4.49346E+00 -5.23213E+00 -6.11410E+00 -7.10135E+00
 -8.60762E+00 -9.63404E+00 -1.06226E+01 -1.15412E+01 -1.23628E+01 -1.30667E+01 -1.36380E+01 -1.40681E+01 -1.43533E+01 -1.44948E+01 -1.44977E+01 -1.43702E+01 -1.41234E+01 -1.37703E+01 -1.33258E+01 -1.28060E+01 -1.22283E+01 -1.16112E+01 -1.09734E+01 -1.03344E+01 -9.71310E+00 -9.12819E+00 -8.59718E+00 -8.13585E+00 -7.75780E+00 -7.47378E+00 -7.29136E+00 -7.21448E+00 -7.24333E+00 -7.37399E+00 -7.59880E+00 -7.90644E+00 -8.28219E+00 -8.70848E+00 -9.16530E+00 -9.63086E+00 -1.00822E+01 -1.04958E+01 -1.08487E+01 -1.11187E+01 -1.12860E+01 -1.13338E+01 -1.12498E+01 -1.10266E+01 -1.06635E+01 -1.01665E+01 -9.54893E+00 -8.83122E+00 -8.04049E+00 -7.20936E+00 -6.37451E+00 -5.57484E+00 -4.84942E+00 -4.23526E+00 -3.76520E+00 -3.46597E+00 -3.35654E+00 -3.44696E+00 -3.73768E+00 -4.21948E+00 -4.87397E+00 -5.67476E+00 -6.58903E+00 -7.57969E+00 -8.60762E+00
 -9.82363E+00 -1.07234E+01 -1.15447E+01 -1.22654E+01 -1.28686E+01 -1.33424E+01 -1.36802E+01 -1.38798E+01 -1.39431E+01 -1.38753E+01 -1.36850E+01 -1.33830E+01 -1.29825E+01 -1.24987E+01 -1.19479E+01 -1.13477E+01 -1.07166E+01 -1.00733E+01 -9.43669E+00 -8.82528E+00 -8.25661E+00 -7.74693E+00 -7.31064E+00 -6.95981E+00 -6.70376E+00 -6.54864E+00 -6.49721E+00 -6.54870E+00 -6.69858E+00 -6.93867E+00 -7.25736E+00 -7.63975E+00 -8.06804E+00 -8.52202E+00 -8.97950E+00 -9.41710E+00 -9.81093E+00 -1.01375E+01 -1.03748E+01 -1.05036E+01 -1.05082E+01 -1.03785E+01 -1.01104E+01 -9.70689E+00 -9.17880E+00 -8.54434E+00 -7.82874E+00 -7.06298E+00 -6.28222E+00 -5.52394E+00 -4.82577E+00 -4.22340E+00 -3.74862E+00 -3.42750E+00 -3.27903E+00 -3.31411E+00 -3.53509E+00 -3.93567E+00 -4.50138E+00 -5.21052E+00 -6.03537E+00 -6.94382E+00 -7.90129E+00 -8.87255E+00 -9.82363E+00
 -1.05963E+01 -1.13101E+01 -1.19239E+01 -1.24246E+01 -1.28033E+01 -1.30550E+01 -1.31784E+01 -1.31753E+01 -1.30507E+01 -1.28123E+01 -1.24703E+01 -1.20372E+01 -1.15276E+01 -1.09576E+01 -1.03449E+01 -9.70794E+00 -9.06569E+00 -8.43703E+00 -7.84023E+00 -7.29245E+00 -6.80917E+00 -6.40371E+00 -6.08676E+00 -5.86605E+00 -5.74608E+00 -5.72792E+00 -5.80918E+00 -5.98397E+00 -6.24313E+00 -6.57428E+00 -6.96216E+00 -7.38892E+00 -7.83453E+00 -8.27735E+00 -8.69458E+00 -9.06321E+00 -9.36085E+00 -9.56677E+00 -9.66321E+00 -9.63661E+00 -9.47885E+00 -9.18847E+00 -8.77133E+00 -8.24104E+00 -7.61857E+00 -6.93152E+00 -6.21260E+00 -5.49775E+00 -4.82397E+00 -4.22708E+00 -3.73953E+00 -3.38851E+00 -3.19441E+00 -3.16981E+00 -3.31897E+00 -3.63784E+00 -4.11460E+00 -4.73061E+00 -5.46162E+00 -6.27936E+00 -7.15314E+00 -8.05136E+00 -8.94328E+00 -9.80012E+00 -1.05963E+01
 -1.08727E+01 -1.13788E+01 -1.17782E+01 -1.20647E+01 -1.22349E+01 -1.22885E+01 -1.22275E+01 -1.20562E+01 -1.17816E+01 -1.14125E+01 -1.09604E+01 -1.04386E+01 -9.86245E+00 -9.24898E+00 -8.61635E+00 -7.98342E+00 -7.36916E+00 -6.79199E+00 -6.26904E+00 -5.81557E+00 -5.44437E+00 -5.16531E+00 -4.98486E+00 -4.90597E+00 -4.92794E+00 -5.04644E+00 -5.25375E+00 -5.53891E+00 -5.88818E+00 -6.28533E+00 -6.71208E+00 -7.14858E+00 -7.57391E+00 -7.96669E+00 -8.30579E+00 -8.57116E+00 -8.74479E+00 -8.81179E+00 -8.76150E+00 -8.58858E+00 -8.29392E+00 -7.88527E+00 -7.37752E+00 -6.79226E+00 -6.15700E+00 -5.50369E+00 -4.86689E+00 -4.28157E+00 -3.78092E+00 -3.39413E+00 -3.14463E+00 -3.04860E+00 -3.11414E+00 -3.34101E+00 -3.72091E+00 -4.23838E+00 -4.87207E+00 -5.59630E+00 -6.38275E+00 -7.20219E+00 -8.02593E+00 -8.82715E+00 -9.58180E+00 -1.02693E+01 -1.08727E+01
 -1.06748E+01 -1.09785E+01 -1.11780E+01 -1.12721E+01 -1.12613E+01 -1.11483E+01 -1.09375E+01 -1.06348E+01 -1.02483E+01 -9.78806E+00 -9.26593E+00 -8.69590E+00 -8.09377E+00 -7.47675E+00 -6.86311E+00 -6.27149E+00 -5.72022E+00 -5.22654E+00 -4.80582E+00 -4.47082E+00 -4.23114E+00 -4.09268E+00 -4.05737E+00 -4.12311E+00 -4.28380E+00 -4.52974E+00 -4.84791E+00 -5.22259E+00 -5.63591E+00 -6.06851E+00 -6.50017E+00 -6.91046E+00 -7.27939E+00 -7.58816E+00 -7.81983E+00 -7.96011E+00 -7.99811E+00 -7.92712E+00 -7.74529E+00 -7.45625E+00 -7.06935E+00 -6.59983E+00 -6.06845E+00 -5.50069E+00 -4.92567E+00 -4.37448E+00 -3.87841E+00 -3.46687E+00 -3.16551E+00 -2.99441E+00 -2.96680E+00 -3.08813E+00 -3.35590E+00 -3.75996E+00 -4.28350E+00 -4.90435E+00 -5.59671E+00 -6.33302E+00 -7.08548E+00 -7.82776E+00 -8.53610E+00 -9.18997E+00 -9.77252E+00 -1.02707E+01 -1.06748E+01
 -1.00710E+01 -1.01920E+01 -1.02167E+01 -1.01471E+01 -9.98679E+00 -9.74059E+00 -9.41459E+00 -9.01632E+00 -8.55474E+00 -8.04057E+00 -7.48624E+00 -6.90592E+00 -6.31537E+00 -5.73159E+00 -5.17224E+00 -4.65502E+00 -4.19688E+00 -3.81316E+00 -3.51672E+00 -3.31725E+00 -3.22061E+00 -3.22842E+00 -3.33784E+00 -3.54167E+00 -3.82859E+00 -4.18371E+00 -4.58925E+00 -5.02539E+00 -5.47113E+00 -5.90523E+00 -6.30714E+00 -6.65779E+00 -6.94041E+00 -7.14119E+00 -7.24980E+00 -7.25987E+00 -7.16924E+00 -6.98025E+00 -6.69968E+00 -6.33874E+00 -5.91290E+00 -5.44149E+00 -4.94707E+00 -4.45462E+00 -3.99042E+00 -3.58067E+00 -3.25000E+00 -3.01985E+00 -2.90699E+00 -2.92227E+00 -3.06981E+00 -3.34657E+00 -3.74265E+00 -4.24196E+00 -4.82352E+00 -5.46295E+00 -6.13425E+00 -6.81152E+00 -7.47034E+00 -8.08900E+00 -8.64929E+00 -9.13667E+00 -9.54042E+00 -9.85328E+00 -1.00710E+01
 -9.15160E+00 -9.11684E+00 -8.99617E+00 -8.79429E+00 -8.51698E+00 -8.17094E+00 -7.76384E+00 -7.30441E+00 -6.80259E+00 -6.26961E+00 -5.71816E+00 -5.16232E+00 -4.61737E+00 -4.09941E+00 -3.62484E+00 -3.20963E+00 -2.86854E+00 -2.61421E+00 -2.45634E+00 -2.40096E+00 -2.44981E+00 -2.59999E+00 -2.84391E+00 -3.16947E+00 -3.56055E+00 -3.99781E+00 -4.45966E+00 -4.92341E+00 -5.36648E+00 -5.76764E+00 -6.10804E+00 -6.37226E+00 -6.54894E+00 -6.63121E+00 -6.61690E+00 -6.50838E+00 -6.31219E+00 -6.03858E+00 -5.70103E+00 -5.31559E+00 -4.90038E+00 -4.47509E+00 -4.06039E+00 -3.67729E+00 -3.34636E+00 -3.08674E+00 -2.91513E+00 -2.84467E+00 -2.88393E+00 -3.03613E+00 -3.29867E+00 -3.66311E+00 -4.11565E+00 -4.63798E+00 -5.20852E+00 -5.80398E+00 -6.40075E+00 -6.97642E+00 -7.51090E+00 -7.98723E+00 -8.39199E+00 -8.71550E+00 -8.95156E+00 -9.09707E+00 -9.15160E+00
 -8.00831E+00 -7.84715E+00 -7.61194E+00 -7.30944E+00 -6.94730E+00 -6.53394E+00 -6.07844E+00 -5.59066E+00 -5.08130E+00 -4.56200E+00 -4.04541E+00 -3.54508E+00 -3.07527E+00 -2.65057E+00 -2.28535E+00 -1.99308E+00 -1.78550E+00 -1.67186E+00 -1.65807E+00 -1.74599E+00 -1.93301E+00 -2.21169E+00 -2.56992E+00 -2.99124E+00 -3.45560E+00 -3.94042E+00 -4.42186E+00 -4.87624E+00 -5.28153E+00 -5.61870E+00 -5.87291E+00 -6.03434E+00 -6.09858E+00 -6.06664E+00 -5.94452E+00 -5.74246E+00 -5.47394E+00 -5.15470E+00 -4.80175E+00 -4.43267E+00 -4.06500E+00 -3.71577E+00 -3.40127E+00 -3.13674E+00 -2.93594E+00 -2.81072E+00 -2.77036E+00 -2.82092E+00 -2.96464E+00 -3.19943E+00 -3.51871E+00 -3.91150E+00 -4.36298E+00 -4.85526E+00 -5.36846E+00 -5.88202E+00 -6.37586E+00 -6.83145E+00 -7.23280E+00 -7.56697E+00 -7.82436E+00 -7.99881E+00 -8.08733E+00 -8.08975E+00 -8.00831E+00
 -6.73045E+00 -6.47272E+00 -6.15358E+00 -5.78153E+00 -5.36583E+00 -4.91633E+00 -4.44337E+00 -3.95774E+00 -3.47072E+00 -2.99407E+00 -2.54002E+00 -2.12114E+00 -1.75011E+00 -1.43937E+00 -1.20057E+00 -1.04391E+00 -9.77475E-01 -1.00646E+00 -1.13244E+00 -1.35287E+00 -1.66064E+00 -2.04403E+00 -2.48696E+00 -2.96960E+00 -3.46938E+00 -3.96225E+00 -4.42421E+00 -4.83297E+00 -5.16939E+00 -5.41894E+00 -5.57260E+00 -5.62734E+00 -5.58607E+00 -5.45712E+00 -5.25317E+00 -4.99005E+00 -4.68531E+00 -4.35698E+00 -4.02252E+00 -3.69814E+00 -3.39837E+00 -3.13598E+00 -2.92192E+00 -2.76544E+00 -2.67405E+00 -2.65337E+00 -2.70685E+00 -2.83544E+00 -3.03720E+00 -3.30702E+00 -3.63657E+00 -4.01440E+00 -4.42645E+00 -4.85664E+00 -5.28778E+00 -5.70253E+00 -6.08435E+00 -6.41832E+00 -6.69189E+00 -6.89532E+00 -7.02193E+00 -7.06814E+00 -7.03328E+00 -6.91931E+00 -6.73045E+00
 -5.39610E+00 -5.07110E+00 -4.69783E+00 -4.28618E+00 -3.84671E+00 -3.39043E+00 -2.92864E+00 -2.47275E+00 -2.03430E+00 -1.62478E+00 -1.25558E+00 -9.37841E-01 -6.82128E-01 -4.98122E-01 -3.94127E-01 -3.76514E-01 -4.49105E-01 -6.12568E-01 -8.63878E-01 -1.19592E+00 -1.59737E+00 -2.05279E+00 -2.54320E+00 -3.04689E+00 -3.54065E+00 -4.00124E+00 -4.40698E+00 -4.73934E+00 -4.98429E+00 -5.13343E+00 -5.18440E+00 -5.14095E+00 -5.01237E+00 -4.81238E+00 -4.55780E+00 -4.26701E+00 -3.95849E+00 -3.64963E+00 -3.35587E+00 -3.09022E+00 -2.86319E+00 -2.68290E+00 -2.55538E+00 -2.48489E+00 -2.47409E+00 -2.52414E+00 -2.63456E+00 -2.80313E+00 -3.02557E+00 -3.29544E+00 -3.60404E+00 -3.94062E+00 -4.29260E+00 -4.64615E+00 -4.98688E+00 -5.30050E+00 -5.57363E+00 -5.79445E+00 -5.95327E+00 -6.04294E+00 -6.05909E+00 -6.00015E+00 -5.86725E+00 -5.66399E+00 -5.39610E+00
 -4.07331E+00 -3.70871E+00 -3.30924E+00 -2.88579E+00 -2.44985E+00 -2.01319E+00 -1.58766E+00 -1.18494E+00 -8.16366E-01 -4.92755E-01 -2.24225E-01 -1.99662E-02  1.12039E-01  1.65360E-01  1.35525E-01  2.04796E-02 -1.78965E-01 -4.58711E-01 -8.11089E-01 -1.22474E+00 -1.68474E+00 -2.17308E+00 -2.66941E+00 -3.15212E+00 -3.59966E+00 -3.99200E+00 -4.31211E+00 -4.54720E+00 -4.68974E+00 -4.73799E+00 -4.69595E+00 -4.57288E+00 -4.38235E+00 -4.14083E+00 -3.86632E+00 -3.57680E+00 -3.28910E+00 -3.01787E+00 -2.77514E+00 -2.57011E+00 -2.40933E+00 -2.29699E+00 -2.23541E+00 -2.22538E+00 -2.26643E+00 -2.35700E+00 -2.49436E+00 -2.67459E+00 -2.89234E+00 -3.14079E+00 -3.41156E+00 -3.69489E+00 -3.97983E+00 -4.25468E+00 -4.50753E+00 -4.72675E+00 -4.90169E+00 -5.02318E+00 -5.08399E+00 -5.07918E+00 -5.00632E+00 -4.86556E+00 -4.65952E+00 -4.39313E+00 -4.07331E+00
 -2.81560E+00 -2.43680E+00 -2.03648E+00 -1.62612E+00 -1.21767E+00 -8.23232E-01 -4.54720E-01 -1.23568E-01  1.59545E-01  3.84958E-01  5.44292E-01  6.30731E-01  6.39315E-01  5.67256E-01  4.14260E-01  1.82828E-01 -1.21499E-01 -4.89999E-01 -9.10793E-01 -1.36907E+00 -1.84756E+00 -2.32729E+00 -2.78852E+00 -3.21192E+00 -3.57987E+00 -3.87762E+00 -4.09440E+00 -4.22420E+00 -4.26618E+00 -4.22461E+00 -4.10839E+00 -3.93019E+00 -3.70524E+00 -3.45009E+00 -3.18129E+00 -2.91426E+00 -2.66250E+00 -2.43697E+00 -2.24597E+00 -2.09523E+00 -1.98815E+00 -1.92625E+00 -1.90953E+00 -1.93685E+00 -2.00611E+00 -2.11439E+00 -2.25788E+00 -2.43189E+00 -2.63066E+00 -2.84739E+00 -3.07419E+00 -3.30225E+00 -3.52203E+00 -3.72364E+00 -3.89726E+00 -4.03357E+00 -4.12428E+00 -4.16255E+00 -4.14333E+00 -4.06370E+00 -3.92301E+00 -3.72290E+00 -3.46731E+00 -3.16225E+00 -2.81560E+00
 -1.66047E+00 -1.28959E+00 -9.10173E-01 -5.33859E-01 -1.72604E-01  1.61704E-01  4.57615E-01  7.04481E-01  8.92807E-01  1.01460E+00  1.06368E+00  1.03603E+00  9.30062E-01  7.46887E-01  4.90496E-01  1.67869E-01 -2.11068E-01 -6.33627E-01 -1.08474E+00 -1.54753E+00 -2.00412E+00 -2.43650E+00 -2.82766E+00 -3.16257E+00 -3.42919E+00 -3.61926E+00 -3.72887E+00 -3.75855E+00 -3.71318E+00 -3.60144E+00 -3.43498E+00 -3.22744E+00 -2.99338E+00 -2.74722E+00 -2.50232E+00 -2.27039E+00 -2.06099E+00 -1.88140E+00 -1.73671E+00 -1.63002E+00 -1.56273E+00 -1.53489E+00 -1.54549E+00 -1.59261E+00 -1.67356E+00 -1.78492E+00 -1.92249E+00 -2.08124E+00 -2.25528E+00 -2.43791E+00 -2.62165E+00 -2.79844E+00 -2.95988E+00 -3.09757E+00 -3.20345E+00 -3.27020E+00 -3.29163E+00 -3.26301E+00 -3.18133E+00 -3.04554E+00 -2.85663E+00 -2.61768E+00 -2.33377E+00 -2.01184E+00 -1.66047E+00
 -6.30741E-01 -2.85976E-01  5.50382E-02  3.80925E-01  6.80232E-01  9.41822E-01  1.15527E+00  1.31129E+00  1.40213E+00  1.42195E+00  1.36726E+00  1.23715E+00  1.03363E+00  7.61705E-01  4.29407E-01  4.76456E-02 -3.70150E-01 -8.08560E-01 -1.25089E+00 -1.68003E+00 -2.07940E+00 -2.43395E+00 -2.73106E+00 -2.96131E+00 -3.11903E+00 -3.20255E+00 -3.21413E+00 -3.15963E+00 -3.04785E+00 -2.88974E+00 -2.69750E+00 -2.48367E+00 -2.26038E+00 -2.03863E+00 -1.82793E+00 -1.63602E+00 -1.46882E+00 -1.33060E+00 -1.22409E+00 -1.15080E+00 -1.11117E+00 -1.10476E+00 -1.13035E+00 -1.18600E+00 -1.26901E+00 -1.37588E+00 -1.50228E+00 -1.64304E+00 -1.79218E+00 -1.94306E+00 -2.08847E+00 -2.22094E+00 -2.33297E+00 -2.41740E+00 -2.46771E+00 -2.47834E+00 -2.44501E+00 -2.36492E+00 -2.23699E+00 -2.06192E+00 -1.84229E+00 -1.58247E+00 -1.28858E+00 -9.68324E-01 -6.30741E-01
  2.68145E-01  5.72705E-01  8.62221E-01  1.12602E+00  1.35366E+00  1.53529E+00  1.66210E+00  1.72672E+00  1.72370E+00  1.64985E+00  1.50467E+00  1.29060E+00  1.01313E+00  6.80828E-01  3.05061E-01 -1.00396E-01 -5.20019E-01 -9.37353E-01 -1.33595E+00 -1.70035E+00 -2.01709E+00 -2.27547E+00 -2.46825E+00 -2.59198E+00 -2.64703E+00 -2.63732E+00 -2.56980E+00 -2.45370E+00 -2.29964E+00 -2.11879E+00 -1.92210E+00 -1.71965E+00 -1.52023E+00 -1.33111E+00 -1.15805E+00 -1.00537E+00 -8.76179E-01 -7.72624E-01 -6.96063E-01 -6.47251E-01 -6.26399E-01 -6.33161E-01 -6.66576E-01 -7.24949E-01 -8.05750E-01 -9.05531E-01 -1.01990E+00 -1.14355E+00 -1.27043E+00 -1.39387E+00 -1.50689E+00 -1.60247E+00 -1.67393E+00 -1.71517E+00 -1.72106E+00 -1.68764E+00 -1.61240E+00 -1.49437E+00 -1.33424E+00 -1.13439E+00 -8.98848E-01 -6.33207E-01 -3.44482E-01 -4.09358E-02  2.68145E-01
  1.04255E+00  1.29709E+00  1.52660E+00  1.72156E+00  1.87299E+00  1.97286E+00  2.01450E+00  1.99301E+00  1.90564E+00  1.75224E+00  1.53544E+00  1.26089E+00  9.37194E-01  5.75662E-01  1.89884E-01 -2.04966E-01 -5.92982E-01 -9.58502E-01 -1.28712E+00 -1.56664E+00 -1.78788E+00 -1.94521E+00 -2.03680E+00 -2.06456E+00 -2.03369E+00 -1.95207E+00 -1.82935E+00 -1.67606E+00 -1.50276E+00 -1.31926E+00 -1.13413E+00 -9.54387E-01 -7.85436E-01 -6.31205E-01 -4.94411E-01 -3.76879E-01 -2.79865E-01 -2.04299E-01 -1.50931E-01 -1.20356E-01 -1.12936E-01 -1.28635E-01 -1.66814E-01 -2.26033E-01 -3.03889E-01 -3.96925E-01 -5.00644E-01 -6.09605E-01 -7.17631E-01 -8.18083E-01 -9.04192E-01 -9.69419E-01 -1.00781E+00 -1.01432E+00 -9.85113E-01 -9.17747E-01 -8.11336E-01 -6.66615E-01 -4.85940E-01 -2.73225E-01 -3.38248E-02  2.25615E-01  4.97351E-01  7.72756E-01  1.04255E+00
  1.70918E+00  1.90767E+00  2.07281E+00  2.19661E+00  2.27199E+00  2.29320E+00  2.25614E+00  2.15873E+00  2.00126E+00  1.78662E+00  1.52049E+00  1.21125E+00  8.69816E-01  5.09151E-01  1.43643E-01 -2.11741E-01 -5.42403E-01 -8.35090E-01 -1.07881E+00 -1.26561E+00 -1.39102E+00 -1.45434E+00 -1.45842E+00 -1.40923E+00 -1.31513E+00 -1.18600E+00 -1.03226E+00 -8.64047E-01 -6.90425E-01 -5.18949E-01 -3.55407E-01 -2.03849E-01 -6.68090E-02  5.43321E-02  1.58927E-01  2.46669E-01  3.17275E-01  3.70312E-01  4.05158E-01  4.21102E-01  4.17553E-01  3.94303E-01  3.51811E-01  2.91446E-01  2.15653E-01  1.28014E-01  3.31947E-02 -6.32227E-02 -1.55011E-01 -2.35635E-01 -2.98641E-01 -3.38049E-01 -3.48722E-01 -3.26689E-01 -2.69386E-01 -1.75828E-01 -4.66761E-02  1.15763E-01  3.07629E-01  5.23649E-01  7.57331E-01  1.00119E+00  1.24698E+00  1.48597E+00  1.70918E+00
  2.28947E+00  2.42919E+00  2.52919E+00  2.58336E+00  2.58690E+00  2.53662E+00  2.43126E+00  2.27173E+00  2.06133E+00  1.80582E+00  1.51338E+00  1.19440E+00  8.61069E-01  5.26724E-01  2.05131E-01 -9.04142E-02 -3.47978E-01 -5.57835E-01 -7.13157E-01 -8.10465E-01 -8.49791E-01 -8.34519E-01 -7.70922E-01 -6.67451E-01 -5.33865E-01 -3.80311E-01 -2.16463E-01 -5.08229E-02  1.09751E-01  2.60257E-01  3.97508E-01  5.19878E-01  6.26902E-01  7.18815E-01  7.96107E-01  8.59157E-01  9.08007E-01  9.42286E-01  9.61289E-01  9.64170E-01  9.50239E-01  9.19270E-01  8.71806E-01  8.09390E-01  7.34692E-01  6.51537E-01  5.64783E-01  4.80095E-01  4.03633E-01  3.41659E-01  3.00128E-01  2.84289E-01  2.98316E-01  3.45024E-01  4.25652E-01  5.39768E-01  6.85249E-01  8.58370E-01  1.05396E+00  1.26562E+00  1.48598E+00  1.70701E+00  1.92026E+00  2.11720E+00  2.28947E+00
  2.80431E+00  2.88495E+00  2.92175E+00  2.91073E+00  2.84959E+00  2.73787E+00  2.57715E+00  2.37121E+00  2.12605E+00  1.84977E+00  1.55232E+00  1.24514E+00  9.40555E-01  6.51092E-01  3.88685E-01  1.63881E-01 -1.48977E-02 -1.41960E-01 -2.14724E-01 -2.33838E-01 -2.03010E-01 -1.28563E-01 -1.87639E-02  1.16989E-01  2.69027E-01  4.28218E-01  5.86618E-01  7.37925E-01  8.77673E-01  1.00320E+00  1.11340E+00  1.20834E+00  1.28878E+00  1.35576E+00  1.41017E+00  1.45251E+00  1.48277E+00  1.50049E+00  1.50487E+00  1.49510E+00  1.47063E+00  1.43150E+00  1.37861E+00  1.31390E+00  1.24041E+00  1.16228E+00  1.08449E+00  1.01269E+00  9.52762E-01  9.10457E-01  8.90983E-01  8.98619E-01  9.36380E-01  1.00578E+00  1.10668E+00  1.23724E+00  1.39398E+00  1.57195E+00  1.76491E+00  1.96564E+00  2.16625E+00  2.35851E+00  2.53415E+00  2.68521E+00  2.80431E+00
  3.26897E+00  3.29170E+00  3.26894E+00  3.19903E+00  3.08219E+00  2.92061E+00  2.71853E+00  2.48219E+00  2.21968E+00  1.94071E+00  1.65611E+00  1.37735E+00  1.11589E+00  8.82435E-01  6.86275E-01  5.34606E-01  4.32049E-01  3.80333E-01  3.78237E-01  4.21779E-01  5.04647E-01  6.18827E-01  7.55357E-01  9.05115E-01  1.05955E+00  1.21127E+00  1.35448E+00  1.48514E+00  1.60093E+00  1.70103E+00  1.78578E+00  1.85623E+00  1.91369E+00  1.95939E+00  1.99419E+00  2.01843E+00  2.03195E+00  2.03420E+00  2.02449E+00  2.00225E+00  1.96736E+00  1.92038E+00  1.86279E+00  1.79706E+00  1.72668E+00  1.65604E+00  1.59016E+00  1.53443E+00  1.49421E+00  1.47445E+00  1.47932E+00  1.51184E+00  1.57365E+00  1.66481E+00  1.78373E+00  1.92722E+00  2.09058E+00  2.26784E+00  2.45202E+00  2.63546E+00  2.81017E+00  2.96816E+00  3.10178E+00  3.20406E+00  3.26897E+00
  3.68810E+00  3.65489E+00  3.57717E+00  3.45567E+00  3.29302E+00  3.09379E+00  2.86439E+00  2.61291E+00  2.34879E+00  2.08242E+00  1.82458E+00  1.58586E+00  1.37602E+00  1.20328E+00  1.07387E+00  9.91495E-01  9.57177E-01  9.69194E-01  1.02332E+00  1.11322E+00  1.23110E+00  1.36835E+00  1.51632E+00  1.66695E+00  1.81332E+00  1.95005E+00  2.07341E+00  2.18134E+00  2.27319E+00  2.34943E+00  2.41124E+00  2.46010E+00  2.49743E+00  2.52436E+00  2.54151E+00  2.54906E+00  2.54677E+00  2.53421E+00  2.51101E+00  2.47709E+00  2.43296E+00  2.37991E+00  2.32009E+00  2.25657E+00  2.19321E+00  2.13451E+00  2.08531E+00  2.05047E+00  2.03452E+00  2.04126E+00  2.07351E+00  2.13278E+00  2.21909E+00  2.33094E+00  2.46527E+00  2.61760E+00  2.78222E+00  2.95245E+00  3.12093E+00  3.28004E+00  3.42215E+00  3.54003E+00  3.62713E+00  3.67792E+00  3.68810E+00
  4.05407E+00  3.96730E+00  3.83985E+00  3.67471E+00  3.47667E+00  3.25219E+00  3.00923E+00  2.75689E+00  2.50510E+00  2.26399E+00  2.04343E+00  1.85235E+00  1.69818E+00  1.58638E+00  1.52002E+00  1.49959E+00  1.52307E+00  1.58604E+00  1.68222E+00  1.80396E+00  1.94293E+00  2.09077E+00  2.23977E+00  2.38329E+00  2.51618E+00  2.63490E+00  2.73747E+00  2.82332E+00  2.89296E+00  2.94764E+00  2.98893E+00  3.01842E+00  3.03745E+00  3.04696E+00  3.04743E+00  3.03900E+00  3.02158E+00  2.99511E+00  2.95973E+00  2.91610E+00  2.86551E+00  2.80999E+00  2.75237E+00  2.69620E+00  2.64554E+00  2.60475E+00  2.57817E+00  2.56982E+00  2.58302E+00  2.62013E+00  2.68228E+00  2.76922E+00  2.87924E+00  3.00921E+00  3.15464E+00  3.30994E+00  3.46864E+00  3.62374E+00  3.76800E+00  3.89429E+00  3.99593E+00  4.06699E+00  4.10255E+00  4.09897E+00  4.05407E+00
  4.34733E+00  4.21031E+00  4.03942E+00  3.83966E+00  3.61752E+00  3.38071E+00  3.13793E+00  2.89846E+00  2.67172E+00  2.46675E+00  2.29167E+00  2.15319E+00  2.05611E+00  2.00301E+00  1.99408E+00  2.02712E+00  2.09776E+00  2.19983E+00  2.32590E+00  2.46790E+00  2.61771E+00  2.76779E+00  2.91163E+00  3.04412E+00  3.16166E+00  3.26219E+00  3.34505E+00  3.41066E+00  3.46025E+00  3.49542E+00  3.51793E+00  3.52934E+00  3.53091E+00  3.52354E+00  3.50779E+00  3.48400E+00  3.45252E+00  3.41384E+00  3.36888E+00  3.31907E+00  3.26651E+00  3.21393E+00  3.16467E+00  3.12249E+00  3.09134E+00  3.07511E+00  3.07726E+00  3.10056E+00  3.14682E+00  3.21660E+00  3.30915E+00  3.42231E+00  3.55258E+00  3.69523E+00  3.84457E+00  3.99415E+00  4.13714E+00  4.26669E+00  4.37619E+00  4.45961E+00  4.51180E+00  4.52870E+00  4.50755E+00  4.44702E+00  4.34733E+00
  4.54111E+00  4.35924E+00  4.15331E+00  3.92993E+00  3.69662E+00  3.46162E+00  3.23346E+00  3.02065E+00  2.83122E+00  2.67231E+00  2.54971E+00  2.46746E+00  2.42764E+00  2.43013E+00  2.47269E+00  2.55108E+00  2.65941E+00  2.79060E+00  2.93694E+00  3.09061E+00  3.24425E+00  3.39141E+00  3.52688E+00  3.64688E+00  3.74908E+00  3.83251E+00  3.89735E+00  3.94462E+00  3.97588E+00  3.99296E+00  3.99763E+00  3.99151E+00  3.97595E+00  3.95203E+00  3.92065E+00  3.88268E+00  3.83910E+00  3.79121E+00  3.74072E+00  3.68987E+00  3.64142E+00  3.59860E+00  3.56492E+00  3.54401E+00  3.53928E+00  3.55370E+00  3.58946E+00  3.64771E+00  3.72839E+00  3.83009E+00  3.95003E+00  4.08413E+00  4.22721E+00  4.37320E+00  4.51548E+00  4.64722E+00  4.76176E+00  4.85295E+00  4.91542E+00  4.94489E+00  4.93833E+00  4.89409E+00  4.81202E+00  4.69343E+00  4.54111E+00
  4.60914E+00  4.39150E+00  4.16239E+00  3.92941E+00  3.70037E+00  3.48309E+00  3.28507E+00  3.11312E+00  2.97311E+00  2.86960E+00  2.80562E+00  2.78243E+00  2.79942E+00  2.85417E+00  2.94254E+00  3.05898E+00  3.19687E+00  3.34900E+00  3.50801E+00  3.66689E+00  3.81936E+00  3.96017E+00  4.08536E+00  4.19226E+00  4.27949E+00  4.34679E+00  4.39484E+00  4.42497E+00  4.43890E+00  4.43855E+00  4.42580E+00  4.40247E+00  4.37019E+00  4.33050E+00  4.28493E+00  4.23508E+00  4.18275E+00  4.13010E+00  4.07963E+00  4.03422E+00  3.99704E+00  3.97144E+00  3.96069E+00  3.96779E+00  3.99515E+00  4.04435E+00  4.11587E+00  4.20894E+00  4.32143E+00  4.44984E+00  4.58942E+00  4.73435E+00  4.87809E+00  5.01366E+00  5.13406E+00  5.23268E+00  5.30367E+00  5.34227E+00  5.34504E+00  5.31003E+00  5.23689E+00  5.12684E+00  4.98260E+00  4.80827E+00  4.60914E+00
  4.53441E+00  4.29526E+00  4.05942E+00  3.83458E+00  3.62799E+00  3.44615E+00  3.29461E+00  3.17774E+00  3.09862E+00  3.05882E+00  3.05843E+00  3.09597E+00  3.16847E+00  3.27166E+00  3.40016E+00  3.54777E+00  3.70786E+00  3.87369E+00  4.03880E+00  4.19732E+00  4.34425E+00  4.47558E+00  4.58848E+00  4.68119E+00  4.75303E+00  4.80422E+00  4.83569E+00  4.84893E+00  4.84576E+00  4.82821E+00  4.79839E+00  4.75846E+00  4.71058E+00  4.65696E+00  4.59993E+00  4.54196E+00  4.48574E+00  4.43419E+00  4.39044E+00  4.35770E+00  4.33918E+00  4.33785E+00  4.35625E+00  4.39621E+00  4.45862E+00  4.54323E+00  4.64850E+00  4.77149E+00  4.90796E+00  5.05243E+00  5.19845E+00  5.33892E+00  5.46647E+00  5.57388E+00  5.65453E+00  5.70282E+00  5.71449E+00  5.68690E+00  5.61917E+00  5.51224E+00  5.36883E+00  5.19321E+00  4.99102E+00  4.76895E+00  4.53441E+00
  4.31841E+00  4.07782E+00  3.85626E+00  3.66063E+00  3.49663E+00  3.36859E+00  3.27941E+00  3.23047E+00  3.22169E+00  3.25159E+00  3.31737E+00  3.41513E+00  3.54001E+00  3.68646E+00  3.84848E+00  4.01990E+00  4.19460E+00  4.36684E+00  4.53140E+00  4.68378E+00  4.82034E+00  4.93834E+00  5.03596E+00  5.11225E+00  5.16708E+00  5.20098E+00  5.21508E+00  5.21097E+00  5.19059E+00  5.15619E+00  5.11019E+00  5.05526E+00  4.99421E+00  4.93004E+00  4.86594E+00  4.80524E+00  4.75137E+00  4.70781E+00  4.67798E+00  4.66501E+00  4.67164E+00  4.69995E+00  4.75117E+00  4.82543E+00  4.92167E+00  5.03748E+00  5.16907E+00  5.31136E+00  5.45815E+00  5.60236E+00  5.73639E+00  5.85255E+00  5.94347E+00  6.00262E+00  6.02469E+00  6.00598E+00  5.94465E+00  5.84086E+00  5.69684E+00  5.51672E+00  5.30635E+00  5.07293E+00  4.82464E+00  4.57020E+00  4.31841E+00
  3.98634E+00  3.76938E+00  3.58645E+00  3.44265E+00  3.34130E+00  3.28393E+00  3.27031E+00  3.29865E+00  3.36573E+00  3.46719E+00  3.59779E+00  3.75172E+00  3.92282E+00  4.10490E+00  4.29195E+00  4.47834E+00  4.65895E+00  4.82933E+00  4.98575E+00  5.12520E+00  5.24548E+00  5.34505E+00  5.42311E+00  5.47944E+00  5.51439E+00  5.52884E+00  5.52410E+00  5.50193E+00  5.46445E+00  5.41419E+00  5.35400E+00  5.28710E+00  5.21700E+00  5.14743E+00  5.08231E+00  5.02564E+00  4.98131E+00  4.95297E+00  4.94386E+00  4.95651E+00  4.99264E+00  5.05289E+00  5.13663E+00  5.24192E+00  5.36541E+00  5.50238E+00  5.64687E+00  5.79191E+00  5.92981E+00  6.05256E+00  6.15227E+00  6.22163E+00  6.25439E+00  6.24574E+00  6.19272E+00  6.09444E+00  5.95219E+00  5.76946E+00  5.55176E+00  5.30637E+00  5.04190E+00  4.76788E+00  4.49421E+00  4.23066E+00  3.98634E+00
