# Postprocessed output from file: /home/jose/RUNS/marconis/lhdis_0119/flsurf_phi.dat
# Time average interval         : 600000	1000000
# load_s0, nchi, nphi, nfp
#
0.640625
65
65
10
6.36592772853	6.1049752955	5.9211367977	5.82030689554	5.8048662938	5.873924204	6.02377183244	6.24828019062	6.53934395583	6.88729775188	7.28127996825	7.70959207585	8.16003501355	8.62027261383	9.07820568965	9.52236491317	9.94232200738	10.3290518176	10.6752678982	10.9756276461	11.2268490407	11.4276666496	11.5786622252	11.6819684525	11.7408720349	11.7594334426	11.7420053066	11.6928903279	11.6161018242	11.5151414849	11.3930364632	11.2524597168	11.0959114291	10.926048303	10.7459753912	10.5595442388	10.3715055114	10.1875920889	10.014387785	9.85896381937	9.7284495457	9.62936733571	9.56689190643	9.54417466767	9.56165642287	9.61660243185	9.70286920806	9.8109790155	9.92853650735	10.0409609567	10.1325329536	10.1876109108	10.1919738601	10.1340974664	10.006275545	9.8054458507	9.53361623156	9.19787001035	8.8099092907	8.38523257387	7.94198737797	7.49965296517	7.07774874743	6.69451568057	6.36592772853	
5.71912324667	5.58637627867	5.54502878445	5.59495167338	5.732439978	5.95080117309	6.2410468316	6.59248774068	6.99334004983	7.43121139912	7.89352661596	8.36786310163	8.84225473775	9.30545265951	9.74717953316	10.1583820693	10.5314461142	10.8603879229	11.1409843906	11.3708346105	11.5493022652	11.6773755757	11.75744282	11.7929583479	11.7881217794	11.7475022862	11.6757483942	11.5772850665	11.456235737	11.316297264	11.1608108764	10.9929976083	10.816029547	10.6333729178	10.448970275	10.267375845	10.0938121228	9.93405634803	9.79415807624	9.68001381729	9.59682624195	9.54845692774	9.53678737143	9.56112062536	9.6177769452	9.69989233392	9.79751033346	9.89802214489	9.98689716112	10.0487309291	10.0684732144	10.032759886	9.93120615658	9.75750956345	9.51026599103	9.19335262818	8.81587290577	8.39162210556	7.93813711976	7.47545217097	7.02460896489	6.60625030456	6.23922965302	5.93944090877	5.71912324667	
5.18303497942	5.20664360732	5.32533838101	5.53293899895	5.82029404432	6.17604662329	6.58740685112	7.04082736439	7.52259210486	8.0192720638	8.51809749171	9.00723380135	9.47597639251	9.91494284839	10.316217808	10.6734572072	10.9819691021	11.238767444	11.4425678595	11.5936645324	11.6938009021	11.7459446605	11.7539891701	11.7224714767	11.6562591098	11.5602637586	11.439248483	11.297674789	11.1396786233	10.9690788991	10.789487106	10.604525362	10.4179533179	10.2338384961	10.0566595105	9.89130240853	9.74292162582	9.61668476013	9.51737191021	9.44886786403	9.41360215555	9.41196904792	9.44188804501	9.49840560239	9.57365694769	9.65700533358	9.73554211924	9.79488941237	9.82022976211	9.79757422251	9.71501933713	9.56401467044	9.3403634645	9.04494019855	8.68395131957	8.26875307091	7.81518018349	7.34249022717	6.87200632866	6.42559009039	6.02412846974	5.68618236569	5.42685222451	5.25702392281	5.18303497942	
4.85114246332	5.04432679139	5.32482988293	5.68133443114	6.10063247189	6.56842480065	7.07002195182	7.59093618296	8.11732678866	8.63634270961	9.13637886023	9.60723074215	10.04023149	10.4283794092	10.7663331594	11.0504907678	11.2789771372	11.4515705945	11.5696002556	11.6357266669	11.653738888	11.6282600782	11.56444451	11.4676858337	11.3433574456	11.1966117386	11.0322565791	10.8547096551	10.6680490015	10.4761124261	10.2826199842	10.0914022502	9.90650642344	9.73219165068	9.57299054243	9.43351316003	9.31816534283	9.23076665784	9.17404272344	9.14911406686	9.15499074313	9.18815160266	9.24233949094	9.30854932568	9.37531303145	9.42932322451	9.45629072663	9.44206173809	9.37387317043	9.24163309249	9.03905576415	8.76458261951	8.42190085847	8.02003240231	7.57293056064	7.0986298752	6.61801952	6.15337167097	5.72676747714	5.35857824731	5.06617512806	4.86291192405	4.75750941258	4.75385544898	4.85114246332	
4.79836591943	5.15577851146	5.5820412484	6.06233583109	6.58130712214	7.12371649041	7.67496758263	8.22147732646	8.75091169535	9.25237094737	9.71647085194	10.1354190081	10.5031142135	10.8151175229	11.068720744	11.262926331	11.3983798279	11.4772509664	11.5030574115	11.480427397	11.4147991325	11.3121236708	11.1785523209	11.0201505675	10.8426636409	10.6514238904	10.4512200955	10.2463383524	10.0407086486	9.83803207777	9.64192967548	9.4560682851	9.28426964986	9.13047232281	8.99857212604	8.89215519697	8.81410137336	8.76611285037	8.74818748258	8.75815993548	8.7913411766	8.84034909555	8.8952126007	8.94376361554	8.97234189857	8.96676277761	8.91355469383	8.80122439278	8.62153072863	8.37059217986	8.0496467725	7.66541773895	7.22996208744	6.76003150486	6.27598390293	5.80033662059	5.35616311698	4.96541979672	4.64745855591	4.41780719136	4.28730602409	4.26171443068	4.34170313602	4.52326863027	4.79836591943	
5.06485791066	5.56163297835	6.10036761281	6.66479138938	7.23946312757	7.81016738305	8.36419114592	8.89037857427	9.37919625952	9.8226869274	10.2144000131	10.5494691782	10.824571457	11.0379118658	11.189269176	11.27996309	11.3127737869	11.2918106509	11.2223149274	11.1103990924	10.9627348593	10.7862664262	10.5878389328	10.3740157681	10.1508047435	9.92357946874	9.69706456259	9.47535449711	9.26206436835	9.06050919318	8.87386490209	8.70516676713	8.55744308472	8.43356942755	8.33602821214	8.26657841378	8.22580127426	8.21263069466	8.2239014097	8.25403557925	8.29490005745	8.33596796264	8.36475929786	8.36762431456	8.33079179344	8.2416285401	8.08999703379	7.86950853778	7.57858077077	7.22111238353	6.80667845273	6.3501879069	5.8710101456	5.3916475498	4.9360882309	4.52801636992	4.18906304251	3.93728817972	3.7860303284	3.74321178719	3.8111470709	3.98679329327	4.2624136902	4.62650749004	5.06485791066	
5.64330077593	6.23683490976	6.84038000185	7.43831198887	8.01699187343	8.56488264484	9.07248058456	9.53214613857	9.93798146542	10.2855578635	10.5717828402	10.7948995416	10.9543896223	11.0510145439	11.0867854915	11.0649761441	10.9900762379	10.8676432002	10.7041375146	10.5066738143	10.2827243696	10.0398171544	9.78522981413	9.52579244079	9.26758919851	9.01590512757	8.77529748138	8.54950206236	8.34162745748	8.15430557754	7.98973971072	7.84983682379	7.73614076688	7.6496764766	7.59072718705	7.55845841284	7.55054064617	7.56276532832	7.5887830323	7.62001037608	7.64579460353	7.65389996552	7.63126542105	7.56508291933	7.44404892155	7.25969723425	7.00762955452	6.68849296779	6.30858711764	5.87991394874	5.41969358532	4.94931502081	4.49283496075	4.07517208248	3.72018167894	3.44883356171	3.27766698965	3.21769655036	3.27383199601	3.44485080228	3.72391206049	4.09943157313	4.55626790581	5.0770236711	5.64330077593	
6.47538758277	7.11003273377	7.72157395714	8.2968570674	8.82550645241	9.29974263709	9.71411887927	10.0650658304	10.3506225618	10.5701223214	10.7239178231	10.8133288098	10.8405145276	10.80853555	10.7213517243	10.5838300723	10.4017107035	10.1815278307	9.93048802884	9.6562217303	9.36654591573	9.06920390992	8.77156217747	8.48039946832	8.20167354019	7.94044510426	7.7008139546	7.48593715467	7.29813004303	7.13889857145	7.00905276091	6.90869403757	6.83718041936	6.79298296521	6.77347561976	6.77469822549	6.79109989633	6.81541583525	6.83863491669	6.85021715803	6.83859211531	6.79188800369	6.69893874659	6.55044534616	6.34020333699	6.06620426686	5.73150270379	5.34466955759	4.91973284466	4.47556709958	4.0347466287	3.62195431549	3.26211602788	2.97844036707	2.79058694324	2.71315645711	2.75464143704	2.91696101435	3.19556451702	3.58008704953	4.05542602305	4.60310235189	5.20274964215	5.83352960856	6.47538758277	
7.45514121607	8.06873600455	8.62877855833	9.1258557588	9.5537325319	9.90890821889	10.1901953092	10.3981961324	10.5348107387	10.6029492433	10.6062202819	10.5487662074	10.4351919081	10.2705825494	10.0604953969	9.81103295061	9.52879817195	9.2208856081	8.89479696008	8.55823241005	8.21892218328	7.88439548145	7.56172293814	7.2572891035	6.97660254678	6.72415388389	6.50333051097	6.31636876453	6.16434995389	6.04723104487	5.96386281966	5.91195613581	5.8880848368	5.88759324805	5.90454619249	5.93168478197	5.96045612432	5.9811665253	5.98330682545	5.95607852368	5.88912827746	5.77344944045	5.60239444474	5.37269742507	5.08535356841	4.74625386732	4.36641545679	3.96175044556	3.5523203844	3.16111729525	2.81246719217	2.5302021051	2.33579001384	2.24661390167	2.27459194405	2.42526383448	2.69743854039	3.08343033908	3.5698031363	4.13855595523	4.76858294407	5.43722018199	6.12175826627	6.800772806	7.45514121607	
8.44137050286	8.97264370447	9.42570462155	9.79553448838	10.0802847374	10.2807034247	10.3995908229	10.4413334342	10.4113338751	10.3156445664	10.1606973268	9.95311239742	9.69960359298	9.40696694727	9.08208442395	8.7319783582	8.36381193689	7.98487879284	7.60258795498	7.22429864159	6.85721869613	6.5082120878	6.18358810855	5.88892208694	5.62881435461	5.40672161253	5.22489788344	5.08418720175	4.98397526126	4.92216619439	4.89512829495	4.89772708238	4.92334753525	4.96399953755	5.01047669279	5.05261005722	5.07966207274	5.08080939078	5.04579886533	4.9657352487	4.83390384562	4.64664337185	4.40410521764	4.11084693053	3.77612619259	3.4138104902	3.04187348543	2.68145427007	2.35554166276	2.08738807606	1.89879021451	1.80840699228	1.83027878975	1.97269763311	2.23754359769	2.62013764199	3.10963086874	3.6898583781	4.34055515263	5.03882798719	5.76065883659	6.4824195131	7.18212597095	7.84043485535	8.44137050286	
9.27590609391	9.67161659953	9.97234463968	10.177502606	10.2893232793	10.3123247007	10.252731424	10.1179999254	9.91637241722	9.65647520729	9.34704505286	8.99676373591	8.61409606011	8.20727493626	7.78426605371	7.35277554126	6.92027616589	6.49399225786	6.0808822187	5.68757970724	5.32032124412	4.98480116114	4.68602495011	4.42817396548	4.21436674109	4.04648698777	3.92502519313	3.84887438872	3.81521515673	3.81940301491	3.85497656069	3.91372450672	3.9858552972	4.06032381578	4.12530950491	4.16879858548	4.17932041612	4.14681196865	4.06345825282	3.92456730049	3.72933886469	3.48139735834	3.18907501439	2.8653270601	2.52724799799	2.19520630295	1.89161788668	1.63946594182	1.46068152963	1.37453397187	1.3961764847	1.53548162019	1.79627216554	2.17601418667	2.66598793086	3.25191257525	3.914942718	4.63294783864	5.38192724884	6.13744015211	6.87591387833	7.57583782285	8.21860321683	8.78906591547	9.27590609391	
9.80340307948	10.0237131583	10.1410101106	10.1586963495	10.0824869564	9.91986111575	9.6796583807	9.37165423257	9.00615081476	8.59371133974	8.14485760345	7.66988876265	7.17872118313	6.68076945054	6.18487246993	5.69925452454	5.23146563098	4.78841092732	4.37627687958	4.00055492881	3.66600883574	3.37656269694	3.13529234831	2.94426175142	2.80437200087	2.71520682684	2.67481080813	2.67950260903	2.72374588397	2.80004860877	2.89902584597	3.0095903627	3.11933233768	3.21511636279	3.28383950437	3.31337255646	3.29358443649	3.21738073015	3.08162976661	2.88789749163	2.64286936193	2.35836079228	2.05089737396	1.74084238847	1.45113007039	1.20570133342	1.02778206861	0.93816155737	0.953631839069	1.08573032396	1.33989171064	1.71507528814	2.20387735794	2.79309640078	3.46468000039	4.19695039599	4.9659753136	5.74696622156	6.51560389584	7.24918521085	7.92753407385	8.53366081797	9.05416866247	9.47940108863	9.80340307948	
9.89167421426	9.91337297848	9.83254343991	9.65588652568	9.39175296052	9.04973306056	8.64044523026	8.17518892235	7.66565357685	7.12372706899	6.56121839248	5.98968080568	5.42016107716	4.86302758299	4.32779977913	3.82300983309	3.35607972054	2.93327018489	2.55964122362	2.23905061125	1.97417487831	1.76651475079	1.61639779018	1.52293910658	1.48397453779	1.49592645395	1.55367368194	1.65041636839	1.77757601873	1.92481841814	2.08021334534	2.23060063886	2.36220644846	2.46145540128	2.51599885806	2.51587498839	2.45464269709	2.33039985334	2.14655057184	1.91216482049	1.64183603406	1.35502379814	1.07487719194	0.826623791567	0.635689066854	0.525713333774	0.516676963104	0.623318678517	0.853996206756	1.21008613062	1.68595362965	2.26946134081	2.94294006165	3.68449048704	4.46947508454	5.2720582812	6.06665551802	6.82918933072	7.5380740546	8.17493465932	8.7250041877	9.1772719849	9.52445599297	9.76278224354	9.89167421426	
9.44270301443	9.25990003567	8.98260275787	8.61998875022	8.18221144884	7.68025959879	7.12577300048	6.53089850087	5.90814873981	5.27022067563	4.62979618096	3.99929911859	3.39060609355	2.81476289088	2.28169509244	1.79994951863	1.37648287021	1.01651386114	0.723462031895	0.498943470639	0.342830117195	0.253337658104	0.227140064009	0.25946062321	0.344129349094	0.473622392546	0.639058144858	0.830203691608	1.03553578554	1.24240815111	1.43737190387	1.60673256766	1.7373181723	1.81744328879	1.83804319968	1.7938151435	1.6842407517	1.51433923737	1.29500392344	1.04279879346	0.779172875103	0.52911680074	0.319354501603	0.176250127174	0.123639640978	0.180823081424	0.360933294329	0.669843373822	1.10571355096	1.65919362845	2.31422005438	3.0493035113	3.8391409452	4.65634995791	5.47321156573	6.26322134917	7.00234755738	7.66995347363	8.24936837875	8.72808410194	9.09770146531	9.35367283685	9.49486752985	9.52311379092	9.44270301443	
8.40374280683	8.02680864058	7.56958055756	7.04294417961	6.4582393846	5.82721364009	5.16200092677	4.47513451145	3.77949234435	3.08819522362	2.41440190133	1.77103234213	1.17041892197	0.623888703243	0.141348814707	-0.269103362704	-0.601515208567	-0.852316824832	-1.02043873534	-1.10732579564	-1.11682495675	-1.05497792986	-0.929768433916	-0.750816345419	-0.529086017931	-0.276613197457	-0.00625147326141	0.268569450006	0.534118085105	0.776716083622	0.983218082515	1.14165952032	1.24206733912	1.27739098266	1.24446387771	1.14488318689	0.98564063345	0.779364334365	0.544059997327	0.302285757341	0.0797753079583	-0.0963997129935	-0.199954143255	-0.207587307014	-0.101008876129	0.131431500887	0.493685349862	0.981624923892	1.58335424649	2.28014628508	3.04790098752	3.85892220901	4.68381343963	5.49336505875	6.26022432089	6.96020021335	7.57322034865	8.08380072819	8.48126936216	8.75952512284	8.9165739837	8.95400349899	8.87626915727	8.69006671132	8.40374280683	
6.76506963339	6.21878853899	5.61119835035	4.95432454868	4.26019309957	3.54090934593	2.80877338178	2.07639026987	1.35669026452	0.66286575161	0.00816045351027	-0.59444549695	-1.13270254012	-1.59559194275	-1.97388329325	-2.26068303767	-2.45186933259	-2.54644170417	-2.54667959326	-2.45814341555	-2.28946937849	-2.05199740549	-1.75927872458	-1.42647766178	-1.06974302735	-0.705590625278	-0.350323715116	-0.019497381327	0.27258189955	0.513361021113	0.692574962941	0.80283367744	0.840250553966	0.805065013004	0.702170700578	0.541449449321	0.337784066238	0.11065905203	-0.116706546589	-0.318697426066	-0.469025489185	-0.542701947016	-0.518065714988	-0.378647763813	-0.114663726651	0.276028946712	0.787615595608	1.40666536144	2.11310010626	2.88161903855	3.6835000441	4.48853331403	5.26686542224	5.99075720985	6.63596630133	7.18271267185	7.61626703605	7.9270947382	8.1106931707	8.16707144489	8.10005796398	7.91654809394	7.62565192941	7.23799217432	6.76506963339	
4.56276058854	3.88381077501	3.1660528846	2.42226094726	1.66487448208	0.906166450099	0.158442661706	-0.565797657438	-1.2538060328	-1.89265701608	-2.46947340612	-2.97183434329	-3.38830286007	-3.70906262135	-3.92661509295	-4.03640863818	-4.03741666455	-3.93252647356	-3.72869185689	-3.43684875129	-3.07153004686	-2.65024324238	-2.19262002917	-1.71943636875	-1.25156898952	-0.808985107493	-0.409819416127	-0.0695833856881	0.199477847863	0.388897392604	0.494377838722	0.516078610262	0.458790418765	0.331973798808	0.149609087073	-0.0701923803743	-0.305868691498	-0.533405604184	-0.727643601442	-0.863824695065	-0.919282376503	-0.875127337423	-0.717760099586	-0.440054060475	-0.0420816379746	0.468705391873	1.07785484299	1.76482501772	2.5043106139	3.26788715401	4.02580204818	4.74872367663	5.40940862257	5.98406417217	6.45336757794	6.80310943503	7.02444346806	7.11379880385	7.0724006982	6.90560900281	6.62210976525	6.23302064847	5.75103854499	5.18969759576	4.56276058854	
1.87462521286	1.10964674883	0.330852575624	-0.448474052031	-1.21559460994	-1.95811048389	-2.66375283881	-3.32024518464	-3.9152616337	-4.43654179374	-4.87222974278	-5.21129537611	-5.44425536974	-5.56382763372	-5.56575853658	-5.44955279123	-5.21899207112	-4.88254533523	-4.45335428133	-3.94895529083	-3.39056549482	-2.80209400699	-2.20885655836	-1.63615532084	-1.1078288381	-0.644898183707	-0.264410926022	0.0214461694529	0.205929483825	0.288014968549	0.272380900764	0.169126107505	-0.00675244667873	-0.236098045914	-0.496526289095	-0.763529558534	-1.01172516445	-1.21621232862	-1.353959844	-1.40517301475	-1.35454442218	-1.19227801667	-0.914815370863	-0.525186277389	-0.0329433640937	0.546332587397	1.19189488528	1.87904516624	2.5805357457	3.26811324638	3.91408909407	4.49273403699	4.98156339692	5.36232185231	5.62162671451	5.75129667942	5.74833504661	5.61462642606	5.35634380242	4.98319312703	4.50756391907	3.94363327329	3.30656542884	2.61182070923	1.87462521286	
-1.18686322574	-1.98356249061	-2.76733473031	-3.52447804516	-4.24194961456	-4.90719454668	-5.50802478216	-6.03252653338	-6.46917657822	-6.80706643538	-7.03629610431	-7.14860857539	-7.13812420449	-7.00205036849	-6.74155715547	-6.36238954879	-5.87525019671	-5.29598241382	-4.64522311261	-3.9477398901	-3.23127184875	-2.52508419784	-1.85825173397	-1.2578695118	-0.747333130143	-0.344852636457	-0.0623142636951	0.0954210870116	0.130738362227	0.0530210047154	-0.12203213965	-0.37345636098	-0.676352333722	-1.00340446843	-1.32647997203	-1.61821445611	-1.85350587422	-2.01081524795	-2.07323968925	-2.02933916159	-1.87363189628	-1.60678803047	-1.23552452265	-0.772180151715	-0.234026193407	0.357655072043	0.978683880696	1.60320294657	2.20496787357	2.7585936638	3.2407472476	3.63117597937	3.9135184912	4.07591090436	4.11130131567	4.01750015736	3.79694014079	3.45623622835	3.00554019367	2.45778437153	1.82788355012	1.13194091636	0.386564631359	-0.391716875745	-1.18686322574	
-4.47376024544	-5.24221757291	-5.96973069759	-6.64219646941	-7.24623420733	-7.76917280892	-8.1990473402	-8.52474807179	-8.73629639062	-8.82523942404	-8.78530971533	-8.61301992957	-8.30842444542	-7.87593273654	-7.32473923618	-6.66923678909	-5.92904811787	-5.12860186122	-4.29635297825	-3.46352191457	-2.66249245727	-1.92493262361	-1.27981539931	-0.751496600937	-0.358043744328	-0.109963785389	-0.00945149927867	-0.0502332269689	-0.21800931178	-0.491463520486	-0.843749593823	-1.2443220104	-1.66096625838	-2.06184962904	-2.41744136137	-2.70216359371	-2.89567099446	-2.98368880625	-2.9584824731	-2.81888456722	-2.56997738874	-2.2225472378	-1.79224309557	-1.29864557801	-0.764204514283	-0.213115316931	0.329780126619	0.84009375388	1.29489294233	1.6736095359	1.95881215036	2.13680536347	2.19805295931	2.13739378177	1.95403327392	1.65135655172	1.23654875714	0.720055513102	0.114967560725	-0.563663247526	-1.2994791427	-2.07543394437	-2.87433862602	-3.67924469736	-4.47376024544	
-7.81528716412	-8.49089747111	-9.09642153979	-9.61743317246	-10.0403828	-10.3527913298	-10.5435486351	-10.6033908731	-10.5253808439	-10.3055217089	-9.94364652296	-9.44388721745	-8.81527783953	-8.07230318173	-7.23470540328	-6.32736133189	-5.37960569284	-4.4240652661	-3.49529962717	-2.62798395716	-1.85496470193	-1.20522887774	-0.701988552331	-0.361047784366	-0.189610785897	-0.185658929476	-0.337977193204	-0.626830459964	-1.02526835426	-1.50095350922	-2.01835477993	-2.54112180581	-3.03442777	-3.46710953285	-3.81340558239	-4.05419126272	-4.17763764043	-4.17939265171	-4.06224638753	-3.83543109833	-3.51366508297	-3.11603320016	-2.66475023215	-2.18395251341	-1.69850769874	-1.23289292526	-0.810228097782	-0.451397520725	-0.174375042028	0.00634488425002	0.0800964314326	0.0402414913224	-0.115782228578	-0.386602971415	-0.767186603907	-1.24922799356	-1.82163866425	-2.47107538615	-3.18250265409	-3.93968531358	-4.72569408909	-5.52331420051	-6.31532226902	-7.08479697666	-7.81528716412	
-11.0195654839	-11.5340870584	-11.9483558798	-12.2480002229	-12.4199707459	-12.4530674632	-12.3385804702	-12.0711372913	-11.6494617554	-11.0771118967	-10.3632284398	-9.52287386496	-8.57705129504	-7.5524493979	-6.48060555012	-5.39676149924	-4.33836157203	-3.34321834202	-2.4475630988	-1.6839943946	-1.07951880351	-0.653817626719	-0.417885245266	-0.37317186432	-0.511336017809	-0.814644520837	-1.25701725479	-1.80568207812	-2.42326743886	-3.07020692224	-3.70729875982	-4.29811971011	-4.81115050721	-5.221430996	-5.51165815715	-5.67265798223	-5.70329598543	-5.60990246841	-5.40531548646	-5.10769101993	-4.73914680033	-4.32439661639	-3.88939162443	-3.4600179761	-3.06097393956	-2.71476554225	-2.44093120872	-2.25541759961	-2.17017521727	-2.19301555662	-2.3275662386	-2.57343299333	-2.92654854547	-3.37956190472	-3.92232725183	-4.54246565032	-5.22584070691	-5.95707649864	-6.71998444246	-7.49785457941	-8.27373124277	-9.03063361672	-9.75166723495	-10.4201072464	-11.0195654839	
-13.8776809071	-14.1594600976	-14.3105271393	-14.3177349965	-14.1702521137	-13.8604546151	-13.3850361955	-12.7458205422	-11.9508208712	-11.0149466306	-9.95988199558	-8.81411861205	-7.61204000669	-6.39251883009	-5.19721987077	-4.06847510389	-3.04704938805	-2.16986775255	-1.46789019261	-0.964263204719	-0.672889410998	-0.597509526052	-0.731406328882	-1.05775606695	-1.55062095877	-2.17654291649	-2.89660151191	-3.66878713631	-4.45058740661	-5.20146035279	-5.88509873547	-6.47135645822	-6.93758082437	-7.26941258805	-7.46097096423	-7.51451470006	-7.43970281238	-7.25244853436	-6.9736669208	-6.627875963	-6.24172608359	-5.84261857821	-5.45739543368	-5.11115888433	-4.82625396334	-4.62144792754	-4.51134033785	-4.5060183201	-4.61098411394	-4.82723010515	-5.1515739175	-5.57712310645	-6.09386075568	-6.68928737829	-7.34902956201	-8.05746168706	-8.79820049694	-9.55450765365	-10.3094960232	-11.0463764611	-11.7484089701	-12.3989662867	-12.9815987333	-13.4798719298	-13.8776809071	
-16.1718204377	-16.1478633482	-15.964953305	-15.6137506102	-15.0888537692	-14.390104153	-13.5237412253	-12.5031002362	-11.3493023041	-10.0914205624	-8.76541414663	-7.41321060602	-6.08068983895	-4.8152612886	-3.66333139183	-2.66751415193	-1.86412151082	-1.28092606474	-0.935470369951	-0.83398209045	-0.971021924634	-1.3298644506	-1.88360516847	-2.59689556736	-3.42821188472	-4.3323961613	-5.26336236911	-6.17673186712	-7.0321110967	-7.79509891858	-8.43870821193	-8.94418837866	-9.30142342128	-9.50867373937	-9.57200662872	-9.50440392654	-9.32453977411	-9.05549526967	-8.72347700538	-8.35635319179	-7.9823732903	-7.62893287683	-7.32126176722	-7.08158322668	-6.92816162222	-6.87474614085	-6.93019613295	-7.09834380807	-7.3782263299	-7.76439799243	-8.24749949833	-8.81495520755	-9.45176418459	-10.1411773479	-10.8655293598	-11.6066492543	-12.3464517645	-13.067225578	-13.7516267968	-14.3827987435	-14.944224466	-15.4196662915	-15.7931236676	-16.0488936143	-16.1718204377	
-17.6798285444	-17.2834038392	-16.7076769848	-15.9513302135	-15.019183011	-13.9233567837	-12.6838899073	-11.3291787935	-9.89552873572	-8.42619351832	-6.969632695	-5.57715163855	-4.30013045843	-3.18695784134	-2.28001277632	-1.61291819658	-1.20832546631	-1.07641132863	-1.21421522803	-1.60586327328	-2.22368646905	-3.03011398682	-3.98018936816	-5.02451640896	-6.11231419173	-7.19438024872	-8.22569783943	-9.16755441269	-9.98897585689	-10.6675724503	-11.1898584991	-11.5509600428	-11.7540180185	-11.8093338565	-11.7332297856	-11.5469483327	-11.275375294	-10.9458257364	-10.5868062444	-10.2267365496	-9.89296437568	-9.61044371413	-9.40094670495	-9.28217105775	-9.26708870287	-9.36367904362	-9.57464558041	-9.89762874275	-10.3255794713	-10.8473218051	-11.4481688632	-12.1109001704	-12.8164906246	-13.5449305363	-14.275951842	-14.989463822	-15.666069129	-16.2871015733	-16.8348040032	-17.2922189023	-17.6430329966	-17.8715506291	-17.9628504183	-17.9030506375	-17.6798285444	
-18.2056597673	-17.3906218075	-16.3932854643	-15.2255828199	-13.9074881007	-12.467091989	-10.9409572968	-9.37277308712	-7.81218191944	-6.3125900835	-4.92842571237	-3.71218275285	-2.71116125072	-1.96441214176	-1.50001433614	-1.33305798883	-1.46446338627	-1.88081341275	-2.5552004245	-3.44905165293	-4.51475184212	-5.69882253181	-6.94542867112	-8.19981145926	-9.41132482429	-10.5359917723	-11.5381616559	-12.3915398512	-13.0793633589	-13.5940132809	-13.9363753589	-14.1146578755	-14.1433790013	-14.0422573561	-13.8347939946	-13.5473689157	-13.2080753259	-12.8455776465	-12.4881492839	-12.1624683929	-11.8928539661	-11.7002549505	-11.6014887936	-11.6086329356	-11.7287321499	-11.9635720245	-12.3097492826	-12.7590567442	-13.2989675484	-13.9133934302	-14.5833706648	-15.287981952	-16.0051713955	-16.7124027933	-17.3873965211	-18.0085454015	-18.5552725019	-19.0081879968	-19.3490785259	-19.5610263524	-19.6284796508	-19.5373718669	-19.2755592859	-18.8336479959	-18.2056597673	
-17.6199920623	-16.3845950433	-14.9922609309	-13.4723028696	-11.8622954173	-10.2071526116	-8.557946969	-6.96957948025	-5.49840281176	-4.19933824163	-3.12271924776	-2.31122149741	-1.79697980928	-1.59925307389	-1.72282541338	-2.15739126718	-2.8780092019	-3.84663850163	-5.01462831903	-6.32594602846	-7.72088094398	-9.13972269018	-10.5263738624	-11.8312694574	-13.0134351579	-14.0419391098	-14.896040572	-15.5650516396	-16.0474603809	-16.3494860196	-16.4841765295	-16.4698480732	-16.3289245002	-16.0869788905	-15.7714707794	-15.4109417067	-15.033985027	-14.668313844	-14.3399446384	-14.0722262653	-13.8848365544	-13.7934911948	-13.8092172824	-13.9379035242	-14.180296599	-14.5319921187	-14.9838287558	-15.5222887616	-16.1301909229	-16.7874017883	-17.4715556726	-18.1589421699	-18.8253397968	-19.4463950556	-19.9982181256	-20.458080626	-20.8045479079	-21.0178162269	-21.079890219	-20.9749917265	-20.6900267227	-20.2150823437	-19.5444822203	-18.6776015062	-17.6199920623	
-15.9177164111	-14.3288176282	-12.6444592037	-10.9117904057	-9.18403507211	-7.51849946092	-5.97377367805	-4.60706027204	-3.4709578568	-2.61049601389	-2.06034674345	-1.8423976746	-1.96405957975	-2.41738331744	-3.17923417551	-4.21254117625	-5.46857739554	-6.89011929196	-8.41508153971	-9.98048884162	-11.526079475	-12.9977355328	-14.3497232594	-15.546448319	-16.5629842862	-17.3849996272	-18.0078907025	-18.4354989033	-18.6789812766	-18.7551446788	-18.6851780844	-18.4936532186	-18.2073525975	-17.8544693867	-17.4635986147	-17.0631430948	-16.6800811147	-16.3394800418	-16.063782788	-15.8714655299	-15.7769147869	-15.7897855697	-15.9148269607	-16.1515024958	-16.4943697452	-16.9330778902	-17.453134766	-18.0364892789	-18.6618513395	-19.305997569	-19.9439629682	-20.5500152981	-21.0983410317	-21.5633017484	-21.9202632148	-22.145958698	-22.2190255786	-22.1205282104	-21.8346899776	-21.3496737169	-20.6584682798	-19.7599110987	-18.659810354	-17.3716788682	-15.9177164111	
-13.2776971173	-11.4843999437	-9.69201322068	-7.96060738589	-6.35180476077	-4.92575109528	-3.73793829011	-2.83603577551	-2.25707432206	-2.02503611948	-2.14911734338	-2.62282453657	-3.42402010171	-4.51606101119	-5.8499524655	-7.36744647863	-9.00473312844	-10.6964485076	-12.3795468409	-13.9965808362	-15.4985068418	-16.8461137357	-18.011204912	-18.9761342203	-19.7332235022	-20.283813276	-20.6365142296	-20.8061617821	-20.8123045793	-20.6779275487	-20.428713911	-20.0920532988	-19.6960826432	-19.2692097393	-18.8391000149	-18.4320643484	-18.0723063808	-17.7807930066	-17.5751011756	-17.4684199152	-17.4690395609	-17.580440226	-17.8007651423	-18.1232811878	-18.5366325051	-19.025062195	-19.5692957353	-20.1472803125	-20.7345771631	-21.3053087514	-21.8327098465	-22.2896998055	-22.6495563431	-22.8863385717	-22.9757138921	-22.8955359584	-22.6267499814	-22.1544552107	-21.468979927	-20.567088251	-19.4531862813	-18.1403172062	-16.6507148515	-15.0161867736	-13.2776971173	
-10.0749634478	-8.3002124593	-6.64445168258	-5.17071640392	-3.93768929349	-2.99638225153	-2.38706607056	-2.13666492528	-2.2568723476	-2.7431039587	-3.57446443016	-4.71477733204	-6.11473014786	-7.71489816959	-9.44962708987	-11.2510581503	-13.0533761714	-14.7962479101	-16.4277435863	-17.9061912593	-19.2006275125	-20.2914285692	-21.1685731638	-21.8312237892	-22.2862854502	-22.5462042314	-22.6286599735	-22.5551219334	-22.3495486804	-22.037606075	-21.6466873687	-21.2044982667	-20.7383701621	-20.2753065362	-19.8405523276	-19.4569043151	-19.1444591393	-18.9195500344	-18.7940955634	-18.7753345482	-18.8653924824	-19.0612083204	-19.354715895	-19.733309323	-20.1800683146	-20.6743746658	-21.1932013514	-21.7106423786	-22.1999779069	-22.6333189081	-22.982623701	-23.2207499677	-23.3209421634	-23.2591638752	-23.0135599802	-22.5665252318	-21.9057200157	-21.0251242778	-19.9268674925	-18.6219783747	-17.1314138863	-15.4862420123	-13.7274001756	-11.9046585201	-10.0749634478	
-6.84282537971	-5.34540498281	-4.08377398995	-3.11161190979	-2.47242532521	-2.19675227365	-2.29993940458	-2.78079617305	-3.62124270273	-4.78710009004	-6.23002538822	-7.89049654806	-9.70158059276	-11.5932964712	-13.4968531647	-15.3486415063	-17.0935122346	-18.6864757959	-20.0943068237	-21.2950050222	-22.2768441888	-23.0378650776	-23.5831020111	-23.924048596	-24.0770866813	-24.0617522224	-23.9006680398	-23.6180979273	-23.239806623	-22.79220723	-22.3020961584	-21.7957626205	-21.2986992529	-20.8350270767	-20.4261960376	-20.0908810296	-19.8439644771	-19.6964244118	-19.6542430116	-19.7182013151	-19.8842906522	-20.1431794424	-20.4810258004	-20.8797189977	-21.3173323201	-21.7693031033	-22.2089086984	-22.6076284698	-22.9367554179	-23.1675094362	-23.271976601	-23.2242025732	-23.0005526301	-22.5816843978	-21.9531090401	-21.1068842274	-20.0429849175	-18.770445168	-17.308384014	-15.6861892012	-13.9434479857	-12.1289137465	-10.2989736905	-8.51542621272	-6.84282537971	
-4.16388436943	-3.18146495954	-2.52406324997	-2.22484465553	-2.30272227989	-2.76068028127	-3.58501869361	-4.74565426683	-6.19761253341	-7.88362953049	-9.73772059618	-11.6893636032	-13.6680100904	-15.6070940762	-17.4478047637	-19.1414954938	-20.6509736506	-21.9511701637	-23.0278180915	-23.8768295161	-24.5020809769	-24.9140702231	-25.1282189676	-25.1632192378	-25.0410119995	-24.7850467926	-24.4198073476	-23.9706040817	-23.4633079526	-22.9235214197	-22.3762187049	-21.8453533396	-21.3534313188	-20.920284904	-20.5627753771	-20.2947504929	-20.1253862802	-20.0592598464	-20.0961787208	-20.2307670161	-20.4527593597	-20.7470609562	-21.094340195	-21.4717732609	-21.8531911003	-22.2105629597	-22.5142778072	-22.7345028738	-22.841709712	-22.8079295273	-22.6081647616	-22.2206808744	-21.629625889	-20.8255139708	-19.8068843182	-18.5815238677	-17.1670733841	-15.5916336876	-13.8932541565	-12.1191274978	-10.3239795759	-8.56802262101	-6.9143774538	-5.42624768026	-4.16388436943	
-2.5215115787	-2.21152680339	-2.26752321487	-2.6956278264	-3.48645119953	-4.61495487189	-6.04138181944	-7.71323910893	-9.56831741447	-11.5384573852	-13.5537906629	-15.5468735842	-17.4564778869	-19.2304037644	-20.8274652271	-22.2180139924	-23.3840028244	-24.317836889	-25.020323625	-25.5003771057	-25.7718543307	-25.8529408288	-25.7648659312	-25.5305031176	-25.1745108452	-24.7218598599	-24.1978323272	-23.6276752427	-23.0362114155	-22.4470908334	-21.8828891962	-21.3643288434	-20.9093672468	-20.5330406188	-20.2471189079	-20.0593483056	-19.9726636943	-19.9852420136	-20.0906071411	-20.2771699756	-20.528775457	-20.8250784142	-21.1420827207	-21.4524601678	-21.7271430752	-21.9355180052	-22.0468862627	-22.0316869169	-21.8620853732	-21.5147892119	-20.9713442838	-20.2202312513	-19.2584478061	-18.0923961755	-16.7388580903	-15.2250289311	-13.5881562254	-11.874364243	-10.1370298507	-8.4345932968	-6.82809779106	-5.37849534572	-4.1438974271	-3.17681792222	-2.5215115787	
-2.16966876706	-2.57007137685	-3.32118387583	-4.40213214492	-5.77841465161	-7.40335333176	-9.22040544222	-11.166309138	-13.1747001164	-15.1800006858	-17.1209194124	-18.9436835401	-20.6039273387	-22.0680593307	-23.313433463	-24.3274639246	-25.1074974157	-25.6580545785	-25.9903805836	-26.1206942132	-26.0686994899	-25.8569739515	-25.5095731181	-25.0519697416	-24.509647318	-23.9082696561	-23.2730626391	-22.6282156383	-21.9967187949	-21.3996741255	-20.8561583499	-20.3825901215	-19.9917444801	-19.6933461189	-19.4930629407	-19.3918309485	-19.3861882935	-19.4679921852	-19.6243659377	-19.8378283362	-20.0869647502	-20.3468436375	-20.5894815013	-20.784590294	-20.9013968621	-20.9090194419	-20.7781853164	-20.4829271357	-20.0020492723	-19.3214199052	-18.4350491538	-17.3471008865	-16.0723932797	-14.6367250721	-13.0764555493	-11.4369499066	-9.77084397783	-8.13556809183	-6.59072437261	-5.1953577257	-4.00532404969	-3.07076078672	-2.43383542669	-2.12667996902	-2.16966876706	
-3.06623799299	-4.09118354967	-5.40250162207	-6.95866517445	-8.7089884863	-10.5960956854	-12.5589227641	-14.5359217527	-16.468348199	-18.3029478275	-19.9943364367	-21.5062734068	-22.8123396405	-23.8958119893	-24.7486527015	-25.3712517099	-25.7703293152	-25.9584271853	-25.9525041528	-25.7727678179	-25.4425231768	-24.9863931394	-24.4300767937	-23.8000439472	-23.1223749495	-22.4224076937	-21.7244929814	-21.0509467689	-20.4222627078	-19.8561409787	-19.3669769051	-18.9660822908	-18.6608432371	-18.4547015549	-18.3464146442	-18.3304140048	-18.3967063971	-18.5306730927	-18.7135857382	-18.9227362974	-19.1322383749	-19.3133407554	-19.4359318225	-19.4689606409	-19.382308499	-19.1485703477	-18.7440056579	-18.1515588886	-17.3620021555	-16.3757002007	-15.2042600286	-13.8704062968	-12.4080184543	-10.8607525125	-9.27995757614	-7.72218409259	-6.24619067939	-4.91003341221	-3.76827752566	-2.86951040532	-2.25420058254	-1.95297661389	-1.98522940344	-2.35815956808	-3.06623799299	
-4.90179443212	-6.37249805966	-8.03523907948	-9.83811200397	-11.7255361888	-13.6409350189	-15.5294558074	-17.3403460563	-19.0290640593	-20.5584882731	-21.9000713365	-23.0335401672	-23.9468742807	-24.6358923448	-25.1024070604	-25.354858891	-25.4057312563	-25.2720669477	-24.9742029454	-24.5346756473	-23.9787006318	-23.3319288074	-22.6211539647	-21.8729367473	-21.1129397939	-20.3655956815	-19.6533367129	-18.9959800157	-18.4102772739	-17.909588003	-17.5033686946	-17.1969409259	-16.9915836779	-16.883984554	-16.8661776461	-16.9261738258	-17.0475314768	-17.2096814926	-17.3889104259	-17.5584001095	-17.6889773998	-17.7503896491	-17.7128429137	-17.5477198937	-17.2299988754	-16.7402200803	-16.065764525	-15.2034954636	-14.1604978242	-12.9551901734	-11.6172544041	-10.1865790084	-8.71162541381	-7.2467290582	-5.84924683546	-4.57632112073	-3.48192359157	-2.61415666242	-2.01305326803	-1.70886088906	-1.72083792471	-2.05648794471	-2.71129243061	-3.66889863508	-4.90179443212	
-7.20466108151	-8.90170628164	-10.6900642463	-12.5179062009	-14.3345131752	-16.092411867	-17.7489532739	-19.2676826481	-20.6191006809	-21.7809490379	-22.7381028274	-23.4822654054	-24.0113564969	-24.3288282999	-24.4431782138	-24.3671224271	-24.1171768981	-23.7130033535	-23.1768921219	-22.5333056119	-21.8079564469	-21.0274990836	-20.2187367431	-19.4075460234	-18.6184380365	-17.873897924	-17.1933903905	-16.593244452	-16.0858009825	-15.6791404451	-15.3771810297	-15.1790114435	-15.0792256138	-15.06792401	-15.1307812543	-15.2495070863	-15.4020291767	-15.5631409824	-15.7052852139	-15.7992486596	-15.8153825496	-15.7251638164	-15.5025505696	-15.126142276	-14.5809078806	-13.8598860488	-12.9660173704	-11.9127636623	-10.7246011266	-9.43626211601	-8.09138805993	-6.74033165241	-5.4373609317	-4.23760908829	-3.19396504168	-2.35424854932	-1.75880048681	-1.43863964516	-1.41417891302	-1.69449514061	-2.27711627705	-3.14827371651	-4.28365620191	-5.64959235741	-7.20466108151	
-9.47871646922	-11.1948029828	-12.914545932	-14.5935875407	-16.1917023681	-17.6736944895	-19.0102258553	-20.1780470013	-21.1599926933	-21.9447962406	-22.5267772814	-22.9053535995	-23.084682589	-23.0732080737	-22.8834112046	-22.5310537638	-22.0351334422	-21.4173617962	-20.7013387022	-19.9125983718	-19.0772876443	-18.2218701732	-17.3723692866	-16.5532123686	-15.7867721599	-15.0923490465	-14.4857693436	-13.9787571102	-13.5786478329	-13.2877330353	-13.1036388525	-13.0193050025	-13.0228260348	-13.0980764237	-13.2248979915	-13.3797552867	-13.5363231248	-13.6664443771	-13.7410774495	-13.7315466949	-13.6112790043	-13.3573064444	-12.9521644516	-12.3856970669	-11.6565322942	-10.7732483955	-9.7546765355	-8.629797039	-7.43646847734	-6.21971365697	-5.02923086038	-3.91665969485	-2.93262133126	-2.12390518105	-1.53097433021	-1.18594106134	-1.11112506316	-1.31817714486	-1.80778327862	-2.56986059355	-3.5841969248	-4.8216193299	-6.24537764183	-7.81308746382	-9.47871646922	
-11.3203779105	-12.8974049711	-14.4138081392	-15.8358541537	-17.1347393615	-18.2868331138	-19.273851085	-20.0824918847	-20.7043151586	-21.135436716	-21.3761970413	-21.4310026303	-21.3080460981	-21.0192948075	-20.5799616169	-20.0081114773	-19.3246155731	-18.552589084	-17.71672405	-16.8427407447	-15.9566914588	-15.0841119502	-14.2492620891	-13.4741945511	-12.7780297532	-12.1761263106	-11.6795965361	-11.2950220952	-11.0238207493	-10.8623714859	-10.8021047514	-10.8296678219	-10.9272981555	-11.0734039548	-11.2431373785	-11.4093956883	-11.5437439593	-11.6175979877	-11.6038431863	-11.4781274462	-11.2207655333	-10.8184451084	-10.2655934241	-9.56575084696	-8.73203151995	-7.78716498224	-6.76274821886	-5.69766448053	-4.63611808629	-3.62514963024	-2.71197886444	-1.94136992842	-1.35318846353	-0.98032981601	-0.847112692024	-0.96822310347	-1.3482007038	-1.9814669636	-2.85281384087	-3.93834880441	-5.20679596454	-6.62102542269	-8.14004755865	-9.7208409599	-11.3203779105	
-12.4777643448	-13.8186742028	-15.0589697098	-16.1749847782	-17.1475511667	-17.9620683401	-18.6081674134	-19.0794278498	-19.3732360308	-19.4906317661	-19.4360974605	-19.2175410284	-18.8462080344	-18.3365034938	-17.7058257229	-16.974144897	-16.1636857416	-15.2984244041	-14.4033705682	-13.503976369	-12.6252696537	-11.7910380617	-11.0229189749	-10.3395666526	-9.75598485754	-9.28279208582	-8.92576109588	-8.68553462824	-8.55759577731	-8.53218870819	-8.59472406058	-8.72616401548	-8.90370696679	-9.10166210704	-9.29231925859	-9.44731580854	-9.53897782553	-9.54175063841	-9.43392359684	-9.19913966191	-8.82789942357	-8.3187914323	-7.67918004594	-6.92546146251	-6.08251348785	-5.1826330504	-4.26385793427	-3.36781473075	-2.5374105276	-1.81443826055	-1.23729582912	-0.838978226432	-0.645425239337	-0.674309301565	-0.9342969734	-1.42481107577	-2.13625351619	-3.05069508205	-4.14289610021	-5.38169580856	-6.73163924733	-8.15456153684	-9.61160896198	-11.0646160825	-12.4777643448	
-12.8593800228	-13.9213519004	-14.8617073043	-15.6646274011	-16.3181616212	-16.8140641483	-17.1475871612	-17.3172470872	-17.3246540491	-17.174511186	-16.8746218396	-16.4357179038	-15.8715579642	-15.1986127357	-14.4359647751	-13.6049006851	-12.7284160796	-11.830748918	-10.9364847481	-10.0699002229	-9.25412901142	-8.51026357447	-7.85642255336	-7.30709297856	-6.87235528658	-6.55737105552	-6.36212839046	-6.28115939933	-6.30379852864	-6.41438027992	-6.59281365726	-6.81534762916	-7.05553285892	-7.28543574583	-7.4769689575	-7.60344753635	-7.64115550218	-7.57090421412	-7.37953138195	-7.06104011946	-6.61739721574	-6.05888776989	-5.40384723976	-4.6778368959	-3.91231483172	-3.1429154807	-2.40743279101	-1.7437417114	-1.18776850031	-0.771633329267	-0.522075609315	-0.459200467339	-0.595588281288	-0.93579705646	-1.47626614713	-2.20562084178	-3.10536882035	-4.15092068177	-5.31289875539	-6.55863096113	-7.85368563705	-9.16346218625	-10.454499299	-11.6957427183	-12.8593800228	
-12.4952121783	-13.2737559776	-13.9219876053	-14.4298174016	-14.7905481693	-15.0006914032	-15.0597972094	-14.9703200399	-14.7374738982	-14.3692645238	-13.8762926766	-13.2718661461	-12.5718930543	-11.7945128591	-10.9600313828	-10.0903552465	-9.20855730579	-8.33819947781	-7.50256549667	-6.72385582702	-6.02237165321	-5.41558530353	-4.91734990677	-4.53719834761	-4.27972532001	-4.1442719114	-4.12465203899	-4.20932411961	-4.3816967846	-4.62070568718	-4.90173194858	-5.19768467904	-5.4803485879	-5.72195432271	-5.89679594128	-5.98285079792	-5.9633446574	-5.82796028209	-5.57374482645	-5.20552467645	-4.73571581846	-4.18373041214	-3.57484727065	-2.93872593367	-2.30774110368	-1.71517473765	-1.19348265039	-0.772697487728	-0.479038977459	-0.333772548904	-0.352336475312	-0.543727670943	-0.910167830296	-1.44704343419	-2.14317877941	-2.98137286583	-3.93927667169	-4.99055408154	-6.10602506117	-7.25519541704	-8.40751395225	-9.53349816086	-10.6058173795	-11.6000708314	-12.4952121783	
-11.4901575654	-12.0020842237	-12.3820680669	-12.6243506751	-12.7264821063	-12.6889357386	-12.515134205	-12.2112040927	-11.7857612247	-11.2499213399	-10.6170628087	-9.90277771983	-9.12467094142	-8.30212967312	-7.45593466208	-6.60784652235	-5.78005000449	-4.99446471091	-4.27202598384	-3.63183671006	-3.09039837522	-2.66075092696	-2.35172754738	-2.16733586521	-2.10630020893	-2.16183628916	-2.32168381128	-2.56842925146	-2.88015004526	-3.23138450092	-3.59438093901	-3.94059106465	-4.24237994838	-4.47477379696	-4.61715371309	-4.65472795843	-4.57960500832	-4.39140844742	-4.09726280066	-3.71125758293	-3.25346154493	-2.74850577986	-2.22400625612	-1.70894270245	-1.23209833147	-0.820688053303	-0.499213532035	-0.288551199021	-0.205265196705	-0.261099659452	-0.462624837607	-0.811026110299	-1.30204649171	-1.92610620777	-2.6686541416	-3.5107267125	-4.42977315529	-5.40069561092	-6.39683529507	-7.39123910666	-8.35768693477	-9.2715409248	-10.1105692453	-10.8554557715	-11.4901575654	
-9.98532468422	-10.2581146769	-10.4014555264	-10.4133256871	-10.2950183746	-10.0508709909	-9.68802451661	-9.2162173621	-8.64748865877	-7.99590507534	-7.27740364193	-6.50953293463	-5.71112745128	-4.90206300049	-4.10281409426	-3.33399730031	-2.61587264919	-1.96764428782	-1.40678953465	-0.948341473076	-0.604087443108	-0.381838039141	-0.284793460571	-0.311007953987	-0.453094693508	-0.698185578599	-1.0282189766	-1.42058644204	-1.84912872178	-2.28548691606	-2.70073804018	-3.06722200025	-3.36041465286	-3.56067781858	-3.65470058051	-3.63645338878	-3.50754106597	-3.27692211636	-2.96005441101	-2.57751343049	-2.15337510618	-1.71353491347	-1.28408172467	-0.88993623358	-0.5537926931	-0.295373188898	-0.130967413693	-0.0731704236007	-0.130741883574	-0.308516678693	-0.607331520809	-1.023960137	-1.55110621094	-2.17749346125	-2.88811275348	-3.66468873997	-4.48630379194	-5.33021969999	-6.17281496179	-6.99048729827	-7.76056391008	-8.46213334672	-9.07666671908	-9.58852927292	-9.98532468422	
-8.12686419076	-8.19244260954	-8.13405273117	-7.9532219664	-7.65492079774	-7.24728524853	-6.741180923	-6.14988202348	-5.48866881313	-4.77438018924	-4.02509439076	-3.25973053472	-2.4976840604	-1.75845883658	-1.06124865232	-0.424504134882	0.134581878429	0.600600193	0.960547523061	1.20448299923	1.32617425248	1.32371509702	1.20007222663	0.963421956851	0.627244668253	0.21012069005	-0.264891110106	-0.771225566159	-1.28020732352	-1.76273658384	-2.19119999049	-2.54142261437	-2.79444715331	-2.9379696987	-2.96722809425	-2.88521657474	-2.70219047406	-2.43456038408	-2.10332721287	-1.73227328136	-1.34612575128	-0.968931701323	-0.622800580425	-0.327044062137	-0.0977256559838	0.0524555430781	0.11406745103	0.0807546713028	-0.0509373097119	-0.281651137181	-0.609209211001	-1.02851780025	-1.53147551816	-2.1069414242	-2.74080745169	-3.41634395128	-4.11464570012	-4.81527252022	-5.49711194755	-6.13916254843	-6.72138499394	-7.22553166804	-7.6358023954	-7.93938852411	-8.12686419076	
-6.05711774406	-5.94959911832	-5.72636914959	-5.39248944832	-4.95659853779	-4.43047426141	-3.82858273467	-3.16750481606	-2.46537005304	-1.74131080632	-1.0149153085	-0.305749771229	0.367103566411	0.985455126136	1.5324089911	1.99275990638	2.35340688295	2.60379371516	2.73640579522	2.747281901	2.63652432893	2.4087483188	2.07340351258	1.64487722328	1.14230926917	0.589043328465	0.0116716799422	-0.561296325655	-1.10110575982	-1.58064219955	-1.97636720726	-2.2700738082	-2.45028819196	-2.51310619741	-2.46233736086	-2.30893780214	-2.06980828295	-1.76610952568	-1.4213626468	-1.05956234376	-0.70352326856	-0.373637427614	-0.0871044244751	0.142366386122	0.304473633124	0.391990220377	0.400330005814	0.327146911208	0.172067010612	-0.0634023791686	-0.375799665829	-0.759517274852	-1.20659045085	-1.70654698082	-2.24637905936	-2.81075725524	-3.38240413238	-3.9426686321	-4.472295531	-4.95222715329	-5.36447317732	-5.69292950247	-5.92409803359	-6.04770605212	-6.05711774406	
-3.90352792151	-3.65831777571	-3.30864431507	-2.86301436414	-2.33353436656	-1.73539657353	-1.08622703384	-0.40538732934	0.286755646984	0.969547753667	1.622713178	2.22695303448	2.76444903185	3.21931493261	3.5779630578	3.82945020031	3.96576658308	3.98218805078	3.87761055315	3.65484318167	3.32092888481	2.88730300215	2.36981109777	1.78847153472	1.16691884835	0.531503301777	-0.0899702709621	-0.669797876556	-1.18212966537	-1.60476255335	-1.92076299652	-2.11974717342	-2.19863846516	-2.1617677024	-2.02030293361	-1.791069982	-1.49492418628	-1.15488217331	-0.794260974573	-0.435056228562	-0.0967046327819	0.204667503867	0.456515781875	0.649743903862	0.778285968553	0.838559205228	0.828927798783	0.749296979193	0.600895061301	0.386269593269	0.109453656035	-0.223771564437	-0.605594498969	-1.02597872014	-1.47262250881	-1.93111171795	-2.38528816103	-2.81784087583	-3.21100871346	-3.54742949929	-3.81101378835	-3.98776840022	-4.06656309596	-4.03973504787	-3.90352792151	
-1.77684200542	-1.42980386655	-0.992634716952	-0.477081924151	0.101629421567	0.725440755387	1.37422468909	2.02663015327	2.66095415793	3.25597809039	3.79174082954	4.25022191826	4.6158965577	4.87618585231	5.02179123108	5.04699057131	4.94985397007	4.73232876684	4.4004478773	3.96431688305	3.43805945338	2.8396541271	2.19048764965	1.5147442721	0.838462170413	0.188362534421	-0.409564126943	-0.931582411584	-1.35774457781	-1.67324931879	-1.86948410831	-1.94460959149	-1.9035795612	-1.7575848779	-1.52297250305	-1.21976394936	-0.869967654347	-0.495883527982	-0.118590297733	0.243218715308	0.573974329427	0.86153293206	1.09708952683	1.27480786425	1.39129642826	1.44505950277	1.43603856434	1.36531758807	1.23501796339	1.04838688614	0.810006589313	0.52607466998	0.204660013605	-0.144152951196	-0.508252590472	-0.873709459652	-1.22518020987	-1.54648153477	-1.82133546948	-2.0341844177	-2.17104141221	-2.22031987658	-2.17354914221	-2.02595132847	-1.77684200542	
0.232067095986	0.645195902035	1.13109678857	1.67517639704	2.25969004366	2.8644831916	3.46786352128	4.0475371722	4.58158168269	5.04936041007	5.43235866169	5.71495174463	5.88497528584	5.93418267048	5.85854801375	5.65845350369	5.33875777834	4.90866358575	4.3815668025	3.77469615029	3.10861242159	2.40656759293	1.69362982098	0.995692415303	0.33828941384	-0.254671515699	-0.762188849073	-1.1673690847	-1.4584251702	-1.62936876788	-1.68031499311	-1.61733093553	-1.45184010714	-1.19963536152	-0.879591363956	-0.512232343716	-0.118302211047	0.282509584376	0.672568534616	1.03695216131	1.36375638494	1.64407580642	1.87174579733	2.04293862953	2.15571174049	2.20961044629	2.20537207565	2.14479203	2.03072271201	1.86720489023	1.65966702564	1.41513628713	1.14238861834	0.851996484879	0.556216255254	0.268701715343	0.004063297356	-0.222753792665	-0.397177982413	-0.505801109159	-0.53716970408	-0.48253009773	-0.336471537768	-0.0974179093476	0.232067095986	
2.05736824682	2.50208513882	2.99947649703	3.53268680733	4.08225611055	4.62694083329	5.14462055474	5.61332041401	6.01219071693	6.32247865718	6.52843421218	6.61803708545	6.58361427706	6.42223837858	6.13598652078	5.73198646235	5.22212704782	4.62273590825	3.95397425827	3.23898774604	2.50299923979	1.77217940568	1.07246182916	0.428314801296	-0.138453652863	-0.609769943683	-0.97218020453	-1.21746201064	-1.34291910975	-1.35132221562	-1.25050219313	-1.05262636856	-0.77323063971	-0.430092899646	-0.0420513428354	0.3721093471	0.794626724957	1.20949833547	1.60296751571	1.96374144278	2.28299502606	2.55420194297	2.77287012189	2.93625594456	3.04309288237	3.09340551072	3.08842776056	3.03057586394	2.92353785587	2.7724069946	2.58377645145	2.36584870745	2.12841631943	1.88276194196	1.64140899412	1.41772493165	1.2254232807	1.07793592603	0.987731469729	0.965606041971	1.01999181804	1.15633988604	1.37660980927	1.67891738108	2.05736824682	
3.65496642613	4.09884957628	4.57315972654	5.0595586744	5.53787225458	5.98694467772	6.38556134141	6.71348388414	6.95239121316	7.086860461	7.1052681809	7.0004446566	6.77025103105	6.41787359686	5.95191134846	5.38614351797	4.73898113704	4.03271373617	3.29249824852	2.5451072486	1.81760155605	1.13595575115	0.523712791074	0.00080101511303	-0.417417720755	-0.720794448598	-0.904682710061	-0.96986329833	-0.92212491848	-0.771552849534	-0.531608143888	-0.218087824537	0.151938993335	0.561122163299	0.992679428472	1.43105418693	1.86235742027	2.27460283655	2.65774992791	3.00363949398	3.30583424279	3.55944005101	3.7609649452	3.90819749511	4.0001974307	4.03729385824	4.0211796617	3.95501527987	3.84350673767	3.69299557028	3.51144805259	3.308393924	3.09472913324	2.8824378737	2.68419774355	2.51287641287	2.38097889525	2.30002925897	2.27994161165	2.32842287017	2.45042681962	2.64770615142	2.91848462889	3.25729163317	3.65496642613	
5.00497748542	5.41832186728	5.83854809142	6.24680555474	6.62338103205	6.94855776251	7.20350953165	7.37125800363	7.43758012489	7.39186364007	7.22788216068	6.94437786466	6.54542259446	6.04053309634	5.44446557814	4.77665477716	4.06039224422	3.32168905985	2.58790740729	1.8862834883	1.24241181324	0.678818196841	0.213748197835	-0.13973797085	-0.374277710221	-0.48828997778	-0.485641968665	-0.374946815914	-0.168589080248	0.118408018172	0.469551465784	0.867965995652	1.29730450943	1.74243230473	2.18986478101	2.62792000972	3.04671908857	3.43803059885	3.79500860805	4.11198842709	4.38429870193	4.60815986928	4.78070099449	4.90007173422	4.96559632612	4.97798600523	4.93954241084	4.85432233812	4.72819593443	4.56883796395	4.3856195538	4.18931965943	3.99178486815	3.80546762241	3.64288444088	3.51603313669	3.43578382927	3.41129937514	3.44949380616	3.55456234132	3.72762398738	3.96647841667	4.26550363711	4.61572208203	5.00497748542	
6.10707682981	6.46384094525	6.80384483431	7.10888147449	7.36102192596	7.54342486023	7.64117891438	7.64208728224	7.53743424333	7.32267350931	6.99793841876	6.56838349427	6.04427528414	5.44079285891	4.77750759355	4.0775544925	3.36651991513	2.67108699349	2.01754689863	1.43027795559	0.930314306148	0.534136524024	0.252792633878	0.091440579306	0.0493515454039	0.120364558933	0.293734875456	0.555262568959	0.888569309852	1.27638343017	1.70169474461	2.14866894804	2.60327084651	3.0535902321	3.48984730129	3.90417566256	4.29030034507	4.64310659721	4.95827830662	5.23204095194	5.46101538846	5.64226970629	5.77348149476	5.85320246049	5.88120251381	5.85878724604	5.78907540721	5.67713338543	5.53003922184	5.35675335692	5.16783459752	4.97504633092	4.79080323838	4.62758567916	4.49727574057	4.4105057769	4.37603142275	4.40022158232	4.48660265326	4.63558129195	4.84426117799	5.10645088346	5.41284385285	5.75125416286	6.10707682981	
6.97586031395	7.25431139252	7.49382042464	7.67811330321	7.79242275744	7.82421008679	7.76384161228	7.60517877017	7.34607071013	6.98871715888	6.53986100681	6.0107592983	5.41692793539	4.7776261628	4.1150642513	3.45337024637	2.81736530139	2.23120993116	1.71701248191	1.29352159608	0.975010861638	0.770469903592	0.683187690027	0.710776303032	0.845637167156	1.07581621191	1.38614739148	1.75955344934	2.17836449917	2.62550135892	3.08541833054	3.54474406633	3.99257356759	4.42044621274	4.82204637281	5.19277474661	5.52920034072	5.82857274523	6.08844974916	6.3064400675	6.48021886252	6.60764230671	6.68704099135	6.71764519165	6.69996207626	6.63614422784	6.530327874	6.38866167224	6.21933681264	6.0323632999	5.83910854231	5.65182255399	5.48292036974	5.34429518875	5.2465806418	5.1984671578	5.20611925345	5.27271972464	5.39816304526	5.57896212304	5.80828656176	6.07623004427	6.37021269495	6.67549398927	6.97586031395	
7.63706028801	7.82069289743	7.94644014366	8.00126691024	7.97487597544	7.86020020954	7.65387087015	7.35655333643	6.9730043861	6.51205930767	5.98641746485	5.41223508053	4.80851421549	4.19632686739	3.59786730102	3.03538430183	2.53003610331	2.10074308807	1.76311713723	1.52855774964	1.40360318398	1.38961083897	1.48280923933	1.6747357927	1.95301139503	2.30238795211	2.70595047507	3.14633605324	3.60687876537	4.07252195514	4.5304395845	4.97039584218	5.38472114235	5.76805257905	6.11690835008	6.42912200308	6.70326838055	6.93822658501	7.13287133184	7.28589599689	7.39592664664	7.46171383424	7.48254979982	7.45866515887	7.3916062066	7.28467449785	7.14310510328	6.97411301791	6.78679264283	6.59177259585	6.40070896322	6.22563907085	6.07825300506	5.96911405753	5.90691293593	5.89782599817	5.94496685749	6.04807559962	6.20336378954	6.40359446871	6.63839431431	6.89473795934	7.1575695927	7.4105839847	7.63706028801	
8.11945715789	8.19771762624	8.20419507214	8.13029422872	7.97114663454	7.72589223634	7.39781516605	6.99429574016	6.5264750815	6.00883125324	5.45852765005	4.89467540922	4.33748143785	3.80731622665	3.32377547998	2.90473711769	2.56548386027	2.3179320125	2.17002070168	2.12531853612	2.18288655971	2.33742947067	2.57973621214	2.89737363846	3.27559250784	3.69834819086	4.14933661322	4.61297482472	5.07519038793	5.52402521978	5.94993003594	6.3458045272	6.70683626501	7.03010817776	7.31411752543	7.5582685959	7.76238715962	7.92639390723	8.05006955151	8.13307380884	8.17504564042	8.17584148033	8.13604206776	8.05721392085	7.94227541763	7.79583347825	7.6242598672	7.43566956335	7.23969030597	7.04700712331	6.86884374	6.7162423657	6.59930794781	6.5264719663	6.50378101653	6.53433571003	6.61788315351	6.7506304586	6.92529911546	7.13139686225	7.35570753366	7.58305243156	7.79707624457	7.98116700199	8.11945715789	
8.45029121295	8.41896746337	8.30858291391	8.11585387492	7.84181327939	7.4918618719	7.07553022598	6.60599839873	6.09944137006	5.57418865546	5.04976779744	4.54594667531	4.08174835931	3.67454560826	3.33926629559	3.08771878381	2.92810341558	2.86470679263	2.89780694353	3.023789109	3.23547535132	3.5226468196	3.87272013703	4.27154508647	4.70423652003	5.15600843614	5.61291271408	6.06245073024	6.49400694322	6.89908459136	7.27133658035	7.60642390158	7.90173118574	8.1559955115	8.36890288777	8.54068135602	8.67183410155	8.76289130873	8.81437885761	8.82688105617	8.8012026179	8.73863672687	8.64127821237	8.51232070326	8.35627730092	8.17910903787	7.98821928568	7.79229494991	7.60096770261	7.4243150698	7.27229933824	7.15408612666	7.07732007259	7.04750120919	7.06738369548	7.13658279853	7.25133025981	7.40447669855	7.58572756523	7.78215692716	7.97882734484	8.15967042682	8.30847821511	8.40986199739	8.45029121295	
8.64798611548	8.50950370066	8.29240259114	7.99904679508	7.63623786213	7.21492465915	6.74966548272	6.25781167551	5.75853776806	5.27176222625	4.81703285994	4.41248507704	4.07388641443	3.81388964517	3.641484155	3.56168527521	3.57547692197	3.67997385059	3.86880294159	4.13264925327	4.45992648904	4.83752516558	5.25157777106	5.6881793627	6.13404974984	6.57705256307	7.00658648594	7.41380595607	7.79172850125	8.13515375516	8.44049230833	8.70555269489	8.92921646169	9.11117330862	9.25164965778	9.35120994301	9.41064761161	9.43092801483	9.41328586938	9.35929991443	9.27113571295	9.15171695408	9.00490915118	8.83568833958	8.65015061919	8.45551326858	8.2599059738	8.07210339996	7.90109618698	7.75556983484	7.64336675783	7.57087634495	7.54246636817	7.5599995882	7.62246942656	7.7258142353	7.86286892976	8.02363315268	8.19563716347	8.36462132638	8.51534662143	8.63244695412	8.70148882545	8.70991952021	8.64798611548	
8.71996504382	8.48336477448	8.17676124464	7.80788498935	7.38843057485	6.93352045336	6.4608867527	5.98984474415	5.54021388509	5.13111847946	4.77988801873	4.50109263333	4.30575767522	4.20085435754	4.18906484834	4.26885015608	4.43478184987	4.67810766671	4.98749262059	5.34984591428	5.75120107621	6.17751232767	6.61537546715	7.0525937675	7.47856244321	7.88447875816	8.26336898215	8.61001264928	8.92072417982	9.19309094638	9.42569142502	9.61781617548	9.76925602897	9.88012699727	9.95082238123	9.98197051524	9.97451432816	9.92987569694	9.85002218101	9.73771284492	9.59662243603	9.43135849501	9.24765216826	9.05221344592	8.85253137152	8.65673782754	8.4732144421	8.31018475304	8.17524243971	8.07486232445	8.01391725485	7.99522177126	8.01919708695	8.0836217633	8.18351529284	8.3112435302	8.45673263671	8.60796135028	8.75147927767	8.87313561733	8.95898911309	8.99612919058	8.97357385068	8.88310346069	8.71996504382	
8.66228212904	8.34348736649	7.97112772188	7.55734736999	7.11724826692	6.66817880046	6.22879287472	5.81798384699	5.45381865465	5.15245435831	4.92719004525	4.78769607725	4.73948812134	4.78370513506	4.91718635353	5.13285222411	5.42034213315	5.76684686652	6.15805209897	6.57910361235	7.01550974575	7.45389312229	7.88257780058	8.29191805178	8.67442503634	9.02469283452	9.33915134087	9.61573338161	9.85345702812	10.0520590537	10.2116493232	10.332486921	10.4148456943	10.4590213294	10.4654043782	10.4346665362	10.3680367137	10.2674063979	10.1356583562	9.9768155296	9.79608058528	9.59978807138	9.39529551269	9.19072212328	8.99455806199	8.8152956138	8.66086696661	8.53819676494	8.45268779106	8.40780050522	8.40471257827	8.44209494875	8.51602351925	8.62005313365	8.74545167349	8.88153606793	9.01620511649	9.13660500398	9.22974478198	9.28328582082	9.28631989226	9.23004662472	9.10846992597	8.91888672794	8.66228212904	
8.46464703413	8.08666681299	7.67820508732	7.25426115128	6.83136988594	6.42686655889	6.05796121627	5.7408436497	5.48976377564	5.31622797604	5.22831271978	5.23015790905	5.32175799242	5.49898613942	5.7539380544	6.07552293625	6.45026749752	6.86326808887	7.29917116984	7.74313583149	8.18163896135	8.60309259469	8.99825862154	9.36034679481	9.68492748817	9.96963677854	10.2137490408	10.4176648921	10.5824234344	10.7092751235	10.7993531206	10.8535233499	10.8723618148	10.8562845225	10.8057770753	10.7217225438	10.6057482582	10.4604887114	10.2898304976	10.0990381272	9.89474153791	9.68471440773	9.47753340185	9.28219231235	9.1075049177	8.96151899068	8.85092677778	8.78051968675	8.75273301309	8.76735158905	8.82137309688	8.9090557339	9.0221584506	9.15036185494	9.28183127985	9.40384471441	9.50359257522	9.56888871015	9.58889608397	9.55480987459	9.46039057725	9.30240671162	9.08092138955	8.79939076898	8.46464703413	
8.119733542	7.71263497862	7.30273767891	6.90587687263	6.5378301172	6.21365762324	5.94700311796	5.74945571693	5.62998817537	5.59444833004	5.6452093481	5.78098998914	5.9968798028	6.28459591333	6.63296618515	7.02861804812	7.45680882211	7.90234966945	8.3504987591	8.78779979518	9.20273270784	9.58615785478	9.93150840241	10.2347734643	10.4942055386	10.7098994773	10.8832798602	11.0165129091	11.112007311	11.1720087306	11.1983216326	11.1922453393	11.1546409898	11.0861647019	10.9876571853	10.8604329921	10.7067427297	10.5301142292	10.3354711262	10.1291994483	9.91900741077	9.71358421061	9.522112587	9.35364591744	9.21641618908	9.11713265945	9.06033738912	9.04788864617	9.07863470855	9.14826657616	9.24947525789	9.37230291402	9.50473994565	9.63348494177	9.74477281599	9.82535326603	9.86334156712	9.84899768016	9.77538330232	9.63879303537	9.4389803234	9.17918996976	8.86596563723	8.50881426599	8.119733542	
7.63234836715	7.23268039415	6.8596560762	6.52773339317	6.24979889973	6.03668724638	5.89683963694	5.83606028788	5.85729472683	5.96049856993	6.14261206033	6.3976418272	6.7168753692	7.08926898833	7.50196597351	7.94097070834	8.39187812588	8.84067800259	9.27445701576	9.68207523627	10.054594427	10.3855713144	10.6710830374	10.9095471008	11.101406694	11.2485745778	11.3539614358	11.4208800006	11.4525931579	11.4519636013	11.4212738431	11.3622234621	11.2760766244	11.1639728362	11.0273092349	10.8681446051	10.6895601814	10.4959810354	10.2932436507	10.0885277377	9.89011386659	9.70689325027	9.54775596486	9.42083842241	9.33276476557	9.28792547695	9.28785378709	9.33083316985	9.41174182066	9.52216096437	9.65083308222	9.78434904373	9.90805318722	10.0071023797	10.0675840202	10.0775705966	10.0280072366	9.91341545721	9.73229808937	9.48722202605	9.18462956361	8.83436283922	8.44901586425	8.04312523429	7.63234836715	
7.02984710694	6.67857616114	6.38177349646	6.15043118039	5.99275771582	5.91399909079	5.91652160119	5.99995402379	6.16128829768	6.39510827935	6.69379822534	7.04780941343	7.44599200926	7.87598931238	8.32473204872	8.77897721003	9.22590329613	9.65368988949	10.0520455853	10.412640847	10.7293675674	10.9984599323	11.2183932347	11.38963852	11.5142815358	11.5955208681	11.6371852121	11.6432509808	11.6174706984	11.5631007468	11.482803554	11.3787242845	11.2527009562	11.1065578055	10.9424916792	10.7634736413	10.5734510637	10.3776601454	10.1825506728	9.99558266374	9.82490269176	9.67869822032	9.56453901233	9.48857557889	9.45479989719	9.46436328771	9.51512856585	9.60144943386	9.71426709582	9.8415495244	9.96902488472	10.0811859488	10.1624686892	10.1985173327	10.1773801973	10.090547392	9.93372369878	9.70723768271	9.416085618	9.06956540748	8.68060909224	8.26480696227	7.83938470953	7.42202794246	7.02984710694	
6.36592772853	6.1049752955	5.9211367977	5.82030689554	5.8048662938	5.873924204	6.02377183244	6.24828019062	6.53934395583	6.88729775188	7.28127996825	7.70959207585	8.16003501355	8.62027261383	9.07820568965	9.52236491317	9.94232200738	10.3290518176	10.6752678982	10.9756276461	11.2268490407	11.4276666496	11.5786622252	11.6819684525	11.7408720349	11.7594334426	11.7420053066	11.6928903279	11.6161018242	11.5151414849	11.3930364632	11.2524597168	11.0959114291	10.926048303	10.7459753912	10.5595442388	10.3715055114	10.1875920889	10.014387785	9.85896381937	9.7284495457	9.62936733571	9.56689190643	9.54417466767	9.56165642287	9.61660243185	9.70286920806	9.8109790155	9.92853650735	10.0409609567	10.1325329536	10.1876109108	10.1919738601	10.1340974664	10.006275545	9.8054458507	9.53361623156	9.19787001035	8.8099092907	8.38523257387	7.94198737797	7.49965296517	7.07774874743	6.69451568057	6.36592772853	
