 ##################################################
 #WARNING: these are left-handed Boozer coordinates
 #(similar, but not equal, to PEST)
 ##################################################
  0.357000000000000     
          65
          65
          10
  4.66374E+00  4.69591E+00  4.73711E+00  4.78430E+00  4.83519E+00  4.88852E+00  4.94413E+00  5.00285E+00  5.06619E+00  5.13595E+00  5.21369E+00  5.30025E+00  5.39539E+00  5.49751E+00  5.60370E+00  5.70982E+00  5.81097E+00  5.90200E+00  5.97809E+00  6.03537E+00  6.07141E+00  6.08559E+00  6.07920E+00  6.05530E+00  6.01844E+00  5.97409E+00  5.92805E+00  5.88576E+00  5.85172E+00  5.82904E+00  5.81917E+00  5.82185E+00  5.83528E+00  5.85649E+00  5.88183E+00  5.90749E+00  5.92998E+00  5.94659E+00  5.95559E+00  5.95630E+00  5.94899E+00  5.93463E+00  5.91450E+00  5.88983E+00  5.86145E+00  5.82955E+00  5.79358E+00  5.75231E+00  5.70408E+00  5.64710E+00  5.57992E+00  5.50177E+00  5.41291E+00  5.31482E+00  5.21026E+00  5.10304E+00  4.99774E+00  4.89924E+00  4.81223E+00  4.74067E+00  4.68738E+00  4.65377E+00  4.63979E+00  4.64396E+00  4.66374E+00
  4.74431E+00  4.79737E+00  4.85329E+00  4.91085E+00  4.96991E+00  5.03124E+00  5.09623E+00  5.16653E+00  5.24355E+00  5.32803E+00  5.41969E+00  5.51699E+00  5.61718E+00  5.71646E+00  5.81036E+00  5.89424E+00  5.96385E+00  6.01588E+00  6.04842E+00  6.06124E+00  6.05584E+00  6.03536E+00  6.00414E+00  5.96731E+00  5.93010E+00  5.89727E+00  5.87257E+00  5.85832E+00  5.85521E+00  5.86235E+00  5.87743E+00  5.89716E+00  5.91775E+00  5.93545E+00  5.94701E+00  5.95009E+00  5.94345E+00  5.92699E+00  5.90162E+00  5.86891E+00  5.83078E+00  5.78901E+00  5.74498E+00  5.69933E+00  5.65188E+00  5.60174E+00  5.54746E+00  5.48740E+00  5.42015E+00  5.34487E+00  5.26167E+00  5.17177E+00  5.07756E+00  4.98244E+00  4.89050E+00  4.80613E+00  4.73349E+00  4.67609E+00  4.63636E+00  4.61540E+00  4.61293E+00  4.62740E+00  4.65624E+00  4.69630E+00  4.74431E+00
  4.84221E+00  4.90398E+00  4.96628E+00  5.02978E+00  5.09577E+00  5.16580E+00  5.24119E+00  5.32270E+00  5.41009E+00  5.50205E+00  5.59612E+00  5.68889E+00  5.77637E+00  5.85441E+00  5.91927E+00  5.96809E+00  5.99929E+00  6.01282E+00  6.01019E+00  5.99435E+00  5.96931E+00  5.93966E+00  5.91004E+00  5.88450E+00  5.86610E+00  5.85652E+00  5.85593E+00  5.86302E+00  5.87527E+00  5.88933E+00  5.90154E+00  5.90841E+00  5.90708E+00  5.89569E+00  5.87352E+00  5.84102E+00  5.79961E+00  5.75135E+00  5.69859E+00  5.64351E+00  5.58779E+00  5.53234E+00  5.47721E+00  5.42164E+00  5.36432E+00  5.30364E+00  5.23819E+00  5.16706E+00  5.09020E+00  5.00862E+00  4.92443E+00  4.84067E+00  4.76106E+00  4.68959E+00  4.63004E+00  4.58554E+00  4.55822E+00  4.54896E+00  4.55731E+00  4.58161E+00  4.61928E+00  4.66720E+00  4.72212E+00  4.78118E+00  4.84221E+00
  4.93375E+00  4.99900E+00  5.06542E+00  5.13454E+00  5.20773E+00  5.28580E+00  5.36872E+00  5.45538E+00  5.54367E+00  5.63056E+00  5.71250E+00  5.78580E+00  5.84713E+00  5.89397E+00  5.92498E+00  5.94019E+00  5.94102E+00  5.93017E+00  5.91121E+00  5.88818E+00  5.86505E+00  5.84519E+00  5.83099E+00  5.82355E+00  5.82258E+00  5.82649E+00  5.83270E+00  5.83797E+00  5.83893E+00  5.83257E+00  5.81659E+00  5.78976E+00  5.75199E+00  5.70434E+00  5.64872E+00  5.58762E+00  5.52369E+00  5.45928E+00  5.39616E+00  5.33523E+00  5.27648E+00  5.21907E+00  5.16158E+00  5.10231E+00  5.03974E+00  4.97290E+00  4.90167E+00  4.82698E+00  4.75084E+00  4.67618E+00  4.60656E+00  4.54578E+00  4.49741E+00  4.46435E+00  4.44850E+00  4.45049E+00  4.46966E+00  4.50418E+00  4.55131E+00  4.60780E+00  4.67032E+00  4.73592E+00  4.80238E+00  4.86842E+00  4.93375E+00
  5.00515E+00  5.07235E+00  5.14226E+00  5.21601E+00  5.29390E+00  5.37523E+00  5.45827E+00  5.54039E+00  5.61838E+00  5.68885E+00  5.74869E+00  5.79553E+00  5.82802E+00  5.84611E+00  5.85102E+00  5.84510E+00  5.83150E+00  5.81376E+00  5.79530E+00  5.77893E+00  5.76654E+00  5.75878E+00  5.75505E+00  5.75360E+00  5.75183E+00  5.74668E+00  5.73514E+00  5.71465E+00  5.68353E+00  5.64120E+00  5.58825E+00  5.52635E+00  5.45797E+00  5.38604E+00  5.31345E+00  5.24270E+00  5.17551E+00  5.11263E+00  5.05378E+00  4.99780E+00  4.94291E+00  4.88710E+00  4.82858E+00  4.76617E+00  4.69967E+00  4.62998E+00  4.55916E+00  4.49027E+00  4.42701E+00  4.37330E+00  4.33281E+00  4.30847E+00  4.30215E+00  4.31433E+00  4.34417E+00  4.38954E+00  4.44737E+00  4.51405E+00  4.58591E+00  4.65966E+00  4.73281E+00  4.80385E+00  4.87241E+00  4.93907E+00  5.00515E+00
  5.04560E+00  5.11366E+00  5.18525E+00  5.26032E+00  5.33778E+00  5.41553E+00  5.49077E+00  5.56035E+00  5.62121E+00  5.67084E+00  5.70763E+00  5.73111E+00  5.74198E+00  5.74205E+00  5.73391E+00  5.72057E+00  5.70497E+00  5.68958E+00  5.67600E+00  5.66473E+00  5.65516E+00  5.64561E+00  5.63371E+00  5.61669E+00  5.59194E+00  5.55736E+00  5.51178E+00  5.45516E+00  5.38861E+00  5.31432E+00  5.23519E+00  5.15448E+00  5.07534E+00  5.00036E+00  4.93122E+00  4.86849E+00  4.81159E+00  4.75898E+00  4.70844E+00  4.65749E+00  4.60393E+00  4.54625E+00  4.48400E+00  4.41800E+00  4.35039E+00  4.28439E+00  4.22401E+00  4.17354E+00  4.13703E+00  4.11777E+00  4.11785E+00  4.13791E+00  4.17703E+00  4.23290E+00  4.30205E+00  4.38037E+00  4.46358E+00  4.54779E+00  4.62989E+00  4.70789E+00  4.78106E+00  4.84982E+00  4.91553E+00  4.98012E+00  5.04560E+00
  5.04522E+00  5.11299E+00  5.18399E+00  5.25693E+00  5.32961E+00  5.39921E+00  5.46276E+00  5.51752E+00  5.56139E+00  5.59318E+00  5.61279E+00  5.62114E+00  5.61997E+00  5.61156E+00  5.59830E+00  5.58230E+00  5.56503E+00  5.54711E+00  5.52820E+00  5.50707E+00  5.48188E+00  5.45049E+00  5.41087E+00  5.36151E+00  5.30176E+00  5.23203E+00  5.15380E+00  5.06952E+00  4.98230E+00  4.89551E+00  4.81235E+00  4.73535E+00  4.66606E+00  4.60488E+00  4.55093E+00  4.50234E+00  4.45649E+00  4.41051E+00  4.36179E+00  4.30846E+00  4.24982E+00  4.18655E+00  4.12077E+00  4.05586E+00  3.99614E+00  3.94630E+00  3.91089E+00  3.89371E+00  3.89729E+00  3.92263E+00  3.96897E+00  4.03394E+00  4.11384E+00  4.20407E+00  4.29969E+00  4.39603E+00  4.48918E+00  4.57640E+00  4.65631E+00  4.72895E+00  4.79553E+00  4.85809E+00  4.91910E+00  4.98088E+00  5.04522E+00
  5.00049E+00  5.06868E+00  5.13905E+00  5.20929E+00  5.27658E+00  5.33796E+00  5.39081E+00  5.43312E+00  5.46377E+00  5.48256E+00  5.49014E+00  5.48783E+00  5.47727E+00  5.46012E+00  5.43771E+00  5.41085E+00  5.37964E+00  5.34358E+00  5.30166E+00  5.25264E+00  5.19542E+00  5.12929E+00  5.05429E+00  4.97133E+00  4.88223E+00  4.78958E+00  4.69649E+00  4.60620E+00  4.52166E+00  4.44511E+00  4.37779E+00  4.31971E+00  4.26968E+00  4.22544E+00  4.18405E+00  4.14232E+00  4.09735E+00  4.04707E+00  3.99061E+00  3.92858E+00  3.86316E+00  3.79791E+00  3.73743E+00  3.68682E+00  3.65109E+00  3.63455E+00  3.64022E+00  3.66947E+00  3.72179E+00  3.79488E+00  3.88483E+00  3.98666E+00  4.09483E+00  4.20390E+00  4.30911E+00  4.40688E+00  4.49510E+00  4.57324E+00  4.64222E+00  4.70410E+00  4.76167E+00  4.81787E+00  4.87533E+00  4.93593E+00  5.00049E+00
  4.92187E+00  4.99445E+00  5.06732E+00  5.13729E+00  5.20115E+00  5.25598E+00  5.29952E+00  5.33033E+00  5.34785E+00  5.35230E+00  5.34448E+00  5.32551E+00  5.29658E+00  5.25870E+00  5.21256E+00  5.15848E+00  5.09650E+00  5.02653E+00  4.94857E+00  4.86299E+00  4.77068E+00  4.67318E+00  4.57271E+00  4.47199E+00  4.37405E+00  4.28185E+00  4.19790E+00  4.12394E+00  4.06064E+00  4.00744E+00  3.96263E+00  3.92347E+00  3.88662E+00  3.84859E+00  3.80627E+00  3.75745E+00  3.70126E+00  3.63843E+00  3.57131E+00  3.50380E+00  3.44089E+00  3.38816E+00  3.35112E+00  3.33459E+00  3.34204E+00  3.37517E+00  3.43367E+00  3.51521E+00  3.61568E+00  3.72963E+00  3.85089E+00  3.97324E+00  4.09108E+00  4.20000E+00  4.29714E+00  4.38143E+00  4.45352E+00  4.51548E+00  4.57043E+00  4.62196E+00  4.67355E+00  4.72809E+00  4.78745E+00  4.85226E+00  4.92187E+00
  4.83438E+00  4.91629E+00  4.99449E+00  5.06496E+00  5.12412E+00  5.16910E+00  5.19798E+00  5.20977E+00  5.20438E+00  5.18242E+00  5.14497E+00  5.09339E+00  5.02905E+00  4.95332E+00  4.86748E+00  4.77276E+00  4.67052E+00  4.56232E+00  4.45006E+00  4.33603E+00  4.22291E+00  4.11359E+00  4.01095E+00  3.91760E+00  3.83552E+00  3.76577E+00  3.70829E+00  3.66180E+00  3.62384E+00  3.59106E+00  3.55960E+00  3.52555E+00  3.48553E+00  3.43725E+00  3.37986E+00  3.31429E+00  3.24327E+00  3.17115E+00  3.10351E+00  3.04658E+00  3.00655E+00  2.98883E+00  2.99742E+00  3.03438E+00  3.09956E+00  3.19052E+00  3.30281E+00  3.43039E+00  3.56630E+00  3.70340E+00  3.83512E+00  3.95612E+00  4.06280E+00  4.15355E+00  4.22879E+00  4.29075E+00  4.34299E+00  4.38989E+00  4.43595E+00  4.48518E+00  4.54061E+00  4.60386E+00  4.67505E+00  4.75277E+00  4.83438E+00
  4.76495E+00  4.85546E+00  4.93436E+00  4.99706E+00  5.04000E+00  5.06080E+00  5.05836E+00  5.03272E+00  4.98492E+00  4.91677E+00  4.83057E+00  4.72894E+00  4.61466E+00  4.49059E+00  4.35964E+00  4.22482E+00  4.08919E+00  3.95592E+00  3.82820E+00  3.70911E+00  3.60138E+00  3.50722E+00  3.42797E+00  3.36391E+00  3.31413E+00  3.27644E+00  3.24754E+00  3.22329E+00  3.19912E+00  3.17059E+00  3.13394E+00  3.08664E+00  3.02786E+00  2.95872E+00  2.88233E+00  2.80361E+00  2.72888E+00  2.66520E+00  2.61961E+00  2.59837E+00  2.60617E+00  2.64560E+00  2.71674E+00  2.81711E+00  2.94185E+00  3.08424E+00  3.23638E+00  3.38999E+00  3.53733E+00  3.67194E+00  3.78931E+00  3.88719E+00  3.96578E+00  4.02747E+00  4.07645E+00  4.11804E+00  4.15799E+00  4.20169E+00  4.25350E+00  4.31623E+00  4.39086E+00  4.47642E+00  4.57020E+00  4.66806E+00  4.76495E+00
  4.71894E+00  4.80383E+00  4.86466E+00  4.89737E+00  4.89962E+00  4.87077E+00  4.81180E+00  4.72505E+00  4.61389E+00  4.48244E+00  4.33526E+00  4.17710E+00  4.01273E+00  3.84682E+00  3.68384E+00  3.52799E+00  3.38308E+00  3.25243E+00  3.13866E+00  3.04353E+00  2.96772E+00  2.91067E+00  2.87052E+00  2.84410E+00  2.82712E+00  2.81450E+00  2.80083E+00  2.78095E+00  2.75051E+00  2.70662E+00  2.64826E+00  2.57661E+00  2.49509E+00  2.40918E+00  2.32597E+00  2.25343E+00  2.19967E+00  2.17198E+00  2.17601E+00  2.21511E+00  2.28981E+00  2.39774E+00  2.53376E+00  2.69047E+00  2.85894E+00  3.02965E+00  3.19349E+00  3.34268E+00  3.47155E+00  3.57707E+00  3.65907E+00  3.72010E+00  3.76500E+00  3.80018E+00  3.83284E+00  3.86997E+00  3.91756E+00  3.97984E+00  4.05882E+00  4.15408E+00  4.26285E+00  4.38033E+00  4.50026E+00  4.61553E+00  4.71894E+00
  4.65712E+00  4.70532E+00  4.71475E+00  4.68394E+00  4.61375E+00  4.50712E+00  4.36866E+00  4.20421E+00  4.02036E+00  3.82406E+00  3.62220E+00  3.42135E+00  3.22757E+00  3.04621E+00  2.88181E+00  2.73795E+00  2.61717E+00  2.52078E+00  2.44879E+00  2.39980E+00  2.37098E+00  2.35816E+00  2.35605E+00  2.35856E+00  2.35935E+00  2.35238E+00  2.33256E+00  2.29638E+00  2.24239E+00  2.17160E+00  2.08752E+00  1.99602E+00  1.90483E+00  1.82289E+00  1.75939E+00  1.72285E+00  1.72010E+00  1.75550E+00  1.83034E+00  1.94262E+00  2.08711E+00  2.25585E+00  2.43893E+00  2.62553E+00  2.80503E+00  2.96814E+00  3.10786E+00  3.22016E+00  3.30435E+00  3.36308E+00  3.40182E+00  3.42824E+00  3.45115E+00  3.47943E+00  3.52096E+00  3.58168E+00  3.66487E+00  3.77081E+00  3.89673E+00  4.03708E+00  4.18419E+00  4.32900E+00  4.46196E+00  4.57397E+00  4.65712E+00
  4.48850E+00  4.45786E+00  4.37704E+00  4.24965E+00  4.08173E+00  3.88118E+00  3.65702E+00  3.41874E+00  3.17573E+00  2.93677E+00  2.70967E+00  2.50106E+00  2.31618E+00  2.15886E+00  2.03141E+00  1.93461E+00  1.86769E+00  1.82836E+00  1.81281E+00  1.81590E+00  1.83138E+00  1.85225E+00  1.87126E+00  1.88150E+00  1.87705E+00  1.85363E+00  1.80918E+00  1.74423E+00  1.66209E+00  1.56871E+00  1.47226E+00  1.38242E+00  1.30945E+00  1.26310E+00  1.25156E+00  1.28044E+00  1.35210E+00  1.46518E+00  1.61466E+00  1.79223E+00  1.98714E+00  2.18726E+00  2.38037E+00  2.55548E+00  2.70401E+00  2.82071E+00  2.90419E+00  2.95703E+00  2.98540E+00  2.99827E+00  3.00635E+00  3.02075E+00  3.05167E+00  3.10714E+00  3.19213E+00  3.30788E+00  3.45176E+00  3.61747E+00  3.79574E+00  3.97521E+00  4.14355E+00  4.28868E+00  4.39978E+00  4.46830E+00  4.48850E+00
  4.08896E+00  3.94148E+00  3.74291E+00  3.50351E+00  3.23520E+00  2.95062E+00  2.66221E+00  2.38146E+00  2.11836E+00  1.88103E+00  1.67551E+00  1.50578E+00  1.37374E+00  1.27937E+00  1.22085E+00  1.19470E+00  1.19598E+00  1.21848E+00  1.25497E+00  1.29763E+00  1.33840E+00  1.36965E+00  1.38472E+00  1.37863E+00  1.34860E+00  1.29456E+00  1.21938E+00  1.12879E+00  1.03107E+00  9.36390E-01  8.55835E-01  8.00317E-01  7.79369E-01  8.00032E-01  8.65937E-01  9.76722E-01  1.12788E+00  1.31107E+00  1.51487E+00  1.72594E+00  1.93043E+00  2.11546E+00  2.27060E+00  2.38903E+00  2.46832E+00  2.51074E+00  2.52299E+00  2.51542E+00  2.50081E+00  2.49289E+00  2.50471E+00  2.54706E+00  2.62718E+00  2.74786E+00  2.90703E+00  3.09790E+00  3.30958E+00  3.52816E+00  3.73807E+00  3.92359E+00  4.07030E+00  4.16639E+00  4.20358E+00  4.17772E+00  4.08896E+00
  3.34365E+00  3.06512E+00  2.75041E+00  2.41585E+00  2.07762E+00  1.75064E+00  1.44776E+00  1.17913E+00  9.51976E-01  7.70561E-01  6.36332E-01  5.48222E-01  5.02994E-01  4.95600E-01  5.19533E-01  5.67166E-01  6.30093E-01  6.99498E-01  7.66582E-01  8.23055E-01  8.61693E-01  8.76928E-01  8.65417E-01  8.26511E-01  7.62556E-01  6.78937E-01  5.83823E-01  4.87582E-01  4.01895E-01  3.38624E-01  3.08562E-01  3.20180E-01  3.78541E-01  4.84516E-01  6.34434E-01  8.20233E-01  1.03013E+00  1.24975E+00  1.46365E+00  1.65697E+00  1.81716E+00  1.93545E+00  2.00793E+00  2.03611E+00  2.02687E+00  1.99170E+00  1.94550E+00  1.90485E+00  1.88613E+00  1.90352E+00  1.96739E+00  2.08291E+00  2.24937E+00  2.46009E+00  2.70299E+00  2.96171E+00  3.21725E+00  3.44975E+00  3.64045E+00  3.77339E+00  3.83679E+00  3.82402E+00  3.73395E+00  3.57083E+00  3.34365E+00
  2.19811E+00  1.81309E+00  1.42279E+00  1.04626E+00  6.99927E-01  3.96741E-01  1.45738E-01 -4.80562E-02 -1.83387E-01 -2.62325E-01 -2.89685E-01 -2.72419E-01 -2.19014E-01 -1.38965E-01 -4.22956E-02  6.08749E-02  1.60749E-01  2.48292E-01  3.15705E-01  3.56931E-01  3.68162E-01  3.48285E-01  2.99204E-01  2.25947E-01  1.36496E-01  4.13022E-02 -4.75353E-02 -1.17359E-01 -1.56238E-01 -1.54311E-01 -1.05029E-01 -6.12574E-03  1.39809E-01  3.25290E-01  5.38465E-01  7.64183E-01  9.85537E-01  1.18569E+00  1.34981E+00  1.46684E+00  1.53095E+00  1.54240E+00  1.50770E+00  1.43911E+00  1.35336E+00  1.26989E+00  1.20859E+00  1.18760E+00  1.22108E+00  1.31751E+00  1.47848E+00  1.69838E+00  1.96469E+00  2.25918E+00  2.55962E+00  2.84198E+00  3.08270E+00  3.26096E+00  3.36059E+00  3.37142E+00  3.29009E+00  3.12001E+00  2.87087E+00  2.55745E+00  2.19811E+00
  6.95842E-01  2.69746E-01 -1.21267E-01 -4.60818E-01 -7.37416E-01 -9.44665E-01 -1.08103E+00 -1.14929E+00 -1.15570E+00 -1.10917E+00 -1.02038E+00 -9.00997E-01 -7.63039E-01 -6.18300E-01 -4.77909E-01 -3.51911E-01 -2.48865E-01 -1.75418E-01 -1.35883E-01 -1.31834E-01 -1.61792E-01 -2.21080E-01 -3.01914E-01 -3.93807E-01 -4.84298E-01 -5.59998E-01 -6.07878E-01 -6.16677E-01 -5.78284E-01 -4.88898E-01 -3.49814E-01 -1.67682E-01  4.58392E-02  2.75057E-01  5.01766E-01  7.07186E-01  8.74101E-01  9.88941E-01  1.04356E+00  1.03648E+00  9.73356E-01  8.66712E-01  7.34755E-01  5.99529E-01  4.84534E-01  4.12072E-01  4.00661E-01  4.62782E-01  6.03259E-01  8.18448E-01  1.09635E+00  1.41762E+00  1.75740E+00  2.08772E+00  2.38021E+00  2.60887E+00  2.75247E+00  2.79653E+00  2.73444E+00  2.56790E+00  2.30641E+00  1.96612E+00  1.56814E+00  1.13647E+00  6.95842E-01
 -1.01623E+00 -1.39129E+00 -1.69310E+00 -1.91346E+00 -2.05014E+00 -2.10627E+00 -2.08935E+00 -2.01014E+00 -1.88148E+00 -1.71734E+00 -1.53184E+00 -1.33867E+00 -1.15050E+00 -9.78583E-01 -8.32435E-01 -7.19470E-01 -6.44663E-01 -6.10197E-01 -6.15163E-01 -6.55373E-01 -7.23381E-01 -8.08785E-01 -8.98861E-01 -9.79539E-01 -1.03668E+00 -1.05755E+00 -1.03231E+00 -9.55379E-01 -8.26481E-01 -6.51112E-01 -4.40427E-01 -2.10415E-01  1.95795E-02  2.28862E-01  3.97715E-01  5.09783E-01  5.54216E-01  5.27299E-01  4.33326E-01  2.84574E-01  1.00323E-01 -9.49946E-02 -2.74339E-01 -4.11023E-01 -4.81753E-01 -4.69393E-01 -3.65118E-01 -1.69698E-01  1.06242E-01  4.43054E-01  8.13864E-01  1.18717E+00  1.52994E+00  1.81083E+00  2.00319E+00  2.08759E+00  2.05350E+00  1.90004E+00  1.63576E+00  1.27754E+00  8.48683E-01  3.76607E-01 -1.09732E-01 -5.82318E-01 -1.01623E+00
 -2.72020E+00 -2.95182E+00 -3.08675E+00 -3.12829E+00 -3.08509E+00 -2.96970E+00 -2.79720E+00 -2.58383E+00 -2.34591E+00 -2.09901E+00 -1.85736E+00 -1.63343E+00 -1.43769E+00 -1.27834E+00 -1.16110E+00 -1.08890E+00 -1.06160E+00 -1.07579E+00 -1.12467E+00 -1.19826E+00 -1.28388E+00 -1.36702E+00 -1.43254E+00 -1.46623E+00 -1.45634E+00 -1.39522E+00 -1.28057E+00 -1.11625E+00 -9.12429E-01 -6.84953E-01 -4.54016E-01 -2.42114E-01 -7.15599E-02  3.81933E-02  7.30940E-02  2.65708E-02 -9.91469E-02 -2.92679E-01 -5.34216E-01 -7.97285E-01 -1.05140E+00 -1.26529E+00 -1.41043E+00 -1.46431E+00 -1.41320E+00 -1.25404E+00 -9.95100E-01 -6.55472E-01 -2.63373E-01  1.46591E-01  5.36836E-01  8.70524E-01  1.11519E+00  1.24585E+00  1.24730E+00  1.11535E+00  8.56868E-01  4.88836E-01  3.63318E-02 -4.70069E-01 -9.97268E-01 -1.51263E+00 -1.98663E+00 -2.39503E+00 -2.72020E+00
 -4.18678E+00 -4.21099E+00 -4.13807E+00 -3.98256E+00 -3.76191E+00 -3.49488E+00 -3.20012E+00 -2.89518E+00 -2.59579E+00 -2.31552E+00 -2.06558E+00 -1.85475E+00 -1.68930E+00 -1.57282E+00 -1.50599E+00 -1.48638E+00 -1.50821E+00 -1.56240E+00 -1.63684E+00 -1.71713E+00 -1.78758E+00 -1.83274E+00 -1.83902E+00 -1.79651E+00 -1.70047E+00 -1.55250E+00 -1.36105E+00 -1.14113E+00 -9.13137E-01 -7.00930E-01 -5.29259E-01 -4.20821E-01 -3.93324E-01 -4.56918E-01 -6.12333E-01 -8.50046E-01 -1.15061E+00 -1.48623E+00 -1.82335E+00 -2.12620E+00 -2.36064E+00 -2.49806E+00 -2.51884E+00 -2.41484E+00 -2.19071E+00 -1.86383E+00 -1.46278E+00 -1.02460E+00 -5.91152E-01 -2.04854E-01  9.55289E-02  2.78726E-01  3.23935E-01  2.22646E-01 -2.08468E-02 -3.90252E-01 -8.59257E-01 -1.39440E+00 -1.95844E+00 -2.51390E+00 -3.02631E+00 -3.46685E+00 -3.81425E+00 -4.05567E+00 -4.18678E+00
 -5.23939E+00 -5.04024E+00 -4.76723E+00 -4.44202E+00 -4.08597E+00 -3.71890E+00 -3.35820E+00 -3.01849E+00 -2.71152E+00 -2.44629E+00 -2.22922E+00 -2.06415E+00 -1.95235E+00 -1.89224E+00 -1.87923E+00 -1.90551E+00 -1.96018E+00 -2.02961E+00 -2.09834E+00 -2.15034E+00 -2.17066E+00 -2.14730E+00 -2.07294E+00 -1.94649E+00 -1.77396E+00 -1.56857E+00 -1.34998E+00 -1.14254E+00 -9.72773E-01 -8.66311E-01 -8.44599E-01 -9.21847E-01 -1.10259E+00 -1.38027E+00 -1.73702E+00 -2.14486E+00 -2.56814E+00 -2.96715E+00 -3.30225E+00 -3.53841E+00 -3.64924E+00 -3.62033E+00 -3.45126E+00 -3.15611E+00 -2.76241E+00 -2.30849E+00 -1.83969E+00 -1.40375E+00 -1.04593E+00 -8.04444E-01 -7.06700E-01 -7.66722E-01 -9.84069E-01 -1.34427E+00 -1.82071E+00 -2.37760E+00 -2.97380E+00 -3.56684E+00 -4.11686E+00 -4.58988E+00 -4.96024E+00 -5.21195E+00 -5.33899E+00 -5.34451E+00 -5.23939E+00
 -5.79856E+00 -5.41113E+00 -4.98946E+00 -4.55612E+00 -4.13059E+00 -3.72876E+00 -3.36290E+00 -3.04200E+00 -2.77217E+00 -2.55700E+00 -2.39773E+00 -2.29325E+00 -2.23991E+00 -2.23123E+00 -2.25784E+00 -2.30755E+00 -2.36589E+00 -2.41719E+00 -2.44598E+00 -2.43881E+00 -2.38618E+00 -2.28426E+00 -2.13621E+00 -1.95274E+00 -1.75174E+00 -1.55694E+00 -1.39558E+00 -1.29535E+00 -1.28093E+00 -1.37051E+00 -1.57284E+00 -1.88514E+00 -2.29230E+00 -2.76749E+00 -3.27434E+00 -3.77028E+00 -4.21103E+00 -4.55537E+00 -4.76992E+00 -4.83319E+00 -4.73844E+00 -4.49493E+00 -4.12745E+00 -3.67404E+00 -3.18220E+00 -2.70411E+00 -2.29116E+00 -1.98871E+00 -1.83146E+00 -1.84004E+00 -2.01923E+00 -2.35780E+00 -2.83009E+00 -3.39905E+00 -4.02029E+00 -4.64657E+00 -5.23247E+00 -5.73828E+00 -6.13325E+00 -6.39736E+00 -6.52208E+00 -6.50972E+00 -6.37186E+00 -6.12712E+00 -5.79856E+00
 -5.89174E+00 -5.38800E+00 -4.89384E+00 -4.42689E+00 -4.00025E+00 -3.62291E+00 -3.30043E+00 -3.03565E+00 -2.82920E+00 -2.67977E+00 -2.58410E+00 -2.53672E+00 -2.52971E+00 -2.55257E+00 -2.59246E+00 -2.63483E+00 -2.66463E+00 -2.66791E+00 -2.63372E+00 -2.55597E+00 -2.43509E+00 -2.27895E+00 -2.10301E+00 -1.92939E+00 -1.78490E+00 -1.69817E+00 -1.69614E+00 -1.80037E+00 -2.02362E+00 -2.36717E+00 -2.81940E+00 -3.35574E+00 -3.94036E+00 -4.52928E+00 -5.07470E+00 -5.53010E+00 -5.85552E+00 -6.02224E+00 -6.01653E+00 -5.84169E+00 -5.51828E+00 -5.08241E+00 -4.58221E+00 -4.07296E+00 -3.61128E+00 -3.24928E+00 -3.02913E+00 -2.97876E+00 -3.10923E+00 -3.41388E+00 -3.86948E+00 -4.43900E+00 -5.07581E+00 -5.72860E+00 -6.34654E+00 -6.88406E+00 -7.30468E+00 -7.58358E+00 -7.70882E+00 -7.68099E+00 -7.51173E+00 -7.22128E+00 -6.83551E+00 -6.38289E+00 -5.89174E+00
 -5.62861E+00 -5.09304E+00 -4.60304E+00 -4.16791E+00 -3.79274E+00 -3.47938E+00 -3.22740E+00 -3.03468E+00 -2.89766E+00 -2.81130E+00 -2.76874E+00 -2.76107E+00 -2.77722E+00 -2.80428E+00 -2.82834E+00 -2.83581E+00 -2.81515E+00 -2.75876E+00 -2.66478E+00 -2.53840E+00 -2.39240E+00 -2.24667E+00 -2.12673E+00 -2.06111E+00 -2.07799E+00 -2.20140E+00 -2.44753E+00 -2.82154E+00 -3.31551E+00 -3.90783E+00 -4.56423E+00 -5.24046E+00 -5.88648E+00 -6.45158E+00 -6.88995E+00 -7.16604E+00 -7.25895E+00 -7.16536E+00 -6.90057E+00 -6.49738E+00 -6.00306E+00 -5.47456E+00 -4.97259E+00 -4.55521E+00 -4.27177E+00 -4.15774E+00 -4.23117E+00 -4.49107E+00 -4.91788E+00 -5.47597E+00 -6.11768E+00 -6.78855E+00 -7.43296E+00 -7.99952E+00 -8.44578E+00 -8.74151E+00 -8.87049E+00 -8.83071E+00 -8.63301E+00 -8.29859E+00 -7.85578E+00 -7.33653E+00 -6.77310E+00 -6.19531E+00 -5.62861E+00
 -5.15611E+00 -4.66133E+00 -4.23278E+00 -3.87142E+00 -3.57555E+00 -3.34182E+00 -3.16584E+00 -3.04237E+00 -2.96509E+00 -2.92631E+00 -2.91660E+00 -2.92487E+00 -2.93874E+00 -2.94560E+00 -2.93404E+00 -2.89565E+00 -2.82688E+00 -2.73057E+00 -2.61685E+00 -2.50314E+00 -2.41310E+00 -2.37435E+00 -2.41544E+00 -2.56204E+00 -2.83308E+00 -3.23722E+00 -3.77026E+00 -4.41388E+00 -5.13609E+00 -5.89340E+00 -6.63461E+00 -7.30590E+00 -7.85655E+00 -8.24470E+00 -8.44247E+00 -8.43960E+00 -8.24534E+00 -7.88810E+00 -7.41294E+00 -6.87710E+00 -6.34408E+00 -5.87694E+00 -5.53164E+00 -5.35109E+00 -5.36073E+00 -5.56604E+00 -5.95233E+00 -6.48663E+00 -7.12157E+00 -7.80065E+00 -8.46425E+00 -9.05565E+00 -9.52640E+00 -9.84045E+00 -9.97665E+00 -9.92947E+00 -9.70803E+00 -9.33367E+00 -8.83654E+00 -8.25173E+00 -7.61543E+00 -6.96162E+00 -6.31953E+00 -5.71223E+00 -5.15611E+00
 -4.61312E+00 -4.20456E+00 -3.86654E+00 -3.59431E+00 -3.38227E+00 -3.22450E+00 -3.11475E+00 -3.04609E+00 -3.01054E+00 -2.99872E+00 -3.00003E+00 -3.00319E+00 -2.99747E+00 -2.97423E+00 -2.92877E+00 -2.86193E+00 -2.78136E+00 -2.70187E+00 -2.64484E+00 -2.63643E+00 -2.70479E+00 -2.87649E+00 -3.17256E+00 -3.60476E+00 -4.17249E+00 -4.86101E+00 -5.64124E+00 -6.47133E+00 -7.30002E+00 -8.07149E+00 -8.73110E+00 -9.23143E+00 -9.53794E+00 -9.63333E+00 -9.52024E+00 -9.22170E+00 -8.77928E+00 -8.24909E+00 -7.69601E+00 -7.18692E+00 -6.78352E+00 -6.53576E+00 -6.47659E+00 -6.61855E+00 -6.95277E+00 -7.45023E+00 -8.06521E+00 -8.74049E+00 -9.41356E+00 -1.00231E+01 -1.05150E+01 -1.08474E+01 -1.09936E+01 -1.09439E+01 -1.07048E+01 -1.02968E+01 -9.75110E+00 -9.10528E+00 -8.39914E+00 -7.67076E+00 -6.95344E+00 -6.27369E+00 -5.65042E+00 -5.09518E+00 -4.61312E+00
 -4.10114E+00 -3.79447E+00 -3.55065E+00 -3.36273E+00 -3.22407E+00 -3.12818E+00 -3.06819E+00 -3.03638E+00 -3.02397E+00 -3.02133E+00 -3.01883E+00 -3.00811E+00 -2.98377E+00 -2.94507E+00 -2.89733E+00 -2.85274E+00 -2.83008E+00 -2.85350E+00 -2.95009E+00 -3.14658E+00 -3.46548E+00 -3.92118E+00 -4.51653E+00 -5.24058E+00 -6.06767E+00 -6.95853E+00 -7.86295E+00 -8.72435E+00 -9.48533E+00 -1.00939E+01 -1.05094E+01 -1.07078E+01 -1.06847E+01 -1.04569E+01 -1.00613E+01 -9.55143E+00 -8.99203E+00 -8.45228E+00 -7.99842E+00 -7.68667E+00 -7.55715E+00 -7.62972E+00 -7.90203E+00 -8.35009E+00 -8.93120E+00 -9.58885E+00 -1.02589E+01 -1.08767E+01 -1.13831E+01 -1.17307E+01 -1.18873E+01 -1.18386E+01 -1.15876E+01 -1.11532E+01 -1.05667E+01 -9.86742E+00 -9.09820E+00 -8.30090E+00 -7.51281E+00 -6.76407E+00 -6.07646E+00 -5.46330E+00 -4.93040E+00 -4.47770E+00 -4.10114E+00
 -3.67695E+00 -3.46592E+00 -3.30461E+00 -3.18654E+00 -3.10565E+00 -3.05571E+00 -3.02979E+00 -3.02014E+00 -3.01858E+00 -3.01754E+00 -3.01144E+00 -2.99837E+00 -2.98164E+00 -2.97080E+00 -2.98189E+00 -3.03661E+00 -3.16035E+00 -3.37931E+00 -3.71676E+00 -4.18919E+00 -4.80263E+00 -5.54995E+00 -6.40943E+00 -7.34512E+00 -8.30904E+00 -9.24512E+00 -1.00946E+01 -1.08020E+01 -1.13216E+01 -1.16230E+01 -1.16948E+01 -1.15473E+01 -1.12114E+01 -1.07369E+01 -1.01866E+01 -9.63049E+00 -9.13783E+00 -8.76988E+00 -8.57324E+00 -8.57483E+00 -8.77913E+00 -9.16797E+00 -9.70279E+00 -1.03291E+01 -1.09828E+01 -1.15967E+01 -1.21081E+01 -1.24646E+01 -1.26290E+01 -1.25819E+01 -1.23228E+01 -1.18682E+01 -1.12486E+01 -1.05045E+01 -9.68108E+00 -8.82347E+00 -7.97269E+00 -7.16247E+00 -6.41757E+00 -5.75329E+00 -5.17637E+00 -4.68656E+00 -4.27874E+00 -3.94511E+00 -3.67695E+00
 -3.36227E+00 -3.23067E+00 -3.13576E+00 -3.07250E+00 -3.03573E+00 -3.01966E+00 -3.01791E+00 -3.02411E+00 -3.03304E+00 -3.04214E+00 -3.05309E+00 -3.07304E+00 -3.11520E+00 -3.19854E+00 -3.34627E+00 -3.58336E+00 -3.93319E+00 -4.41371E+00 -5.03376E+00 -5.78995E+00 -6.66475E+00 -7.62625E+00 -8.62971E+00 -9.62086E+00 -1.05409E+01 -1.13325E+01 -1.19459E+01 -1.23450E+01 -1.25119E+01 -1.24499E+01 -1.21837E+01 -1.17578E+01 -1.12318E+01 -1.06747E+01 -1.01572E+01 -9.74421E+00 -9.48765E+00 -9.42093E+00 -9.55528E+00 -9.87877E+00 -1.03578E+01 -1.09412E+01 -1.15659E+01 -1.21640E+01 -1.26701E+01 -1.30277E+01 -1.31951E+01 -1.31484E+01 -1.28830E+01 -1.24127E+01 -1.17670E+01 -1.09865E+01 -1.01181E+01 -9.20984E+00 -8.30612E+00 -7.44413E+00 -6.65159E+00 -5.94597E+00 -5.33505E+00 -4.81853E+00 -4.39030E+00 -4.04085E+00 -3.75954E+00 -3.53624E+00 -3.36227E+00
 -3.15938E+00 -3.09075E+00 -3.04869E+00 -3.02932E+00 -3.02820E+00 -3.04053E+00 -3.06192E+00 -3.08968E+00 -3.12433E+00 -3.17095E+00 -3.24008E+00 -3.34781E+00 -3.51479E+00 -3.76425E+00 -4.11899E+00 -4.59784E+00 -5.21190E+00 -5.96132E+00 -6.83289E+00 -7.79926E+00 -8.81979E+00 -9.84327E+00 -1.08123E+01 -1.16690E+01 -1.23609E+01 -1.28476E+01 -1.31050E+01 -1.31298E+01 -1.29397E+01 -1.25732E+01 -1.20853E+01 -1.15423E+01 -1.10149E+01 -1.05697E+01 -1.02630E+01 -1.01336E+01 -1.01991E+01 -1.04540E+01 -1.08704E+01 -1.14011E+01 -1.19857E+01 -1.25567E+01 -1.30473E+01 -1.33981E+01 -1.35634E+01 -1.35152E+01 -1.32450E+01 -1.27636E+01 -1.20985E+01 -1.12902E+01 -1.03867E+01 -9.43829E+00 -8.49230E+00 -7.58919E+00 -6.75968E+00 -6.02349E+00 -5.38968E+00 -4.85808E+00 -4.42168E+00 -4.06926E+00 -3.78803E+00 -3.56568E+00 -3.39178E+00 -3.25828E+00 -3.15938E+00
 -3.06238E+00 -3.04437E+00 -3.04613E+00 -3.06459E+00 -3.09658E+00 -3.13975E+00 -3.19397E+00 -3.26266E+00 -3.35395E+00 -3.48108E+00 -3.66196E+00 -3.91762E+00 -4.26971E+00 -4.73726E+00 -5.33311E+00 -6.06052E+00 -6.91056E+00 -7.86070E+00 -8.87512E+00 -9.90672E+00 -1.09009E+01 -1.18006E+01 -1.25523E+01 -1.31123E+01 -1.34515E+01 -1.35602E+01 -1.34493E+01 -1.31503E+01 -1.27127E+01 -1.21986E+01 -1.16765E+01 -1.12136E+01 -1.08685E+01 -1.06846E+01 -1.06851E+01 -1.08706E+01 -1.12192E+01 -1.16890E+01 -1.22230E+01 -1.27557E+01 -1.32201E+01 -1.35554E+01 -1.37130E+01 -1.36611E+01 -1.33874E+01 -1.28997E+01 -1.22232E+01 -1.13973E+01 -1.04704E+01 -9.49419E+00 -8.51853E+00 -7.58669E+00 -6.73219E+00 -5.97705E+00 -5.33178E+00 -4.79662E+00 -4.36386E+00 -4.02073E+00 -3.75226E+00 -3.54378E+00 -3.38271E+00 -3.25946E+00 -3.16748E+00 -3.10267E+00 -3.06238E+00
 -3.06020E+00 -3.08421E+00 -3.12427E+00 -3.17880E+00 -3.24749E+00 -3.33259E+00 -3.44018E+00 -3.58087E+00 -3.76974E+00 -4.02537E+00 -4.36777E+00 -4.81558E+00 -5.38271E+00 -6.07502E+00 -6.88749E+00 -7.80249E+00 -8.78938E+00 -9.80595E+00 -1.08015E+01 -1.17213E+01 -1.25122E+01 -1.31285E+01 -1.35376E+01 -1.37238E+01 -1.36915E+01 -1.34654E+01 -1.30881E+01 -1.26164E+01 -1.21152E+01 -1.16503E+01 -1.12811E+01 -1.10537E+01 -1.09960E+01 -1.11144E+01 -1.13930E+01 -1.17955E+01 -1.22695E+01 -1.27527E+01 -1.31798E+01 -1.34897E+01 -1.36320E+01 -1.35723E+01 -1.32953E+01 -1.28054E+01 -1.21253E+01 -1.12929E+01 -1.03559E+01 -9.36672E+00 -8.37676E+00 -7.43143E+00 -6.56655E+00 -5.80624E+00 -5.16242E+00 -4.63588E+00 -4.21845E+00 -3.89602E+00 -3.65159E+00 -3.46814E+00 -3.33079E+00 -3.22808E+00 -3.15235E+00 -3.09924E+00 -3.06673E+00 -3.05397E+00 -3.06020E+00
 -3.13370E+00 -3.19311E+00 -3.26865E+00 -3.36195E+00 -3.47750E+00 -3.62364E+00 -3.81283E+00 -4.06107E+00 -4.38645E+00 -4.80670E+00 -5.33620E+00 -5.98279E+00 -6.74491E+00 -7.60949E+00 -8.55116E+00 -9.53302E+00 -1.05090E+01 -1.14279E+01 -1.22381E+01 -1.28936E+01 -1.33589E+01 -1.36140E+01 -1.36572E+01 -1.35061E+01 -1.31966E+01 -1.27790E+01 -1.23133E+01 -1.18622E+01 -1.14841E+01 -1.12268E+01 -1.11212E+01 -1.11785E+01 -1.13885E+01 -1.17206E+01 -1.21280E+01 -1.25525E+01 -1.29317E+01 -1.32057E+01 -1.33240E+01 -1.32508E+01 -1.29682E+01 -1.24781E+01 -1.18006E+01 -1.09715E+01 -1.00375E+01 -9.05079E+00 -8.06325E+00 -7.12164E+00 -6.26339E+00 -5.51414E+00 -4.88693E+00 -4.38298E+00 -3.99376E+00 -3.70390E+00 -3.49452E+00 -3.34632E+00 -3.24210E+00 -3.16839E+00 -3.11612E+00 -3.08038E+00 -3.05946E+00 -3.05360E+00 -3.06371E+00 -3.09042E+00 -3.13370E+00
 -3.25288E+00 -3.34295E+00 -3.45473E+00 -3.59479E+00 -3.77333E+00 -4.00402E+00 -4.30293E+00 -4.68661E+00 -5.16946E+00 -5.76077E+00 -6.46185E+00 -7.26380E+00 -8.14631E+00 -9.07786E+00 -1.00175E+01 -1.09181E+01 -1.17308E+01 -1.24100E+01 -1.29190E+01 -1.32342E+01 -1.33484E+01 -1.32730E+01 -1.30365E+01 -1.26826E+01 -1.22652E+01 -1.18427E+01 -1.14713E+01 -1.11984E+01 -1.10570E+01 -1.10620E+01 -1.12081E+01 -1.14705E+01 -1.18080E+01 -1.21675E+01 -1.24905E+01 -1.27198E+01 -1.28059E+01 -1.27128E+01 -1.24213E+01 -1.19313E+01 -1.12606E+01 -1.04428E+01 -9.52319E+00 -8.55286E+00 -7.58365E+00 -6.66271E+00 -5.82829E+00 -5.10692E+00 -4.51234E+00 -4.04592E+00 -3.69863E+00 -3.45391E+00 -3.29105E+00 -3.18849E+00 -3.12668E+00 -3.09001E+00 -3.06780E+00 -3.05428E+00 -3.04774E+00 -3.04926E+00 -3.06121E+00 -3.08607E+00 -3.12563E+00 -3.18096E+00 -3.25288E+00
 -3.37884E+00 -3.49869E+00 -3.65266E+00 -3.85249E+00 -4.11248E+00 -4.44801E+00 -4.87331E+00 -5.39875E+00 -6.02811E+00 -6.75623E+00 -7.56754E+00 -8.43582E+00 -9.32534E+00 -1.01935E+01 -1.09947E+01 -1.16850E+01 -1.22270E+01 -1.25945E+01 -1.27759E+01 -1.27763E+01 -1.26173E+01 -1.23355E+01 -1.19782E+01 -1.15983E+01 -1.12485E+01 -1.09747E+01 -1.08105E+01 -1.07735E+01 -1.08625E+01 -1.10583E+01 -1.13253E+01 -1.16160E+01 -1.18769E+01 -1.20544E+01 -1.21014E+01 -1.19828E+01 -1.16792E+01 -1.11889E+01 -1.05281E+01 -9.72843E+00 -8.83298E+00 -7.89155E+00 -6.95504E+00 -6.07024E+00 -5.27546E+00 -4.59750E+00 -4.05029E+00 -3.63513E+00 -3.34239E+00 -3.15432E+00 -3.04849E+00 -3.00121E+00 -2.99059E+00 -2.99885E+00 -3.01348E+00 -3.02757E+00 -3.03903E+00 -3.04939E+00 -3.06217E+00 -3.08147E+00 -3.11094E+00 -3.15327E+00 -3.21047E+00 -3.28459E+00 -3.37884E+00
 -3.47063E+00 -3.62543E+00 -3.83260E+00 -4.10663E+00 -4.46164E+00 -4.90902E+00 -5.45479E+00 -6.09725E+00 -6.82534E+00 -7.61796E+00 -8.44463E+00 -9.26754E+00 -1.00448E+01 -1.07347E+01 -1.13000E+01 -1.17127E+01 -1.19574E+01 -1.20334E+01 -1.19558E+01 -1.17538E+01 -1.14676E+01 -1.11440E+01 -1.08309E+01 -1.05713E+01 -1.03985E+01 -1.03313E+01 -1.03721E+01 -1.05065E+01 -1.07045E+01 -1.09247E+01 -1.11190E+01 -1.12387E+01 -1.12402E+01 -1.10904E+01 -1.07707E+01 -1.02792E+01 -9.63043E+00 -8.85421E+00 -7.99158E+00 -7.09035E+00 -6.19975E+00 -5.36539E+00 -4.62478E+00 -4.00429E+00 -3.51748E+00 -3.16525E+00 -2.93726E+00 -2.81470E+00 -2.77364E+00 -2.78852E+00 -2.83544E+00 -2.89454E+00 -2.95156E+00 -2.99826E+00 -3.03192E+00 -3.05409E+00 -3.06902E+00 -3.08203E+00 -3.09828E+00 -3.12198E+00 -3.15639E+00 -3.20427E+00 -3.26892E+00 -3.35524E+00 -3.47063E+00
 -3.49338E+00 -3.69385E+00 -3.96645E+00 -4.32367E+00 -4.77376E+00 -5.31843E+00 -5.95098E+00 -6.65535E+00 -7.40633E+00 -8.17110E+00 -8.91183E+00 -9.58944E+00 -1.01677E+01 -1.06174E+01 -1.09199E+01 -1.10697E+01 -1.10755E+01 -1.09591E+01 -1.07536E+01 -1.04988E+01 -1.02370E+01 -1.00074E+01 -9.84131E+00 -9.75797E+00 -9.76213E+00 -9.84328E+00 -9.97690E+00 -1.01275E+01 -1.02530E+01 -1.03101E+01 -1.02599E+01 -1.00726E+01 -9.73157E+00 -9.23534E+00 -8.59807E+00 -7.84794E+00 -7.02399E+00 -6.17173E+00 -5.33817E+00 -4.56686E+00 -3.89366E+00 -3.34357E+00 -2.92909E+00 -2.65013E+00 -2.49541E+00 -2.44501E+00 -2.47371E+00 -2.55449E+00 -2.66182E+00 -2.77425E+00 -2.87608E+00 -2.95797E+00 -3.01653E+00 -3.05319E+00 -3.07259E+00 -3.08087E+00 -3.08426E+00 -3.08812E+00 -3.09665E+00 -3.11325E+00 -3.14133E+00 -3.18542E+00 -3.25212E+00 -3.35078E+00 -3.49338E+00
 -3.42336E+00 -3.68138E+00 -4.02608E+00 -4.46256E+00 -4.98849E+00 -5.59285E+00 -6.25580E+00 -6.94960E+00 -7.64084E+00 -8.29354E+00 -8.87296E+00 -9.34943E+00 -9.70192E+00 -9.92061E+00 -1.00083E+01 -9.97989E+00 -9.86109E+00 -9.68474E+00 -9.48685E+00 -9.30187E+00 -9.15811E+00 -9.07400E+00 -9.05545E+00 -9.09504E+00 -9.17279E+00 -9.25875E+00 -9.31687E+00 -9.30978E+00 -9.20375E+00 -8.97331E+00 -8.60476E+00 -8.09835E+00 -7.46861E+00 -6.74297E+00 -5.95883E+00 -5.15951E+00 -4.38952E+00 -3.68987E+00 -3.09400E+00 -2.62473E+00 -2.29265E+00 -2.09599E+00 -2.02198E+00 -2.04933E+00 -2.15149E+00 -2.30016E+00 -2.46858E+00 -2.63418E+00 -2.78032E+00 -2.89700E+00 -2.98050E+00 -3.03229E+00 -3.05739E+00 -3.06260E+00 -3.05493E+00 -3.04049E+00 -3.02409E+00 -3.00938E+00 -2.99968E+00 -2.99897E+00 -3.01307E+00 -3.05034E+00 -3.12196E+00 -3.24145E+00 -3.42336E+00
 -3.24827E+00 -3.57004E+00 -3.98151E+00 -4.47674E+00 -5.04130E+00 -5.65275E+00 -6.28233E+00 -6.89761E+00 -7.46582E+00 -7.95751E+00 -8.34988E+00 -8.62951E+00 -8.79389E+00 -8.85166E+00 -8.82135E+00 -8.72876E+00 -8.60346E+00 -8.47456E+00 -8.36670E+00 -8.29646E+00 -8.26991E+00 -8.28164E+00 -8.31532E+00 -8.34581E+00 -8.34264E+00 -8.27417E+00 -8.11213E+00 -7.83579E+00 -7.43518E+00 -6.91308E+00 -6.28526E+00 -5.57923E+00 -4.83146E+00 -4.08351E+00 -3.37756E+00 -2.75202E+00 -2.23758E+00 -1.85439E+00 -1.61051E+00 -1.50188E+00 -1.51367E+00 -1.62278E+00 -1.80107E+00 -2.01890E+00 -2.24838E+00 -2.46612E+00 -2.65494E+00 -2.80460E+00 -2.91147E+00 -2.97741E+00 -3.00805E+00 -3.01092E+00 -2.99380E+00 -2.96339E+00 -2.92484E+00 -2.88177E+00 -2.83706E+00 -2.79388E+00 -2.75696E+00 -2.73353E+00 -2.73382E+00 -2.77082E+00 -2.85931E+00 -3.01419E+00 -3.24827E+00
 -2.96499E+00 -3.34553E+00 -3.80441E+00 -4.32462E+00 -4.88228E+00 -5.44886E+00 -5.99407E+00 -6.48920E+00 -6.91033E+00 -7.24110E+00 -7.47444E+00 -7.61315E+00 -7.66914E+00 -7.66142E+00 -7.61311E+00 -7.54784E+00 -7.48607E+00 -7.44190E+00 -7.42077E+00 -7.41837E+00 -7.42110E+00 -7.40784E+00 -7.35296E+00 -7.23010E+00 -7.01621E+00 -6.69533E+00 -6.26147E+00 -5.72036E+00 -5.08965E+00 -4.39760E+00 -3.68037E+00 -2.97834E+00 -2.33184E+00 -1.77692E+00 -1.34165E+00 -1.04340E+00 -8.87503E-01 -8.67293E-01 -9.65528E-01 -1.15695E+00 -1.41158E+00 -1.69824E+00 -1.98789E+00 -2.25637E+00 -2.48612E+00 -2.66693E+00 -2.79555E+00 -2.87453E+00 -2.91037E+00 -2.91154E+00 -2.88664E+00 -2.84301E+00 -2.78602E+00 -2.71909E+00 -2.64442E+00 -2.56408E+00 -2.48144E+00 -2.40227E+00 -2.33557E+00 -2.29356E+00 -2.29101E+00 -2.34379E+00 -2.46681E+00 -2.67179E+00 -2.96499E+00
 -2.57863E+00 -3.00116E+00 -3.47868E+00 -3.98686E+00 -4.49829E+00 -4.98554E+00 -5.42417E+00 -5.79551E+00 -6.08855E+00 -6.30087E+00 -6.43828E+00 -6.51337E+00 -6.54303E+00 -6.54539E+00 -6.53657E+00 -6.52782E+00 -6.52335E+00 -6.51928E+00 -6.50397E+00 -6.45949E+00 -6.36435E+00 -6.19680E+00 -5.93853E+00 -5.57802E+00 -5.11315E+00 -4.55272E+00 -3.91648E+00 -3.23381E+00 -2.54106E+00 -1.87794E+00 -1.28342E+00 -7.91632E-01 -4.28353E-01 -2.08452E-01 -1.34647E-01 -1.97685E-01 -3.77866E-01 -6.47681E-01 -9.75166E-01 -1.32751E+00 -1.67447E+00 -1.99106E+00 -2.25943E+00 -2.46947E+00 -2.61849E+00 -2.70987E+00 -2.75116E+00 -2.75193E+00 -2.72172E+00 -2.66853E+00 -2.59795E+00 -2.51310E+00 -2.41532E+00 -2.30537E+00 -2.18495E+00 -2.05808E+00 -1.93217E+00 -1.81832E+00 -1.73095E+00 -1.68660E+00 -1.70198E+00 -1.79181E+00 -1.96642E+00 -2.22988E+00 -2.57863E+00
 -2.10538E+00 -2.54652E+00 -3.01405E+00 -3.48232E+00 -3.92697E+00 -4.32764E+00 -4.67004E+00 -4.94711E+00 -5.15913E+00 -5.31268E+00 -5.41873E+00 -5.49005E+00 -5.53841E+00 -5.57196E+00 -5.59331E+00 -5.59851E+00 -5.57720E+00 -5.51400E+00 -5.39079E+00 -5.18975E+00 -4.89669E+00 -4.50402E+00 -4.01315E+00 -3.43571E+00 -2.79356E+00 -2.11733E+00 -1.44381E+00 -8.12432E-01 -2.61226E-01  1.77106E-01  4.78613E-01  6.30512E-01  6.32325E-01  4.95604E-01  2.42303E-01 -9.79354E-02 -4.91233E-01 -9.03164E-01 -1.30223E+00 -1.66265E+00 -1.96622E+00 -2.20299E+00 -2.37083E+00 -2.47405E+00 -2.52134E+00 -2.52345E+00 -2.49096E+00 -2.43261E+00 -2.35420E+00 -2.25854E+00 -2.14598E+00 -2.01579E+00 -1.86775E+00 -1.70381E+00 -1.52939E+00 -1.35408E+00 -1.19151E+00 -1.05844E+00 -9.73005E-01 -9.52559E-01 -1.01127E+00 -1.15795E+00 -1.39442E+00 -1.71473E+00 -2.10538E+00
 -1.57710E+00 -2.01520E+00 -2.45378E+00 -2.87148E+00 -3.25142E+00 -3.58259E+00 -3.86032E+00 -4.08571E+00 -4.26419E+00 -4.40341E+00 -4.51082E+00 -4.59140E+00 -4.64590E+00 -4.66984E+00 -4.65367E+00 -4.58387E+00 -4.44502E+00 -4.22255E+00 -3.90569E+00 -3.49018E+00 -2.98042E+00 -2.39053E+00 -1.74419E+00 -1.07323E+00 -4.14946E-01  1.91293E-01  7.08026E-01  1.10355E+00  1.35522E+00  1.45181E+00  1.39457E+00  1.19687E+00  8.82507E-01  4.82932E-01  3.37091E-02 -4.29257E-01 -8.73278E-01 -1.27177E+00 -1.60614E+00 -1.86653E+00 -2.05131E+00 -2.16570E+00 -2.21951E+00 -2.22471E+00 -2.19299E+00 -2.13387E+00 -2.05348E+00 -1.95429E+00 -1.83572E+00 -1.69543E+00 -1.53113E+00 -1.34240E+00 -1.13235E+00 -9.08582E-01 -6.83469E-01 -4.73444E-01 -2.97532E-01 -1.75235E-01 -1.24112E-01 -1.57417E-01 -2.82166E-01 -4.97936E-01 -7.96609E-01 -1.16312E+00 -1.57710E+00
 -1.04198E+00 -1.46363E+00 -1.86785E+00 -2.24046E+00 -2.57257E+00 -2.86045E+00 -3.10452E+00 -3.30766E+00 -3.47321E+00 -3.60301E+00 -3.69576E+00 -3.74618E+00 -3.74502E+00 -3.68005E+00 -3.53790E+00 -3.30652E+00 -2.97782E+00 -2.55019E+00 -2.03039E+00 -1.43450E+00 -7.87662E-01 -1.22615E-01  5.22866E-01  1.10940E+00  1.59987E+00  1.96315E+00  2.17745E+00  2.23253E+00  2.13074E+00  1.88669E+00  1.52547E+00  1.07985E+00  5.86726E-01  8.31961E-02 -3.97013E-01 -8.26554E-01 -1.18642E+00 -1.46673E+00 -1.66627E+00 -1.79099E+00 -1.85175E+00 -1.86167E+00 -1.83353E+00 -1.77768E+00 -1.70063E+00 -1.60465E+00 -1.48826E+00 -1.34756E+00 -1.17814E+00 -9.77103E-01 -7.44971E-01 -4.87035E-01 -2.13904E-01  5.88401E-02  3.11899E-01  5.24229E-01  6.75462E-01  7.48399E-01  7.31215E-01  6.19030E-01  4.14618E-01  1.28128E-01 -2.24123E-01 -6.21602E-01 -1.04198E+00
 -5.55735E-01 -9.56095E-01 -1.32945E+00 -1.66798E+00 -1.96777E+00 -2.22750E+00 -2.44680E+00 -2.62458E+00 -2.75754E+00 -2.83944E+00 -2.86100E+00 -2.81079E+00 -2.67685E+00 -2.44892E+00 -2.12083E+00 -1.69285E+00 -1.17336E+00 -5.79712E-01  6.20292E-02  7.18564E-01  1.35188E+00  1.92260E+00  2.39377E+00  2.73456E+00  2.92353E+00  2.95084E+00  2.81934E+00  2.54421E+00  2.15120E+00  1.67388E+00  1.14995E+00  6.17421E-01  1.10822E-01 -3.41820E-01 -7.21067E-01 -1.01691E+00 -1.22839E+00 -1.36205E+00 -1.42963E+00 -1.44529E+00 -1.42286E+00 -1.37353E+00 -1.30426E+00 -1.21721E+00 -1.11012E+00 -9.77662E-01 -8.13331E-01 -6.11724E-01 -3.70655E-01 -9.28261E-02  2.13278E-01  5.33423E-01  8.48610E-01  1.13688E+00  1.37569E+00  1.54451E+00  1.62720E+00  1.61398E+00  1.50251E+00  1.29809E+00  1.01284E+00  6.64161E-01  2.72572E-01 -1.40658E-01 -5.55735E-01
 -1.62430E-01 -5.38713E-01 -8.82460E-01 -1.18879E+00 -1.45420E+00 -1.67505E+00 -1.84636E+00 -1.96097E+00 -2.00952E+00 -1.98108E+00 -1.86466E+00 -1.65117E+00 -1.33565E+00 -9.19397E-01 -4.11586E-01  1.69941E-01  7.98934E-01  1.44212E+00  2.06165E+00  2.61833E+00  3.07535E+00  3.40192E+00  3.57650E+00  3.58908E+00  3.44232E+00  3.15120E+00  2.74146E+00  2.24677E+00  1.70520E+00  1.15523E+00  6.32004E-01  1.64173E-01 -2.28322E-01 -5.35190E-01 -7.55484E-01 -8.96120E-01 -9.69524E-01 -9.90778E-01 -9.74721E-01 -9.33437E-01 -8.74483E-01 -8.00108E-01 -7.07519E-01 -5.90125E-01 -4.39513E-01 -2.47817E-01 -1.00760E-02  2.73801E-01  5.97806E-01  9.49524E-01  1.31083E+00  1.65951E+00  1.97149E+00  2.22354E+00  2.39581E+00  2.47406E+00  2.45117E+00  2.32772E+00  2.11166E+00  1.81707E+00  1.46231E+00  1.06783E+00  6.53906E-01  2.38827E-01 -1.62430E-01
  1.28457E-01 -2.13367E-01 -5.15321E-01 -7.71728E-01 -9.76244E-01 -1.12111E+00 -1.19696E+00 -1.19341E+00 -1.10024E+00 -9.09188E-01 -6.15991E-01 -2.22327E-01  2.62618E-01  8.21358E-01  1.42829E+00  2.05095E+00  2.65229E+00  3.19378E+00  3.63896E+00  3.95703E+00  4.12609E+00  4.13543E+00  3.98680E+00  3.69421E+00  3.28250E+00  2.78470E+00  2.23849E+00  1.68239E+00  1.15185E+00  6.76064E-01  2.75605E-01 -3.86661E-02 -2.65442E-01 -4.11602E-01 -4.89896E-01 -5.16066E-01 -5.05843E-01 -4.72261E-01 -4.23683E-01 -3.62793E-01 -2.86678E-01 -1.87942E-01 -5.66452E-02  1.17259E-01  3.41393E-01  6.18728E-01  9.46024E-01  1.31318E+00  1.70360E+00  2.09554E+00  2.46425E+00  2.78456E+00  3.03360E+00  3.19328E+00  3.25206E+00  3.20606E+00  3.05904E+00  2.82161E+00  2.50968E+00  2.14241E+00  1.74006E+00  1.32203E+00  9.05385E-01  5.03995E-01  1.28457E-01
  3.56939E-01  7.38992E-02 -1.56733E-01 -3.26817E-01 -4.27205E-01 -4.48124E-01 -3.80165E-01 -2.15812E-01  4.87501E-02  4.11821E-01  8.64720E-01  1.39097E+00  1.96635E+00  2.56000E+00  3.13646E+00  3.65852E+00  4.09059E+00  4.40219E+00  4.57104E+00  4.58553E+00  4.44597E+00  4.16470E+00  3.76482E+00  3.27778E+00  2.74007E+00  2.18945E+00  1.66118E+00  1.18472E+00  7.81266E-01  4.62497E-01  2.30509E-01  7.90208E-02 -4.46039E-03 -3.58174E-02 -3.12985E-02 -4.72550E-03  3.46631E-02  8.34396E-02  1.44134E-01  2.24316E-01  3.34779E-01  4.87134E-01  6.91195E-01  9.52564E-01  1.27079E+00  1.63840E+00  2.04091E+00  2.45787E+00  2.86477E+00  3.23555E+00  3.54530E+00  3.77289E+00  3.90309E+00  3.92792E+00  3.84714E+00  3.66781E+00  3.40306E+00  3.07028E+00  2.68909E+00  2.27938E+00  1.85958E+00  1.44567E+00  1.05069E+00  6.84994E-01  3.56939E-01
  6.08222E-01  4.19767E-01  2.99739E-01  2.57235E-01  3.00841E-01  4.37365E-01  6.70250E-01  9.97949E-01  1.41255E+00  1.89896E+00  2.43485E+00  2.99155E+00  3.53582E+00  4.03246E+00  4.44739E+00  4.75093E+00  4.92080E+00  4.94455E+00  4.82096E+00  4.56030E+00  4.18332E+00  3.71912E+00  3.20215E+00  2.66859E+00  2.15277E+00  1.68387E+00  1.28343E+00  9.63885E-01  7.28369E-01  5.71638E-01  4.82052E-01  4.44228E-01  4.41993E-01  4.61186E-01  4.91924E-01  5.30004E-01  5.77274E-01  6.40939E-01  7.31941E-01  8.62669E-01  1.04438E+00  1.28468E+00  1.58553E+00  1.94199E+00  2.34193E+00  2.76677E+00  3.19310E+00  3.59498E+00  3.94661E+00  4.22498E+00  4.41214E+00  4.49683E+00  4.47534E+00  4.35138E+00  4.13518E+00  3.84203E+00  3.49032E+00  3.09964E+00  2.68907E+00  2.27584E+00  1.87474E+00  1.49797E+00  1.15558E+00  8.56274E-01  6.08222E-01
  9.85642E-01  9.26764E-01  9.49236E-01  1.05921E+00  1.25985E+00  1.54992E+00  1.92246E+00  2.36401E+00  2.85445E+00  3.36770E+00  3.87322E+00  4.33834E+00  4.73100E+00  5.02283E+00  5.19199E+00  5.22549E+00  5.12070E+00  4.88574E+00  4.53874E+00  4.10602E+00  3.61937E+00  3.11274E+00  2.61884E+00  2.16596E+00  1.77548E+00  1.46036E+00  1.22468E+00  1.06439E+00  9.69060E-01  9.24280E-01  9.14482E-01  9.25670E-01  9.47700E-01  9.75800E-01  1.01111E+00  1.06022E+00  1.13374E+00  1.24419E+00  1.40354E+00  1.62072E+00  1.89948E+00  2.23701E+00  2.62344E+00  3.04220E+00  3.47149E+00  3.88628E+00  4.26084E+00  4.57137E+00  4.79833E+00  4.92822E+00  4.95468E+00  4.87867E+00  4.70784E+00  4.45532E+00  4.13799E+00  3.77462E+00  3.38416E+00  2.98434E+00  2.59083E+00  2.21688E+00  1.87358E+00  1.57038E+00  1.31580E+00  1.11810E+00  9.85642E-01
  1.56868E+00  1.65615E+00  1.82661E+00  2.07919E+00  2.40804E+00  2.80156E+00  3.24212E+00  3.70658E+00  4.16750E+00  4.59519E+00  4.96009E+00  5.23560E+00  5.40071E+00  5.44222E+00  5.35628E+00  5.14894E+00  4.83562E+00  4.43963E+00  3.98972E+00  3.51715E+00  3.05251E+00  2.62273E+00  2.24863E+00  1.94336E+00  1.71179E+00  1.55108E+00  1.45212E+00  1.40175E+00  1.38533E+00  1.38936E+00  1.40372E+00  1.42328E+00  1.44849E+00  1.48520E+00  1.54337E+00  1.63523E+00  1.77293E+00  1.96610E+00  2.21980E+00  2.53294E+00  2.89761E+00  3.29931E+00  3.71803E+00  4.13015E+00  4.51072E+00  4.83599E+00  5.08576E+00  5.24522E+00  5.30623E+00  5.26771E+00  5.13523E+00  4.92007E+00  4.63758E+00  4.30552E+00  3.94231E+00  3.56560E+00  3.19127E+00  2.83294E+00  2.50202E+00  2.20805E+00  1.95938E+00  1.76372E+00  1.62857E+00  1.56129E+00  1.56868E+00
  2.37316E+00  2.59148E+00  2.87791E+00  3.22273E+00  3.61093E+00  4.02257E+00  4.43371E+00  4.81804E+00  5.14906E+00  5.40245E+00  5.55852E+00  5.60432E+00  5.53507E+00  5.35492E+00  5.07659E+00  4.72019E+00  4.31118E+00  3.87773E+00  3.44789E+00  3.04679E+00  2.69431E+00  2.40351E+00  2.17995E+00  2.02196E+00  1.92190E+00  1.86806E+00  1.84700E+00  1.84600E+00  1.85520E+00  1.86917E+00  1.88771E+00  1.91570E+00  1.96216E+00  2.03858E+00  2.15675E+00  2.32651E+00  2.55369E+00  2.83858E+00  3.17506E+00  3.55063E+00  3.94734E+00  4.34335E+00  4.71507E+00  5.03953E+00  5.29663E+00  5.47105E+00  5.55357E+00  5.54166E+00  5.43931E+00  5.25615E+00  5.00617E+00  4.70601E+00  4.37336E+00  4.02547E+00  3.67803E+00  3.34460E+00  3.03643E+00  2.76274E+00  2.53123E+00  2.34866E+00  2.22134E+00  2.15526E+00  2.15592E+00  2.22775E+00  2.37316E+00
  3.33254E+00  3.63123E+00  3.96774E+00  4.32524E+00  4.68339E+00  5.01956E+00  5.31069E+00  5.53532E+00  5.67569E+00  5.71968E+00  5.66218E+00  5.50583E+00  5.26091E+00  4.94440E+00  4.57831E+00  4.18743E+00  3.79681E+00  3.42929E+00  3.10334E+00  2.83153E+00  2.61980E+00  2.46757E+00  2.36872E+00  2.31320E+00  2.28909E+00  2.28483E+00  2.29112E+00  2.30252E+00  2.31821E+00  2.34207E+00  2.38189E+00  2.44793E+00  2.55108E+00  2.70074E+00  2.90293E+00  3.15877E+00  3.46358E+00  3.80679E+00  4.17257E+00  4.54127E+00  4.89121E+00  5.20091E+00  5.45119E+00  5.62700E+00  5.71877E+00  5.72312E+00  5.64281E+00  5.48610E+00  5.26559E+00  4.99670E+00  4.69611E+00  4.38033E+00  4.06455E+00  3.76189E+00  3.48320E+00  3.23713E+00  3.03057E+00  2.86921E+00  2.75798E+00  2.70136E+00  2.70338E+00  2.76719E+00  2.89440E+00  3.08421E+00  3.33254E+00
  4.31128E+00  4.61660E+00  4.92188E+00  5.20805E+00  5.45556E+00  5.64604E+00  5.76414E+00  5.79915E+00  5.74628E+00  5.60734E+00  5.39073E+00  5.11074E+00  4.78616E+00  4.43838E+00  4.08926E+00  3.75896E+00  3.46401E+00  3.21598E+00  3.02066E+00  2.87818E+00  2.78370E+00  2.72881E+00  2.70328E+00  2.69696E+00  2.70153E+00  2.71193E+00  2.72709E+00  2.75006E+00  2.78740E+00  2.84801E+00  2.94145E+00  3.07613E+00  3.25761E+00  3.48721E+00  3.76111E+00  4.07023E+00  4.40073E+00  4.73516E+00  5.05411E+00  5.33814E+00  5.56969E+00  5.73481E+00  5.82439E+00  5.83491E+00  5.76848E+00  5.63232E+00  5.43776E+00  5.19888E+00  4.93111E+00  4.64981E+00  4.36918E+00  4.10154E+00  3.85694E+00  3.64322E+00  3.46636E+00  3.33092E+00  3.24058E+00  3.19843E+00  3.20706E+00  3.26838E+00  3.38312E+00  3.55015E+00  3.76575E+00  4.02297E+00  4.31128E+00
  5.14739E+00  5.38483E+00  5.58831E+00  5.74244E+00  5.83429E+00  5.85484E+00  5.80002E+00  5.67139E+00  5.47610E+00  5.22637E+00  4.93831E+00  4.63031E+00  4.32125E+00  4.02858E+00  3.76671E+00  3.54578E+00  3.37101E+00  3.24270E+00  3.15683E+00  3.10626E+00  3.08223E+00  3.07598E+00  3.08033E+00  3.09082E+00  3.10650E+00  3.12993E+00  3.16676E+00  3.22466E+00  3.31186E+00  3.43563E+00  3.60073E+00  3.80818E+00  4.05451E+00  4.33161E+00  4.62716E+00  4.92566E+00  5.20987E+00  5.46255E+00  5.66811E+00  5.81421E+00  5.89285E+00  5.90104E+00  5.84087E+00  5.71904E+00  5.54596E+00  5.33454E+00  5.09887E+00  4.85295E+00  4.60964E+00  4.38000E+00  4.17286E+00  3.99492E+00  3.85095E+00  3.74434E+00  3.67748E+00  3.65220E+00  3.66989E+00  3.73142E+00  3.83679E+00  3.98461E+00  4.17147E+00  4.39143E+00  4.63564E+00  4.89237E+00  5.14739E+00
  5.70763E+00  5.82588E+00  5.89056E+00  5.89424E+00  5.83366E+00  5.71033E+00  5.53054E+00  5.30489E+00  5.04732E+00  4.77372E+00  4.50038E+00  4.24239E+00  4.01217E+00  3.81845E+00  3.66569E+00  3.55407E+00  3.48004E+00  3.43735E+00  3.41833E+00  3.41533E+00  3.42210E+00  3.43479E+00  3.45256E+00  3.47771E+00  3.51515E+00  3.57155E+00  3.65406E+00  3.76888E+00  3.91999E+00  4.10804E+00  4.32969E+00  4.57750E+00  4.84036E+00  5.10440E+00  5.35431E+00  5.57486E+00  5.75241E+00  5.87633E+00  5.93995E+00  5.94116E+00  5.88239E+00  5.77025E+00  5.61457E+00  5.42737E+00  5.22158E+00  5.00986E+00  4.80369E+00  4.61266E+00  4.44419E+00  4.30353E+00  4.19407E+00  4.11780E+00  4.07578E+00  4.06857E+00  4.09642E+00  4.15933E+00  4.25675E+00  4.38714E+00  4.54753E+00  4.73294E+00  4.93611E+00  5.14745E+00  5.35528E+00  5.54651E+00  5.70763E+00
  5.93232E+00  5.91873E+00  5.85096E+00  5.73050E+00  5.56289E+00  5.35734E+00  5.12586E+00  4.88217E+00  4.64030E+00  4.41320E+00  4.21158E+00  4.04290E+00  3.91094E+00  3.81576E+00  3.75419E+00  3.72069E+00  3.70852E+00  3.71094E+00  3.72243E+00  3.73958E+00  3.76159E+00  3.79039E+00  3.83019E+00  3.88671E+00  3.96603E+00  4.07341E+00  4.21209E+00  4.38239E+00  4.58111E+00  4.80146E+00  5.03347E+00  5.26479E+00  5.48192E+00  5.67152E+00  5.82183E+00  5.92384E+00  5.97220E+00  5.96566E+00  5.90709E+00  5.80305E+00  5.66294E+00  5.49796E+00  5.32000E+00  5.14050E+00  4.96958E+00  4.81545E+00  4.68412E+00  4.57941E+00  4.50334E+00  4.45651E+00  4.43866E+00  4.44913E+00  4.48711E+00  4.55176E+00  4.64201E+00  4.75626E+00  4.89193E+00  5.04501E+00  5.20973E+00  5.37846E+00  5.54187E+00  5.68948E+00  5.81037E+00  5.89420E+00  5.93232E+00
  5.85168E+00  5.73280E+00  5.57545E+00  5.38761E+00  5.17960E+00  4.96310E+00  4.75005E+00  4.55144E+00  4.37629E+00  4.23088E+00  4.11830E+00  4.03849E+00  3.98863E+00  3.96388E+00  3.95837E+00  3.96627E+00  3.98281E+00  4.00500E+00  4.03212E+00  4.06573E+00  4.10935E+00  4.16771E+00  4.24583E+00  4.34795E+00  4.47651E+00  4.63141E+00  4.80952E+00  5.00462E+00  5.20780E+00  5.40823E+00  5.59417E+00  5.75420E+00  5.87843E+00  5.95951E+00  5.99342E+00  5.97978E+00  5.92187E+00  5.82618E+00  5.70157E+00  5.55841E+00  5.40744E+00  5.25879E+00  5.12122E+00  5.00154E+00  4.90440E+00  4.83233E+00  4.78611E+00  4.76517E+00  4.76818E+00  4.79349E+00  4.83943E+00  4.90450E+00  4.98725E+00  5.08601E+00  5.19858E+00  5.32173E+00  5.45100E+00  5.58047E+00  5.70290E+00  5.81008E+00  5.89345E+00  5.94491E+00  5.95768E+00  5.92717E+00  5.85168E+00
  5.56803E+00  5.39581E+00  5.20892E+00  5.01733E+00  4.83110E+00  4.65940E+00  4.50967E+00  4.38696E+00  4.29360E+00  4.22925E+00  4.19125E+00  4.17531E+00  4.17633E+00  4.18934E+00  4.21030E+00  4.23676E+00  4.26820E+00  4.30602E+00  4.35321E+00  4.41372E+00  4.49159E+00  4.59010E+00  4.71088E+00  4.85331E+00  5.01415E+00  5.18756E+00  5.36548E+00  5.53837E+00  5.69610E+00  5.82905E+00  5.92915E+00  5.99070E+00  6.01105E+00  5.99079E+00  5.93369E+00  5.84618E+00  5.73669E+00  5.61467E+00  5.48967E+00  5.37046E+00  5.26432E+00  5.17656E+00  5.11044E+00  5.06722E+00  5.04651E+00  5.04678E+00  5.06586E+00  5.10141E+00  5.15125E+00  5.21353E+00  5.28667E+00  5.36914E+00  5.45915E+00  5.55424E+00  5.65103E+00  5.74505E+00  5.83075E+00  5.90183E+00  5.95168E+00  5.97407E+00  5.96387E+00  5.91775E+00  5.83476E+00  5.71668E+00  5.56803E+00
  5.21378E+00  5.04446E+00  4.88249E+00  4.73553E+00  4.60966E+00  4.50883E+00  4.43461E+00  4.38628E+00  4.36119E+00  4.35531E+00  4.36409E+00  4.38314E+00  4.40902E+00  4.43973E+00  4.47498E+00  4.51614E+00  4.56589E+00  4.62763E+00  4.70473E+00  4.79975E+00  4.91369E+00  5.04551E+00  5.19186E+00  5.34718E+00  5.50407E+00  5.65398E+00  5.78812E+00  5.89835E+00  5.97813E+00  6.02323E+00  6.03222E+00  6.00658E+00  5.95057E+00  5.87069E+00  5.77497E+00  5.67212E+00  5.57059E+00  5.47785E+00  5.39977E+00  5.34022E+00  5.30106E+00  5.28230E+00  5.28247E+00  5.29911E+00  5.32937E+00  5.37040E+00  5.41976E+00  5.47550E+00  5.53617E+00  5.60061E+00  5.66759E+00  5.73548E+00  5.80196E+00  5.86382E+00  5.91695E+00  5.95657E+00  5.97763E+00  5.97536E+00  5.94590E+00  5.88688E+00  5.79794E+00  5.68098E+00  5.54021E+00  5.38189E+00  5.21378E+00
  4.90484E+00  4.77989E+00  4.67538E+00  4.59443E+00  4.53802E+00  4.50514E+00  4.49311E+00  4.49810E+00  4.51588E+00  4.54246E+00  4.57476E+00  4.61103E+00  4.65106E+00  4.69610E+00  4.74855E+00  4.81137E+00  4.88742E+00  4.97876E+00  5.08603E+00  5.20797E+00  5.34132E+00  5.48085E+00  5.61983E+00  5.75065E+00  5.86561E+00  5.95783E+00  6.02198E+00  6.05497E+00  6.05628E+00  6.02803E+00  5.97478E+00  5.90295E+00  5.82018E+00  5.73443E+00  5.65322E+00  5.58286E+00  5.52800E+00  5.49129E+00  5.47341E+00  5.47331E+00  5.48859E+00  5.51608E+00  5.55237E+00  5.59428E+00  5.63920E+00  5.68524E+00  5.73120E+00  5.77636E+00  5.82013E+00  5.86174E+00  5.89988E+00  5.93249E+00  5.95672E+00  5.96911E+00  5.96586E+00  5.94336E+00  5.89867E+00  5.83013E+00  5.73771E+00  5.62329E+00  5.49072E+00  5.34555E+00  5.19458E+00  5.04523E+00  4.90484E+00
  4.70873E+00  4.64530E+00  4.60461E+00  4.58548E+00  4.58528E+00  4.60043E+00  4.62701E+00  4.66139E+00  4.70075E+00  4.74348E+00  4.78936E+00  4.83943E+00  4.89571E+00  4.96070E+00  5.03675E+00  5.12547E+00  5.22717E+00  5.34051E+00  5.46237E+00  5.58799E+00  5.71135E+00  5.82577E+00  5.92468E+00  6.00232E+00  6.05446E+00  6.07894E+00  6.07594E+00  6.04798E+00  5.99965E+00  5.93713E+00  5.86745E+00  5.79775E+00  5.73454E+00  5.68305E+00  5.64682E+00  5.62745E+00  5.62469E+00  5.63671E+00  5.66051E+00  5.69250E+00  5.72901E+00  5.76676E+00  5.80321E+00  5.83665E+00  5.86623E+00  5.89168E+00  5.91302E+00  5.93022E+00  5.94283E+00  5.94974E+00  5.94915E+00  5.93866E+00  5.91547E+00  5.87690E+00  5.82074E+00  5.74581E+00  5.65229E+00  5.54198E+00  5.41830E+00  5.28613E+00  5.15137E+00  5.02044E+00  4.89959E+00  4.79431E+00  4.70873E+00
  4.63762E+00  4.63066E+00  4.64086E+00  4.66488E+00  4.69914E+00  4.74033E+00  4.78595E+00  4.83455E+00  4.88592E+00  4.94095E+00  5.00135E+00  5.06916E+00  5.14627E+00  5.23383E+00  5.33182E+00  5.43877E+00  5.55165E+00  5.66609E+00  5.77669E+00  5.87765E+00  5.96338E+00  6.02919E+00  6.07187E+00  6.09010E+00  6.08469E+00  6.05846E+00  6.01599E+00  5.96309E+00  5.90612E+00  5.85135E+00  5.80421E+00  5.76883E+00  5.74764E+00  5.74126E+00  5.74864E+00  5.76732E+00  5.79392E+00  5.82469E+00  5.85600E+00  5.88476E+00  5.90876E+00  5.92673E+00  5.93831E+00  5.94380E+00  5.94381E+00  5.93896E+00  5.92946E+00  5.91494E+00  5.89434E+00  5.86598E+00  5.82777E+00  5.77765E+00  5.71390E+00  5.63568E+00  5.54328E+00  5.43836E+00  5.32401E+00  5.20450E+00  5.08502E+00  4.97109E+00  4.86808E+00  4.78060E+00  4.71205E+00  4.66432E+00  4.63762E+00
  4.66374E+00  4.69591E+00  4.73711E+00  4.78430E+00  4.83519E+00  4.88852E+00  4.94413E+00  5.00285E+00  5.06619E+00  5.13595E+00  5.21369E+00  5.30025E+00  5.39539E+00  5.49751E+00  5.60370E+00  5.70982E+00  5.81097E+00  5.90200E+00  5.97809E+00  6.03537E+00  6.07141E+00  6.08559E+00  6.07920E+00  6.05530E+00  6.01844E+00  5.97409E+00  5.92805E+00  5.88576E+00  5.85172E+00  5.82904E+00  5.81917E+00  5.82185E+00  5.83528E+00  5.85649E+00  5.88183E+00  5.90749E+00  5.92998E+00  5.94659E+00  5.95559E+00  5.95630E+00  5.94899E+00  5.93463E+00  5.91450E+00  5.88983E+00  5.86145E+00  5.82955E+00  5.79358E+00  5.75231E+00  5.70408E+00  5.64710E+00  5.57992E+00  5.50177E+00  5.41291E+00  5.31482E+00  5.21026E+00  5.10304E+00  4.99774E+00  4.89924E+00  4.81223E+00  4.74067E+00  4.68738E+00  4.65377E+00  4.63979E+00  4.64396E+00  4.66374E+00
