 &datain
 nzperiod=  5,
 lalpha= 20, lfout=20, nrun =  1,
 cmul = 3.0000,
 efield = 0.0000,
 mpolb =  9,  ntorb = 33,  ibbi = 1,
 chip = -0.3125,  psip = -0.3578,
 btheta =  0.0000, bzeta = -14.4000,
 borbi(0,0)=  0.24970E+01,
 borbi(1,0)=  0.25061E+00,
 borbi(1,1)=  -.65726E-01,
 borbi(0,1)=  -.30125E-01,
 borbi(4,0)=  0.43467E-02,
 borbi(2,1)=  0.37969E-02,
 borbi(2,0)=  -.31425E-02,
 borbi(-1,1)=  0.24683E-02,
 borbi(3,0)=  0.20492E-02,
 borbi(10,0)=  -.20308E-02,
 borbi(0,2)=  -.17835E-02,
 borbi(-2,1)=  0.17066E-02,
 borbi(-9,1)=  -.15410E-02,
 borbi(-3,1)=  -.14227E-02,
 borbi(3,1)=  -.13624E-02,
 borbi(8,0)=  -.12843E-02,
 borbi(-1,2)=  -.11171E-02,
 borbi(6,0)=  0.11153E-02,
 borbi(1,2)=  0.92073E-03,
 borbi(4,1)=  0.90032E-03,
 borbi(7,0)=  0.83646E-03,
 borbi(2,3)=  -.77558E-03,
 borbi(9,0)=  -.73613E-03,
 borbi(-7,1)=  0.66566E-03,
 borbi(5,1)=  -.58951E-03,
 borbi(-4,1)=  0.58048E-03,
 borbi(10,1)=  -.56915E-03,
 borbi(-8,1)=  0.56101E-03,
 borbi(9,1)=  -.53378E-03,
 borbi(3,2)=  0.47378E-03,
 borbi(3,3)=  0.44707E-03,
 borbi(6,1)=  0.42287E-03,
 borbi(-7,2)=  -.41028E-03,
 borbi(-5,1)=  0.39498E-03,
 borbi(-6,2)=  0.39155E-03,
 borbi(2,2)=  0.25541E-03,
 borbi(5,0)=  -.20540E-03,
 borbi(-7,3)=  0.19072E-03,
 borbi(12,0)=  0.18995E-03,
 borbi(-10,1)=  0.16644E-03,
 borbi(6,2)=  -.16070E-03,
 borbi(1,3)=  0.15491E-03,
 borbi(-1,3)=  -.15007E-03,
 borbi(-3,2)=  0.14950E-03,
 borbi(5,2)=  0.14845E-03,
 borbi(-5,2)=  -.13005E-03,
 borbi(-2,3)=  -.12092E-03,
 borbi(-6,1)=  -.11794E-03,
 borbi(-4,2)=  -.11507E-03,
 borbi(-8,2)=  0.10591E-03,
 borbi(7,1)=  -.98312E-04,
 borbi(11,1)=  -.95856E-04,
 borbi(11,2)=  -.95638E-04,
 borbi(10,2)=  0.90962E-04,
 borbi(14,1)=  0.89583E-04,
 borbi(-11,1)=  -.83409E-04,
 borbi(0,3)=  0.82567E-04,
 borbi(3,4)=  0.79520E-04,
 borbi(4,3)=  -.79152E-04,
 borbi(14,0)=  -.76518E-04,
 borbi(8,2)=  -.69916E-04,
 borbi(15,1)=  -.64522E-04,
 borbi(8,1)=  -.64272E-04,
 borbi(7,2)=  0.55860E-04,
 borbi(0,4)=  -.50196E-04,
 borbi(13,0)=  0.48225E-04,
 borbi(-5,3)=  -.48175E-04,
 borbi(15,0)=  0.46488E-04,
 borbi(13,1)=  -.45933E-04,
 borbi(6,3)=  0.41672E-04,
 borbi(-12,1)=  0.39220E-04,
 borbi(16,1)=  0.32874E-04,
 borbi(-14,1)=  -.32576E-04,
 borbi(-9,2)=  -.31357E-04,
 borbi(-13,1)=  0.31319E-04,
 borbi(12,2)=  0.29929E-04,
 borbi(10,3)=  -.29454E-04,
 borbi(1,4)=  -.26715E-04,
 borbi(-2,2)=  0.26642E-04,
 borbi(1,6)=  0.24172E-04,
 borbi(8,3)=  -.23997E-04,
 borbi(15,2)=  0.22191E-04,
 borbi(0,5)=  -.21833E-04,
 borbi(0,6)=  0.21175E-04,
 borbi(-8,3)=  -.20948E-04,
 borbi(2,6)=  0.20271E-04,
 borbi(3,6)=  0.18565E-04,
 borbi(-15,1)=  0.17744E-04,
 borbi(-7,4)=  -.17574E-04,
 borbi(16,0)=  -.17561E-04,
 borbi(-4,4)=  -.17419E-04,
 borbi(-3,3)=  -.17417E-04,
 borbi(16,2)=  -.17372E-04,
 borbi(4,4)=  -.16124E-04,
 borbi(4,2)=  0.15942E-04,
 borbi(13,2)=  -.15567E-04,
 borbi(2,4)=  0.14450E-04,
 borbi(12,3)=  0.13460E-04,
 borbi(17,1)=  -.13072E-04,
 borbi(2,8)=  0.12631E-04,
 mmnn(1,1)=  0, 13,  0,  1,  2,  3,  4,  5,  6,  7,  8,  9, 10, 11, 12,
 mmnn(1,2)=  1, 13,  0,  1,  2,  3,  4,  5,  6,  7,  8,  9, 10, 11, 12,
 mmnn(1,3)=  2, 13,  0,  1,  2,  3,  4,  5,  6,  7,  8,  9, 10, 11, 12,
 mmnn(1,4)=  3, 13,  0,  1,  2,  3,  4,  5,  6,  7,  8,  9, 10, 11, 12,
 mmnn(1,5)=  4, 13,  0,  1,  2,  3,  4,  5,  6,  7,  8,  9, 10, 11, 12,
 mmnn(1,6)=  5, 13,  0,  1,  2,  3,  4,  5,  6,  7,  8,  9, 10, 11, 12,
 mmnn(1,7)=  6, 13,  0,  1,  2,  3,  4,  5,  6,  7,  8,  9, 10, 11, 12,
 mmnn(1,8)=  7, 12,  0,  1,  2,  3,  4,  5,  6,  7,  8,  9, 10, 11,
 mmnn(1,9)=  8, 13,  0,  1,  2,  3,  4,  5,  6,  7,  8,  9, 10, 11, 12,
 mmnn(1,10)=  9, 13,  0,  1,  2,  3,  4,  5,  6,  7,  8,  9, 10, 11, 12,
 mmnn(1,11)= 10, 12,  0,  1,  2,  3,  4,  5,  6,  7,  8,  9, 10, 11,
 mmnn(1,12)= 11, 12,  0,  1,  2,  3,  4,  5,  6,  7,  8,  9, 10, 11,
 mmnn(1,13)= 12, 12,  0,  1,  2,  3,  4,  5,  6,  7,  8,  9, 10, 11,
 mmnn(1,14)= 13, 12,  0,  1,  2,  3,  4,  5,  6,  7,  8,  9, 10, 11,
 mmnn(1,15)= 14, 13,  0,  1,  2,  3,  4,  5,  6,  7,  8,  9, 10, 11, 12,
 mmnn(1,16)= 15, 12,  0,  1,  2,  3,  4,  5,  6,  7,  8,  9, 10, 11,
 mmnn(1,17)= 16, 12,  0,  1,  2,  3,  4,  5,  6,  7,  8,  9, 10, 11,
 mmnn(1,18)= 17, 12,  0,  1,  2,  3,  4,  5,  6,  7,  8,  9, 10, 11,
 mmnn(1,19)= 18, 11,  0,  1,  2,  3,  4,  5,  6,  7,  8,  9, 10,
 mmnn(1,20)= 19, 11,  0,  1,  2,  3,  4,  5,  6,  7,  8,  9, 10,
 mmnn(1,21)= 20, 11,  0,  1,  2,  3,  4,  5,  6,  7,  8,  9, 10,
 mmnn(1,22)= 21, 12,  0,  1,  2,  3,  4,  5,  6,  7,  8,  9, 10, 11,
 mmnn(1,23)= 22, 11,  0,  1,  2,  3,  4,  5,  6,  7,  8,  9, 10,
 mmnn(1,24)= 23, 10,  0,  1,  2,  3,  4,  5,  6,  7,  8,  9,
 mmnn(1,25)= 24, 10,  0,  1,  2,  3,  4,  5,  6,  7,  8,  9,
 mmnn(1,26)= 25,  9,  0,  1,  2,  3,  4,  5,  6,  7,  8,
 mmnn(1,27)= 26,  9,  0,  1,  2,  3,  4,  5,  6,  7,  8,
 mmnn(1,28)= 27,  8,  0,  1,  2,  3,  4,  5,  6,  7,
 mmnn(1,29)= 28,  7,  0,  1,  2,  3,  4,  5,  6,
 mmnn(1,30)= 29,  7,  0,  1,  2,  3,  4,  5,  6,
 mmnn(1,31)= 30,  6,  0,  1,  2,  3,  4,  5,
 mmnn(1,32)= 31,  6,  0,  1,  2,  3,  4,  5,
 mmnn(1,33)= 32,  5,  0,  1,  2,  3,  4,
 mmnn(1,34)= 33,  4,  0,  1,  2,  3,
 mmnn(1,35)= 34,  4,  0,  1,  2,  3,
 mmnn(1,36)= 36,  3,  0,  1,  2,
 mmnn(1,37)= -1, 11,  1,  2,  3,  4,  5,  6,  7,  8,  9, 10, 11,
 mmnn(1,38)= -2, 11,  1,  2,  3,  4,  5,  6,  7,  8,  9, 10, 11,
 mmnn(1,39)= -3, 11,  1,  2,  3,  4,  5,  6,  7,  8,  9, 10, 11,
 mmnn(1,40)= -4, 11,  1,  2,  3,  4,  5,  6,  7,  8,  9, 10, 11,
 mmnn(1,41)= -5, 11,  1,  2,  3,  4,  5,  6,  7,  8,  9, 10, 11,
 mmnn(1,42)= -6, 11,  1,  2,  3,  4,  5,  6,  7,  8,  9, 10, 11,
 mmnn(1,43)= -7, 11,  1,  2,  3,  4,  5,  6,  7,  8,  9, 10, 11,
 mmnn(1,44)= -8, 10,  1,  2,  3,  4,  5,  6,  7,  8,  9, 10,
 mmnn(1,45)= -9,  9,  1,  2,  3,  4,  5,  6,  7,  8,  9,
 mmnn(1,46)=-10,  9,  1,  2,  3,  4,  5,  6,  7,  8,  9,
 mmnn(1,47)=-11,  9,  1,  2,  3,  4,  5,  6,  7,  8,  9,
 mmnn(1,48)=-12,  9,  1,  2,  3,  4,  5,  6,  7,  8,  9,
 mmnn(1,49)=-13,  9,  1,  2,  3,  4,  5,  6,  7,  8,  9,
 mmnn(1,50)=-14,  8,  1,  2,  3,  4,  5,  6,  7,  8,
 mmnn(1,51)=-15,  9,  1,  2,  3,  4,  5,  6,  7,  8,  9,
 mmnn(1,52)=-16,  9,  1,  2,  3,  4,  5,  6,  7,  8,  9,
 mmnn(1,53)=-17,  8,  1,  2,  3,  4,  5,  6,  7,  8,
 mmnn(1,54)=-18,  8,  1,  2,  3,  4,  5,  6,  7,  8,
 mmnn(1,55)=-19,  8,  1,  2,  3,  4,  5,  6,  7,  8,
 mmnn(1,56)=-20,  8,  1,  2,  3,  4,  5,  6,  7,  8,
 mmnn(1,57)=-21,  9,  1,  2,  3,  4,  5,  6,  7,  8,  9,
 mmnn(1,58)=-22,  8,  1,  2,  3,  4,  5,  6,  7,  8,
 mmnn(1,59)=-23,  7,  1,  2,  3,  4,  5,  6,  7,
 mmnn(1,60)=-24,  7,  1,  2,  3,  4,  5,  6,  7,
 mmnn(1,61)=-25,  6,  1,  2,  3,  4,  5,  6,
 mmnn(1,62)=-26,  6,  1,  2,  3,  4,  5,  6,
 mmnn(1,63)=-27,  5,  1,  2,  3,  4,  5,
 mmnn(1,64)=-28,  5,  1,  2,  3,  4,  5,
 mmnn(1,65)=-29,  5,  1,  2,  3,  4,  5,
 mmnn(1,66)=-30,  4,  1,  2,  3,  4,
 mmnn(1,67)=-31,  5,  1,  2,  3,  4,  5,
 mmnn(1,68)=-32,  4,  1,  2,  3,  4,
 mmnn(1,69)=-33,  3,  1,  2,  3,
 mmnn(1,70)=-34,  3,  1,  2,  3,
 mmnn(1,71)=-36,  2,  1,  2,
 mpol=13, ntor= 71 /
