 0.10000E+01	 0.00000E+00	 0.00000E+00	 0.14980E+00	 0.45894E-01	 0.45894E-01	-0.55538E-04	-0.55538E-04	 0.53101E-03	 0.53101E-03	 0.45723E+01	 0.10005E+04	 0.21891E+06	 0.99861E-13	-0.31250E+00	-0.35780E+00	 0.00000E+00	-0.14400E+02	 0.84000E+00
 0.10000E+00	 0.00000E+00	 0.00000E+00	 0.14980E+00	 0.61725E-02	 0.61725E-02	-0.32709E-02	-0.32709E-02	 0.27650E+00	 0.27650E+00	 0.45723E+01	 0.10005E+04	 0.21891E+06	 0.14605E-13	-0.31250E+00	-0.35780E+00	 0.00000E+00	-0.14400E+02	 0.84000E+00
 0.10000E+02	 0.00000E+00	 0.00000E+00	 0.14980E+00	 0.45638E+00	 0.45638E+00	-0.55759E-06	-0.55759E-06	 0.54066E-06	 0.54066E-06	 0.45723E+01	 0.10005E+04	 0.21891E+06	 0.29291E-10	-0.31250E+00	-0.35780E+00	 0.00000E+00	-0.14400E+02	 0.84000E+00
 0.10000E-01	 0.00000E+00	 0.00000E+00	 0.14980E+00	 0.22414E-02	 0.22414E-02	-0.12036E-01	-0.12036E-01	 0.16874E+02	 0.16874E+02	 0.45723E+01	 0.10005E+04	 0.21891E+06	 0.20900E-12	-0.31250E+00	-0.35780E+00	 0.00000E+00	-0.14400E+02	 0.84000E+00
 0.10000E+03	 0.00000E+00	 0.00000E+00	 0.14980E+00	 0.45635E+01	 0.45635E+01	-0.55759E-08	-0.55759E-08	 0.54080E-09	 0.54080E-09	 0.45723E+01	 0.10005E+04	 0.21891E+06	 0.84006E-09	-0.31250E+00	-0.35780E+00	 0.00000E+00	-0.14400E+02	 0.84000E+00
 0.10000E-02	 0.00000E+00	 0.00000E+00	 0.14980E+00	 0.52266E-02	 0.52266E-02	-0.33041E-01	-0.33041E-01	 0.26955E+03	 0.26955E+03	 0.45723E+01	 0.10005E+04	 0.21891E+06	 0.68707E-10	-0.31250E+00	-0.35780E+00	 0.00000E+00	-0.14400E+02	 0.84000E+00
 0.10000E-03	 0.00000E+00	 0.00000E+00	 0.14980E+00	 0.46973E-01	 0.46964E-01	-0.13756E+00	-0.13748E+00	 0.31334E+04	 0.31322E+04	 0.45723E+01	 0.10005E+04	 0.21891E+06	 0.12900E-07	-0.31250E+00	-0.35780E+00	 0.00000E+00	-0.14400E+02	 0.84000E+00
 0.10000E-04	 0.00000E+00	 0.00000E+00	 0.14980E+00	 0.46221E+00	 0.45831E+00	-0.40937E-02	-0.14554E-01	 0.33313E+05	 0.32753E+05	 0.45723E+01	 0.10005E+04	 0.21891E+06	 0.85165E-03	-0.31250E+00	-0.35780E+00	 0.00000E+00	-0.14400E+02	 0.84000E+00
 0.10000E-05	 0.00000E+00	 0.00000E+00	 0.14980E+00	 0.46169E+01	 0.44263E+01	 0.14580E+00	 0.32601E+00	 0.34676E+06	 0.32965E+06	 0.45723E+01	 0.10005E+04	 0.21891E+06	 0.12788E-02	-0.31250E+00	-0.35780E+00	 0.00000E+00	-0.14400E+02	 0.84000E+00
 0.30000E+01	 0.00000E+00	 0.00000E+00	 0.14980E+00	 0.13699E+00	 0.13699E+00	-0.61947E-05	-0.61947E-05	 0.19976E-04	 0.19976E-04	 0.45723E+01	 0.10005E+04	 0.21891E+06	 0.12202E-11	-0.31250E+00	-0.35780E+00	 0.00000E+00	-0.14400E+02	 0.84000E+00
 0.30000E+00	 0.00000E+00	 0.00000E+00	 0.14980E+00	 0.14491E-01	 0.14491E-01	-0.57333E-03	-0.57333E-03	 0.17559E-01	 0.17559E-01	 0.45723E+01	 0.10005E+04	 0.21891E+06	 0.26463E-13	-0.31250E+00	-0.35780E+00	 0.00000E+00	-0.14400E+02	 0.84000E+00
 0.30000E+02	 0.00000E+00	 0.00000E+00	 0.14980E+00	 0.13691E+01	 0.13691E+01	-0.61955E-07	-0.61955E-07	 0.20029E-07	 0.20029E-07	 0.45723E+01	 0.10005E+04	 0.21891E+06	 0.13119E-09	-0.31250E+00	-0.35780E+00	 0.00000E+00	-0.14400E+02	 0.84000E+00
 0.30000E-01	 0.00000E+00	 0.00000E+00	 0.14980E+00	 0.32952E-02	 0.32952E-02	-0.91408E-02	-0.91408E-02	 0.29786E+01	 0.29786E+01	 0.45723E+01	 0.10005E+04	 0.21891E+06	 0.33036E-13	-0.31250E+00	-0.35780E+00	 0.00000E+00	-0.14400E+02	 0.84000E+00
 0.30000E+03	 0.00000E+00	 0.00000E+00	 0.14980E+00	 0.13690E+02	 0.13690E+02	-0.61955E-09	-0.61955E-09	 0.20030E-10	 0.20030E-10	 0.45723E+01	 0.10005E+04	 0.21891E+06	 0.53911E-08	-0.31250E+00	-0.35780E+00	 0.00000E+00	-0.14400E+02	 0.84000E+00
 0.30000E-02	 0.00000E+00	 0.00000E+00	 0.14980E+00	 0.24625E-02	 0.24625E-02	-0.16284E-01	-0.16284E-01	 0.77399E+02	 0.77399E+02	 0.45723E+01	 0.10005E+04	 0.21891E+06	 0.21002E-11	-0.31250E+00	-0.35780E+00	 0.00000E+00	-0.14400E+02	 0.84000E+00
 0.30000E-03	 0.00000E+00	 0.00000E+00	 0.14980E+00	 0.16014E-01	 0.16014E-01	-0.84578E-01	-0.84581E-01	 0.98997E+03	 0.98996E+03	 0.45723E+01	 0.10005E+04	 0.21891E+06	 0.82031E-09	-0.31250E+00	-0.35780E+00	 0.00000E+00	-0.14400E+02	 0.84000E+00
 0.30000E-04	 0.00000E+00	 0.00000E+00	 0.14980E+00	 0.15474E+00	 0.15439E+00	-0.88716E-01	-0.90971E-01	 0.10835E+05	 0.10776E+05	 0.45723E+01	 0.10005E+04	 0.21891E+06	 0.83448E-06	-0.31250E+00	-0.35780E+00	 0.00000E+00	-0.14400E+02	 0.84000E+00
 0.30000E-05	 0.00000E+00	 0.00000E+00	 0.14980E+00	 0.15392E+01	 0.15058E+01	 0.71776E-01	 0.10599E+00	 0.11345E+06	 0.10974E+06	 0.45723E+01	 0.10005E+04	 0.21891E+06	 0.34804E-04	-0.31250E+00	-0.35780E+00	 0.00000E+00	-0.14400E+02	 0.84000E+00
 0.10000E+01	 0.10000E+00	-0.27949E+00	 0.14980E+00	 0.43042E-02	 0.43042E-02	-0.23878E-03	-0.23878E-03	 0.55253E-03	 0.55253E-03	 0.45723E+01	 0.10005E+04	 0.21891E+06	 0.30801E-13	-0.31250E+00	-0.35780E+00	 0.00000E+00	-0.14400E+02	 0.84000E+00
 0.10000E+00	 0.10000E+00	-0.27949E+00	 0.14980E+00	 0.47664E-02	 0.47664E-02	-0.53254E-02	-0.53254E-02	 0.27335E+00	 0.27335E+00	 0.45723E+01	 0.10005E+04	 0.21891E+06	 0.22822E-12	-0.31250E+00	-0.35780E+00	 0.00000E+00	-0.14400E+02	 0.84000E+00
 0.10000E+02	 0.10000E+00	-0.27949E+00	 0.14980E+00	 0.60507E-03	 0.60507E-03	-0.26167E-05	-0.26167E-05	 0.56502E-06	 0.56502E-06	 0.45723E+01	 0.10005E+04	 0.21891E+06	 0.11743E-11	-0.31250E+00	-0.35780E+00	 0.00000E+00	-0.14400E+02	 0.84000E+00
 0.10000E-01	 0.10000E+00	-0.27949E+00	 0.14980E+00	 0.37037E-02	 0.37037E-02	-0.53866E-01	-0.53866E-01	 0.17241E+02	 0.17241E+02	 0.45723E+01	 0.10005E+04	 0.21891E+06	 0.34942E-11	-0.31250E+00	-0.35780E+00	 0.00000E+00	-0.14400E+02	 0.84000E+00
 0.10000E+03	 0.10000E+00	-0.27949E+00	 0.14980E+00	 0.67343E-04	 0.67343E-04	-0.26104E-07	-0.26104E-07	 0.56520E-09	 0.56520E-09	 0.45723E+01	 0.10005E+04	 0.21891E+06	 0.24483E-10	-0.31250E+00	-0.35780E+00	 0.00000E+00	-0.14400E+02	 0.84000E+00
 0.10000E-02	 0.10000E+00	-0.27949E+00	 0.14980E+00	 0.19621E-02	 0.19621E-02	-0.29458E+00	-0.29458E+00	 0.31060E+03	 0.31060E+03	 0.45723E+01	 0.10005E+04	 0.21891E+06	 0.21043E-10	-0.31250E+00	-0.35780E+00	 0.00000E+00	-0.14400E+02	 0.84000E+00
 0.10000E-03	 0.10000E+00	-0.27949E+00	 0.14980E+00	 0.39558E-03	 0.39505E-03	-0.45346E+00	-0.45349E+00	 0.37751E+04	 0.37737E+04	 0.45723E+01	 0.10005E+04	 0.21891E+06	 0.48894E-08	-0.31250E+00	-0.35780E+00	 0.00000E+00	-0.14400E+02	 0.84000E+00
 0.10000E-04	 0.10000E+00	-0.27949E+00	 0.14980E+00	 0.58955E-04	 0.54287E-04	-0.42276E+00	-0.42877E+00	 0.41763E+05	 0.40672E+05	 0.45723E+01	 0.10005E+04	 0.21891E+06	 0.23634E-06	-0.31250E+00	-0.35780E+00	 0.00000E+00	-0.14400E+02	 0.84000E+00
 0.10000E-05	 0.10000E+00	-0.27949E+00	 0.14980E+00	 0.14019E-04	 0.64889E-05	-0.53594E+00	-0.43457E+00	 0.45338E+06	 0.41538E+06	 0.45723E+01	 0.10005E+04	 0.21891E+06	 0.14435E-04	-0.31250E+00	-0.35780E+00	 0.00000E+00	-0.14400E+02	 0.84000E+00
 0.30000E+01	 0.10000E+00	-0.27949E+00	 0.14980E+00	 0.17977E-02	 0.17977E-02	-0.28795E-04	-0.28795E-04	 0.20866E-04	 0.20866E-04	 0.45723E+01	 0.10005E+04	 0.21891E+06	 0.80433E-13	-0.31250E+00	-0.35780E+00	 0.00000E+00	-0.14400E+02	 0.84000E+00
 0.30000E+00	 0.10000E+00	-0.27949E+00	 0.14980E+00	 0.63519E-02	 0.63519E-02	-0.15796E-02	-0.15796E-02	 0.17837E-01	 0.17837E-01	 0.45723E+01	 0.10005E+04	 0.21891E+06	 0.44757E-13	-0.31250E+00	-0.35780E+00	 0.00000E+00	-0.14400E+02	 0.84000E+00
 0.30000E+02	 0.10000E+00	-0.27949E+00	 0.14980E+00	 0.21157E-03	 0.21157E-03	-0.29076E-06	-0.29076E-06	 0.20933E-07	 0.20933E-07	 0.45723E+01	 0.10005E+04	 0.21891E+06	 0.50231E-11	-0.31250E+00	-0.35780E+00	 0.00000E+00	-0.14400E+02	 0.84000E+00
 0.30000E-01	 0.10000E+00	-0.27949E+00	 0.14980E+00	 0.40039E-02	 0.40039E-02	-0.18461E-01	-0.18461E-01	 0.29584E+01	 0.29584E+01	 0.45723E+01	 0.10005E+04	 0.21891E+06	 0.11065E-11	-0.31250E+00	-0.35780E+00	 0.00000E+00	-0.14400E+02	 0.84000E+00
 0.30000E+03	 0.10000E+00	-0.27949E+00	 0.14980E+00	 0.23116E-04	 0.23116E-04	-0.28968E-08	-0.28968E-08	 0.20933E-10	 0.20933E-10	 0.45723E+01	 0.10005E+04	 0.21891E+06	 0.70052E-09	-0.31250E+00	-0.35780E+00	 0.00000E+00	-0.14400E+02	 0.84000E+00
 0.30000E-02	 0.10000E+00	-0.27949E+00	 0.14980E+00	 0.29958E-02	 0.29958E-02	-0.14886E+00	-0.14886E+00	 0.83400E+02	 0.83400E+02	 0.45723E+01	 0.10005E+04	 0.21891E+06	 0.12379E-10	-0.31250E+00	-0.35780E+00	 0.00000E+00	-0.14400E+02	 0.84000E+00
 0.30000E-03	 0.10000E+00	-0.27949E+00	 0.14980E+00	 0.90870E-03	 0.90867E-03	-0.41412E+00	-0.41411E+00	 0.11808E+04	 0.11808E+04	 0.45723E+01	 0.10005E+04	 0.21891E+06	 0.30516E-09	-0.31250E+00	-0.35780E+00	 0.00000E+00	-0.14400E+02	 0.84000E+00
 0.30000E-04	 0.10000E+00	-0.27949E+00	 0.14980E+00	 0.14804E-03	 0.14495E-03	-0.44213E+00	-0.44322E+00	 0.13289E+05	 0.13200E+05	 0.45723E+01	 0.10005E+04	 0.21891E+06	 0.41221E-07	-0.31250E+00	-0.35780E+00	 0.00000E+00	-0.14400E+02	 0.84000E+00
 0.30000E-05	 0.10000E+00	-0.27949E+00	 0.14980E+00	 0.23156E-04	 0.18262E-04	-0.43701E+00	-0.43099E+00	 0.14499E+06	 0.13763E+06	 0.45723E+01	 0.10005E+04	 0.21891E+06	 0.18181E-05	-0.31250E+00	-0.35780E+00	 0.00000E+00	-0.14400E+02	 0.84000E+00
 0.10000E+01	 0.10000E-01	-0.27949E-01	 0.14980E+00	 0.15515E-01	 0.15515E-01	-0.84668E-04	-0.84668E-04	 0.53115E-03	 0.53115E-03	 0.45723E+01	 0.10005E+04	 0.21891E+06	 0.41939E-13	-0.31250E+00	-0.35780E+00	 0.00000E+00	-0.14400E+02	 0.84000E+00
 0.10000E+00	 0.10000E-01	-0.27949E-01	 0.14980E+00	 0.62375E-02	 0.62375E-02	-0.33521E-02	-0.33521E-02	 0.27635E+00	 0.27635E+00	 0.45723E+01	 0.10005E+04	 0.21891E+06	 0.11787E-13	-0.31250E+00	-0.35780E+00	 0.00000E+00	-0.14400E+02	 0.84000E+00
 0.10000E+02	 0.10000E-01	-0.27949E-01	 0.14980E+00	 0.36412E-01	 0.36412E-01	-0.21529E-05	-0.21529E-05	 0.54088E-06	 0.54088E-06	 0.45723E+01	 0.10005E+04	 0.21891E+06	 0.11206E-11	-0.31250E+00	-0.35780E+00	 0.00000E+00	-0.14400E+02	 0.84000E+00
 0.10000E-01	 0.10000E-01	-0.27949E-01	 0.14980E+00	 0.24010E-02	 0.24010E-02	-0.90334E-02	-0.90334E-02	 0.16757E+02	 0.16757E+02	 0.45723E+01	 0.10005E+04	 0.21891E+06	 0.13949E-12	-0.31250E+00	-0.35780E+00	 0.00000E+00	-0.14400E+02	 0.84000E+00
 0.10000E+03	 0.10000E-01	-0.27949E-01	 0.14980E+00	 0.59845E-02	 0.59845E-02	-0.26138E-07	-0.26138E-07	 0.54104E-09	 0.54104E-09	 0.45723E+01	 0.10005E+04	 0.21891E+06	 0.56944E-11	-0.31250E+00	-0.35780E+00	 0.00000E+00	-0.14400E+02	 0.84000E+00
 0.10000E-02	 0.10000E-01	-0.27949E-01	 0.14980E+00	 0.16442E-02	 0.16442E-02	 0.54137E-01	 0.54137E-01	 0.26554E+03	 0.26554E+03	 0.45723E+01	 0.10005E+04	 0.21891E+06	 0.10889E-10	-0.31250E+00	-0.35780E+00	 0.00000E+00	-0.14400E+02	 0.84000E+00
 0.10000E-03	 0.10000E-01	-0.27949E-01	 0.14980E+00	 0.68877E-03	 0.68473E-03	 0.22736E+00	 0.22754E+00	 0.31180E+04	 0.31165E+04	 0.45723E+01	 0.10005E+04	 0.21891E+06	 0.11723E-08	-0.31250E+00	-0.35780E+00	 0.00000E+00	-0.14400E+02	 0.84000E+00
 0.10000E-04	 0.10000E-01	-0.27949E-01	 0.14980E+00	 0.24085E-03	 0.14655E-03	 0.38342E+00	 0.40140E+00	 0.34040E+05	 0.33365E+05	 0.45723E+01	 0.10005E+04	 0.21891E+06	 0.18383E-05	-0.31250E+00	-0.35780E+00	 0.00000E+00	-0.14400E+02	 0.84000E+00
 0.10000E-05	 0.10000E-01	-0.27949E-01	 0.14980E+00	 0.10416E-03	 0.16398E-04	 0.33213E+00	 0.43617E+00	 0.35835E+06	 0.33635E+06	 0.45723E+01	 0.10005E+04	 0.21891E+06	 0.56438E-03	-0.31250E+00	-0.35780E+00	 0.00000E+00	-0.14400E+02	 0.84000E+00
 0.30000E+01	 0.10000E-01	-0.27949E-01	 0.14980E+00	 0.32915E-01	 0.32915E-01	-0.13107E-04	-0.13107E-04	 0.19983E-04	 0.19983E-04	 0.45723E+01	 0.10005E+04	 0.21891E+06	 0.22273E-12	-0.31250E+00	-0.35780E+00	 0.00000E+00	-0.14400E+02	 0.84000E+00
 0.30000E+00	 0.10000E-01	-0.27949E-01	 0.14980E+00	 0.95246E-02	 0.95246E-02	-0.72259E-03	-0.72259E-03	 0.17557E-01	 0.17557E-01	 0.45723E+01	 0.10005E+04	 0.21891E+06	 0.10814E-13	-0.31250E+00	-0.35780E+00	 0.00000E+00	-0.14400E+02	 0.84000E+00
 0.30000E+02	 0.10000E-01	-0.27949E-01	 0.14980E+00	 0.17384E-01	 0.17384E-01	-0.28406E-06	-0.28406E-06	 0.20038E-07	 0.20038E-07	 0.45723E+01	 0.10005E+04	 0.21891E+06	 0.43948E-11	-0.31250E+00	-0.35780E+00	 0.00000E+00	-0.14400E+02	 0.84000E+00
 0.30000E-01	 0.10000E-01	-0.27949E-01	 0.14980E+00	 0.35023E-02	 0.35023E-02	-0.89195E-02	-0.89195E-02	 0.29721E+01	 0.29721E+01	 0.45723E+01	 0.10005E+04	 0.21891E+06	 0.40027E-13	-0.31250E+00	-0.35780E+00	 0.00000E+00	-0.14400E+02	 0.84000E+00
 0.30000E+03	 0.10000E-01	-0.27949E-01	 0.14980E+00	 0.20996E-02	 0.20996E-02	-0.29073E-08	-0.29073E-08	 0.20039E-10	 0.20039E-10	 0.45723E+01	 0.10005E+04	 0.21891E+06	 0.11715E-10	-0.31250E+00	-0.35780E+00	 0.00000E+00	-0.14400E+02	 0.84000E+00
 0.30000E-02	 0.10000E-01	-0.27949E-01	 0.14980E+00	 0.19491E-02	 0.19491E-02	 0.97718E-02	 0.97718E-02	 0.76491E+02	 0.76491E+02	 0.45723E+01	 0.10005E+04	 0.21891E+06	 0.23107E-11	-0.31250E+00	-0.35780E+00	 0.00000E+00	-0.14400E+02	 0.84000E+00
 0.30000E-03	 0.10000E-01	-0.27949E-01	 0.14980E+00	 0.11051E-02	 0.11050E-02	 0.12885E+00	 0.12885E+00	 0.97551E+03	 0.97550E+03	 0.45723E+01	 0.10005E+04	 0.21891E+06	 0.35844E-09	-0.31250E+00	-0.35780E+00	 0.00000E+00	-0.14400E+02	 0.84000E+00
 0.30000E-04	 0.10000E-01	-0.27949E-01	 0.14980E+00	 0.36762E-03	 0.33517E-03	 0.32924E+00	 0.33191E+00	 0.10945E+05	 0.10884E+05	 0.45723E+01	 0.10005E+04	 0.21891E+06	 0.10646E-06	-0.31250E+00	-0.35780E+00	 0.00000E+00	-0.14400E+02	 0.84000E+00
 0.30000E-05	 0.10000E-01	-0.27949E-01	 0.14980E+00	 0.18892E-03	 0.48549E-04	 0.35855E+00	 0.43179E+00	 0.11691E+06	 0.11201E+06	 0.45723E+01	 0.10005E+04	 0.21891E+06	 0.29807E-04	-0.31250E+00	-0.35780E+00	 0.00000E+00	-0.14400E+02	 0.84000E+00
 0.10000E+01	 0.10000E-02	-0.27949E-02	 0.14980E+00	 0.42011E-01	 0.42011E-01	-0.58662E-04	-0.58662E-04	 0.53100E-03	 0.53100E-03	 0.45723E+01	 0.10005E+04	 0.21891E+06	 0.19142E-12	-0.31250E+00	-0.35780E+00	 0.00000E+00	-0.14400E+02	 0.84000E+00
 0.10000E+00	 0.10000E-02	-0.27949E-02	 0.14980E+00	 0.61723E-02	 0.61723E-02	-0.32716E-02	-0.32716E-02	 0.27650E+00	 0.27650E+00	 0.45723E+01	 0.10005E+04	 0.21891E+06	 0.76128E-14	-0.31250E+00	-0.35780E+00	 0.00000E+00	-0.14400E+02	 0.84000E+00
 0.10000E+02	 0.10000E-02	-0.27949E-02	 0.14980E+00	 0.15104E+00	 0.15104E+00	-0.84422E-06	-0.84422E-06	 0.54066E-06	 0.54066E-06	 0.45723E+01	 0.10005E+04	 0.21891E+06	 0.83211E-11	-0.31250E+00	-0.35780E+00	 0.00000E+00	-0.14400E+02	 0.84000E+00
 0.10000E-01	 0.10000E-02	-0.27949E-02	 0.14980E+00	 0.22423E-02	 0.22423E-02	-0.11986E-01	-0.11986E-01	 0.16873E+02	 0.16873E+02	 0.45723E+01	 0.10005E+04	 0.21891E+06	 0.20569E-12	-0.31250E+00	-0.35780E+00	 0.00000E+00	-0.14400E+02	 0.84000E+00
 0.10000E+03	 0.10000E-02	-0.27949E-02	 0.14980E+00	 0.36336E+00	 0.36336E+00	-0.21493E-07	-0.21493E-07	 0.54080E-09	 0.54080E-09	 0.45723E+01	 0.10005E+04	 0.21891E+06	 0.14001E-09	-0.31250E+00	-0.35780E+00	 0.00000E+00	-0.14400E+02	 0.84000E+00
 0.10000E-02	 0.10000E-02	-0.27949E-02	 0.14980E+00	 0.46069E-02	 0.46069E-02	-0.16313E-01	-0.16313E-01	 0.26904E+03	 0.26904E+03	 0.45723E+01	 0.10005E+04	 0.21891E+06	 0.39693E-10	-0.31250E+00	-0.35780E+00	 0.00000E+00	-0.14400E+02	 0.84000E+00
 0.10000E-03	 0.10000E-02	-0.27949E-02	 0.14980E+00	 0.50830E-02	 0.50751E-02	 0.28010E+00	 0.28020E+00	 0.31205E+04	 0.31193E+04	 0.45723E+01	 0.10005E+04	 0.21891E+06	 0.12239E-08	-0.31250E+00	-0.35780E+00	 0.00000E+00	-0.14400E+02	 0.84000E+00
 0.10000E-04	 0.10000E-02	-0.27949E-02	 0.14980E+00	 0.14514E-02	 0.11757E-02	 0.26292E+00	 0.28182E+00	 0.33267E+05	 0.32683E+05	 0.45723E+01	 0.10005E+04	 0.21891E+06	 0.70350E-06	-0.31250E+00	-0.35780E+00	 0.00000E+00	-0.14400E+02	 0.84000E+00
 0.10000E-05	 0.10000E-02	-0.27949E-02	 0.14980E+00	 0.14414E-02	 0.15184E-03	 0.15893E+00	 0.25014E+00	 0.34672E+06	 0.32864E+06	 0.45723E+01	 0.10005E+04	 0.21891E+06	 0.42426E-02	-0.31250E+00	-0.35780E+00	 0.00000E+00	-0.14400E+02	 0.84000E+00
 0.30000E+01	 0.10000E-02	-0.27949E-02	 0.14980E+00	 0.83271E-01	 0.83271E-01	-0.78150E-05	-0.78150E-05	 0.19976E-04	 0.19976E-04	 0.45723E+01	 0.10005E+04	 0.21891E+06	 0.67275E-12	-0.31250E+00	-0.35780E+00	 0.00000E+00	-0.14400E+02	 0.84000E+00
 0.30000E+00	 0.10000E-02	-0.27949E-02	 0.14980E+00	 0.14385E-01	 0.14385E-01	-0.57634E-03	-0.57634E-03	 0.17559E-01	 0.17559E-01	 0.45723E+01	 0.10005E+04	 0.21891E+06	 0.13510E-13	-0.31250E+00	-0.35780E+00	 0.00000E+00	-0.14400E+02	 0.84000E+00
 0.30000E+02	 0.10000E-02	-0.27949E-02	 0.14980E+00	 0.32655E+00	 0.32655E+00	-0.13043E-06	-0.13043E-06	 0.20029E-07	 0.20029E-07	 0.45723E+01	 0.10005E+04	 0.21891E+06	 0.14243E-10	-0.31250E+00	-0.35780E+00	 0.00000E+00	-0.14400E+02	 0.84000E+00
 0.30000E-01	 0.10000E-02	-0.27949E-02	 0.14980E+00	 0.32970E-02	 0.32970E-02	-0.91380E-02	-0.91380E-02	 0.29785E+01	 0.29785E+01	 0.45723E+01	 0.10005E+04	 0.21891E+06	 0.46178E-13	-0.31250E+00	-0.35780E+00	 0.00000E+00	-0.14400E+02	 0.84000E+00
 0.30000E+03	 0.10000E-02	-0.27949E-02	 0.14980E+00	 0.17377E+00	 0.17377E+00	-0.28400E-08	-0.28400E-08	 0.20030E-10	 0.20030E-10	 0.45723E+01	 0.10005E+04	 0.21891E+06	 0.43542E-09	-0.31250E+00	-0.35780E+00	 0.00000E+00	-0.14400E+02	 0.84000E+00
 0.30000E-02	 0.10000E-02	-0.27949E-02	 0.14980E+00	 0.24321E-02	 0.24321E-02	-0.15211E-01	-0.15211E-01	 0.77363E+02	 0.77363E+02	 0.45723E+01	 0.10005E+04	 0.21891E+06	 0.36679E-11	-0.31250E+00	-0.35780E+00	 0.00000E+00	-0.14400E+02	 0.84000E+00
 0.30000E-03	 0.10000E-02	-0.27949E-02	 0.14980E+00	 0.71309E-02	 0.71308E-02	 0.86681E-01	 0.86688E-01	 0.98549E+03	 0.98549E+03	 0.45723E+01	 0.10005E+04	 0.21891E+06	 0.34507E-09	-0.31250E+00	-0.35780E+00	 0.00000E+00	-0.14400E+02	 0.84000E+00
 0.30000E-04	 0.10000E-02	-0.27949E-02	 0.14980E+00	 0.25540E-02	 0.24690E-02	 0.31529E+00	 0.31858E+00	 0.10806E+05	 0.10746E+05	 0.45723E+01	 0.10005E+04	 0.21891E+06	 0.87543E-08	-0.31250E+00	-0.35780E+00	 0.00000E+00	-0.14400E+02	 0.84000E+00
 0.30000E-05	 0.10000E-02	-0.27949E-02	 0.14980E+00	 0.10690E-02	 0.43444E-03	 0.21530E+00	 0.25525E+00	 0.11340E+06	 0.10947E+06	 0.45723E+01	 0.10005E+04	 0.21891E+06	 0.57255E-04	-0.31250E+00	-0.35780E+00	 0.00000E+00	-0.14400E+02	 0.84000E+00
 0.10000E+01	 0.10000E-03	-0.27949E-03	 0.14980E+00	 0.45840E-01	 0.45840E-01	-0.55574E-04	-0.55574E-04	 0.53101E-03	 0.53101E-03	 0.45723E+01	 0.10005E+04	 0.21891E+06	 0.94372E-13	-0.31250E+00	-0.35780E+00	 0.00000E+00	-0.14400E+02	 0.84000E+00
 0.10000E+00	 0.10000E-03	-0.27949E-03	 0.14980E+00	 0.61724E-02	 0.61724E-02	-0.32709E-02	-0.32709E-02	 0.27650E+00	 0.27650E+00	 0.45723E+01	 0.10005E+04	 0.21891E+06	 0.13493E-13	-0.31250E+00	-0.35780E+00	 0.00000E+00	-0.14400E+02	 0.84000E+00
 0.10000E+02	 0.10000E-03	-0.27949E-03	 0.14980E+00	 0.41713E+00	 0.41713E+00	-0.58901E-06	-0.58901E-06	 0.54066E-06	 0.54066E-06	 0.45723E+01	 0.10005E+04	 0.21891E+06	 0.10365E-10	-0.31250E+00	-0.35780E+00	 0.00000E+00	-0.14400E+02	 0.84000E+00
 0.10000E-01	 0.10000E-03	-0.27949E-03	 0.14980E+00	 0.22414E-02	 0.22414E-02	-0.12036E-01	-0.12036E-01	 0.16874E+02	 0.16874E+02	 0.45723E+01	 0.10005E+04	 0.21891E+06	 0.13836E-12	-0.31250E+00	-0.35780E+00	 0.00000E+00	-0.14400E+02	 0.84000E+00
 0.10000E+03	 0.10000E-03	-0.27949E-03	 0.14980E+00	 0.15100E+01	 0.15100E+01	-0.84415E-08	-0.84415E-08	 0.54080E-09	 0.54080E-09	 0.45723E+01	 0.10005E+04	 0.21891E+06	 0.53638E-09	-0.31250E+00	-0.35780E+00	 0.00000E+00	-0.14400E+02	 0.84000E+00
 0.10000E-02	 0.10000E-03	-0.27949E-03	 0.14980E+00	 0.52191E-02	 0.52191E-02	-0.32840E-01	-0.32840E-01	 0.26954E+03	 0.26954E+03	 0.45723E+01	 0.10005E+04	 0.21891E+06	 0.17418E-10	-0.31250E+00	-0.35780E+00	 0.00000E+00	-0.14400E+02	 0.84000E+00
 0.10000E-03	 0.10000E-03	-0.27949E-03	 0.14980E+00	 0.41933E-01	 0.41925E-01	-0.77407E-01	-0.77332E-01	 0.31321E+04	 0.31308E+04	 0.45723E+01	 0.10005E+04	 0.21891E+06	 0.70038E-08	-0.31250E+00	-0.35780E+00	 0.00000E+00	-0.14400E+02	 0.84000E+00
 0.10000E-04	 0.10000E-03	-0.27949E-03	 0.14980E+00	 0.46046E-01	 0.44875E-01	 0.40177E+00	 0.43607E+00	 0.33299E+05	 0.32736E+05	 0.45723E+01	 0.10005E+04	 0.21891E+06	 0.11244E-05	-0.31250E+00	-0.35780E+00	 0.00000E+00	-0.14400E+02	 0.84000E+00
 0.10000E-05	 0.10000E-03	-0.27949E-03	 0.14980E+00	 0.15382E-01	 0.81973E-02	 0.20121E+00	 0.29298E+00	 0.34671E+06	 0.32938E+06	 0.45723E+01	 0.10005E+04	 0.21891E+06	 0.52310E-02	-0.31250E+00	-0.35780E+00	 0.00000E+00	-0.14400E+02	 0.84000E+00
 0.30000E+01	 0.10000E-03	-0.27949E-03	 0.14980E+00	 0.13577E+00	 0.13577E+00	-0.62300E-05	-0.62300E-05	 0.19976E-04	 0.19976E-04	 0.45723E+01	 0.10005E+04	 0.21891E+06	 0.10096E-11	-0.31250E+00	-0.35780E+00	 0.00000E+00	-0.14400E+02	 0.84000E+00
 0.30000E+00	 0.10000E-03	-0.27949E-03	 0.14980E+00	 0.14489E-01	 0.14489E-01	-0.57336E-03	-0.57336E-03	 0.17559E-01	 0.17559E-01	 0.45723E+01	 0.10005E+04	 0.21891E+06	 0.30800E-13	-0.31250E+00	-0.35780E+00	 0.00000E+00	-0.14400E+02	 0.84000E+00
 0.30000E+02	 0.10000E-03	-0.27949E-03	 0.14980E+00	 0.83146E+00	 0.83146E+00	-0.78142E-07	-0.78142E-07	 0.20029E-07	 0.20029E-07	 0.45723E+01	 0.10005E+04	 0.21891E+06	 0.57697E-10	-0.31250E+00	-0.35780E+00	 0.00000E+00	-0.14400E+02	 0.84000E+00
 0.30000E-01	 0.10000E-03	-0.27949E-03	 0.14980E+00	 0.32953E-02	 0.32953E-02	-0.91407E-02	-0.91407E-02	 0.29786E+01	 0.29786E+01	 0.45723E+01	 0.10005E+04	 0.21891E+06	 0.30829E-13	-0.31250E+00	-0.35780E+00	 0.00000E+00	-0.14400E+02	 0.84000E+00
 0.30000E+03	 0.10000E-03	-0.27949E-03	 0.14980E+00	 0.32652E+01	 0.32652E+01	-0.13042E-08	-0.13042E-08	 0.20030E-10	 0.20030E-10	 0.45723E+01	 0.10005E+04	 0.21891E+06	 0.43487E-08	-0.31250E+00	-0.35780E+00	 0.00000E+00	-0.14400E+02	 0.84000E+00
 0.30000E-02	 0.10000E-03	-0.27949E-03	 0.14980E+00	 0.24622E-02	 0.24622E-02	-0.16272E-01	-0.16272E-01	 0.77398E+02	 0.77398E+02	 0.45723E+01	 0.10005E+04	 0.21891E+06	 0.44902E-11	-0.31250E+00	-0.35780E+00	 0.00000E+00	-0.14400E+02	 0.84000E+00
 0.30000E-03	 0.10000E-03	-0.27949E-03	 0.14980E+00	 0.15782E-01	 0.15782E-01	-0.79914E-01	-0.79917E-01	 0.98985E+03	 0.98984E+03	 0.45723E+01	 0.10005E+04	 0.21891E+06	 0.27255E-09	-0.31250E+00	-0.35780E+00	 0.00000E+00	-0.14400E+02	 0.84000E+00
 0.30000E-04	 0.10000E-03	-0.27949E-03	 0.14980E+00	 0.69948E-01	 0.69774E-01	 0.24815E+00	 0.24999E+00	 0.10829E+05	 0.10769E+05	 0.45723E+01	 0.10005E+04	 0.21891E+06	 0.94879E-07	-0.31250E+00	-0.35780E+00	 0.00000E+00	-0.14400E+02	 0.84000E+00
 0.30000E-05	 0.10000E-03	-0.27949E-03	 0.14980E+00	 0.23313E-01	 0.19569E-01	 0.29782E+00	 0.36388E+00	 0.11342E+06	 0.10968E+06	 0.45723E+01	 0.10005E+04	 0.21891E+06	 0.16601E-04	-0.31250E+00	-0.35780E+00	 0.00000E+00	-0.14400E+02	 0.84000E+00
 0.10000E+01	 0.10000E-04	-0.27949E-04	 0.14980E+00	 0.45892E-01	 0.45892E-01	-0.55539E-04	-0.55539E-04	 0.53101E-03	 0.53101E-03	 0.45723E+01	 0.10005E+04	 0.21891E+06	 0.10394E-12	-0.31250E+00	-0.35780E+00	 0.00000E+00	-0.14400E+02	 0.84000E+00
 0.10000E+00	 0.10000E-04	-0.27949E-04	 0.14980E+00	 0.61725E-02	 0.61725E-02	-0.32709E-02	-0.32709E-02	 0.27650E+00	 0.27650E+00	 0.45723E+01	 0.10005E+04	 0.21891E+06	 0.13355E-13	-0.31250E+00	-0.35780E+00	 0.00000E+00	-0.14400E+02	 0.84000E+00
 0.10000E+02	 0.10000E-04	-0.27949E-04	 0.14980E+00	 0.45583E+00	 0.45583E+00	-0.55795E-06	-0.55795E-06	 0.54066E-06	 0.54066E-06	 0.45723E+01	 0.10005E+04	 0.21891E+06	 0.13782E-10	-0.31250E+00	-0.35780E+00	 0.00000E+00	-0.14400E+02	 0.84000E+00
 0.10000E-01	 0.10000E-04	-0.27949E-04	 0.14980E+00	 0.22414E-02	 0.22414E-02	-0.12036E-01	-0.12036E-01	 0.16874E+02	 0.16874E+02	 0.45723E+01	 0.10005E+04	 0.21891E+06	 0.16990E-12	-0.31250E+00	-0.35780E+00	 0.00000E+00	-0.14400E+02	 0.84000E+00
 0.10000E+03	 0.10000E-04	-0.27949E-04	 0.14980E+00	 0.41710E+01	 0.41710E+01	-0.58901E-08	-0.58901E-08	 0.54080E-09	 0.54080E-09	 0.45723E+01	 0.10005E+04	 0.21891E+06	 0.17158E-09	-0.31250E+00	-0.35780E+00	 0.00000E+00	-0.14400E+02	 0.84000E+00
 0.10000E-02	 0.10000E-04	-0.27949E-04	 0.14980E+00	 0.52265E-02	 0.52265E-02	-0.33039E-01	-0.33039E-01	 0.26955E+03	 0.26955E+03	 0.45723E+01	 0.10005E+04	 0.21891E+06	 0.41097E-10	-0.31250E+00	-0.35780E+00	 0.00000E+00	-0.14400E+02	 0.84000E+00
 0.10000E-03	 0.10000E-04	-0.27949E-04	 0.14980E+00	 0.46916E-01	 0.46906E-01	-0.13687E+00	-0.13679E+00	 0.31334E+04	 0.31321E+04	 0.45723E+01	 0.10005E+04	 0.21891E+06	 0.34081E-08	-0.31250E+00	-0.35780E+00	 0.00000E+00	-0.14400E+02	 0.84000E+00
 0.10000E-04	 0.10000E-04	-0.27949E-04	 0.14980E+00	 0.41588E+00	 0.41243E+00	 0.52201E-01	 0.48745E-01	 0.33310E+05	 0.32750E+05	 0.45723E+01	 0.10005E+04	 0.21891E+06	 0.87842E-05	-0.31250E+00	-0.35780E+00	 0.00000E+00	-0.14400E+02	 0.84000E+00
 0.10000E-05	 0.10000E-04	-0.27949E-04	 0.14980E+00	 0.46964E+00	 0.43373E+00	 0.27811E+00	 0.38075E+00	 0.34674E+06	 0.32958E+06	 0.45723E+01	 0.10005E+04	 0.21891E+06	 0.80563E-03	-0.31250E+00	-0.35780E+00	 0.00000E+00	-0.14400E+02	 0.84000E+00
 0.30000E+01	 0.10000E-04	-0.27949E-04	 0.14980E+00	 0.13697E+00	 0.13697E+00	-0.61951E-05	-0.61951E-05	 0.19976E-04	 0.19976E-04	 0.45723E+01	 0.10005E+04	 0.21891E+06	 0.19675E-11	-0.31250E+00	-0.35780E+00	 0.00000E+00	-0.14400E+02	 0.84000E+00
 0.30000E+00	 0.10000E-04	-0.27949E-04	 0.14980E+00	 0.14491E-01	 0.14491E-01	-0.57333E-03	-0.57333E-03	 0.17559E-01	 0.17559E-01	 0.45723E+01	 0.10005E+04	 0.21891E+06	 0.12360E-13	-0.31250E+00	-0.35780E+00	 0.00000E+00	-0.14400E+02	 0.84000E+00
 0.30000E+02	 0.10000E-04	-0.27949E-04	 0.14980E+00	 0.13569E+01	 0.13569E+01	-0.62308E-07	-0.62308E-07	 0.20029E-07	 0.20029E-07	 0.45723E+01	 0.10005E+04	 0.21891E+06	 0.11810E-09	-0.31250E+00	-0.35780E+00	 0.00000E+00	-0.14400E+02	 0.84000E+00
 0.30000E-01	 0.10000E-04	-0.27949E-04	 0.14980E+00	 0.32952E-02	 0.32952E-02	-0.91408E-02	-0.91408E-02	 0.29786E+01	 0.29786E+01	 0.45723E+01	 0.10005E+04	 0.21891E+06	 0.30514E-13	-0.31250E+00	-0.35780E+00	 0.00000E+00	-0.14400E+02	 0.84000E+00
 0.30000E+03	 0.10000E-04	-0.27949E-04	 0.14980E+00	 0.83145E+01	 0.83145E+01	-0.78142E-09	-0.78142E-09	 0.20030E-10	 0.20030E-10	 0.45723E+01	 0.10005E+04	 0.21891E+06	 0.45695E-08	-0.31250E+00	-0.35780E+00	 0.00000E+00	-0.14400E+02	 0.84000E+00
 0.30000E-02	 0.10000E-04	-0.27949E-04	 0.14980E+00	 0.24625E-02	 0.24625E-02	-0.16283E-01	-0.16283E-01	 0.77399E+02	 0.77399E+02	 0.45723E+01	 0.10005E+04	 0.21891E+06	 0.29169E-11	-0.31250E+00	-0.35780E+00	 0.00000E+00	-0.14400E+02	 0.84000E+00
 0.30000E-03	 0.10000E-04	-0.27949E-04	 0.14980E+00	 0.16011E-01	 0.16011E-01	-0.84530E-01	-0.84534E-01	 0.98996E+03	 0.98996E+03	 0.45723E+01	 0.10005E+04	 0.21891E+06	 0.57591E-09	-0.31250E+00	-0.35780E+00	 0.00000E+00	-0.14400E+02	 0.84000E+00
 0.30000E-04	 0.10000E-04	-0.27949E-04	 0.14980E+00	 0.15277E+00	 0.15243E+00	-0.80287E-01	-0.82399E-01	 0.10835E+05	 0.10776E+05	 0.45723E+01	 0.10005E+04	 0.21891E+06	 0.41191E-06	-0.31250E+00	-0.35780E+00	 0.00000E+00	-0.14400E+02	 0.84000E+00
 0.30000E-05	 0.10000E-04	-0.27949E-04	 0.14980E+00	 0.71269E+00	 0.69719E+00	 0.27669E+00	 0.35194E+00	 0.11344E+06	 0.10973E+06	 0.45723E+01	 0.10005E+04	 0.21891E+06	 0.14751E-04	-0.31250E+00	-0.35780E+00	 0.00000E+00	-0.14400E+02	 0.84000E+00
 0.10000E+01	 0.30000E-01	-0.83846E-01	 0.14980E+00	 0.11691E-01	 0.11691E-01	-0.12214E-03	-0.12214E-03	 0.53259E-03	 0.53259E-03	 0.45723E+01	 0.10005E+04	 0.21891E+06	 0.12933E-12	-0.31250E+00	-0.35780E+00	 0.00000E+00	-0.14400E+02	 0.84000E+00
 0.10000E+00	 0.30000E-01	-0.83846E-01	 0.14980E+00	 0.56206E-02	 0.56206E-02	-0.43390E-02	-0.43390E-02	 0.27532E+00	 0.27532E+00	 0.45723E+01	 0.10005E+04	 0.21891E+06	 0.11755E-13	-0.31250E+00	-0.35780E+00	 0.00000E+00	-0.14400E+02	 0.84000E+00
 0.10000E+02	 0.30000E-01	-0.83846E-01	 0.14980E+00	 0.58128E-02	 0.58128E-02	-0.25611E-05	-0.25611E-05	 0.54283E-06	 0.54283E-06	 0.45723E+01	 0.10005E+04	 0.21891E+06	 0.21624E-12	-0.31250E+00	-0.35780E+00	 0.00000E+00	-0.14400E+02	 0.84000E+00
 0.10000E-01	 0.30000E-01	-0.83846E-01	 0.14980E+00	 0.56048E-02	 0.56048E-02	-0.13609E-01	-0.13609E-01	 0.16653E+02	 0.16653E+02	 0.45723E+01	 0.10005E+04	 0.21891E+06	 0.17352E-12	-0.31250E+00	-0.35780E+00	 0.00000E+00	-0.14400E+02	 0.84000E+00
 0.10000E+03	 0.30000E-01	-0.83846E-01	 0.14980E+00	 0.70029E-03	 0.70029E-03	-0.26166E-07	-0.26166E-07	 0.54299E-09	 0.54299E-09	 0.45723E+01	 0.10005E+04	 0.21891E+06	 0.51540E-11	-0.31250E+00	-0.35780E+00	 0.00000E+00	-0.14400E+02	 0.84000E+00
 0.10000E-02	 0.30000E-01	-0.83846E-01	 0.14980E+00	 0.55624E-02	 0.55624E-02	 0.51618E-01	 0.51617E-01	 0.26571E+03	 0.26571E+03	 0.45723E+01	 0.10005E+04	 0.21891E+06	 0.14110E-10	-0.31250E+00	-0.35780E+00	 0.00000E+00	-0.14400E+02	 0.84000E+00
 0.10000E-03	 0.30000E-01	-0.83846E-01	 0.14980E+00	 0.25196E-02	 0.25175E-02	 0.51919E+00	 0.51936E+00	 0.32659E+04	 0.32641E+04	 0.45723E+01	 0.10005E+04	 0.21891E+06	 0.26382E-08	-0.31250E+00	-0.35780E+00	 0.00000E+00	-0.14400E+02	 0.84000E+00
 0.10000E-04	 0.30000E-01	-0.83846E-01	 0.14980E+00	 0.48596E-03	 0.45584E-03	 0.92255E+00	 0.93074E+00	 0.37401E+05	 0.37234E+05	 0.45723E+01	 0.10005E+04	 0.21891E+06	 0.12456E+01	-0.31250E+00	-0.35780E+00	 0.00000E+00	-0.14400E+02	 0.84000E+00
 0.10000E-05	 0.30000E-01	-0.83846E-01	 0.14980E+00	 0.60153E-04	 0.68389E-04	 0.11847E+01	 0.10100E+01	 0.40022E+06	 0.37360E+06	 0.45723E+01	 0.10005E+04	 0.21891E+06	 0.43381E+05	-0.31250E+00	-0.35780E+00	 0.00000E+00	-0.14400E+02	 0.84000E+00
 0.30000E+01	 0.30000E-01	-0.83846E-01	 0.14980E+00	 0.12892E-01	 0.12892E-01	-0.23409E-04	-0.23409E-04	 0.20050E-04	 0.20050E-04	 0.45723E+01	 0.10005E+04	 0.21891E+06	 0.80631E-13	-0.31250E+00	-0.35780E+00	 0.00000E+00	-0.14400E+02	 0.84000E+00
 0.30000E+00	 0.30000E-01	-0.83846E-01	 0.14980E+00	 0.59881E-02	 0.59881E-02	-0.89187E-03	-0.89187E-03	 0.17578E-01	 0.17578E-01	 0.45723E+01	 0.10005E+04	 0.21891E+06	 0.80602E-14	-0.31250E+00	-0.35780E+00	 0.00000E+00	-0.14400E+02	 0.84000E+00
 0.30000E+02	 0.30000E-01	-0.83846E-01	 0.14980E+00	 0.22036E-02	 0.22036E-02	-0.29034E-06	-0.29034E-06	 0.20110E-07	 0.20110E-07	 0.45723E+01	 0.10005E+04	 0.21891E+06	 0.16920E-11	-0.31250E+00	-0.35780E+00	 0.00000E+00	-0.14400E+02	 0.84000E+00
 0.30000E-01	 0.30000E-01	-0.83846E-01	 0.14980E+00	 0.61026E-02	 0.61026E-02	-0.10699E-01	-0.10699E-01	 0.29483E+01	 0.29483E+01	 0.45723E+01	 0.10005E+04	 0.21891E+06	 0.51163E-13	-0.31250E+00	-0.35780E+00	 0.00000E+00	-0.14400E+02	 0.84000E+00
 0.30000E+03	 0.30000E-01	-0.83846E-01	 0.14980E+00	 0.24663E-03	 0.24663E-03	-0.29011E-08	-0.29011E-08	 0.20111E-10	 0.20111E-10	 0.45723E+01	 0.10005E+04	 0.21891E+06	 0.36864E-10	-0.31250E+00	-0.35780E+00	 0.00000E+00	-0.14400E+02	 0.84000E+00
 0.30000E-02	 0.30000E-01	-0.83846E-01	 0.14980E+00	 0.60828E-02	 0.60828E-02	-0.93390E-04	-0.93391E-04	 0.76262E+02	 0.76262E+02	 0.45723E+01	 0.10005E+04	 0.21891E+06	 0.15398E-09	-0.31250E+00	-0.35780E+00	 0.00000E+00	-0.14400E+02	 0.84000E+00
 0.30000E-03	 0.30000E-01	-0.83846E-01	 0.14980E+00	 0.38958E-02	 0.38957E-02	 0.23010E+00	 0.23009E+00	 0.99478E+03	 0.99477E+03	 0.45723E+01	 0.10005E+04	 0.21891E+06	 0.14123E-09	-0.31250E+00	-0.35780E+00	 0.00000E+00	-0.14400E+02	 0.84000E+00
 0.30000E-04	 0.30000E-01	-0.83846E-01	 0.14980E+00	 0.11685E-02	 0.11529E-02	 0.78527E+00	 0.79187E+00	 0.11766E+05	 0.11688E+05	 0.45723E+01	 0.10005E+04	 0.21891E+06	 0.32395E-07	-0.31250E+00	-0.35780E+00	 0.00000E+00	-0.14400E+02	 0.84000E+00
 0.30000E-05	 0.30000E-01	-0.83846E-01	 0.14980E+00	 0.16979E-03	 0.14970E-03	 0.10369E+01	 0.10593E+01	 0.13050E+06	 0.12384E+06	 0.45723E+01	 0.10005E+04	 0.21891E+06	 0.72488E-05	-0.31250E+00	-0.35780E+00	 0.00000E+00	-0.14400E+02	 0.84000E+00
 0.10000E+01	 0.30000E-02	-0.83846E-02	 0.14980E+00	 0.28093E-01	 0.28093E-01	-0.70103E-04	-0.70103E-04	 0.53101E-03	 0.53101E-03	 0.45723E+01	 0.10005E+04	 0.21891E+06	 0.76681E-13	-0.31250E+00	-0.35780E+00	 0.00000E+00	-0.14400E+02	 0.84000E+00
 0.10000E+00	 0.30000E-02	-0.83846E-02	 0.14980E+00	 0.61793E-02	 0.61793E-02	-0.32770E-02	-0.32770E-02	 0.27649E+00	 0.27649E+00	 0.45723E+01	 0.10005E+04	 0.21891E+06	 0.11756E-13	-0.31250E+00	-0.35780E+00	 0.00000E+00	-0.14400E+02	 0.84000E+00
 0.10000E+02	 0.30000E-02	-0.83846E-02	 0.14980E+00	 0.10892E+00	 0.10892E+00	-0.11743E-05	-0.11743E-05	 0.54068E-06	 0.54068E-06	 0.45723E+01	 0.10005E+04	 0.21891E+06	 0.10736E-10	-0.31250E+00	-0.35780E+00	 0.00000E+00	-0.14400E+02	 0.84000E+00
 0.10000E-01	 0.30000E-02	-0.83846E-02	 0.14980E+00	 0.22496E-02	 0.22496E-02	-0.11606E-01	-0.11606E-01	 0.16859E+02	 0.16859E+02	 0.45723E+01	 0.10005E+04	 0.21891E+06	 0.28136E-12	-0.31250E+00	-0.35780E+00	 0.00000E+00	-0.14400E+02	 0.84000E+00
 0.10000E+03	 0.30000E-02	-0.83846E-02	 0.14980E+00	 0.57924E-01	 0.57924E-01	-0.25560E-07	-0.25560E-07	 0.54082E-09	 0.54082E-09	 0.45723E+01	 0.10005E+04	 0.21891E+06	 0.34040E-10	-0.31250E+00	-0.35780E+00	 0.00000E+00	-0.14400E+02	 0.84000E+00
 0.10000E-02	 0.30000E-02	-0.83846E-02	 0.14980E+00	 0.27941E-02	 0.27941E-02	 0.30950E-01	 0.30950E-01	 0.26749E+03	 0.26749E+03	 0.45723E+01	 0.10005E+04	 0.21891E+06	 0.14876E-10	-0.31250E+00	-0.35780E+00	 0.00000E+00	-0.14400E+02	 0.84000E+00
 0.10000E-03	 0.30000E-02	-0.83846E-02	 0.14980E+00	 0.12698E-02	 0.12643E-02	 0.22576E+00	 0.22597E+00	 0.31088E+04	 0.31076E+04	 0.45723E+01	 0.10005E+04	 0.21891E+06	 0.95181E-09	-0.31250E+00	-0.35780E+00	 0.00000E+00	-0.14400E+02	 0.84000E+00
 0.10000E-04	 0.30000E-02	-0.83846E-02	 0.14980E+00	 0.36734E-03	 0.24067E-03	 0.22675E+00	 0.23777E+00	 0.33287E+05	 0.32664E+05	 0.45723E+01	 0.10005E+04	 0.21891E+06	 0.16902E-05	-0.31250E+00	-0.35780E+00	 0.00000E+00	-0.14400E+02	 0.84000E+00
 0.10000E-05	 0.30000E-02	-0.83846E-02	 0.14980E+00	 0.46830E-03	 0.26521E-04	 0.16634E+00	 0.23681E+00	 0.34739E+06	 0.32835E+06	 0.45723E+01	 0.10005E+04	 0.21891E+06	 0.27209E-02	-0.31250E+00	-0.35780E+00	 0.00000E+00	-0.14400E+02	 0.84000E+00
 0.30000E+01	 0.30000E-02	-0.83846E-02	 0.14980E+00	 0.47062E-01	 0.47062E-01	-0.92437E-05	-0.92437E-05	 0.19976E-04	 0.19976E-04	 0.45723E+01	 0.10005E+04	 0.21891E+06	 0.69355E-12	-0.31250E+00	-0.35780E+00	 0.00000E+00	-0.14400E+02	 0.84000E+00
 0.30000E+00	 0.30000E-02	-0.83846E-02	 0.14980E+00	 0.13634E-01	 0.13634E-01	-0.59833E-03	-0.59833E-03	 0.17558E-01	 0.17558E-01	 0.45723E+01	 0.10005E+04	 0.21891E+06	 0.11327E-13	-0.31250E+00	-0.35780E+00	 0.00000E+00	-0.14400E+02	 0.84000E+00
 0.30000E+02	 0.30000E-02	-0.83846E-02	 0.14980E+00	 0.12619E+00	 0.12619E+00	-0.23017E-06	-0.23017E-06	 0.20030E-07	 0.20030E-07	 0.45723E+01	 0.10005E+04	 0.21891E+06	 0.10316E-10	-0.31250E+00	-0.35780E+00	 0.00000E+00	-0.14400E+02	 0.84000E+00
 0.30000E-01	 0.30000E-02	-0.83846E-02	 0.14980E+00	 0.33123E-02	 0.33123E-02	-0.91163E-02	-0.91163E-02	 0.29780E+01	 0.29780E+01	 0.45723E+01	 0.10005E+04	 0.21891E+06	 0.42387E-13	-0.31250E+00	-0.35780E+00	 0.00000E+00	-0.14400E+02	 0.84000E+00
 0.30000E+03	 0.30000E-02	-0.83846E-02	 0.14980E+00	 0.22012E-01	 0.22012E-01	-0.29028E-08	-0.29028E-08	 0.20030E-10	 0.20030E-10	 0.45723E+01	 0.10005E+04	 0.21891E+06	 0.12133E-09	-0.31250E+00	-0.35780E+00	 0.00000E+00	-0.14400E+02	 0.84000E+00
 0.30000E-02	 0.30000E-02	-0.83846E-02	 0.14980E+00	 0.22497E-02	 0.22498E-02	-0.85856E-02	-0.85876E-02	 0.77139E+02	 0.77139E+02	 0.45723E+01	 0.10005E+04	 0.21891E+06	 0.16819E-02	-0.31250E+00	-0.35780E+00	 0.00000E+00	-0.14400E+02	 0.84000E+00
 0.30000E-03	 0.30000E-02	-0.83846E-02	 0.14980E+00	 0.22325E-02	 0.22324E-02	 0.14589E+00	 0.14590E+00	 0.98048E+03	 0.98048E+03	 0.45723E+01	 0.10005E+04	 0.21891E+06	 0.14465E-09	-0.31250E+00	-0.35780E+00	 0.00000E+00	-0.14400E+02	 0.84000E+00
 0.30000E-04	 0.30000E-02	-0.83846E-02	 0.14980E+00	 0.61598E-03	 0.57132E-03	 0.24235E+00	 0.24520E+00	 0.10791E+05	 0.10730E+05	 0.45723E+01	 0.10005E+04	 0.21891E+06	 0.29171E-07	-0.31250E+00	-0.35780E+00	 0.00000E+00	-0.14400E+02	 0.84000E+00
 0.30000E-05	 0.30000E-02	-0.83846E-02	 0.14980E+00	 0.38486E-03	 0.78647E-04	 0.20705E+00	 0.23664E+00	 0.11363E+06	 0.10938E+06	 0.45723E+01	 0.10005E+04	 0.21891E+06	 0.46107E-04	-0.31250E+00	-0.35780E+00	 0.00000E+00	-0.14400E+02	 0.84000E+00
 0.10000E+01	 0.30000E-03	-0.83846E-03	 0.14980E+00	 0.45492E-01	 0.45492E-01	-0.55854E-04	-0.55854E-04	 0.53101E-03	 0.53101E-03	 0.45723E+01	 0.10005E+04	 0.21891E+06	 0.13229E-12	-0.31250E+00	-0.35780E+00	 0.00000E+00	-0.14400E+02	 0.84000E+00
 0.10000E+00	 0.30000E-03	-0.83846E-03	 0.14980E+00	 0.61720E-02	 0.61720E-02	-0.32710E-02	-0.32710E-02	 0.27650E+00	 0.27650E+00	 0.45723E+01	 0.10005E+04	 0.21891E+06	 0.12353E-13	-0.31250E+00	-0.35780E+00	 0.00000E+00	-0.14400E+02	 0.84000E+00
 0.10000E+02	 0.30000E-03	-0.83846E-03	 0.14980E+00	 0.27719E+00	 0.27719E+00	-0.70329E-06	-0.70329E-06	 0.54066E-06	 0.54066E-06	 0.45723E+01	 0.10005E+04	 0.21891E+06	 0.96683E-11	-0.31250E+00	-0.35780E+00	 0.00000E+00	-0.14400E+02	 0.84000E+00
 0.10000E-01	 0.30000E-03	-0.83846E-03	 0.14980E+00	 0.22415E-02	 0.22415E-02	-0.12032E-01	-0.12032E-01	 0.16874E+02	 0.16874E+02	 0.45723E+01	 0.10005E+04	 0.21891E+06	 0.13192E-12	-0.31250E+00	-0.35780E+00	 0.00000E+00	-0.14400E+02	 0.84000E+00
 0.10000E+03	 0.30000E-03	-0.83846E-03	 0.14980E+00	 0.10884E+01	 0.10884E+01	-0.11738E-07	-0.11738E-07	 0.54080E-09	 0.54080E-09	 0.45723E+01	 0.10005E+04	 0.21891E+06	 0.42801E-09	-0.31250E+00	-0.35780E+00	 0.00000E+00	-0.14400E+02	 0.84000E+00
 0.10000E-02	 0.30000E-03	-0.83846E-03	 0.14980E+00	 0.51606E-02	 0.51606E-02	-0.31260E-01	-0.31260E-01	 0.26949E+03	 0.26949E+03	 0.45723E+01	 0.10005E+04	 0.21891E+06	 0.23910E-10	-0.31250E+00	-0.35780E+00	 0.00000E+00	-0.14400E+02	 0.84000E+00
 0.10000E-03	 0.30000E-03	-0.83846E-03	 0.14980E+00	 0.23246E-01	 0.23240E-01	 0.13200E+00	 0.13204E+00	 0.31281E+04	 0.31269E+04	 0.45723E+01	 0.10005E+04	 0.21891E+06	 0.20293E-07	-0.31250E+00	-0.35780E+00	 0.00000E+00	-0.14400E+02	 0.84000E+00
 0.10000E-04	 0.30000E-03	-0.83846E-03	 0.14980E+00	 0.22040E-01	 0.76392E-02	 0.58207E+01	 0.36749E+00	-0.20282E+06	 0.32719E+05	 0.45723E+01	 0.10005E+04	 0.21891E+06	 0.27689E+05	-0.31250E+00	-0.35780E+00	 0.00000E+00	-0.14400E+02	 0.84000E+00
 0.10000E-05	 0.30000E-03	-0.83846E-03	 0.14980E+00	 0.43793E-02	 0.12333E-02	 0.18444E+00	 0.27174E+00	 0.34669E+06	 0.32914E+06	 0.45723E+01	 0.10005E+04	 0.21891E+06	 0.24456E-02	-0.31250E+00	-0.35780E+00	 0.00000E+00	-0.14400E+02	 0.84000E+00
 0.30000E+01	 0.30000E-03	-0.83846E-03	 0.14980E+00	 0.12724E+00	 0.12724E+00	-0.64842E-05	-0.64842E-05	 0.19976E-04	 0.19976E-04	 0.45723E+01	 0.10005E+04	 0.21891E+06	 0.10849E-11	-0.31250E+00	-0.35780E+00	 0.00000E+00	-0.14400E+02	 0.84000E+00
 0.30000E+00	 0.30000E-03	-0.83846E-03	 0.14980E+00	 0.14479E-01	 0.14479E-01	-0.57361E-03	-0.57361E-03	 0.17559E-01	 0.17559E-01	 0.45723E+01	 0.10005E+04	 0.21891E+06	 0.57842E-14	-0.31250E+00	-0.35780E+00	 0.00000E+00	-0.14400E+02	 0.84000E+00
 0.30000E+02	 0.30000E-03	-0.83846E-03	 0.14980E+00	 0.46929E+00	 0.46929E+00	-0.92370E-07	-0.92370E-07	 0.20029E-07	 0.20029E-07	 0.45723E+01	 0.10005E+04	 0.21891E+06	 0.13048E-10	-0.31250E+00	-0.35780E+00	 0.00000E+00	-0.14400E+02	 0.84000E+00
 0.30000E-01	 0.30000E-03	-0.83846E-03	 0.14980E+00	 0.32954E-02	 0.32954E-02	-0.91405E-02	-0.91405E-02	 0.29786E+01	 0.29786E+01	 0.45723E+01	 0.10005E+04	 0.21891E+06	 0.40551E-13	-0.31250E+00	-0.35780E+00	 0.00000E+00	-0.14400E+02	 0.84000E+00
 0.30000E+03	 0.30000E-03	-0.83846E-03	 0.14980E+00	 0.12616E+01	 0.12616E+01	-0.23013E-08	-0.23013E-08	 0.20030E-10	 0.20030E-10	 0.45723E+01	 0.10005E+04	 0.21891E+06	 0.52535E-09	-0.31250E+00	-0.35780E+00	 0.00000E+00	-0.14400E+02	 0.84000E+00
 0.30000E-02	 0.30000E-03	-0.83846E-03	 0.14980E+00	 0.24597E-02	 0.24597E-02	-0.16184E-01	-0.16184E-01	 0.77395E+02	 0.77395E+02	 0.45723E+01	 0.10005E+04	 0.21891E+06	 0.28269E-11	-0.31250E+00	-0.35780E+00	 0.00000E+00	-0.14400E+02	 0.84000E+00
 0.30000E-03	 0.30000E-03	-0.83846E-03	 0.14980E+00	 0.14182E-01	 0.14182E-01	-0.47837E-01	-0.47839E-01	 0.98904E+03	 0.98904E+03	 0.45723E+01	 0.10005E+04	 0.21891E+06	 0.12019E-09	-0.31250E+00	-0.35780E+00	 0.00000E+00	-0.14400E+02	 0.84000E+00
 0.30000E-04	 0.30000E-03	-0.83846E-03	 0.14980E+00	 0.15518E-01	 0.15374E-01	 0.39010E+00	 0.39376E+00	 0.10822E+05	 0.10762E+05	 0.45723E+01	 0.10005E+04	 0.21891E+06	 0.15865E-07	-0.31250E+00	-0.35780E+00	 0.00000E+00	-0.14400E+02	 0.84000E+00
 0.30000E-05	 0.30000E-03	-0.83846E-03	 0.14980E+00	 0.48266E-02	 0.31912E-02	 0.24986E+00	 0.30026E+00	 0.11341E+06	 0.10961E+06	 0.45723E+01	 0.10005E+04	 0.21891E+06	 0.53052E-04	-0.31250E+00	-0.35780E+00	 0.00000E+00	-0.14400E+02	 0.84000E+00
 0.10000E+01	 0.30000E-04	-0.83846E-04	 0.14980E+00	 0.45885E-01	 0.45885E-01	-0.55542E-04	-0.55542E-04	 0.53101E-03	 0.53101E-03	 0.45723E+01	 0.10005E+04	 0.21891E+06	 0.19809E-12	-0.31250E+00	-0.35780E+00	 0.00000E+00	-0.14400E+02	 0.84000E+00
 0.10000E+00	 0.30000E-04	-0.83846E-04	 0.14980E+00	 0.61725E-02	 0.61725E-02	-0.32709E-02	-0.32709E-02	 0.27650E+00	 0.27650E+00	 0.45723E+01	 0.10005E+04	 0.21891E+06	 0.10173E-13	-0.31250E+00	-0.35780E+00	 0.00000E+00	-0.14400E+02	 0.84000E+00
 0.10000E+02	 0.30000E-04	-0.83846E-04	 0.14980E+00	 0.45231E+00	 0.45231E+00	-0.56077E-06	-0.56077E-06	 0.54066E-06	 0.54066E-06	 0.45723E+01	 0.10005E+04	 0.21891E+06	 0.67478E-11	-0.31250E+00	-0.35780E+00	 0.00000E+00	-0.14400E+02	 0.84000E+00
 0.10000E-01	 0.30000E-04	-0.83846E-04	 0.14980E+00	 0.22414E-02	 0.22414E-02	-0.12036E-01	-0.12036E-01	 0.16874E+02	 0.16874E+02	 0.45723E+01	 0.10005E+04	 0.21891E+06	 0.14973E-12	-0.31250E+00	-0.35780E+00	 0.00000E+00	-0.14400E+02	 0.84000E+00
 0.10000E+03	 0.30000E-04	-0.83846E-04	 0.14980E+00	 0.27715E+01	 0.27715E+01	-0.70327E-08	-0.70327E-08	 0.54080E-09	 0.54080E-09	 0.45723E+01	 0.10005E+04	 0.21891E+06	 0.80302E-09	-0.31250E+00	-0.35780E+00	 0.00000E+00	-0.14400E+02	 0.84000E+00
 0.10000E-02	 0.30000E-04	-0.83846E-04	 0.14980E+00	 0.52259E-02	 0.52259E-02	-0.33023E-01	-0.33023E-01	 0.26955E+03	 0.26955E+03	 0.45723E+01	 0.10005E+04	 0.21891E+06	 0.22597E-10	-0.31250E+00	-0.35780E+00	 0.00000E+00	-0.14400E+02	 0.84000E+00
 0.10000E-03	 0.30000E-04	-0.83846E-04	 0.14980E+00	 0.46463E-01	 0.46040E-01	-0.13142E+00	-0.14877E+00	 0.31332E+04	 0.31315E+04	 0.45723E+01	 0.10005E+04	 0.21891E+06	 0.81033E+01	-0.31250E+00	-0.35780E+00	 0.00000E+00	-0.14400E+02	 0.84000E+00
 0.10000E-04	 0.30000E-04	-0.83846E-04	 0.14980E+00	 0.23490E+00	 0.23289E+00	 0.25977E+00	 0.27868E+00	 0.33306E+05	 0.32745E+05	 0.45723E+01	 0.10005E+04	 0.21891E+06	 0.67799E-05	-0.31250E+00	-0.35780E+00	 0.00000E+00	-0.14400E+02	 0.84000E+00
 0.10000E-05	 0.30000E-04	-0.83846E-04	 0.14980E+00	 0.82383E-01	 0.65325E-01	 0.23317E+00	 0.32842E+00	 0.34673E+06	 0.32951E+06	 0.45723E+01	 0.10005E+04	 0.21891E+06	 0.30851E-02	-0.31250E+00	-0.35780E+00	 0.00000E+00	-0.14400E+02	 0.84000E+00
 0.30000E+01	 0.30000E-04	-0.83846E-04	 0.14980E+00	 0.13685E+00	 0.13685E+00	-0.61980E-05	-0.61980E-05	 0.19976E-04	 0.19976E-04	 0.45723E+01	 0.10005E+04	 0.21891E+06	 0.13997E-11	-0.31250E+00	-0.35780E+00	 0.00000E+00	-0.14400E+02	 0.84000E+00
 0.30000E+00	 0.30000E-04	-0.83846E-04	 0.14980E+00	 0.14491E-01	 0.14491E-01	-0.57333E-03	-0.57333E-03	 0.17559E-01	 0.17559E-01	 0.45723E+01	 0.10005E+04	 0.21891E+06	 0.19481E-13	-0.31250E+00	-0.35780E+00	 0.00000E+00	-0.14400E+02	 0.84000E+00
 0.30000E+02	 0.30000E-04	-0.83846E-04	 0.14980E+00	 0.12714E+01	 0.12714E+01	-0.64848E-07	-0.64848E-07	 0.20029E-07	 0.20029E-07	 0.45723E+01	 0.10005E+04	 0.21891E+06	 0.15484E-09	-0.31250E+00	-0.35780E+00	 0.00000E+00	-0.14400E+02	 0.84000E+00
 0.30000E-01	 0.30000E-04	-0.83846E-04	 0.14980E+00	 0.32953E-02	 0.32953E-02	-0.91408E-02	-0.91408E-02	 0.29786E+01	 0.29786E+01	 0.45723E+01	 0.10005E+04	 0.21891E+06	 0.33382E-13	-0.31250E+00	-0.35780E+00	 0.00000E+00	-0.14400E+02	 0.84000E+00
 0.30000E+03	 0.30000E-04	-0.83846E-04	 0.14980E+00	 0.46927E+01	 0.46927E+01	-0.92369E-09	-0.92369E-09	 0.20030E-10	 0.20030E-10	 0.45723E+01	 0.10005E+04	 0.21891E+06	 0.68425E-08	-0.31250E+00	-0.35780E+00	 0.00000E+00	-0.14400E+02	 0.84000E+00
 0.30000E-02	 0.30000E-04	-0.83846E-04	 0.14980E+00	 0.24625E-02	 0.24625E-02	-0.16283E-01	-0.16283E-01	 0.77399E+02	 0.77399E+02	 0.45723E+01	 0.10005E+04	 0.21891E+06	 0.18071E-11	-0.31250E+00	-0.35780E+00	 0.00000E+00	-0.14400E+02	 0.84000E+00
 0.30000E-03	 0.30000E-04	-0.83846E-04	 0.14980E+00	 0.15993E-01	 0.15993E-01	-0.84151E-01	-0.84155E-01	 0.98995E+03	 0.98995E+03	 0.45723E+01	 0.10005E+04	 0.21891E+06	 0.70224E-09	-0.31250E+00	-0.35780E+00	 0.00000E+00	-0.14400E+02	 0.84000E+00
 0.30000E-04	 0.30000E-04	-0.83846E-04	 0.14980E+00	 0.13885E+00	 0.13855E+00	-0.20138E-01	-0.21401E-01	 0.10833E+05	 0.10774E+05	 0.45723E+01	 0.10005E+04	 0.21891E+06	 0.49015E-05	-0.31250E+00	-0.35780E+00	 0.00000E+00	-0.14400E+02	 0.84000E+00
 0.30000E-05	 0.30000E-04	-0.83846E-04	 0.14980E+00	 0.15457E+00	 0.14668E+00	 0.35413E+00	 0.43716E+00	 0.11343E+06	 0.10971E+06	 0.45723E+01	 0.10005E+04	 0.21891E+06	 0.10323E-04	-0.31250E+00	-0.35780E+00	 0.00000E+00	-0.14400E+02	 0.84000E+00
