 &datain
 nzperiod=  5,
 lalpha= 20, lfout=20, nrun =  1,
 cmul = 3.0000,
 efield = 0.0000,
 mpolb =  8,  ntorb = 27,  ibbi = 1,
 chip = -0.8120,  psip = -0.8913,
 btheta =  0.0000, bzeta = -14.4000,
 borbi(0,0)=  0.25126E+01,
 borbi(1,0)=  0.26795E+00,
 borbi(1,1)=  -.15844E+00,
 borbi(0,1)=  -.77948E-01,
 borbi(2,3)=  -.13248E-01,
 borbi(0,2)=  -.11609E-01,
 borbi(-1,1)=  0.10605E-01,
 borbi(-2,1)=  0.79931E-02,
 borbi(2,1)=  0.77115E-02,
 borbi(1,2)=  0.72187E-02,
 borbi(3,1)=  -.65532E-02,
 borbi(-1,2)=  -.64011E-02,
 borbi(3,3)=  0.62294E-02,
 borbi(-9,1)=  -.61321E-02,
 borbi(2,0)=  -.61320E-02,
 borbi(10,0)=  -.45368E-02,
 borbi(-7,2)=  -.36334E-02,
 borbi(4,0)=  0.33986E-02,
 borbi(4,1)=  0.31877E-02,
 borbi(3,4)=  0.28411E-02,
 borbi(-7,3)=  0.27321E-02,
 borbi(3,2)=  0.25463E-02,
 borbi(1,3)=  0.23905E-02,
 borbi(-6,2)=  0.23834E-02,
 borbi(5,1)=  -.22970E-02,
 borbi(-3,1)=  -.20043E-02,
 borbi(2,2)=  -.19753E-02,
 borbi(-1,3)=  -.18999E-02,
 borbi(-5,1)=  0.18014E-02,
 borbi(-4,1)=  0.17795E-02,
 borbi(4,3)=  -.17775E-02,
 borbi(-10,1)=  0.16486E-02,
 borbi(-2,3)=  -.15766E-02,
 borbi(9,0)=  -.15734E-02,
 borbi(-8,2)=  0.15704E-02,
 borbi(-2,2)=  0.15084E-02,
 borbi(5,2)=  0.14923E-02,
 borbi(4,2)=  0.13508E-02,
 borbi(11,1)=  -.13103E-02,
 borbi(-7,1)=  0.12172E-02,
 borbi(-3,2)=  0.11942E-02,
 borbi(9,1)=  -.11806E-02,
 borbi(6,0)=  0.11460E-02,
 borbi(11,2)=  -.10925E-02,
 borbi(10,1)=  -.10514E-02,
 borbi(-8,3)=  -.10411E-02,
 borbi(10,2)=  0.92119E-03,
 borbi(0,3)=  0.90420E-03,
 borbi(7,0)=  0.77256E-03,
 borbi(-5,3)=  -.72827E-03,
 borbi(6,2)=  -.71498E-03,
 borbi(6,1)=  0.71298E-03,
 borbi(8,1)=  0.69253E-03,
 borbi(6,3)=  0.68323E-03,
 borbi(2,4)=  0.64142E-03,
 borbi(8,2)=  -.63778E-03,
 borbi(-4,4)=  -.59823E-03,
 borbi(-7,4)=  -.58413E-03,
 borbi(-11,1)=  -.55546E-03,
 borbi(10,3)=  -.52711E-03,
 borbi(8,0)=  -.51352E-03,
 borbi(11,0)=  0.49264E-03,
 borbi(-5,4)=  0.48124E-03,
 borbi(5,3)=  -.47313E-03,
 borbi(7,2)=  0.46709E-03,
 borbi(12,2)=  0.46430E-03,
 borbi(-6,5)=  0.45036E-03,
 borbi(2,5)=  0.39797E-03,
 borbi(-9,2)=  -.39553E-03,
 borbi(8,3)=  -.39403E-03,
 borbi(12,1)=  0.39388E-03,
 borbi(-1,4)=  -.38751E-03,
 borbi(1,4)=  -.35969E-03,
 borbi(-7,5)=  0.35671E-03,
 borbi(-8,4)=  0.34174E-03,
 borbi(0,5)=  -.33928E-03,
 borbi(4,4)=  -.31877E-03,
 borbi(4,5)=  0.30699E-03,
 borbi(2,6)=  -.30105E-03,
 borbi(0,4)=  -.27842E-03,
 borbi(-8,1)=  -.25608E-03,
 borbi(3,0)=  -.25123E-03,
 borbi(-3,3)=  -.23622E-03,
 borbi(0,6)=  0.23386E-03,
 borbi(-9,3)=  0.23083E-03,
 borbi(13,1)=  -.22210E-03,
 borbi(-12,1)=  0.22034E-03,
 borbi(1,7)=  -.21582E-03,
 borbi(6,4)=  -.21511E-03,
 borbi(14,1)=  0.21459E-03,
 borbi(13,2)=  -.20443E-03,
 borbi(1,5)=  0.20179E-03,
 borbi(7,1)=  -.18497E-03,
 borbi(-5,2)=  -.17880E-03,
 borbi(9,4)=  -.17778E-03,
 borbi(-6,3)=  -.17439E-03,
 borbi(12,0)=  0.17047E-03,
 borbi(-4,2)=  -.16887E-03,
 borbi(5,0)=  -.16863E-03,
 borbi(12,3)=  0.16713E-03,
 mmnn(1,1)=  0, 30,  0,  1,  2,  3,  4,  5,  6,  7,  8,  9, 10, 11, 12,
  13, 14, 15, 16, 17, 18, 19, 20, 21, 22, 23, 24, 25, 26, 27, 28, 29,
 mmnn(1,2)=  1, 32,  0,  1,  2,  3,  4,  5,  6,  7,  8,  9, 10, 11, 12,
  13, 14, 15, 16, 17, 18, 19, 20, 21, 22, 23, 24, 25, 26, 27, 28, 29, 30,
  31,
 mmnn(1,3)=  2, 33,  0,  1,  2,  3,  4,  5,  6,  7,  8,  9, 10, 11, 12,
  13, 14, 15, 16, 17, 18, 19, 20, 21, 22, 23, 24, 25, 26, 27, 28, 29, 30,
  31, 32,
 mmnn(1,4)=  3, 32,  0,  1,  2,  3,  4,  5,  6,  7,  8,  9, 10, 11, 12,
  13, 14, 15, 16, 17, 18, 19, 20, 21, 22, 23, 24, 25, 26, 27, 28, 29, 30,
  31,
 mmnn(1,5)=  4, 31,  0,  1,  2,  3,  4,  5,  6,  7,  8,  9, 10, 11, 12,
  13, 14, 15, 16, 17, 18, 19, 20, 21, 22, 23, 24, 25, 26, 27, 28, 29, 30,
 mmnn(1,6)=  5, 31,  0,  1,  2,  3,  4,  5,  6,  7,  8,  9, 10, 11, 12,
  13, 14, 15, 16, 17, 18, 19, 20, 21, 22, 23, 24, 25, 26, 27, 28, 29, 30,
 mmnn(1,7)=  6, 31,  0,  1,  2,  3,  4,  5,  6,  7,  8,  9, 10, 11, 12,
  13, 14, 15, 16, 17, 18, 19, 20, 21, 22, 23, 24, 25, 26, 27, 28, 29, 30,
 mmnn(1,8)=  7, 30,  0,  1,  2,  3,  4,  5,  6,  7,  8,  9, 10, 11, 12,
  13, 14, 15, 16, 17, 18, 19, 20, 21, 22, 23, 24, 25, 26, 27, 28, 29,
 mmnn(1,9)=  8, 29,  0,  1,  2,  3,  4,  5,  6,  7,  8,  9, 10, 11, 12,
  13, 14, 15, 16, 17, 18, 19, 20, 21, 22, 23, 24, 25, 26, 27, 28,
 mmnn(1,10)=  9, 29,  0,  1,  2,  3,  4,  5,  6,  7,  8,  9, 10, 11, 12,
  13, 14, 15, 16, 17, 18, 19, 20, 21, 22, 23, 24, 25, 26, 27, 28,
 mmnn(1,11)= 10, 30,  0,  1,  2,  3,  4,  5,  6,  7,  8,  9, 10, 11, 12,
  13, 14, 15, 16, 17, 18, 19, 20, 21, 22, 23, 24, 25, 26, 27, 28, 29,
 mmnn(1,12)= 11, 29,  0,  1,  2,  3,  4,  5,  6,  7,  8,  9, 10, 11, 12,
  13, 14, 15, 16, 17, 18, 19, 20, 21, 22, 23, 24, 25, 26, 27, 28,
 mmnn(1,13)= 12, 29,  0,  1,  2,  3,  4,  5,  6,  7,  8,  9, 10, 11, 12,
  13, 14, 15, 16, 17, 18, 19, 20, 21, 22, 23, 24, 25, 26, 27, 28,
 mmnn(1,14)= 13, 29,  0,  1,  2,  3,  4,  5,  6,  7,  8,  9, 10, 11, 12,
  13, 14, 15, 16, 17, 18, 19, 20, 21, 22, 23, 24, 25, 26, 27, 28,
 mmnn(1,15)= 14, 29,  0,  1,  2,  3,  4,  5,  6,  7,  8,  9, 10, 11, 12,
  13, 14, 15, 16, 17, 18, 19, 20, 21, 22, 23, 24, 25, 26, 27, 28,
 mmnn(1,16)= 15, 28,  0,  1,  2,  3,  4,  5,  6,  7,  8,  9, 10, 11, 12,
  13, 14, 15, 16, 17, 18, 19, 20, 21, 22, 23, 24, 25, 26, 27,
 mmnn(1,17)= 16, 27,  0,  1,  2,  3,  4,  5,  6,  7,  8,  9, 10, 11, 12,
  13, 14, 15, 16, 17, 18, 19, 20, 21, 22, 23, 24, 25, 26,
 mmnn(1,18)= 17, 26,  0,  1,  2,  3,  4,  5,  6,  7,  8,  9, 10, 11, 12,
  13, 14, 15, 16, 17, 18, 19, 20, 21, 22, 23, 24, 25,
 mmnn(1,19)= 18, 27,  0,  1,  2,  3,  4,  5,  6,  7,  8,  9, 10, 11, 12,
  13, 14, 15, 16, 17, 18, 19, 20, 21, 22, 23, 24, 25, 26,
 mmnn(1,20)= 19, 26,  0,  1,  2,  3,  4,  5,  6,  7,  8,  9, 10, 11, 12,
  13, 14, 15, 16, 17, 18, 19, 20, 21, 22, 23, 24, 25,
 mmnn(1,21)= 20, 25,  0,  1,  2,  3,  4,  5,  6,  7,  8,  9, 10, 11, 12,
  13, 14, 15, 16, 17, 18, 19, 20, 21, 22, 23, 24,
 mmnn(1,22)= 21, 26,  0,  1,  2,  3,  4,  5,  6,  7,  8,  9, 10, 11, 12,
  13, 14, 15, 16, 17, 18, 19, 20, 21, 22, 23, 24, 25,
 mmnn(1,23)= 22, 25,  0,  1,  2,  3,  4,  5,  6,  7,  8,  9, 10, 11, 12,
  13, 14, 15, 16, 17, 18, 19, 20, 21, 22, 23, 24,
 mmnn(1,24)= 23, 24,  0,  1,  2,  3,  4,  5,  6,  7,  8,  9, 10, 11, 12,
  13, 14, 15, 16, 17, 18, 19, 20, 21, 22, 23,
 mmnn(1,25)= 24, 25,  0,  1,  2,  3,  4,  5,  6,  7,  8,  9, 10, 11, 12,
  13, 14, 15, 16, 17, 18, 19, 20, 21, 22, 23, 24,
 mmnn(1,26)= 25, 24,  0,  1,  2,  3,  4,  5,  6,  7,  8,  9, 10, 11, 12,
  13, 14, 15, 16, 17, 18, 19, 20, 21, 22, 23,
 mmnn(1,27)= 26, 23,  0,  1,  2,  3,  4,  5,  6,  7,  8,  9, 10, 11, 12,
  13, 14, 15, 16, 17, 18, 19, 20, 21, 22,
 mmnn(1,28)= 27, 22,  0,  1,  2,  3,  4,  5,  6,  7,  8,  9, 10, 11, 12,
  13, 14, 15, 16, 17, 18, 19, 20, 21,
 mmnn(1,29)= 28, 21,  0,  1,  2,  3,  4,  5,  6,  7,  8,  9, 10, 11, 12,
  13, 14, 15, 16, 17, 18, 19, 20,
 mmnn(1,30)= 29, 17,  0,  1,  2,  3,  4,  5,  6,  7,  8,  9, 10, 11, 12,
  13, 14, 15, 16,
 mmnn(1,31)= 30, 18,  0,  1,  2,  3,  4,  5,  6,  7,  8,  9, 10, 11, 12,
  13, 14, 15, 16, 17,
 mmnn(1,32)= 31, 17,  0,  1,  2,  3,  4,  5,  6,  7,  8,  9, 10, 11, 12,
  13, 14, 15, 16,
 mmnn(1,33)= 32, 16,  0,  1,  2,  3,  4,  5,  6,  7,  8,  9, 10, 11, 12,
  13, 14, 15,
 mmnn(1,34)= 33, 17,  0,  1,  2,  3,  4,  5,  6,  7,  8,  9, 10, 11, 12,
  13, 14, 15, 16,
 mmnn(1,35)= 34, 16,  0,  1,  2,  3,  4,  5,  6,  7,  8,  9, 10, 11, 12,
  13, 14, 15,
 mmnn(1,36)= 35, 15,  0,  1,  2,  3,  4,  5,  6,  7,  8,  9, 10, 11, 12,
  13, 14,
 mmnn(1,37)= 36, 16,  0,  1,  2,  3,  4,  5,  6,  7,  8,  9, 10, 11, 12,
  13, 14, 15,
 mmnn(1,38)= 37, 15,  0,  1,  2,  3,  4,  5,  6,  7,  8,  9, 10, 11, 12,
  13, 14,
 mmnn(1,39)= 38, 14,  0,  1,  2,  3,  4,  5,  6,  7,  8,  9, 10, 11, 12,
  13,
 mmnn(1,40)= 39, 13,  0,  1,  2,  3,  4,  5,  6,  7,  8,  9, 10, 11, 12,
 mmnn(1,41)= 40, 12,  0,  1,  2,  3,  4,  5,  6,  7,  8,  9, 10, 11,
 mmnn(1,42)= 41, 11,  0,  1,  2,  3,  4,  5,  6,  7,  8,  9, 10,
 mmnn(1,43)= 42, 10,  0,  1,  2,  3,  4,  5,  6,  7,  8,  9,
 mmnn(1,44)= -1, 23,  1,  2,  3,  4,  5,  6,  7,  8,  9, 10, 11, 12, 13,
  14, 15, 16, 17, 18, 19, 20, 21, 22, 23,
 mmnn(1,45)= -2, 24,  1,  2,  3,  4,  5,  6,  7,  8,  9, 10, 11, 12, 13,
  14, 15, 16, 17, 18, 19, 20, 21, 22, 23, 24,
 mmnn(1,46)= -3, 24,  1,  2,  3,  4,  5,  6,  7,  8,  9, 10, 11, 12, 13,
  14, 15, 16, 17, 18, 19, 20, 21, 22, 23, 24,
 mmnn(1,47)= -4, 25,  1,  2,  3,  4,  5,  6,  7,  8,  9, 10, 11, 12, 13,
  14, 15, 16, 17, 18, 19, 20, 21, 22, 23, 24, 25,
 mmnn(1,48)= -5, 25,  1,  2,  3,  4,  5,  6,  7,  8,  9, 10, 11, 12, 13,
  14, 15, 16, 17, 18, 19, 20, 21, 22, 23, 24, 25,
 mmnn(1,49)= -6, 24,  1,  2,  3,  4,  5,  6,  7,  8,  9, 10, 11, 12, 13,
  14, 15, 16, 17, 18, 19, 20, 21, 22, 23, 24,
 mmnn(1,50)= -7, 23,  1,  2,  3,  4,  5,  6,  7,  8,  9, 10, 11, 12, 13,
  14, 15, 16, 17, 18, 19, 20, 21, 22, 23,
 mmnn(1,51)= -8, 22,  1,  2,  3,  4,  5,  6,  7,  8,  9, 10, 11, 12, 13,
  14, 15, 16, 17, 18, 19, 20, 21, 22,
 mmnn(1,52)= -9, 21,  1,  2,  3,  4,  5,  6,  7,  8,  9, 10, 11, 12, 13,
  14, 15, 16, 17, 18, 19, 20, 21,
 mmnn(1,53)=-10, 21,  1,  2,  3,  4,  5,  6,  7,  8,  9, 10, 11, 12, 13,
  14, 15, 16, 17, 18, 19, 20, 21,
 mmnn(1,54)=-11, 20,  1,  2,  3,  4,  5,  6,  7,  8,  9, 10, 11, 12, 13,
  14, 15, 16, 17, 18, 19, 20,
 mmnn(1,55)=-12, 19,  1,  2,  3,  4,  5,  6,  7,  8,  9, 10, 11, 12, 13,
  14, 15, 16, 17, 18, 19,
 mmnn(1,56)=-13, 18,  1,  2,  3,  4,  5,  6,  7,  8,  9, 10, 11, 12, 13,
  14, 15, 16, 17, 18,
 mmnn(1,57)=-14, 16,  1,  2,  3,  4,  5,  6,  7,  8,  9, 10, 11, 12, 13,
  14, 15, 16,
 mmnn(1,58)=-15, 15,  1,  2,  3,  4,  5,  6,  7,  8,  9, 10, 11, 12, 13,
  14, 15,
 mmnn(1,59)=-16, 14,  1,  2,  3,  4,  5,  6,  7,  8,  9, 10, 11, 12, 13,
  14,
 mmnn(1,60)=-17, 14,  1,  2,  3,  4,  5,  6,  7,  8,  9, 10, 11, 12, 13,
  14,
 mmnn(1,61)=-18, 15,  1,  2,  3,  4,  5,  6,  7,  8,  9, 10, 11, 12, 13,
  14, 15,
 mmnn(1,62)=-19, 15,  1,  2,  3,  4,  5,  6,  7,  8,  9, 10, 11, 12, 13,
  14, 15,
 mmnn(1,63)=-20, 15,  1,  2,  3,  4,  5,  6,  7,  8,  9, 10, 11, 12, 13,
  14, 15,
 mmnn(1,64)=-21, 15,  1,  2,  3,  4,  5,  6,  7,  8,  9, 10, 11, 12, 13,
  14, 15,
 mmnn(1,65)=-22, 14,  1,  2,  3,  4,  5,  6,  7,  8,  9, 10, 11, 12, 13,
  14,
 mmnn(1,66)=-23, 13,  1,  2,  3,  4,  5,  6,  7,  8,  9, 10, 11, 12, 13,
 mmnn(1,67)=-24, 13,  1,  2,  3,  4,  5,  6,  7,  8,  9, 10, 11, 12, 13,
 mmnn(1,68)=-25, 13,  1,  2,  3,  4,  5,  6,  7,  8,  9, 10, 11, 12, 13,
 mmnn(1,69)=-26, 11,  1,  2,  3,  4,  5,  6,  7,  8,  9, 10, 11,
 mmnn(1,70)=-27, 11,  1,  2,  3,  4,  5,  6,  7,  8,  9, 10, 11,
 mmnn(1,71)=-28, 11,  1,  2,  3,  4,  5,  6,  7,  8,  9, 10, 11,
 mmnn(1,72)=-29, 11,  1,  2,  3,  4,  5,  6,  7,  8,  9, 10, 11,
 mmnn(1,73)=-30, 11,  1,  2,  3,  4,  5,  6,  7,  8,  9, 10, 11,
 mmnn(1,74)=-31, 11,  1,  2,  3,  4,  5,  6,  7,  8,  9, 10, 11,
 mmnn(1,75)=-32, 11,  1,  2,  3,  4,  5,  6,  7,  8,  9, 10, 11,
 mmnn(1,76)=-33, 11,  1,  2,  3,  4,  5,  6,  7,  8,  9, 10, 11,
 mmnn(1,77)=-34, 10,  1,  2,  3,  4,  5,  6,  7,  8,  9, 10,
 mmnn(1,78)=-35,  9,  1,  2,  3,  4,  5,  6,  7,  8,  9,
 mmnn(1,79)=-36,  8,  1,  2,  3,  4,  5,  6,  7,  8,
 mmnn(1,80)=-37,  7,  1,  2,  3,  4,  5,  6,  7,
 mmnn(1,81)=-38,  7,  1,  2,  3,  4,  5,  6,  7,
 mmnn(1,82)=-39,  5,  1,  2,  3,  4,  5,
 mmnn(1,83)=-40,  5,  1,  2,  3,  4,  5,
 mmnn(1,84)=-41,  3,  1,  2,  3,
 mmnn(1,85)=-42,  3,  1,  2,  3,
 mpol=33, ntor= 85 /
