 0.10000E+01	 0.00000E+00	 0.00000E+00	 0.41983E+00	 0.60886E+00	 0.60886E+00	 0.74931E-03	 0.74931E-03	 0.43234E-03	 0.43234E-03	 0.45723E+01	 0.10005E+04	 0.21891E+06	 0.21106E-12	 0.26400E+00	 0.42310E+00	 0.22400E-01	 0.23555E+01	 0.39170E+00
 0.10000E+00	 0.00000E+00	 0.00000E+00	 0.41983E+00	 0.10718E+00	 0.10718E+00	 0.66585E-01	 0.66585E-01	 0.17829E+00	 0.17829E+00	 0.45723E+01	 0.10005E+04	 0.21891E+06	 0.57271E-13	 0.26400E+00	 0.42310E+00	 0.22400E-01	 0.23555E+01	 0.39170E+00
 0.10000E+02	 0.00000E+00	 0.00000E+00	 0.41983E+00	 0.60180E+01	 0.60180E+01	 0.73149E-05	 0.73149E-05	 0.51830E-06	 0.51830E-06	 0.45723E+01	 0.10005E+04	 0.21891E+06	 0.74499E-11	 0.26400E+00	 0.42310E+00	 0.22400E-01	 0.23555E+01	 0.39170E+00
 0.10000E-01	 0.00000E+00	 0.00000E+00	 0.41983E+00	 0.61175E-01	 0.61175E-01	 0.61162E+00	 0.61162E+00	 0.13957E+02	 0.13957E+02	 0.45723E+01	 0.10005E+04	 0.21891E+06	 0.88374E-12	 0.26400E+00	 0.42310E+00	 0.22400E-01	 0.23555E+01	 0.39170E+00
 0.10000E+03	 0.00000E+00	 0.00000E+00	 0.41983E+00	 0.60173E+02	 0.60173E+02	 0.73141E-07	 0.73141E-07	 0.52006E-09	 0.52006E-09	 0.45723E+01	 0.10005E+04	 0.21891E+06	 0.22996E-08	 0.26400E+00	 0.42310E+00	 0.22400E-01	 0.23555E+01	 0.39170E+00
 0.10000E-02	 0.00000E+00	 0.00000E+00	 0.41983E+00	 0.61030E-01	 0.61011E-01	 0.96751E+00	 0.96749E+00	 0.25088E+03	 0.25087E+03	 0.45723E+01	 0.10005E+04	 0.21891E+06	 0.68179E-10	 0.26400E+00	 0.42310E+00	 0.22400E-01	 0.23555E+01	 0.39170E+00
 0.10000E-03	 0.00000E+00	 0.00000E+00	 0.41983E+00	 0.31495E+00	 0.29325E+00	 0.85334E+00	 0.81796E+00	 0.29225E+04	 0.29100E+04	 0.45723E+01	 0.10005E+04	 0.21891E+06	 0.49987E-08	 0.26400E+00	 0.42310E+00	 0.22400E-01	 0.23555E+01	 0.39170E+00
 0.10000E-04	 0.00000E+00	 0.00000E+00	 0.41983E+00	 0.28998E+01	 0.19317E+01	-0.24416E+00	-0.11590E+01	 0.31166E+05	 0.30190E+05	 0.45723E+01	 0.10005E+04	 0.21891E+06	 0.14549E-04	 0.26400E+00	 0.42310E+00	 0.22400E-01	 0.23555E+01	 0.39170E+00
 0.10000E-05	 0.00000E+00	 0.00000E+00	 0.41983E+00	 0.28907E+02	 0.11842E+02	-0.11373E+02	-0.18000E+02	 0.33332E+06	 0.30332E+06	 0.45723E+01	 0.10005E+04	 0.21891E+06	 0.82677E-04	 0.26400E+00	 0.42310E+00	 0.22400E-01	 0.23555E+01	 0.39170E+00
 0.30000E+01	 0.00000E+00	 0.00000E+00	 0.41983E+00	 0.18076E+01	 0.18076E+01	 0.81431E-04	 0.81431E-04	 0.18617E-04	 0.18617E-04	 0.45723E+01	 0.10005E+04	 0.21891E+06	 0.89829E-12	 0.26400E+00	 0.42310E+00	 0.22400E-01	 0.23555E+01	 0.39170E+00
 0.30000E+00	 0.00000E+00	 0.00000E+00	 0.41983E+00	 0.20190E+00	 0.20190E+00	 0.88780E-02	 0.88780E-02	 0.11028E-01	 0.11028E-01	 0.45723E+01	 0.10005E+04	 0.21891E+06	 0.22508E-13	 0.26400E+00	 0.42310E+00	 0.22400E-01	 0.23555E+01	 0.39170E+00
 0.30000E+02	 0.00000E+00	 0.00000E+00	 0.41983E+00	 0.18052E+02	 0.18052E+02	 0.81268E-06	 0.81268E-06	 0.19255E-07	 0.19255E-07	 0.45723E+01	 0.10005E+04	 0.21891E+06	 0.29058E-10	 0.26400E+00	 0.42310E+00	 0.22400E-01	 0.23555E+01	 0.39170E+00
 0.30000E-01	 0.00000E+00	 0.00000E+00	 0.41983E+00	 0.79710E-01	 0.79710E-01	 0.28241E+00	 0.28241E+00	 0.22372E+01	 0.22372E+01	 0.45723E+01	 0.10005E+04	 0.21891E+06	 0.24564E-12	 0.26400E+00	 0.42310E+00	 0.22400E-01	 0.23555E+01	 0.39170E+00
 0.30000E+03	 0.00000E+00	 0.00000E+00	 0.41983E+00	 0.18052E+03	 0.18052E+03	 0.81267E-08	 0.81267E-08	 0.19262E-10	 0.19262E-10	 0.45723E+01	 0.10005E+04	 0.21891E+06	 0.85461E-08	 0.26400E+00	 0.42310E+00	 0.22400E-01	 0.23555E+01	 0.39170E+00
 0.30000E-02	 0.00000E+00	 0.00000E+00	 0.41983E+00	 0.49113E-01	 0.49113E-01	 0.89991E+00	 0.89991E+00	 0.69883E+02	 0.69883E+02	 0.45723E+01	 0.10005E+04	 0.21891E+06	 0.18527E-10	 0.26400E+00	 0.42310E+00	 0.22400E-01	 0.23555E+01	 0.39170E+00
 0.30000E-03	 0.00000E+00	 0.00000E+00	 0.41983E+00	 0.12652E+00	 0.12493E+00	 0.95542E+00	 0.95281E+00	 0.92556E+03	 0.92482E+03	 0.45723E+01	 0.10005E+04	 0.21891E+06	 0.64663E-09	 0.26400E+00	 0.42310E+00	 0.22400E-01	 0.23555E+01	 0.39170E+00
 0.30000E-04	 0.00000E+00	 0.00000E+00	 0.41983E+00	 0.98074E+00	 0.79138E+00	 0.54902E+00	 0.30834E+00	 0.10099E+05	 0.99634E+04	 0.45723E+01	 0.10005E+04	 0.21891E+06	 0.21985E-06	 0.26400E+00	 0.42310E+00	 0.22400E-01	 0.23555E+01	 0.39170E+00
 0.30000E-05	 0.00000E+00	 0.00000E+00	 0.41983E+00	 0.96401E+01	 0.49804E+01	-0.29099E+01	-0.57883E+01	 0.10741E+06	 0.10099E+06	 0.45723E+01	 0.10005E+04	 0.21891E+06	 0.73489E-05	 0.26400E+00	 0.42310E+00	 0.22400E-01	 0.23555E+01	 0.39170E+00
 0.10000E+01	 0.10000E+00	 0.23635E+00	 0.41983E+00	 0.54672E-01	 0.54672E-01	 0.27473E-02	 0.27473E-02	 0.70971E-03	 0.70971E-03	 0.45723E+01	 0.10005E+04	 0.21891E+06	 0.48135E-13	 0.26400E+00	 0.42310E+00	 0.22400E-01	 0.23555E+01	 0.39170E+00
 0.10000E+00	 0.10000E+00	 0.23635E+00	 0.41983E+00	 0.17278E+00	 0.17278E+00	 0.99964E-01	 0.99964E-01	 0.17470E+00	 0.17470E+00	 0.45723E+01	 0.10005E+04	 0.21891E+06	 0.58450E-13	 0.26400E+00	 0.42310E+00	 0.22400E-01	 0.23555E+01	 0.39170E+00
 0.10000E+02	 0.10000E+00	 0.23635E+00	 0.41983E+00	 0.86369E-02	 0.86369E-02	 0.25554E-04	 0.25554E-04	 0.84481E-06	 0.84481E-06	 0.45723E+01	 0.10005E+04	 0.21891E+06	 0.61237E-12	 0.26400E+00	 0.42310E+00	 0.22400E-01	 0.23555E+01	 0.39170E+00
 0.10000E-01	 0.10000E+00	 0.23635E+00	 0.41983E+00	 0.79977E-01	 0.79977E-01	 0.58824E+00	 0.58824E+00	 0.11120E+02	 0.11120E+02	 0.45723E+01	 0.10005E+04	 0.21891E+06	 0.15677E-11	 0.26400E+00	 0.42310E+00	 0.22400E-01	 0.23555E+01	 0.39170E+00
 0.10000E+03	 0.10000E+00	 0.23635E+00	 0.41983E+00	 0.12056E-02	 0.12056E-02	 0.25078E-06	 0.25078E-06	 0.84999E-09	 0.84999E-09	 0.45723E+01	 0.10005E+04	 0.21891E+06	 0.12347E-09	 0.26400E+00	 0.42310E+00	 0.22400E-01	 0.23555E+01	 0.39170E+00
 0.10000E-02	 0.10000E+00	 0.23635E+00	 0.41983E+00	 0.16534E-01	 0.16534E-01	 0.94209E+00	 0.94209E+00	 0.33315E+03	 0.33315E+03	 0.45723E+01	 0.10005E+04	 0.21891E+06	 0.22549E-09	 0.26400E+00	 0.42310E+00	 0.22400E-01	 0.23555E+01	 0.39170E+00
 0.10000E-03	 0.10000E+00	 0.23635E+00	 0.41983E+00	 0.22369E-02	 0.22238E-02	 0.10082E+01	 0.10059E+01	 0.50391E+04	 0.50076E+04	 0.45723E+01	 0.10005E+04	 0.21891E+06	 0.11732E-07	 0.26400E+00	 0.42310E+00	 0.22400E-01	 0.23555E+01	 0.39170E+00
 0.10000E-04	 0.10000E+00	 0.23635E+00	 0.41983E+00	 0.38801E-03	 0.26639E-03	 0.92670E+00	 0.95162E+00	 0.55936E+05	 0.53996E+05	 0.45723E+01	 0.10005E+04	 0.21891E+06	 0.10415E-05	 0.26400E+00	 0.42310E+00	 0.22400E-01	 0.23555E+01	 0.39170E+00
 0.10000E-05	 0.10000E+00	 0.23635E+00	 0.41983E+00	 0.11110E-02	 0.32796E-04	 0.70746E+00	 0.93771E+00	 0.58851E+06	 0.54354E+06	 0.45723E+01	 0.10005E+04	 0.21891E+06	 0.49999E-04	 0.26400E+00	 0.42310E+00	 0.22400E-01	 0.23555E+01	 0.39170E+00
 0.30000E+01	 0.10000E+00	 0.23635E+00	 0.41983E+00	 0.21733E-01	 0.21733E-01	 0.29893E-03	 0.29893E-03	 0.30317E-04	 0.30317E-04	 0.45723E+01	 0.10005E+04	 0.21891E+06	 0.83714E-13	 0.26400E+00	 0.42310E+00	 0.22400E-01	 0.23555E+01	 0.39170E+00
 0.30000E+00	 0.10000E+00	 0.23635E+00	 0.41983E+00	 0.13322E+00	 0.13322E+00	 0.25190E-01	 0.25190E-01	 0.16714E-01	 0.16714E-01	 0.45723E+01	 0.10005E+04	 0.21891E+06	 0.79466E-13	 0.26400E+00	 0.42310E+00	 0.22400E-01	 0.23555E+01	 0.39170E+00
 0.30000E+02	 0.10000E+00	 0.23635E+00	 0.41983E+00	 0.35085E-02	 0.35085E-02	 0.27792E-05	 0.27792E-05	 0.31447E-07	 0.31447E-07	 0.45723E+01	 0.10005E+04	 0.21891E+06	 0.46735E-11	 0.26400E+00	 0.42310E+00	 0.22400E-01	 0.23555E+01	 0.39170E+00
 0.30000E-01	 0.10000E+00	 0.23635E+00	 0.41983E+00	 0.12211E+00	 0.12211E+00	 0.27250E+00	 0.27250E+00	 0.15993E+01	 0.15993E+01	 0.45723E+01	 0.10005E+04	 0.21891E+06	 0.47246E-12	 0.26400E+00	 0.42310E+00	 0.22400E-01	 0.23555E+01	 0.39170E+00
 0.30000E+03	 0.10000E+00	 0.23635E+00	 0.41983E+00	 0.43354E-03	 0.43354E-03	 0.27883E-07	 0.27883E-07	 0.31486E-10	 0.31486E-10	 0.45723E+01	 0.10005E+04	 0.21891E+06	 0.26801E-09	 0.26400E+00	 0.42310E+00	 0.22400E-01	 0.23555E+01	 0.39170E+00
 0.30000E-02	 0.10000E+00	 0.23635E+00	 0.41983E+00	 0.38141E-01	 0.38141E-01	 0.85185E+00	 0.85185E+00	 0.72323E+02	 0.72323E+02	 0.45723E+01	 0.10005E+04	 0.21891E+06	 0.24454E-10	 0.26400E+00	 0.42310E+00	 0.22400E-01	 0.23555E+01	 0.39170E+00
 0.30000E-03	 0.10000E+00	 0.23635E+00	 0.41983E+00	 0.59627E-02	 0.59611E-02	 0.99100E+00	 0.99095E+00	 0.14786E+04	 0.14772E+04	 0.45723E+01	 0.10005E+04	 0.21891E+06	 0.17092E-08	 0.26400E+00	 0.42310E+00	 0.22400E-01	 0.23555E+01	 0.39170E+00
 0.30000E-04	 0.10000E+00	 0.23635E+00	 0.41983E+00	 0.78494E-03	 0.73722E-03	 0.99178E+00	 0.98177E+00	 0.17972E+05	 0.17648E+05	 0.45723E+01	 0.10005E+04	 0.21891E+06	 0.86315E-07	 0.26400E+00	 0.42310E+00	 0.22400E-01	 0.23555E+01	 0.39170E+00
 0.30000E-05	 0.10000E+00	 0.23635E+00	 0.41983E+00	 0.45616E-03	 0.88584E-04	 0.81877E+00	 0.94478E+00	 0.19219E+06	 0.18100E+06	 0.45723E+01	 0.10005E+04	 0.21891E+06	 0.74215E-05	 0.26400E+00	 0.42310E+00	 0.22400E-01	 0.23555E+01	 0.39170E+00
 0.10000E+01	 0.10000E-01	 0.23635E-01	 0.41983E+00	 0.52546E+00	 0.52546E+00	 0.10065E-02	 0.10065E-02	 0.43425E-03	 0.43425E-03	 0.45723E+01	 0.10005E+04	 0.21891E+06	 0.12071E-12	 0.26400E+00	 0.42310E+00	 0.22400E-01	 0.23555E+01	 0.39170E+00
 0.10000E+00	 0.10000E-01	 0.23635E-01	 0.41983E+00	 0.10813E+00	 0.10813E+00	 0.66858E-01	 0.66858E-01	 0.17802E+00	 0.17802E+00	 0.45723E+01	 0.10005E+04	 0.21891E+06	 0.52555E-13	 0.26400E+00	 0.42310E+00	 0.22400E-01	 0.23555E+01	 0.39170E+00
 0.10000E+02	 0.10000E-01	 0.23635E-01	 0.41983E+00	 0.48167E+00	 0.48167E+00	 0.26677E-04	 0.26677E-04	 0.52137E-06	 0.52137E-06	 0.45723E+01	 0.10005E+04	 0.21891E+06	 0.35572E-12	 0.26400E+00	 0.42310E+00	 0.22400E-01	 0.23555E+01	 0.39170E+00
 0.10000E-01	 0.10000E-01	 0.23635E-01	 0.41983E+00	 0.59129E-01	 0.59129E-01	 0.60359E+00	 0.60359E+00	 0.13825E+02	 0.13825E+02	 0.45723E+01	 0.10005E+04	 0.21891E+06	 0.91035E-12	 0.26400E+00	 0.42310E+00	 0.22400E-01	 0.23555E+01	 0.39170E+00
 0.10000E+03	 0.10000E-01	 0.23635E-01	 0.41983E+00	 0.84216E-01	 0.84216E-01	 0.25671E-06	 0.25671E-06	 0.52333E-09	 0.52333E-09	 0.45723E+01	 0.10005E+04	 0.21891E+06	 0.11372E-10	 0.26400E+00	 0.42310E+00	 0.22400E-01	 0.23555E+01	 0.39170E+00
 0.10000E-02	 0.10000E-01	 0.23635E-01	 0.41983E+00	 0.27099E-01	 0.27094E-01	 0.82307E+00	 0.82306E+00	 0.24871E+03	 0.24870E+03	 0.45723E+01	 0.10005E+04	 0.21891E+06	 0.10836E-09	 0.26400E+00	 0.42310E+00	 0.22400E-01	 0.23555E+01	 0.39170E+00
 0.10000E-03	 0.10000E-01	 0.23635E-01	 0.41983E+00	 0.83407E-02	 0.78082E-02	 0.43670E+00	 0.44230E+00	 0.30472E+04	 0.30330E+04	 0.45723E+01	 0.10005E+04	 0.21891E+06	 0.90292E-08	 0.26400E+00	 0.42310E+00	 0.22400E-01	 0.23555E+01	 0.39170E+00
 0.10000E-04	 0.10000E-01	 0.23635E-01	 0.41983E+00	 0.19761E-02	 0.12231E-02	-0.23364E+00	-0.10350E+00	 0.33816E+05	 0.32759E+05	 0.45723E+01	 0.10005E+04	 0.21891E+06	 0.67442E-05	 0.26400E+00	 0.42310E+00	 0.22400E-01	 0.23555E+01	 0.39170E+00
 0.10000E-05	 0.10000E-01	 0.23635E-01	 0.41983E+00	 0.19264E-02	 0.12657E-03	 0.45624E+00	-0.16650E+00	 0.36753E+06	 0.32957E+06	 0.45723E+01	 0.10005E+04	 0.21891E+06	 0.10722E-02	 0.26400E+00	 0.42310E+00	 0.22400E-01	 0.23555E+01	 0.39170E+00
 0.30000E+01	 0.10000E-01	 0.23635E-01	 0.41983E+00	 0.80632E+00	 0.80632E+00	 0.20661E-03	 0.20661E-03	 0.18712E-04	 0.18712E-04	 0.45723E+01	 0.10005E+04	 0.21891E+06	 0.35751E-12	 0.26400E+00	 0.42310E+00	 0.22400E-01	 0.23555E+01	 0.39170E+00
 0.30000E+00	 0.10000E-01	 0.23635E-01	 0.41983E+00	 0.20015E+00	 0.20015E+00	 0.92233E-02	 0.92233E-02	 0.11069E-01	 0.11069E-01	 0.45723E+01	 0.10005E+04	 0.21891E+06	 0.23749E-13	 0.26400E+00	 0.42310E+00	 0.22400E-01	 0.23555E+01	 0.39170E+00
 0.30000E+02	 0.10000E-01	 0.23635E-01	 0.41983E+00	 0.20673E+00	 0.20673E+00	 0.30093E-05	 0.30093E-05	 0.19374E-07	 0.19374E-07	 0.45723E+01	 0.10005E+04	 0.21891E+06	 0.22914E-11	 0.26400E+00	 0.42310E+00	 0.22400E-01	 0.23555E+01	 0.39170E+00
 0.30000E-01	 0.10000E-01	 0.23635E-01	 0.41983E+00	 0.79767E-01	 0.79767E-01	 0.28223E+00	 0.28223E+00	 0.22252E+01	 0.22252E+01	 0.45723E+01	 0.10005E+04	 0.21891E+06	 0.22976E-12	 0.26400E+00	 0.42310E+00	 0.22400E-01	 0.23555E+01	 0.39170E+00
 0.30000E+03	 0.10000E-01	 0.23635E-01	 0.41983E+00	 0.34660E-01	 0.34660E-01	 0.27817E-07	 0.27817E-07	 0.19384E-10	 0.19384E-10	 0.45723E+01	 0.10005E+04	 0.21891E+06	 0.19038E-10	 0.26400E+00	 0.42310E+00	 0.22400E-01	 0.23555E+01	 0.39170E+00
 0.30000E-02	 0.10000E-01	 0.23635E-01	 0.41983E+00	 0.39583E-01	 0.39583E-01	 0.84708E+00	 0.84708E+00	 0.68803E+02	 0.68803E+02	 0.45723E+01	 0.10005E+04	 0.21891E+06	 0.16057E-10	 0.26400E+00	 0.42310E+00	 0.22400E-01	 0.23555E+01	 0.39170E+00
 0.30000E-03	 0.10000E-01	 0.23635E-01	 0.41983E+00	 0.15518E-01	 0.15389E-01	 0.64311E+00	 0.64392E+00	 0.94093E+03	 0.94012E+03	 0.45723E+01	 0.10005E+04	 0.21891E+06	 0.96833E-09	 0.26400E+00	 0.42310E+00	 0.22400E-01	 0.23555E+01	 0.39170E+00
 0.30000E-04	 0.10000E-01	 0.23635E-01	 0.41983E+00	 0.40983E-02	 0.32239E-02	 0.50833E-01	 0.11017E+00	 0.10829E+05	 0.10672E+05	 0.45723E+01	 0.10005E+04	 0.21891E+06	 0.12496E-05	 0.26400E+00	 0.42310E+00	 0.22400E-01	 0.23555E+01	 0.39170E+00
 0.30000E-05	 0.10000E-01	 0.23635E-01	 0.41983E+00	 0.12420E-02	 0.37816E-03	-0.13973E+00	-0.16037E+00	 0.11736E+06	 0.10979E+06	 0.45723E+01	 0.10005E+04	 0.21891E+06	 0.32168E-03	 0.26400E+00	 0.42310E+00	 0.22400E-01	 0.23555E+01	 0.39170E+00
 0.10000E+01	 0.10000E-02	 0.23635E-02	 0.41983E+00	 0.60520E+00	 0.60520E+00	 0.75542E-03	 0.75542E-03	 0.43235E-03	 0.43235E-03	 0.45723E+01	 0.10005E+04	 0.21891E+06	 0.14558E-12	 0.26400E+00	 0.42310E+00	 0.22400E-01	 0.23555E+01	 0.39170E+00
 0.10000E+00	 0.10000E-02	 0.23635E-02	 0.41983E+00	 0.10715E+00	 0.10715E+00	 0.66609E-01	 0.66609E-01	 0.17828E+00	 0.17828E+00	 0.45723E+01	 0.10005E+04	 0.21891E+06	 0.61805E-13	 0.26400E+00	 0.42310E+00	 0.22400E-01	 0.23555E+01	 0.39170E+00
 0.10000E+02	 0.10000E-02	 0.23635E-02	 0.41983E+00	 0.51323E+01	 0.51323E+01	 0.97853E-05	 0.97853E-05	 0.51833E-06	 0.51833E-06	 0.45723E+01	 0.10005E+04	 0.21891E+06	 0.40899E-11	 0.26400E+00	 0.42310E+00	 0.22400E-01	 0.23555E+01	 0.39170E+00
 0.10000E-01	 0.10000E-02	 0.23635E-02	 0.41983E+00	 0.61018E-01	 0.61018E-01	 0.61225E+00	 0.61225E+00	 0.13952E+02	 0.13952E+02	 0.45723E+01	 0.10005E+04	 0.21891E+06	 0.98375E-12	 0.26400E+00	 0.42310E+00	 0.22400E-01	 0.23555E+01	 0.39170E+00
 0.10000E+03	 0.10000E-02	 0.23635E-02	 0.41983E+00	 0.48078E+01	 0.48078E+01	 0.26652E-06	 0.26652E-06	 0.52009E-09	 0.52009E-09	 0.45723E+01	 0.10005E+04	 0.21891E+06	 0.90109E-10	 0.26400E+00	 0.42310E+00	 0.22400E-01	 0.23555E+01	 0.39170E+00
 0.10000E-02	 0.10000E-02	 0.23635E-02	 0.41983E+00	 0.52950E-01	 0.52932E-01	 0.99183E+00	 0.99183E+00	 0.25032E+03	 0.25032E+03	 0.45723E+01	 0.10005E+04	 0.21891E+06	 0.78115E-10	 0.26400E+00	 0.42310E+00	 0.22400E-01	 0.23555E+01	 0.39170E+00
 0.10000E-03	 0.10000E-02	 0.23635E-02	 0.41983E+00	 0.10091E+00	 0.88227E-01	 0.93026E+00	 0.94846E+00	 0.29126E+04	 0.28986E+04	 0.45723E+01	 0.10005E+04	 0.21891E+06	 0.65448E-08	 0.26400E+00	 0.42310E+00	 0.22400E-01	 0.23555E+01	 0.39170E+00
 0.10000E-04	 0.10000E-02	 0.23635E-02	 0.41983E+00	 0.68387E-01	 0.22366E-01	 0.89901E+00	 0.91612E+00	 0.31147E+05	 0.30042E+05	 0.45723E+01	 0.10005E+04	 0.21891E+06	 0.37888E-05	 0.26400E+00	 0.42310E+00	 0.22400E-01	 0.23555E+01	 0.39170E+00
 0.10000E-05	 0.10000E-02	 0.23635E-02	 0.41983E+00	 0.14754E-01	 0.23445E-02	 0.11998E+01	 0.92400E+00	 0.33364E+06	 0.30105E+06	 0.45723E+01	 0.10005E+04	 0.21891E+06	 0.75772E-02	 0.26400E+00	 0.42310E+00	 0.22400E-01	 0.23555E+01	 0.39170E+00
 0.30000E+01	 0.10000E-02	 0.23635E-02	 0.41983E+00	 0.17617E+01	 0.17617E+01	 0.84498E-04	 0.84498E-04	 0.18618E-04	 0.18618E-04	 0.45723E+01	 0.10005E+04	 0.21891E+06	 0.83186E-12	 0.26400E+00	 0.42310E+00	 0.22400E-01	 0.23555E+01	 0.39170E+00
 0.30000E+00	 0.10000E-02	 0.23635E-02	 0.41983E+00	 0.20145E+00	 0.20145E+00	 0.88982E-02	 0.88982E-02	 0.11027E-01	 0.11027E-01	 0.45723E+01	 0.10005E+04	 0.21891E+06	 0.24199E-13	 0.26400E+00	 0.42310E+00	 0.22400E-01	 0.23555E+01	 0.39170E+00
 0.30000E+02	 0.10000E-02	 0.23635E-02	 0.41983E+00	 0.80013E+01	 0.80013E+01	 0.20525E-05	 0.20525E-05	 0.19256E-07	 0.19256E-07	 0.45723E+01	 0.10005E+04	 0.21891E+06	 0.33771E-10	 0.26400E+00	 0.42310E+00	 0.22400E-01	 0.23555E+01	 0.39170E+00
 0.30000E-01	 0.10000E-02	 0.23635E-02	 0.41983E+00	 0.79703E-01	 0.79703E-01	 0.28244E+00	 0.28244E+00	 0.22369E+01	 0.22369E+01	 0.45723E+01	 0.10005E+04	 0.21891E+06	 0.22435E-12	 0.26400E+00	 0.42310E+00	 0.22400E-01	 0.23555E+01	 0.39170E+00
 0.30000E+03	 0.10000E-02	 0.23635E-02	 0.41983E+00	 0.20661E+01	 0.20661E+01	 0.30093E-07	 0.30093E-07	 0.19263E-10	 0.19263E-10	 0.45723E+01	 0.10005E+04	 0.21891E+06	 0.21850E-09	 0.26400E+00	 0.42310E+00	 0.22400E-01	 0.23555E+01	 0.39170E+00
 0.30000E-02	 0.10000E-02	 0.23635E-02	 0.41983E+00	 0.47570E-01	 0.47570E-01	 0.90684E+00	 0.90684E+00	 0.69803E+02	 0.69803E+02	 0.45723E+01	 0.10005E+04	 0.21891E+06	 0.13048E-10	 0.26400E+00	 0.42310E+00	 0.22400E-01	 0.23555E+01	 0.39170E+00
 0.30000E-03	 0.10000E-02	 0.23635E-02	 0.41983E+00	 0.82009E-01	 0.80655E-01	 0.10062E+01	 0.10076E+01	 0.92188E+03	 0.92107E+03	 0.45723E+01	 0.10005E+04	 0.21891E+06	 0.96542E-09	 0.26400E+00	 0.42310E+00	 0.22400E-01	 0.23555E+01	 0.39170E+00
 0.30000E-04	 0.10000E-02	 0.23635E-02	 0.41983E+00	 0.88610E-01	 0.53771E-01	 0.84870E+00	 0.90112E+00	 0.10078E+05	 0.99266E+04	 0.45723E+01	 0.10005E+04	 0.21891E+06	 0.11573E-06	 0.26400E+00	 0.42310E+00	 0.22400E-01	 0.23555E+01	 0.39170E+00
 0.30000E-05	 0.10000E-02	 0.23635E-02	 0.41983E+00	 0.35673E-01	 0.70032E-02	 0.10703E+01	 0.92313E+00	 0.10749E+06	 0.10033E+06	 0.45723E+01	 0.10005E+04	 0.21891E+06	 0.97418E-03	 0.26400E+00	 0.42310E+00	 0.22400E-01	 0.23555E+01	 0.39170E+00
 0.10000E+01	 0.10000E-03	 0.23635E-03	 0.41983E+00	 0.60838E+00	 0.60838E+00	 0.75014E-03	 0.75014E-03	 0.43234E-03	 0.43234E-03	 0.45723E+01	 0.10005E+04	 0.21891E+06	 0.21221E-12	 0.26400E+00	 0.42310E+00	 0.22400E-01	 0.23555E+01	 0.39170E+00
 0.10000E+00	 0.10000E-03	 0.23635E-03	 0.41983E+00	 0.10718E+00	 0.10718E+00	 0.66585E-01	 0.66585E-01	 0.17829E+00	 0.17829E+00	 0.45723E+01	 0.10005E+04	 0.21891E+06	 0.64970E-13	 0.26400E+00	 0.42310E+00	 0.22400E-01	 0.23555E+01	 0.39170E+00
 0.10000E+02	 0.10000E-03	 0.23635E-03	 0.41983E+00	 0.59802E+01	 0.59802E+01	 0.73816E-05	 0.73816E-05	 0.51830E-06	 0.51830E-06	 0.45723E+01	 0.10005E+04	 0.21891E+06	 0.65394E-11	 0.26400E+00	 0.42310E+00	 0.22400E-01	 0.23555E+01	 0.39170E+00
 0.10000E-01	 0.10000E-03	 0.23635E-03	 0.41983E+00	 0.61173E-01	 0.61173E-01	 0.61163E+00	 0.61163E+00	 0.13957E+02	 0.13957E+02	 0.45723E+01	 0.10005E+04	 0.21891E+06	 0.11922E-11	 0.26400E+00	 0.42310E+00	 0.22400E-01	 0.23555E+01	 0.39170E+00
 0.10000E+03	 0.10000E-03	 0.23635E-03	 0.41983E+00	 0.51311E+02	 0.51311E+02	 0.97831E-07	 0.97831E-07	 0.52006E-09	 0.52006E-09	 0.45723E+01	 0.10005E+04	 0.21891E+06	 0.84287E-09	 0.26400E+00	 0.42310E+00	 0.22400E-01	 0.23555E+01	 0.39170E+00
 0.10000E-02	 0.10000E-03	 0.23635E-03	 0.41983E+00	 0.60662E-01	 0.60644E-01	 0.96898E+00	 0.96896E+00	 0.25087E+03	 0.25086E+03	 0.45723E+01	 0.10005E+04	 0.21891E+06	 0.82218E-10	 0.26400E+00	 0.42310E+00	 0.22400E-01	 0.23555E+01	 0.39170E+00
 0.10000E-03	 0.10000E-03	 0.23635E-03	 0.41983E+00	 0.26906E+00	 0.24773E+00	 0.95113E+00	 0.93946E+00	 0.29213E+04	 0.29086E+04	 0.45723E+01	 0.10005E+04	 0.21891E+06	 0.67957E-08	 0.26400E+00	 0.42310E+00	 0.22400E-01	 0.23555E+01	 0.39170E+00
 0.10000E-04	 0.10000E-03	 0.23635E-03	 0.41983E+00	 0.10024E+01	 0.40554E+00	 0.12298E+01	 0.14364E+01	 0.31147E+05	 0.30149E+05	 0.45723E+01	 0.10005E+04	 0.21891E+06	 0.94461E-06	 0.26400E+00	 0.42310E+00	 0.22400E-01	 0.23555E+01	 0.39170E+00
 0.10000E-05	 0.10000E-03	 0.23635E-03	 0.41983E+00	 0.87459E+00	 0.57642E-01	 0.25982E+01	 0.16437E+01	 0.33315E+06	 0.30254E+06	 0.45723E+01	 0.10005E+04	 0.21891E+06	 0.22556E-01	 0.26400E+00	 0.42310E+00	 0.22400E-01	 0.23555E+01	 0.39170E+00
 0.30000E+01	 0.10000E-03	 0.23635E-03	 0.41983E+00	 0.18027E+01	 0.18027E+01	 0.81793E-04	 0.81793E-04	 0.18617E-04	 0.18617E-04	 0.45723E+01	 0.10005E+04	 0.21891E+06	 0.99982E-12	 0.26400E+00	 0.42310E+00	 0.22400E-01	 0.23555E+01	 0.39170E+00
 0.30000E+00	 0.10000E-03	 0.23635E-03	 0.41983E+00	 0.20189E+00	 0.20189E+00	 0.88787E-02	 0.88787E-02	 0.11028E-01	 0.11028E-01	 0.45723E+01	 0.10005E+04	 0.21891E+06	 0.25809E-13	 0.26400E+00	 0.42310E+00	 0.22400E-01	 0.23555E+01	 0.39170E+00
 0.30000E+02	 0.10000E-03	 0.23635E-03	 0.41983E+00	 0.17590E+02	 0.17590E+02	 0.84325E-06	 0.84325E-06	 0.19255E-07	 0.19255E-07	 0.45723E+01	 0.10005E+04	 0.21891E+06	 0.37261E-10	 0.26400E+00	 0.42310E+00	 0.22400E-01	 0.23555E+01	 0.39170E+00
 0.30000E-01	 0.10000E-03	 0.23635E-03	 0.41983E+00	 0.79710E-01	 0.79710E-01	 0.28241E+00	 0.28241E+00	 0.22372E+01	 0.22372E+01	 0.45723E+01	 0.10005E+04	 0.21891E+06	 0.25840E-12	 0.26400E+00	 0.42310E+00	 0.22400E-01	 0.23555E+01	 0.39170E+00
 0.30000E+03	 0.10000E-03	 0.23635E-03	 0.41983E+00	 0.80007E+02	 0.80007E+02	 0.20524E-07	 0.20524E-07	 0.19262E-10	 0.19262E-10	 0.45723E+01	 0.10005E+04	 0.21891E+06	 0.21166E-08	 0.26400E+00	 0.42310E+00	 0.22400E-01	 0.23555E+01	 0.39170E+00
 0.30000E-02	 0.10000E-03	 0.23635E-03	 0.41983E+00	 0.49087E-01	 0.49087E-01	 0.90004E+00	 0.90004E+00	 0.69882E+02	 0.69882E+02	 0.45723E+01	 0.10005E+04	 0.21891E+06	 0.17838E-10	 0.26400E+00	 0.42310E+00	 0.22400E-01	 0.23555E+01	 0.39170E+00
 0.30000E-03	 0.10000E-03	 0.23635E-03	 0.41983E+00	 0.12066E+00	 0.11908E+00	 0.97221E+00	 0.97033E+00	 0.92542E+03	 0.92467E+03	 0.45723E+01	 0.10005E+04	 0.21891E+06	 0.10637E-08	 0.26400E+00	 0.42310E+00	 0.22400E-01	 0.23555E+01	 0.39170E+00
 0.30000E-04	 0.10000E-03	 0.23635E-03	 0.41983E+00	 0.64104E+00	 0.46052E+00	 0.10098E+01	 0.10386E+01	 0.10092E+05	 0.99536E+04	 0.45723E+01	 0.10005E+04	 0.21891E+06	 0.69102E-07	 0.26400E+00	 0.42310E+00	 0.22400E-01	 0.23555E+01	 0.39170E+00
 0.30000E-05	 0.10000E-03	 0.23635E-03	 0.41983E+00	 0.10598E+01	 0.16579E+00	 0.16476E+01	 0.16312E+01	 0.10735E+06	 0.10080E+06	 0.45723E+01	 0.10005E+04	 0.21891E+06	 0.42878E-03	 0.26400E+00	 0.42310E+00	 0.22400E-01	 0.23555E+01	 0.39170E+00
 0.10000E+01	 0.10000E-04	 0.23635E-04	 0.41983E+00	 0.60886E+00	 0.60886E+00	 0.74932E-03	 0.74932E-03	 0.43234E-03	 0.43234E-03	 0.45723E+01	 0.10005E+04	 0.21891E+06	 0.28861E-12	 0.26400E+00	 0.42310E+00	 0.22400E-01	 0.23555E+01	 0.39170E+00
 0.10000E+00	 0.10000E-04	 0.23635E-04	 0.41983E+00	 0.10718E+00	 0.10718E+00	 0.66585E-01	 0.66585E-01	 0.17829E+00	 0.17829E+00	 0.45723E+01	 0.10005E+04	 0.21891E+06	 0.62379E-13	 0.26400E+00	 0.42310E+00	 0.22400E-01	 0.23555E+01	 0.39170E+00
 0.10000E+02	 0.10000E-04	 0.23635E-04	 0.41983E+00	 0.60132E+01	 0.60132E+01	 0.73249E-05	 0.73249E-05	 0.51830E-06	 0.51830E-06	 0.45723E+01	 0.10005E+04	 0.21891E+06	 0.62750E-11	 0.26400E+00	 0.42310E+00	 0.22400E-01	 0.23555E+01	 0.39170E+00
 0.10000E-01	 0.10000E-04	 0.23635E-04	 0.41983E+00	 0.61175E-01	 0.61175E-01	 0.61162E+00	 0.61162E+00	 0.13957E+02	 0.13957E+02	 0.45723E+01	 0.10005E+04	 0.21891E+06	 0.80258E-12	 0.26400E+00	 0.42310E+00	 0.22400E-01	 0.23555E+01	 0.39170E+00
 0.10000E+03	 0.10000E-04	 0.23635E-04	 0.41983E+00	 0.59795E+02	 0.59795E+02	 0.73808E-07	 0.73808E-07	 0.52006E-09	 0.52006E-09	 0.45723E+01	 0.10005E+04	 0.21891E+06	 0.14656E-08	 0.26400E+00	 0.42310E+00	 0.22400E-01	 0.23555E+01	 0.39170E+00
 0.10000E-02	 0.10000E-04	 0.23635E-04	 0.41983E+00	 0.61026E-01	 0.61008E-01	 0.96752E+00	 0.96750E+00	 0.25088E+03	 0.25087E+03	 0.45723E+01	 0.10005E+04	 0.21891E+06	 0.67090E-10	 0.26400E+00	 0.42310E+00	 0.22400E-01	 0.23555E+01	 0.39170E+00
 0.10000E-03	 0.10000E-04	 0.23635E-04	 0.41983E+00	 0.31350E+00	 0.29181E+00	 0.85671E+00	 0.82211E+00	 0.29225E+04	 0.29100E+04	 0.45723E+01	 0.10005E+04	 0.21891E+06	 0.58195E-08	 0.26400E+00	 0.42310E+00	 0.22400E-01	 0.23555E+01	 0.39170E+00
 0.10000E-04	 0.10000E-04	 0.23635E-04	 0.41983E+00	 0.25352E+01	 0.15927E+01	 0.38784E+00	-0.14745E+00	 0.31163E+05	 0.30184E+05	 0.45723E+01	 0.10005E+04	 0.21891E+06	 0.47179E-05	 0.26400E+00	 0.42310E+00	 0.22400E-01	 0.23555E+01	 0.39170E+00
 0.10000E-05	 0.10000E-04	 0.23635E-04	 0.41983E+00	 0.10775E+02	 0.14000E+01	 0.34369E+01	 0.28362E+01	 0.33325E+06	 0.30315E+06	 0.45723E+01	 0.10005E+04	 0.21891E+06	 0.93688E-02	 0.26400E+00	 0.42310E+00	 0.22400E-01	 0.23555E+01	 0.39170E+00
 0.30000E+01	 0.10000E-04	 0.23635E-04	 0.41983E+00	 0.18075E+01	 0.18075E+01	 0.81443E-04	 0.81443E-04	 0.18617E-04	 0.18617E-04	 0.45723E+01	 0.10005E+04	 0.21891E+06	 0.78751E-12	 0.26400E+00	 0.42310E+00	 0.22400E-01	 0.23555E+01	 0.39170E+00
 0.30000E+00	 0.10000E-04	 0.23635E-04	 0.41983E+00	 0.20190E+00	 0.20190E+00	 0.88780E-02	 0.88780E-02	 0.11028E-01	 0.11028E-01	 0.45723E+01	 0.10005E+04	 0.21891E+06	 0.21371E-13	 0.26400E+00	 0.42310E+00	 0.22400E-01	 0.23555E+01	 0.39170E+00
 0.30000E+02	 0.10000E-04	 0.23635E-04	 0.41983E+00	 0.18002E+02	 0.18002E+02	 0.81640E-06	 0.81640E-06	 0.19255E-07	 0.19255E-07	 0.45723E+01	 0.10005E+04	 0.21891E+06	 0.50929E-10	 0.26400E+00	 0.42310E+00	 0.22400E-01	 0.23555E+01	 0.39170E+00
 0.30000E-01	 0.10000E-04	 0.23635E-04	 0.41983E+00	 0.79710E-01	 0.79710E-01	 0.28241E+00	 0.28241E+00	 0.22372E+01	 0.22372E+01	 0.45723E+01	 0.10005E+04	 0.21891E+06	 0.21543E-12	 0.26400E+00	 0.42310E+00	 0.22400E-01	 0.23555E+01	 0.39170E+00
 0.30000E+03	 0.10000E-04	 0.23635E-04	 0.41983E+00	 0.17590E+03	 0.17590E+03	 0.84324E-08	 0.84324E-08	 0.19262E-10	 0.19262E-10	 0.45723E+01	 0.10005E+04	 0.21891E+06	 0.10774E-07	 0.26400E+00	 0.42310E+00	 0.22400E-01	 0.23555E+01	 0.39170E+00
 0.30000E-02	 0.10000E-04	 0.23635E-04	 0.41983E+00	 0.49113E-01	 0.49113E-01	 0.89991E+00	 0.89991E+00	 0.69883E+02	 0.69883E+02	 0.45723E+01	 0.10005E+04	 0.21891E+06	 0.16840E-10	 0.26400E+00	 0.42310E+00	 0.22400E-01	 0.23555E+01	 0.39170E+00
 0.30000E-03	 0.10000E-04	 0.23635E-04	 0.41983E+00	 0.12644E+00	 0.12485E+00	 0.95565E+00	 0.95305E+00	 0.92556E+03	 0.92481E+03	 0.45723E+01	 0.10005E+04	 0.21891E+06	 0.69913E-09	 0.26400E+00	 0.42310E+00	 0.22400E-01	 0.23555E+01	 0.39170E+00
 0.30000E-04	 0.10000E-04	 0.23635E-04	 0.41983E+00	 0.94608E+00	 0.75802E+00	 0.62055E+00	 0.41376E+00	 0.10098E+05	 0.99628E+04	 0.45723E+01	 0.10005E+04	 0.21891E+06	 0.15522E-06	 0.26400E+00	 0.42310E+00	 0.22400E-01	 0.23555E+01	 0.39170E+00
 0.30000E-05	 0.10000E-04	 0.23635E-04	 0.41983E+00	 0.65735E+01	 0.23092E+01	 0.78225E+00	 0.37059E+00	 0.10739E+06	 0.10096E+06	 0.45723E+01	 0.10005E+04	 0.21891E+06	 0.12202E-03	 0.26400E+00	 0.42310E+00	 0.22400E-01	 0.23555E+01	 0.39170E+00
 0.10000E+01	 0.30000E-01	 0.70905E-01	 0.41983E+00	 0.28554E+00	 0.28554E+00	 0.19564E-02	 0.19564E-02	 0.45405E-03	 0.45405E-03	 0.45723E+01	 0.10005E+04	 0.21891E+06	 0.32199E-13	 0.26400E+00	 0.42310E+00	 0.22400E-01	 0.23555E+01	 0.39170E+00
 0.10000E+00	 0.30000E-01	 0.70905E-01	 0.41983E+00	 0.11226E+00	 0.11226E+00	 0.69262E-01	 0.69262E-01	 0.17628E+00	 0.17628E+00	 0.45723E+01	 0.10005E+04	 0.21891E+06	 0.54836E-13	 0.26400E+00	 0.42310E+00	 0.22400E-01	 0.23555E+01	 0.39170E+00
 0.10000E+02	 0.30000E-01	 0.70905E-01	 0.41983E+00	 0.69230E-01	 0.69230E-01	 0.27084E-04	 0.27084E-04	 0.54717E-06	 0.54717E-06	 0.45723E+01	 0.10005E+04	 0.21891E+06	 0.29296E-12	 0.26400E+00	 0.42310E+00	 0.22400E-01	 0.23555E+01	 0.39170E+00
 0.10000E-01	 0.30000E-01	 0.70905E-01	 0.41983E+00	 0.60590E-01	 0.60590E-01	 0.57136E+00	 0.57136E+00	 0.13276E+02	 0.13276E+02	 0.45723E+01	 0.10005E+04	 0.21891E+06	 0.17281E-11	 0.26400E+00	 0.42310E+00	 0.22400E-01	 0.23555E+01	 0.39170E+00
 0.10000E+03	 0.30000E-01	 0.70905E-01	 0.41983E+00	 0.11565E-01	 0.11565E-01	 0.25033E-06	 0.25033E-06	 0.54969E-09	 0.54969E-09	 0.45723E+01	 0.10005E+04	 0.21891E+06	 0.91129E-11	 0.26400E+00	 0.42310E+00	 0.22400E-01	 0.23555E+01	 0.39170E+00
 0.10000E-02	 0.30000E-01	 0.70905E-01	 0.41983E+00	 0.19383E-01	 0.19382E-01	 0.78099E+00	 0.78102E+00	 0.25346E+03	 0.25345E+03	 0.45723E+01	 0.10005E+04	 0.21891E+06	 0.16260E-09	 0.26400E+00	 0.42310E+00	 0.22400E-01	 0.23555E+01	 0.39170E+00
 0.10000E-03	 0.30000E-01	 0.70905E-01	 0.41983E+00	 0.74600E-02	 0.73753E-02	 0.31802E+00	 0.33304E+00	 0.34258E+04	 0.33924E+04	 0.45723E+01	 0.10005E+04	 0.21891E+06	 0.12452E-07	 0.26400E+00	 0.42310E+00	 0.22400E-01	 0.23555E+01	 0.39170E+00
 0.10000E-04	 0.30000E-01	 0.70905E-01	 0.41983E+00	 0.20907E-02	 0.19918E-02	-0.41783E+00	-0.39977E+00	 0.38628E+05	 0.36836E+05	 0.45723E+01	 0.10005E+04	 0.21891E+06	 0.21015E-05	 0.26400E+00	 0.42310E+00	 0.22400E-01	 0.23555E+01	 0.39170E+00
 0.10000E-05	 0.30000E-01	 0.70905E-01	 0.41983E+00	 0.92315E-03	 0.32394E-03	-0.38276E+00	-0.43294E+00	 0.44106E+06	 0.37378E+06	 0.45723E+01	 0.10005E+04	 0.21891E+06	 0.42670E-03	 0.26400E+00	 0.42310E+00	 0.22400E-01	 0.23555E+01	 0.39170E+00
 0.30000E+01	 0.30000E-01	 0.70905E-01	 0.41983E+00	 0.17556E+00	 0.17556E+00	 0.29575E-03	 0.29575E-03	 0.19624E-04	 0.19624E-04	 0.45723E+01	 0.10005E+04	 0.21891E+06	 0.71295E-13	 0.26400E+00	 0.42310E+00	 0.22400E-01	 0.23555E+01	 0.39170E+00
 0.30000E+00	 0.30000E-01	 0.70905E-01	 0.41983E+00	 0.19519E+00	 0.19519E+00	 0.11933E-01	 0.11933E-01	 0.11435E-01	 0.11435E-01	 0.45723E+01	 0.10005E+04	 0.21891E+06	 0.22079E-13	 0.26400E+00	 0.42310E+00	 0.22400E-01	 0.23555E+01	 0.39170E+00
 0.30000E+02	 0.30000E-01	 0.70905E-01	 0.41983E+00	 0.30463E-01	 0.30463E-01	 0.28643E-05	 0.28643E-05	 0.20343E-07	 0.20343E-07	 0.45723E+01	 0.10005E+04	 0.21891E+06	 0.10379E-11	 0.26400E+00	 0.42310E+00	 0.22400E-01	 0.23555E+01	 0.39170E+00
 0.30000E-01	 0.30000E-01	 0.70905E-01	 0.41983E+00	 0.83598E-01	 0.83598E-01	 0.27888E+00	 0.27888E+00	 0.21491E+01	 0.21491E+01	 0.45723E+01	 0.10005E+04	 0.21891E+06	 0.21727E-12	 0.26400E+00	 0.42310E+00	 0.22400E-01	 0.23555E+01	 0.39170E+00
 0.30000E+03	 0.30000E-01	 0.70905E-01	 0.41983E+00	 0.43922E-02	 0.43922E-02	 0.27859E-07	 0.27859E-07	 0.20362E-10	 0.20362E-10	 0.45723E+01	 0.10005E+04	 0.21891E+06	 0.27330E-10	 0.26400E+00	 0.42310E+00	 0.22400E-01	 0.23555E+01	 0.39170E+00
 0.30000E-02	 0.30000E-01	 0.70905E-01	 0.41983E+00	 0.33985E-01	 0.33985E-01	 0.76991E+00	 0.76991E+00	 0.67252E+02	 0.67252E+02	 0.45723E+01	 0.10005E+04	 0.21891E+06	 0.23115E-10	 0.26400E+00	 0.42310E+00	 0.22400E-01	 0.23555E+01	 0.39170E+00
 0.30000E-03	 0.30000E-01	 0.70905E-01	 0.41983E+00	 0.11354E-01	 0.11323E-01	 0.62530E+00	 0.62701E+00	 0.10132E+04	 0.10116E+04	 0.45723E+01	 0.10005E+04	 0.21891E+06	 0.13358E-08	 0.26400E+00	 0.42310E+00	 0.22400E-01	 0.23555E+01	 0.39170E+00
 0.30000E-04	 0.30000E-01	 0.70905E-01	 0.41983E+00	 0.42625E-02	 0.41708E-02	-0.13486E+00	-0.10374E+00	 0.12346E+05	 0.12016E+05	 0.45723E+01	 0.10005E+04	 0.21891E+06	 0.12929E-06	 0.26400E+00	 0.42310E+00	 0.22400E-01	 0.23555E+01	 0.39170E+00
 0.30000E-05	 0.30000E-01	 0.70905E-01	 0.41983E+00	 0.10278E-02	 0.80104E-03	-0.52027E+00	-0.51576E+00	 0.13519E+06	 0.12408E+06	 0.45723E+01	 0.10005E+04	 0.21891E+06	 0.27559E-04	 0.26400E+00	 0.42310E+00	 0.22400E-01	 0.23555E+01	 0.39170E+00
 0.10000E+01	 0.30000E-02	 0.70905E-02	 0.41983E+00	 0.59426E+00	 0.59426E+00	 0.77728E-03	 0.77728E-03	 0.43249E-03	 0.43249E-03	 0.45723E+01	 0.10005E+04	 0.21891E+06	 0.97583E-13	 0.26400E+00	 0.42310E+00	 0.22400E-01	 0.23555E+01	 0.39170E+00
 0.10000E+00	 0.30000E-02	 0.70905E-02	 0.41983E+00	 0.10712E+00	 0.10712E+00	 0.66684E-01	 0.66684E-01	 0.17823E+00	 0.17823E+00	 0.45723E+01	 0.10005E+04	 0.21891E+06	 0.57889E-13	 0.26400E+00	 0.42310E+00	 0.22400E-01	 0.23555E+01	 0.39170E+00
 0.10000E+02	 0.30000E-02	 0.70905E-02	 0.41983E+00	 0.26688E+01	 0.26688E+01	 0.18482E-04	 0.18482E-04	 0.51854E-06	 0.51854E-06	 0.45723E+01	 0.10005E+04	 0.21891E+06	 0.32066E-11	 0.26400E+00	 0.42310E+00	 0.22400E-01	 0.23555E+01	 0.39170E+00
 0.10000E-01	 0.30000E-02	 0.70905E-02	 0.41983E+00	 0.60406E-01	 0.60406E-01	 0.61370E+00	 0.61370E+00	 0.13929E+02	 0.13929E+02	 0.45723E+01	 0.10005E+04	 0.21891E+06	 0.87019E-12	 0.26400E+00	 0.42310E+00	 0.22400E-01	 0.23555E+01	 0.39170E+00
 0.10000E+03	 0.30000E-02	 0.70905E-02	 0.41983E+00	 0.68873E+00	 0.68873E+00	 0.27084E-06	 0.27084E-06	 0.52035E-09	 0.52035E-09	 0.45723E+01	 0.10005E+04	 0.21891E+06	 0.30727E-10	 0.26400E+00	 0.42310E+00	 0.22400E-01	 0.23555E+01	 0.39170E+00
 0.10000E-02	 0.30000E-02	 0.70905E-02	 0.41983E+00	 0.44938E-01	 0.44924E-01	 0.96610E+00	 0.96610E+00	 0.24832E+03	 0.24832E+03	 0.45723E+01	 0.10005E+04	 0.21891E+06	 0.82998E-10	 0.26400E+00	 0.42310E+00	 0.22400E-01	 0.23555E+01	 0.39170E+00
 0.10000E-03	 0.30000E-02	 0.70905E-02	 0.41983E+00	 0.33364E-01	 0.29923E-01	 0.81594E+00	 0.82107E+00	 0.29026E+04	 0.28863E+04	 0.45723E+01	 0.10005E+04	 0.21891E+06	 0.87618E-08	 0.26400E+00	 0.42310E+00	 0.22400E-01	 0.23555E+01	 0.39170E+00
 0.10000E-04	 0.30000E-02	 0.70905E-02	 0.41983E+00	 0.12331E-01	 0.50376E-02	 0.88146E+00	 0.89675E+00	 0.31277E+05	 0.30099E+05	 0.45723E+01	 0.10005E+04	 0.21891E+06	 0.53690E-05	 0.26400E+00	 0.42310E+00	 0.22400E-01	 0.23555E+01	 0.39170E+00
 0.10000E-05	 0.30000E-02	 0.70905E-02	 0.41983E+00	 0.21008E-02	 0.55447E-03	 0.16233E+01	 0.14219E+01	 0.34568E+06	 0.30861E+06	 0.45723E+01	 0.10005E+04	 0.21891E+06	 0.42831E-02	 0.26400E+00	 0.42310E+00	 0.22400E-01	 0.23555E+01	 0.39170E+00
 0.30000E+01	 0.30000E-02	 0.70905E-02	 0.41983E+00	 0.15811E+01	 0.15811E+01	 0.10434E-03	 0.10434E-03	 0.18624E-04	 0.18624E-04	 0.45723E+01	 0.10005E+04	 0.21891E+06	 0.10199E-11	 0.26400E+00	 0.42310E+00	 0.22400E-01	 0.23555E+01	 0.39170E+00
 0.30000E+00	 0.30000E-02	 0.70905E-02	 0.41983E+00	 0.20121E+00	 0.20121E+00	 0.89288E-02	 0.89288E-02	 0.11031E-01	 0.11031E-01	 0.45723E+01	 0.10005E+04	 0.21891E+06	 0.24593E-13	 0.26400E+00	 0.42310E+00	 0.22400E-01	 0.23555E+01	 0.39170E+00
 0.30000E+02	 0.30000E-02	 0.70905E-02	 0.41983E+00	 0.17233E+01	 0.17233E+01	 0.29277E-05	 0.29277E-05	 0.19265E-07	 0.19265E-07	 0.45723E+01	 0.10005E+04	 0.21891E+06	 0.72600E-11	 0.26400E+00	 0.42310E+00	 0.22400E-01	 0.23555E+01	 0.39170E+00
 0.30000E-01	 0.30000E-02	 0.70905E-02	 0.41983E+00	 0.79634E-01	 0.79634E-01	 0.28273E+00	 0.28273E+00	 0.22349E+01	 0.22349E+01	 0.45723E+01	 0.10005E+04	 0.21891E+06	 0.22616E-12	 0.26400E+00	 0.42310E+00	 0.22400E-01	 0.23555E+01	 0.39170E+00
 0.30000E+03	 0.30000E-02	 0.70905E-02	 0.41983E+00	 0.30386E+00	 0.30386E+00	 0.28655E-07	 0.28655E-07	 0.19273E-10	 0.19273E-10	 0.45723E+01	 0.10005E+04	 0.21891E+06	 0.56760E-10	 0.26400E+00	 0.42310E+00	 0.22400E-01	 0.23555E+01	 0.39170E+00
 0.30000E-02	 0.30000E-02	 0.70905E-02	 0.41983E+00	 0.45318E-01	 0.45318E-01	 0.90587E+00	 0.90587E+00	 0.69545E+02	 0.69545E+02	 0.45723E+01	 0.10005E+04	 0.21891E+06	 0.11574E-10	 0.26400E+00	 0.42310E+00	 0.22400E-01	 0.23555E+01	 0.39170E+00
 0.30000E-03	 0.30000E-02	 0.70905E-02	 0.41983E+00	 0.44647E-01	 0.44004E-01	 0.91699E+00	 0.91755E+00	 0.91488E+03	 0.91398E+03	 0.45723E+01	 0.10005E+04	 0.21891E+06	 0.96161E-09	 0.26400E+00	 0.42310E+00	 0.22400E-01	 0.23555E+01	 0.39170E+00
 0.30000E-04	 0.30000E-02	 0.70905E-02	 0.41983E+00	 0.21054E-01	 0.13279E-01	 0.79024E+00	 0.79757E+00	 0.10079E+05	 0.99056E+04	 0.45723E+01	 0.10005E+04	 0.21891E+06	 0.35792E-06	 0.26400E+00	 0.42310E+00	 0.22400E-01	 0.23555E+01	 0.39170E+00
 0.30000E-05	 0.30000E-02	 0.70905E-02	 0.41983E+00	 0.49841E-02	 0.16059E-02	 0.11494E+01	 0.11740E+01	 0.10922E+06	 0.10172E+06	 0.45723E+01	 0.10005E+04	 0.21891E+06	 0.35122E-03	 0.26400E+00	 0.42310E+00	 0.22400E-01	 0.23555E+01	 0.39170E+00
 0.10000E+01	 0.30000E-03	 0.70905E-03	 0.41983E+00	 0.60722E+00	 0.60722E+00	 0.75212E-03	 0.75212E-03	 0.43233E-03	 0.43233E-03	 0.45723E+01	 0.10005E+04	 0.21891E+06	 0.75540E-13	 0.26400E+00	 0.42310E+00	 0.22400E-01	 0.23555E+01	 0.39170E+00
 0.10000E+00	 0.30000E-03	 0.70905E-03	 0.41983E+00	 0.10717E+00	 0.10717E+00	 0.66587E-01	 0.66587E-01	 0.17829E+00	 0.17829E+00	 0.45723E+01	 0.10005E+04	 0.21891E+06	 0.55758E-13	 0.26400E+00	 0.42310E+00	 0.22400E-01	 0.23555E+01	 0.39170E+00
 0.10000E+02	 0.30000E-03	 0.70905E-03	 0.41983E+00	 0.58641E+01	 0.58641E+01	 0.75901E-05	 0.75901E-05	 0.51831E-06	 0.51831E-06	 0.45723E+01	 0.10005E+04	 0.21891E+06	 0.13616E-10	 0.26400E+00	 0.42310E+00	 0.22400E-01	 0.23555E+01	 0.39170E+00
 0.10000E-01	 0.30000E-03	 0.70905E-03	 0.41983E+00	 0.61159E-01	 0.61159E-01	 0.61169E+00	 0.61169E+00	 0.13956E+02	 0.13956E+02	 0.45723E+01	 0.10005E+04	 0.21891E+06	 0.10051E-11	 0.26400E+00	 0.42310E+00	 0.22400E-01	 0.23555E+01	 0.39170E+00
 0.10000E+03	 0.30000E-03	 0.70905E-03	 0.41983E+00	 0.26669E+02	 0.26669E+02	 0.18472E-06	 0.18472E-06	 0.52007E-09	 0.52007E-09	 0.45723E+01	 0.10005E+04	 0.21891E+06	 0.38086E-09	 0.26400E+00	 0.42310E+00	 0.22400E-01	 0.23555E+01	 0.39170E+00
 0.10000E-02	 0.30000E-03	 0.70905E-03	 0.41983E+00	 0.58548E-01	 0.58530E-01	 0.97719E+00	 0.97718E+00	 0.25079E+03	 0.25078E+03	 0.45723E+01	 0.10005E+04	 0.21891E+06	 0.78207E-10	 0.26400E+00	 0.42310E+00	 0.22400E-01	 0.23555E+01	 0.39170E+00
 0.10000E-03	 0.30000E-03	 0.70905E-03	 0.41983E+00	 0.20954E+00	 0.18899E+00	 0.10010E+01	 0.10097E+01	 0.29184E+04	 0.29053E+04	 0.45723E+01	 0.10005E+04	 0.21891E+06	 0.59989E-08	 0.26400E+00	 0.42310E+00	 0.22400E-01	 0.23555E+01	 0.39170E+00
 0.10000E-04	 0.30000E-03	 0.70905E-03	 0.41983E+00	 0.32251E+00	 0.10925E+00	 0.10469E+01	 0.11407E+01	 0.31136E+05	 0.30108E+05	 0.45723E+01	 0.10005E+04	 0.21891E+06	 0.73653E-05	 0.26400E+00	 0.42310E+00	 0.22400E-01	 0.23555E+01	 0.39170E+00
 0.10000E-05	 0.30000E-03	 0.70905E-03	 0.41983E+00	 0.13737E+00	 0.12622E-01	 0.16501E+01	 0.12176E+01	 0.33309E+06	 0.30190E+06	 0.45723E+01	 0.10005E+04	 0.21891E+06	 0.45365E-01	 0.26400E+00	 0.42310E+00	 0.22400E-01	 0.23555E+01	 0.39170E+00
 0.30000E+01	 0.30000E-03	 0.70905E-03	 0.41983E+00	 0.17974E+01	 0.17974E+01	 0.82105E-04	 0.82105E-04	 0.18617E-04	 0.18617E-04	 0.45723E+01	 0.10005E+04	 0.21891E+06	 0.82086E-12	 0.26400E+00	 0.42310E+00	 0.22400E-01	 0.23555E+01	 0.39170E+00
 0.30000E+00	 0.30000E-03	 0.70905E-03	 0.41983E+00	 0.20179E+00	 0.20179E+00	 0.88828E-02	 0.88828E-02	 0.11028E-01	 0.11028E-01	 0.45723E+01	 0.10005E+04	 0.21891E+06	 0.21209E-13	 0.26400E+00	 0.42310E+00	 0.22400E-01	 0.23555E+01	 0.39170E+00
 0.30000E+02	 0.30000E-03	 0.70905E-03	 0.41983E+00	 0.15772E+02	 0.15772E+02	 0.10405E-05	 0.10405E-05	 0.19255E-07	 0.19255E-07	 0.45723E+01	 0.10005E+04	 0.21891E+06	 0.57823E-10	 0.26400E+00	 0.42310E+00	 0.22400E-01	 0.23555E+01	 0.39170E+00
 0.30000E-01	 0.30000E-03	 0.70905E-03	 0.41983E+00	 0.79709E-01	 0.79709E-01	 0.28241E+00	 0.28241E+00	 0.22372E+01	 0.22372E+01	 0.45723E+01	 0.10005E+04	 0.21891E+06	 0.28934E-12	 0.26400E+00	 0.42310E+00	 0.22400E-01	 0.23555E+01	 0.39170E+00
 0.30000E+03	 0.30000E-03	 0.70905E-03	 0.41983E+00	 0.17229E+02	 0.17229E+02	 0.29274E-07	 0.29274E-07	 0.19262E-10	 0.19262E-10	 0.45723E+01	 0.10005E+04	 0.21891E+06	 0.80330E-09	 0.26400E+00	 0.42310E+00	 0.22400E-01	 0.23555E+01	 0.39170E+00
 0.30000E-02	 0.30000E-03	 0.70905E-03	 0.41983E+00	 0.48887E-01	 0.48887E-01	 0.90104E+00	 0.90104E+00	 0.69872E+02	 0.69872E+02	 0.45723E+01	 0.10005E+04	 0.21891E+06	 0.17812E-10	 0.26400E+00	 0.42310E+00	 0.22400E-01	 0.23555E+01	 0.39170E+00
 0.30000E-03	 0.30000E-03	 0.70905E-03	 0.41983E+00	 0.10731E+00	 0.10576E+00	 0.10044E+01	 0.10041E+01	 0.92476E+03	 0.92400E+03	 0.45723E+01	 0.10005E+04	 0.21891E+06	 0.86814E-09	 0.26400E+00	 0.42310E+00	 0.22400E-01	 0.23555E+01	 0.39170E+00
 0.30000E-04	 0.30000E-03	 0.70905E-03	 0.41983E+00	 0.32342E+00	 0.20312E+00	 0.99758E+00	 0.10764E+01	 0.10086E+05	 0.99432E+04	 0.45723E+01	 0.10005E+04	 0.21891E+06	 0.78674E-07	 0.26400E+00	 0.42310E+00	 0.22400E-01	 0.23555E+01	 0.39170E+00
 0.30000E-05	 0.30000E-03	 0.70905E-03	 0.41983E+00	 0.26651E+00	 0.37282E-01	 0.12818E+01	 0.12042E+01	 0.10734E+06	 0.10060E+06	 0.45723E+01	 0.10005E+04	 0.21891E+06	 0.17397E-02	 0.26400E+00	 0.42310E+00	 0.22400E-01	 0.23555E+01	 0.39170E+00
 0.10000E+01	 0.30000E-04	 0.70905E-04	 0.41983E+00	 0.60881E+00	 0.60881E+00	 0.74940E-03	 0.74940E-03	 0.43234E-03	 0.43234E-03	 0.45723E+01	 0.10005E+04	 0.21891E+06	 0.30648E-12	 0.26400E+00	 0.42310E+00	 0.22400E-01	 0.23555E+01	 0.39170E+00
 0.10000E+00	 0.30000E-04	 0.70905E-04	 0.41983E+00	 0.10718E+00	 0.10718E+00	 0.66585E-01	 0.66585E-01	 0.17829E+00	 0.17829E+00	 0.45723E+01	 0.10005E+04	 0.21891E+06	 0.64558E-13	 0.26400E+00	 0.42310E+00	 0.22400E-01	 0.23555E+01	 0.39170E+00
 0.10000E+02	 0.30000E-04	 0.70905E-04	 0.41983E+00	 0.60015E+01	 0.60015E+01	 0.73483E-05	 0.73483E-05	 0.51830E-06	 0.51830E-06	 0.45723E+01	 0.10005E+04	 0.21891E+06	 0.79695E-11	 0.26400E+00	 0.42310E+00	 0.22400E-01	 0.23555E+01	 0.39170E+00
 0.10000E-01	 0.30000E-04	 0.70905E-04	 0.41983E+00	 0.61175E-01	 0.61175E-01	 0.61162E+00	 0.61162E+00	 0.13957E+02	 0.13957E+02	 0.45723E+01	 0.10005E+04	 0.21891E+06	 0.87727E-12	 0.26400E+00	 0.42310E+00	 0.22400E-01	 0.23555E+01	 0.39170E+00
 0.10000E+03	 0.30000E-04	 0.70905E-04	 0.41983E+00	 0.58633E+02	 0.58633E+02	 0.75891E-07	 0.75891E-07	 0.52006E-09	 0.52006E-09	 0.45723E+01	 0.10005E+04	 0.21891E+06	 0.21075E-08	 0.26400E+00	 0.42310E+00	 0.22400E-01	 0.23555E+01	 0.39170E+00
 0.10000E-02	 0.30000E-04	 0.70905E-04	 0.41983E+00	 0.60995E-01	 0.60977E-01	 0.96764E+00	 0.96763E+00	 0.25088E+03	 0.25087E+03	 0.45723E+01	 0.10005E+04	 0.21891E+06	 0.65180E-10	 0.26400E+00	 0.42310E+00	 0.22400E-01	 0.23555E+01	 0.39170E+00
 0.10000E-03	 0.30000E-04	 0.70905E-04	 0.41983E+00	 0.30412E+00	 0.28254E+00	 0.87835E+00	 0.84879E+00	 0.29223E+04	 0.29098E+04	 0.45723E+01	 0.10005E+04	 0.21891E+06	 0.76142E-08	 0.26400E+00	 0.42310E+00	 0.22400E-01	 0.23555E+01	 0.39170E+00
 0.10000E-04	 0.30000E-04	 0.70905E-04	 0.41983E+00	 0.20132E+01	 0.10947E+01	 0.94916E+00	 0.90377E+00	 0.31157E+05	 0.30173E+05	 0.45723E+01	 0.10005E+04	 0.21891E+06	 0.16963E-05	 0.26400E+00	 0.42310E+00	 0.22400E-01	 0.23555E+01	 0.39170E+00
 0.10000E-05	 0.30000E-04	 0.70905E-04	 0.41983E+00	 0.38186E+01	 0.32473E+00	 0.35547E+01	 0.24085E+01	 0.33321E+06	 0.30295E+06	 0.45723E+01	 0.10005E+04	 0.21891E+06	 0.30458E-01	 0.26400E+00	 0.42310E+00	 0.22400E-01	 0.23555E+01	 0.39170E+00
 0.30000E+01	 0.30000E-04	 0.70905E-04	 0.41983E+00	 0.18064E+01	 0.18064E+01	 0.81522E-04	 0.81522E-04	 0.18617E-04	 0.18617E-04	 0.45723E+01	 0.10005E+04	 0.21891E+06	 0.10872E-11	 0.26400E+00	 0.42310E+00	 0.22400E-01	 0.23555E+01	 0.39170E+00
 0.30000E+00	 0.30000E-04	 0.70905E-04	 0.41983E+00	 0.20190E+00	 0.20190E+00	 0.88781E-02	 0.88781E-02	 0.11028E-01	 0.11028E-01	 0.45723E+01	 0.10005E+04	 0.21891E+06	 0.22786E-13	 0.26400E+00	 0.42310E+00	 0.22400E-01	 0.23555E+01	 0.39170E+00
 0.30000E+02	 0.30000E-04	 0.70905E-04	 0.41983E+00	 0.17949E+02	 0.17949E+02	 0.81953E-06	 0.81953E-06	 0.19255E-07	 0.19255E-07	 0.45723E+01	 0.10005E+04	 0.21891E+06	 0.65939E-10	 0.26400E+00	 0.42310E+00	 0.22400E-01	 0.23555E+01	 0.39170E+00
 0.30000E-01	 0.30000E-04	 0.70905E-04	 0.41983E+00	 0.79710E-01	 0.79710E-01	 0.28241E+00	 0.28241E+00	 0.22372E+01	 0.22372E+01	 0.45723E+01	 0.10005E+04	 0.21891E+06	 0.26824E-12	 0.26400E+00	 0.42310E+00	 0.22400E-01	 0.23555E+01	 0.39170E+00
 0.30000E+03	 0.30000E-04	 0.70905E-04	 0.41983E+00	 0.15772E+03	 0.15772E+03	 0.10405E-07	 0.10405E-07	 0.19262E-10	 0.19262E-10	 0.45723E+01	 0.10005E+04	 0.21891E+06	 0.81590E-08	 0.26400E+00	 0.42310E+00	 0.22400E-01	 0.23555E+01	 0.39170E+00
 0.30000E-02	 0.30000E-04	 0.70905E-04	 0.41983E+00	 0.49111E-01	 0.49111E-01	 0.89992E+00	 0.89992E+00	 0.69883E+02	 0.69883E+02	 0.45723E+01	 0.10005E+04	 0.21891E+06	 0.18145E-10	 0.26400E+00	 0.42310E+00	 0.22400E-01	 0.23555E+01	 0.39170E+00
 0.30000E-03	 0.30000E-04	 0.70905E-04	 0.41983E+00	 0.12583E+00	 0.12424E+00	 0.95742E+00	 0.95490E+00	 0.92554E+03	 0.92480E+03	 0.45723E+01	 0.10005E+04	 0.21891E+06	 0.91831E-09	 0.26400E+00	 0.42310E+00	 0.22400E-01	 0.23555E+01	 0.39170E+00
 0.30000E-04	 0.30000E-04	 0.70905E-04	 0.41983E+00	 0.84971E+00	 0.66373E+00	 0.79873E+00	 0.68388E+00	 0.10097E+05	 0.99603E+04	 0.45723E+01	 0.10005E+04	 0.21891E+06	 0.63839E-07	 0.26400E+00	 0.42310E+00	 0.22400E-01	 0.23555E+01	 0.39170E+00
 0.30000E-05	 0.30000E-04	 0.70905E-04	 0.41983E+00	 0.34749E+01	 0.79896E+00	 0.18711E+01	 0.20297E+01	 0.10737E+06	 0.10091E+06	 0.45723E+01	 0.10005E+04	 0.21891E+06	 0.23886E-04	 0.26400E+00	 0.42310E+00	 0.22400E-01	 0.23555E+01	 0.39170E+00
