 &datain
 nzperiod=  5,
 lalpha= 20, lfout=20, nrun =  1,
 cmul = 3.0000,
 efield = 0.0000,
 mpolb =  8,  ntorb = 28,  ibbi = 1,
 chip = -0.7305,  psip = -0.8111,
 btheta =  0.0000, bzeta = -14.4000,
 borbi(0,0)=  0.25096E+01,
 borbi(1,0)=  0.26415E+00,
 borbi(1,1)=  -.14545E+00,
 borbi(0,1)=  -.70285E-01,
 borbi(2,3)=  -.98016E-02,
 borbi(0,2)=  -.95671E-02,
 borbi(-1,1)=  0.91510E-02,
 borbi(2,1)=  0.71582E-02,
 borbi(-2,1)=  0.66971E-02,
 borbi(1,2)=  0.57434E-02,
 borbi(3,1)=  -.55136E-02,
 borbi(-1,2)=  -.55003E-02,
 borbi(2,0)=  -.53968E-02,
 borbi(-9,1)=  -.51194E-02,
 borbi(3,3)=  0.47932E-02,
 borbi(10,0)=  -.38898E-02,
 borbi(4,0)=  0.37204E-02,
 borbi(-7,2)=  -.28236E-02,
 borbi(4,1)=  0.26313E-02,
 borbi(3,2)=  0.21845E-02,
 borbi(-7,3)=  0.20865E-02,
 borbi(-3,1)=  -.20140E-02,
 borbi(3,4)=  0.19875E-02,
 borbi(-6,2)=  0.19648E-02,
 borbi(5,1)=  -.19306E-02,
 borbi(1,3)=  0.18224E-02,
 borbi(-4,1)=  0.15576E-02,
 borbi(-1,3)=  -.15112E-02,
 borbi(-5,1)=  0.15028E-02,
 borbi(9,0)=  -.13388E-02,
 borbi(4,3)=  -.12524E-02,
 borbi(-2,3)=  -.12158E-02,
 borbi(-10,1)=  0.12077E-02,
 borbi(6,0)=  0.12004E-02,
 borbi(-7,1)=  0.11566E-02,
 borbi(5,2)=  0.11510E-02,
 borbi(-8,2)=  0.11018E-02,
 borbi(9,1)=  -.10920E-02,
 borbi(10,1)=  -.10759E-02,
 borbi(-2,2)=  0.10347E-02,
 borbi(2,2)=  -.10214E-02,
 borbi(-3,2)=  0.93390E-03,
 borbi(11,1)=  -.92908E-03,
 borbi(4,2)=  0.92496E-03,
 borbi(11,2)=  -.81129E-03,
 borbi(0,3)=  0.78923E-03,
 borbi(7,0)=  0.76364E-03,
 borbi(8,0)=  -.72925E-03,
 borbi(6,1)=  0.69985E-03,
 borbi(10,2)=  0.67168E-03,
 borbi(6,2)=  -.64502E-03,
 borbi(-8,3)=  -.64317E-03,
 borbi(-5,3)=  -.53912E-03,
 borbi(6,3)=  0.49874E-03,
 borbi(8,2)=  -.48830E-03,
 borbi(8,1)=  0.46899E-03,
 borbi(-11,1)=  -.42440E-03,
 borbi(-4,4)=  -.42143E-03,
 borbi(3,0)=  0.41648E-03,
 borbi(-7,4)=  -.41475E-03,
 borbi(2,4)=  0.41337E-03,
 borbi(10,3)=  -.36953E-03,
 borbi(7,2)=  0.36685E-03,
 borbi(0,4)=  -.35543E-03,
 borbi(1,4)=  -.35197E-03,
 borbi(12,2)=  0.35013E-03,
 borbi(-5,4)=  0.32853E-03,
 borbi(-9,2)=  -.32781E-03,
 borbi(5,3)=  -.31770E-03,
 borbi(0,5)=  -.31475E-03,
 borbi(11,0)=  0.31442E-03,
 borbi(8,3)=  -.29988E-03,
 borbi(-6,5)=  0.28059E-03,
 borbi(12,1)=  0.26686E-03,
 borbi(2,5)=  0.26026E-03,
 borbi(-1,4)=  -.25113E-03,
 borbi(-5,2)=  -.24916E-03,
 borbi(-4,2)=  -.24793E-03,
 borbi(4,4)=  -.24210E-03,
 borbi(-8,4)=  0.23661E-03,
 borbi(-7,5)=  0.22022E-03,
 borbi(0,6)=  0.21310E-03,
 borbi(2,6)=  -.20434E-03,
 borbi(14,1)=  0.20091E-03,
 borbi(12,0)=  0.19726E-03,
 borbi(7,1)=  -.18868E-03,
 borbi(4,5)=  0.18254E-03,
 borbi(-3,3)=  -.18121E-03,
 borbi(13,1)=  -.18103E-03,
 borbi(-12,1)=  0.17747E-03,
 borbi(-9,3)=  0.16895E-03,
 borbi(1,7)=  -.16234E-03,
 borbi(13,2)=  -.15730E-03,
 borbi(6,4)=  -.15342E-03,
 borbi(12,3)=  0.13185E-03,
 borbi(15,1)=  -.12434E-03,
 borbi(15,2)=  0.11613E-03,
 borbi(9,4)=  -.11371E-03,
 borbi(2,7)=  -.10936E-03,
 borbi(1,5)=  0.10661E-03,
 mmnn(1,1)=  0, 30,  0,  1,  2,  3,  4,  5,  6,  7,  8,  9, 10, 11, 12,
  13, 14, 15, 16, 17, 18, 19, 20, 21, 22, 23, 24, 25, 26, 27, 28, 29,
 mmnn(1,2)=  1, 32,  0,  1,  2,  3,  4,  5,  6,  7,  8,  9, 10, 11, 12,
  13, 14, 15, 16, 17, 18, 19, 20, 21, 22, 23, 24, 25, 26, 27, 28, 29, 30,
  31,
 mmnn(1,3)=  2, 33,  0,  1,  2,  3,  4,  5,  6,  7,  8,  9, 10, 11, 12,
  13, 14, 15, 16, 17, 18, 19, 20, 21, 22, 23, 24, 25, 26, 27, 28, 29, 30,
  31, 32,
 mmnn(1,4)=  3, 33,  0,  1,  2,  3,  4,  5,  6,  7,  8,  9, 10, 11, 12,
  13, 14, 15, 16, 17, 18, 19, 20, 21, 22, 23, 24, 25, 26, 27, 28, 29, 30,
  31, 32,
 mmnn(1,5)=  4, 33,  0,  1,  2,  3,  4,  5,  6,  7,  8,  9, 10, 11, 12,
  13, 14, 15, 16, 17, 18, 19, 20, 21, 22, 23, 24, 25, 26, 27, 28, 29, 30,
  31, 32,
 mmnn(1,6)=  5, 31,  0,  1,  2,  3,  4,  5,  6,  7,  8,  9, 10, 11, 12,
  13, 14, 15, 16, 17, 18, 19, 20, 21, 22, 23, 24, 25, 26, 27, 28, 29, 30,
 mmnn(1,7)=  6, 31,  0,  1,  2,  3,  4,  5,  6,  7,  8,  9, 10, 11, 12,
  13, 14, 15, 16, 17, 18, 19, 20, 21, 22, 23, 24, 25, 26, 27, 28, 29, 30,
 mmnn(1,8)=  7, 30,  0,  1,  2,  3,  4,  5,  6,  7,  8,  9, 10, 11, 12,
  13, 14, 15, 16, 17, 18, 19, 20, 21, 22, 23, 24, 25, 26, 27, 28, 29,
 mmnn(1,9)=  8, 30,  0,  1,  2,  3,  4,  5,  6,  7,  8,  9, 10, 11, 12,
  13, 14, 15, 16, 17, 18, 19, 20, 21, 22, 23, 24, 25, 26, 27, 28, 29,
 mmnn(1,10)=  9, 29,  0,  1,  2,  3,  4,  5,  6,  7,  8,  9, 10, 11, 12,
  13, 14, 15, 16, 17, 18, 19, 20, 21, 22, 23, 24, 25, 26, 27, 28,
 mmnn(1,11)= 10, 30,  0,  1,  2,  3,  4,  5,  6,  7,  8,  9, 10, 11, 12,
  13, 14, 15, 16, 17, 18, 19, 20, 21, 22, 23, 24, 25, 26, 27, 28, 29,
 mmnn(1,12)= 11, 30,  0,  1,  2,  3,  4,  5,  6,  7,  8,  9, 10, 11, 12,
  13, 14, 15, 16, 17, 18, 19, 20, 21, 22, 23, 24, 25, 26, 27, 28, 29,
 mmnn(1,13)= 12, 29,  0,  1,  2,  3,  4,  5,  6,  7,  8,  9, 10, 11, 12,
  13, 14, 15, 16, 17, 18, 19, 20, 21, 22, 23, 24, 25, 26, 27, 28,
 mmnn(1,14)= 13, 29,  0,  1,  2,  3,  4,  5,  6,  7,  8,  9, 10, 11, 12,
  13, 14, 15, 16, 17, 18, 19, 20, 21, 22, 23, 24, 25, 26, 27, 28,
 mmnn(1,15)= 14, 29,  0,  1,  2,  3,  4,  5,  6,  7,  8,  9, 10, 11, 12,
  13, 14, 15, 16, 17, 18, 19, 20, 21, 22, 23, 24, 25, 26, 27, 28,
 mmnn(1,16)= 15, 28,  0,  1,  2,  3,  4,  5,  6,  7,  8,  9, 10, 11, 12,
  13, 14, 15, 16, 17, 18, 19, 20, 21, 22, 23, 24, 25, 26, 27,
 mmnn(1,17)= 16, 28,  0,  1,  2,  3,  4,  5,  6,  7,  8,  9, 10, 11, 12,
  13, 14, 15, 16, 17, 18, 19, 20, 21, 22, 23, 24, 25, 26, 27,
 mmnn(1,18)= 17, 28,  0,  1,  2,  3,  4,  5,  6,  7,  8,  9, 10, 11, 12,
  13, 14, 15, 16, 17, 18, 19, 20, 21, 22, 23, 24, 25, 26, 27,
 mmnn(1,19)= 18, 27,  0,  1,  2,  3,  4,  5,  6,  7,  8,  9, 10, 11, 12,
  13, 14, 15, 16, 17, 18, 19, 20, 21, 22, 23, 24, 25, 26,
 mmnn(1,20)= 19, 26,  0,  1,  2,  3,  4,  5,  6,  7,  8,  9, 10, 11, 12,
  13, 14, 15, 16, 17, 18, 19, 20, 21, 22, 23, 24, 25,
 mmnn(1,21)= 20, 25,  0,  1,  2,  3,  4,  5,  6,  7,  8,  9, 10, 11, 12,
  13, 14, 15, 16, 17, 18, 19, 20, 21, 22, 23, 24,
 mmnn(1,22)= 21, 26,  0,  1,  2,  3,  4,  5,  6,  7,  8,  9, 10, 11, 12,
  13, 14, 15, 16, 17, 18, 19, 20, 21, 22, 23, 24, 25,
 mmnn(1,23)= 22, 25,  0,  1,  2,  3,  4,  5,  6,  7,  8,  9, 10, 11, 12,
  13, 14, 15, 16, 17, 18, 19, 20, 21, 22, 23, 24,
 mmnn(1,24)= 23, 24,  0,  1,  2,  3,  4,  5,  6,  7,  8,  9, 10, 11, 12,
  13, 14, 15, 16, 17, 18, 19, 20, 21, 22, 23,
 mmnn(1,25)= 24, 25,  0,  1,  2,  3,  4,  5,  6,  7,  8,  9, 10, 11, 12,
  13, 14, 15, 16, 17, 18, 19, 20, 21, 22, 23, 24,
 mmnn(1,26)= 25, 24,  0,  1,  2,  3,  4,  5,  6,  7,  8,  9, 10, 11, 12,
  13, 14, 15, 16, 17, 18, 19, 20, 21, 22, 23,
 mmnn(1,27)= 26, 23,  0,  1,  2,  3,  4,  5,  6,  7,  8,  9, 10, 11, 12,
  13, 14, 15, 16, 17, 18, 19, 20, 21, 22,
 mmnn(1,28)= 27, 24,  0,  1,  2,  3,  4,  5,  6,  7,  8,  9, 10, 11, 12,
  13, 14, 15, 16, 17, 18, 19, 20, 21, 22, 23,
 mmnn(1,29)= 28, 23,  0,  1,  2,  3,  4,  5,  6,  7,  8,  9, 10, 11, 12,
  13, 14, 15, 16, 17, 18, 19, 20, 21, 22,
 mmnn(1,30)= 29, 22,  0,  1,  2,  3,  4,  5,  6,  7,  8,  9, 10, 11, 12,
  13, 14, 15, 16, 17, 18, 19, 20, 21,
 mmnn(1,31)= 30, 23,  0,  1,  2,  3,  4,  5,  6,  7,  8,  9, 10, 11, 12,
  13, 14, 15, 16, 17, 18, 19, 20, 21, 22,
 mmnn(1,32)= 31, 18,  0,  1,  2,  3,  4,  5,  6,  7,  8,  9, 10, 11, 12,
  13, 14, 15, 16, 17,
 mmnn(1,33)= 32, 18,  0,  1,  2,  3,  4,  5,  6,  7,  8,  9, 10, 11, 12,
  13, 14, 15, 16, 17,
 mmnn(1,34)= 33, 17,  0,  1,  2,  3,  4,  5,  6,  7,  8,  9, 10, 11, 12,
  13, 14, 15, 16,
 mmnn(1,35)= 34, 16,  0,  1,  2,  3,  4,  5,  6,  7,  8,  9, 10, 11, 12,
  13, 14, 15,
 mmnn(1,36)= 35, 15,  0,  1,  2,  3,  4,  5,  6,  7,  8,  9, 10, 11, 12,
  13, 14,
 mmnn(1,37)= 36, 16,  0,  1,  2,  3,  4,  5,  6,  7,  8,  9, 10, 11, 12,
  13, 14, 15,
 mmnn(1,38)= 37, 15,  0,  1,  2,  3,  4,  5,  6,  7,  8,  9, 10, 11, 12,
  13, 14,
 mmnn(1,39)= 38, 14,  0,  1,  2,  3,  4,  5,  6,  7,  8,  9, 10, 11, 12,
  13,
 mmnn(1,40)= 39, 15,  0,  1,  2,  3,  4,  5,  6,  7,  8,  9, 10, 11, 12,
  13, 14,
 mmnn(1,41)= 40, 14,  0,  1,  2,  3,  4,  5,  6,  7,  8,  9, 10, 11, 12,
  13,
 mmnn(1,42)= 41, 13,  0,  1,  2,  3,  4,  5,  6,  7,  8,  9, 10, 11, 12,
 mmnn(1,43)= 42, 14,  0,  1,  2,  3,  4,  5,  6,  7,  8,  9, 10, 11, 12,
  13,
 mmnn(1,44)= 43, 13,  0,  1,  2,  3,  4,  5,  6,  7,  8,  9, 10, 11, 12,
 mmnn(1,45)= 44, 12,  0,  1,  2,  3,  4,  5,  6,  7,  8,  9, 10, 11,
 mmnn(1,46)= 45, 13,  0,  1,  2,  3,  4,  5,  6,  7,  8,  9, 10, 11, 12,
 mmnn(1,47)= -1, 24,  1,  2,  3,  4,  5,  6,  7,  8,  9, 10, 11, 12, 13,
  14, 15, 16, 17, 18, 19, 20, 21, 22, 23, 24,
 mmnn(1,48)= -2, 25,  1,  2,  3,  4,  5,  6,  7,  8,  9, 10, 11, 12, 13,
  14, 15, 16, 17, 18, 19, 20, 21, 22, 23, 24, 25,
 mmnn(1,49)= -3, 25,  1,  2,  3,  4,  5,  6,  7,  8,  9, 10, 11, 12, 13,
  14, 15, 16, 17, 18, 19, 20, 21, 22, 23, 24, 25,
 mmnn(1,50)= -4, 25,  1,  2,  3,  4,  5,  6,  7,  8,  9, 10, 11, 12, 13,
  14, 15, 16, 17, 18, 19, 20, 21, 22, 23, 24, 25,
 mmnn(1,51)= -5, 25,  1,  2,  3,  4,  5,  6,  7,  8,  9, 10, 11, 12, 13,
  14, 15, 16, 17, 18, 19, 20, 21, 22, 23, 24, 25,
 mmnn(1,52)= -6, 24,  1,  2,  3,  4,  5,  6,  7,  8,  9, 10, 11, 12, 13,
  14, 15, 16, 17, 18, 19, 20, 21, 22, 23, 24,
 mmnn(1,53)= -7, 23,  1,  2,  3,  4,  5,  6,  7,  8,  9, 10, 11, 12, 13,
  14, 15, 16, 17, 18, 19, 20, 21, 22, 23,
 mmnn(1,54)= -8, 22,  1,  2,  3,  4,  5,  6,  7,  8,  9, 10, 11, 12, 13,
  14, 15, 16, 17, 18, 19, 20, 21, 22,
 mmnn(1,55)= -9, 21,  1,  2,  3,  4,  5,  6,  7,  8,  9, 10, 11, 12, 13,
  14, 15, 16, 17, 18, 19, 20, 21,
 mmnn(1,56)=-10, 21,  1,  2,  3,  4,  5,  6,  7,  8,  9, 10, 11, 12, 13,
  14, 15, 16, 17, 18, 19, 20, 21,
 mmnn(1,57)=-11, 20,  1,  2,  3,  4,  5,  6,  7,  8,  9, 10, 11, 12, 13,
  14, 15, 16, 17, 18, 19, 20,
 mmnn(1,58)=-12, 19,  1,  2,  3,  4,  5,  6,  7,  8,  9, 10, 11, 12, 13,
  14, 15, 16, 17, 18, 19,
 mmnn(1,59)=-13, 19,  1,  2,  3,  4,  5,  6,  7,  8,  9, 10, 11, 12, 13,
  14, 15, 16, 17, 18, 19,
 mmnn(1,60)=-14, 18,  1,  2,  3,  4,  5,  6,  7,  8,  9, 10, 11, 12, 13,
  14, 15, 16, 17, 18,
 mmnn(1,61)=-15, 16,  1,  2,  3,  4,  5,  6,  7,  8,  9, 10, 11, 12, 13,
  14, 15, 16,
 mmnn(1,62)=-16, 14,  1,  2,  3,  4,  5,  6,  7,  8,  9, 10, 11, 12, 13,
  14,
 mmnn(1,63)=-17, 14,  1,  2,  3,  4,  5,  6,  7,  8,  9, 10, 11, 12, 13,
  14,
 mmnn(1,64)=-18, 15,  1,  2,  3,  4,  5,  6,  7,  8,  9, 10, 11, 12, 13,
  14, 15,
 mmnn(1,65)=-19, 15,  1,  2,  3,  4,  5,  6,  7,  8,  9, 10, 11, 12, 13,
  14, 15,
 mmnn(1,66)=-20, 15,  1,  2,  3,  4,  5,  6,  7,  8,  9, 10, 11, 12, 13,
  14, 15,
 mmnn(1,67)=-21, 15,  1,  2,  3,  4,  5,  6,  7,  8,  9, 10, 11, 12, 13,
  14, 15,
 mmnn(1,68)=-22, 14,  1,  2,  3,  4,  5,  6,  7,  8,  9, 10, 11, 12, 13,
  14,
 mmnn(1,69)=-23, 13,  1,  2,  3,  4,  5,  6,  7,  8,  9, 10, 11, 12, 13,
 mmnn(1,70)=-24, 13,  1,  2,  3,  4,  5,  6,  7,  8,  9, 10, 11, 12, 13,
 mmnn(1,71)=-25, 13,  1,  2,  3,  4,  5,  6,  7,  8,  9, 10, 11, 12, 13,
 mmnn(1,72)=-26, 13,  1,  2,  3,  4,  5,  6,  7,  8,  9, 10, 11, 12, 13,
 mmnn(1,73)=-27, 11,  1,  2,  3,  4,  5,  6,  7,  8,  9, 10, 11,
 mmnn(1,74)=-28, 11,  1,  2,  3,  4,  5,  6,  7,  8,  9, 10, 11,
 mmnn(1,75)=-29, 11,  1,  2,  3,  4,  5,  6,  7,  8,  9, 10, 11,
 mmnn(1,76)=-30, 11,  1,  2,  3,  4,  5,  6,  7,  8,  9, 10, 11,
 mmnn(1,77)=-31, 11,  1,  2,  3,  4,  5,  6,  7,  8,  9, 10, 11,
 mmnn(1,78)=-32, 11,  1,  2,  3,  4,  5,  6,  7,  8,  9, 10, 11,
 mmnn(1,79)=-33, 11,  1,  2,  3,  4,  5,  6,  7,  8,  9, 10, 11,
 mmnn(1,80)=-34, 11,  1,  2,  3,  4,  5,  6,  7,  8,  9, 10, 11,
 mmnn(1,81)=-35, 10,  1,  2,  3,  4,  5,  6,  7,  8,  9, 10,
 mmnn(1,82)=-36,  9,  1,  2,  3,  4,  5,  6,  7,  8,  9,
 mmnn(1,83)=-37,  9,  1,  2,  3,  4,  5,  6,  7,  8,  9,
 mmnn(1,84)=-38,  8,  1,  2,  3,  4,  5,  6,  7,  8,
 mmnn(1,85)=-39,  7,  1,  2,  3,  4,  5,  6,  7,
 mmnn(1,86)=-40,  5,  1,  2,  3,  4,  5,
 mmnn(1,87)=-41,  5,  1,  2,  3,  4,  5,
 mmnn(1,88)=-42,  5,  1,  2,  3,  4,  5,
 mmnn(1,89)=-43,  3,  1,  2,  3,
 mmnn(1,90)=-44,  3,  1,  2,  3,
 mmnn(1,91)=-45,  3,  1,  2,  3,
 mpol=33, ntor= 91 /
