x/a=sqrt(s)   E_r[V/m]    <Q_i\dot\nabla x>[W/m^2] <Q_e\dot\nabla x>[W/m^2] ... <Gamma_i\dot\nabla x>[1/m^2] <Gamma_e\dot\nabla x>[1/m^2] ... 
  1.79245E-02  4.53125E+02  8.57620E+02  5.06948E+03  1.25522E-01  1.30863E-01
  5.37736E-02  1.37109E+03  2.58572E+03  1.45915E+04  3.79304E-01  3.80573E-01
  8.96227E-02  2.16797E+03  4.07426E+03  2.27670E+04  6.00606E-01  6.02411E-01
  1.25472E-01  2.80078E+03  5.28082E+03  2.88989E+04  7.81898E-01  7.82675E-01
  1.61321E-01  3.19922E+03  6.33698E+03  3.35335E+04  9.35698E-01  9.37840E-01
  1.97170E-01  3.24609E+03  6.71210E+03  3.38793E+04  9.90702E-01  9.88087E-01
  2.33019E-01  2.90389E+03  6.25168E+03  3.03841E+04  9.35720E-01  9.33626E-01
  2.68868E-01 -4.87066E+02  1.06579E+04  2.93830E+04  9.32671E-01  9.44438E-01
  3.04717E-01 -7.77348E+02  8.00478E+03  2.11104E+04  7.34020E-01  7.40207E-01
  3.40566E-01 -1.10212E+03  6.15148E+03  1.43923E+04  5.73899E-01  5.56148E-01
  3.76415E-01 -1.48652E+03  4.38701E+03  9.58980E+03  4.14784E-01  4.12280E-01
  4.12264E-01 -2.06881E+03  3.54839E+03  6.11412E+03  3.10468E-01  2.97964E-01
  4.48113E-01 -2.48623E+03  2.58823E+03  3.52642E+03  2.03889E-01  2.04589E-01
  4.83962E-01 -2.88672E+03  2.25748E+03  2.25191E+03  1.51120E-01  1.52989E-01
  5.19812E-01 -3.62147E+03  2.35186E+03  1.49213E+03  1.19223E-01  1.21137E-01
  5.55660E-01 -4.11819E+03  2.23720E+03  9.41244E+02  9.51819E-02  9.55854E-02
  5.91509E-01 -5.10680E+03  2.64860E+03  6.97134E+02  8.67633E-02  8.48510E-02
  6.27359E-01 -4.40520E+03  1.54169E+03  6.32499E+02  7.77825E-02  8.00897E-02
  6.63207E-01 -6.79557E+03  2.63723E+03  3.86674E+02  6.99999E-02  6.86691E-02
  6.99057E-01 -7.55978E+03  2.36385E+03  2.98418E+02  6.17815E-02  6.31897E-02
  7.34905E-01 -8.17813E+03  1.99599E+03  2.25028E+02  5.85332E-02  5.74752E-02
  7.70755E-01 -8.52625E+03  1.51927E+03  1.62651E+02  5.01846E-02  5.08659E-02
  8.06604E-01 -8.40860E+03  1.03604E+03  1.10107E+02  4.36662E-02  4.29697E-02
  8.42453E-01 -7.74660E+03  6.07293E+02  6.82856E+01  3.26231E-02  3.41300E-02
  8.78302E-01 -6.32877E+03  3.08774E+02  3.72820E+01  2.51696E-02  2.45543E-02
  9.14151E-01 -4.27679E+03  1.34694E+02  1.71776E+01  1.47485E-02  1.53773E-02
  9.50000E-01 -1.86899E+03  4.91157E+01  6.28782E+00  7.89334E-03  7.45022E-03
