x/a=sqrt(s)   E_r[V/m]    <Q_i\dot\nabla x>[W/m^2] <Q_e\dot\nabla x>[W/m^2] ... <Gamma_i\dot\nabla x>[1/m^2] <Gamma_e\dot\nabla x>[1/m^2] ... 
  8.36660E-02 -4.84375E+02  3.07922E+03  4.49790E+02 -1.02112E+01  3.02831E-02  2.58340E-02 -2.20628E-03
  1.44914E-01 -7.96875E+02  8.63465E+03  1.25130E+03 -2.70488E+01  1.18521E-01  7.33970E-02 -6.06241E-03
  2.23607E-01 -1.17187E+03  1.34120E+04  2.03659E+03 -4.30554E+01  2.05341E-01  1.25977E-01 -1.01435E-02
  2.66458E-01 -1.37154E+03  1.48662E+04  2.37888E+03 -5.06893E+01  2.12376E-01  1.53242E-01 -1.22786E-02
  3.16228E-01 -1.51971E+03  1.62618E+04  3.07192E+03 -5.45098E+01  2.90949E-01  1.96107E-01 -1.39397E-02
  3.87298E-01 -1.58574E+03  1.50089E+04  3.64208E+03 -5.23423E+01  3.26994E-01  2.44156E-01 -1.48980E-02
  4.47214E-01 -1.65147E+03  1.48666E+04  4.46948E+03 -5.16892E+01  4.11685E-01  3.04329E-01 -1.58769E-02
  5.00000E-01 -1.46118E+03  1.16251E+04  4.65959E+03 -3.98604E+01  4.25047E-01  3.34891E-01 -1.39555E-02
  5.47723E-01 -1.55011E+03  1.26159E+04  4.73545E+03 -4.17623E+01  5.51597E-01  3.68691E-01 -1.50240E-02
  5.91608E-01 -1.63130E+03  1.15704E+04  4.66293E+03 -4.30918E+01  5.09309E-01  3.94505E-01 -1.59020E-02
  6.32456E-01 -1.68470E+03  1.06541E+04  4.40062E+03 -4.29492E+01  5.04653E-01  4.06898E-01 -1.63379E-02
  6.70820E-01 -1.65234E+03  9.45935E+03  4.05426E+03 -3.92603E+01  5.11224E-01  4.09693E-01 -1.56739E-02
  7.07107E-01 -1.76953E+03  8.84727E+03  3.65526E+03 -4.05971E+01  5.12764E-01  4.09869E-01 -1.65170E-02
  7.41620E-01 -1.93359E+03  8.31254E+03  3.27710E+03 -4.26334E+01  5.09795E-01  4.10087E-01 -1.76878E-02
  7.74597E-01 -2.14453E+03  8.02812E+03  2.89296E+03 -4.50521E+01  5.33280E-01  4.07786E-01 -1.91520E-02
  8.06226E-01 -2.56728E+03  8.31146E+03  2.55245E+03 -5.23505E+01  5.52151E-01  4.12799E-01 -2.26160E-02
  8.36660E-01 -2.84629E+03  7.38168E+03  2.03958E+03 -5.37517E+01  5.46273E-01  3.95558E-01 -2.44066E-02
  8.66025E-01 -3.62347E+03  1.06490E+04  2.75039E+03 -6.59809E+01  7.24674E-01  5.30664E-01 -3.10045E-02
  8.94427E-01 -4.17882E+03  9.10951E+03  1.51886E+03 -6.92490E+01  6.22302E-01  4.16553E-01 -3.50163E-02
  9.21954E-01 -5.03654E+03  1.02925E+04  1.38043E+03 -7.56118E+01  7.05332E-01  4.43891E-01 -4.17787E-02
  9.48683E-01 -5.87216E+03  1.02562E+04  1.20695E+03 -7.68971E+01  7.35060E-01  4.65524E-01 -4.83026E-02
  9.74679E-01 -6.73502E+03  1.00043E+04  1.00344E+03 -7.40512E+01  8.38060E-01  4.82502E-01 -5.58402E-02
