s E_r (\Gamma_b/n_b[m/s]  Q_b/n_b/T_b[m/s] L_1^b[m^2/s] L_2^b[m^2/s]  Z_b n_b[10^{19}m^{-3}] T_b[eV] dlnT_b/dr, b=1,NBB), size(e\varphi_1/T_i) 
  2.55000E-01 -2.00000E+04  1.52640E-01  7.89753E-01  8.05811E-03  3.61069E-02  1.60000E+01 -2.00000E+00  2.50000E+03 -3.00000E+00 -1.00000E+00 -1.01515E-01 -4.31369E-02  1.75463E-02  2.75737E-02  1.60000E+01 -2.00000E+00  2.50000E+03 -3.00000E+00  1.00000E+00  1.57226-316
  2.55000E-01 -1.95000E+04  1.52071E-01  7.89894E-01  8.10025E-03  3.63798E-02  1.60000E+01 -2.00000E+00  2.50000E+03 -3.00000E+00 -1.00000E+00 -9.75542E-02 -3.59386E-02  1.77217E-02  2.83265E-02  1.60000E+01 -2.00000E+00  2.50000E+03 -3.00000E+00  1.00000E+00  1.57226-316
  2.55000E-01 -1.90000E+04  1.51486E-01  7.89972E-01  8.14233E-03  3.66534E-02  1.60000E+01 -2.00000E+00  2.50000E+03 -3.00000E+00 -1.00000E+00 -9.35241E-02 -2.83333E-02  1.79134E-02  2.91337E-02  1.60000E+01 -2.00000E+00  2.50000E+03 -3.00000E+00  1.00000E+00  1.57226-316
  2.55000E-01 -1.85000E+04  1.50886E-01  7.89983E-01  8.18430E-03  3.69276E-02  1.60000E+01 -2.00000E+00  2.50000E+03 -3.00000E+00 -1.00000E+00 -8.94149E-02 -2.02773E-02  1.81229E-02  3.00007E-02  1.60000E+01 -2.00000E+00  2.50000E+03 -3.00000E+00  1.00000E+00  1.57226-316
  2.55000E-01 -1.80000E+04  1.50270E-01  7.89924E-01  8.22616E-03  3.72022E-02  1.60000E+01 -2.00000E+00  2.50000E+03 -3.00000E+00 -1.00000E+00 -8.52158E-02 -1.17207E-02  1.83522E-02  3.09334E-02  1.60000E+01 -2.00000E+00  2.50000E+03 -3.00000E+00  1.00000E+00  1.57226-316
  2.55000E-01 -1.75000E+04  1.49637E-01  7.89791E-01  8.26787E-03  3.74771E-02  1.60000E+01 -2.00000E+00  2.50000E+03 -3.00000E+00 -1.00000E+00 -8.09147E-02 -2.60682E-03  1.86033E-02  3.19388E-02  1.60000E+01 -2.00000E+00  2.50000E+03 -3.00000E+00  1.00000E+00  1.57226-316
  2.55000E-01 -1.70000E+04  1.48987E-01  7.89579E-01  8.30940E-03  3.77521E-02  1.60000E+01 -2.00000E+00  2.50000E+03 -3.00000E+00 -1.00000E+00 -7.64974E-02  7.12920E-03  1.88786E-02  3.30246E-02  1.60000E+01 -2.00000E+00  2.50000E+03 -3.00000E+00  1.00000E+00  1.57226-316
  2.55000E-01 -1.65000E+04  1.48319E-01  7.89284E-01  8.35074E-03  3.80270E-02  1.60000E+01 -2.00000E+00  2.50000E+03 -3.00000E+00 -1.00000E+00 -7.19477E-02  1.75616E-02  1.91810E-02  3.41997E-02  1.60000E+01 -2.00000E+00  2.50000E+03 -3.00000E+00  1.00000E+00  1.57226-316
  2.55000E-01 -1.60000E+04  1.47633E-01  7.88901E-01  8.39184E-03  3.83017E-02  1.60000E+01 -2.00000E+00  2.50000E+03 -3.00000E+00 -1.00000E+00 -6.72470E-02  2.87761E-02  1.95134E-02  3.54742E-02  1.60000E+01 -2.00000E+00  2.50000E+03 -3.00000E+00  1.00000E+00  1.57226-316
  2.55000E-01 -1.55000E+04  1.46928E-01  7.88426E-01  8.43268E-03  3.85758E-02  1.60000E+01 -2.00000E+00  2.50000E+03 -3.00000E+00 -1.00000E+00 -6.23734E-02  4.08715E-02  1.98797E-02  3.68600E-02  1.60000E+01 -2.00000E+00  2.50000E+03 -3.00000E+00  1.00000E+00  1.57226-316
  2.55000E-01 -1.50000E+04  1.46204E-01  7.87852E-01  8.47322E-03  3.88492E-02  1.60000E+01 -2.00000E+00  2.50000E+03 -3.00000E+00 -1.00000E+00 -5.73019E-02  5.39630E-02  2.02839E-02  3.83705E-02  1.60000E+01 -2.00000E+00  2.50000E+03 -3.00000E+00  1.00000E+00  1.57226-316
  2.55000E-01 -1.45000E+04  1.45459E-01  7.87174E-01  8.51343E-03  3.91216E-02  1.60000E+01 -2.00000E+00  2.50000E+03 -3.00000E+00 -1.00000E+00 -5.20027E-02  6.81849E-02  2.07309E-02  4.00213E-02  1.60000E+01 -2.00000E+00  2.50000E+03 -3.00000E+00  1.00000E+00  1.57226-316
  2.55000E-01 -1.40000E+04  1.44694E-01  7.86386E-01  8.55327E-03  3.93928E-02  1.60000E+01 -2.00000E+00  2.50000E+03 -3.00000E+00 -1.00000E+00 -4.64410E-02  8.36948E-02  2.12264E-02  4.18310E-02  1.60000E+01 -2.00000E+00  2.50000E+03 -3.00000E+00  1.00000E+00  1.57226-316
  2.55000E-01 -1.35000E+04  1.43906E-01  7.85483E-01  8.59271E-03  3.96625E-02  1.60000E+01 -2.00000E+00  2.50000E+03 -3.00000E+00 -1.00000E+00 -4.05758E-02  1.00679E-01  2.17770E-02  4.38209E-02  1.60000E+01 -2.00000E+00  2.50000E+03 -3.00000E+00  1.00000E+00  1.57226-316
  2.55000E-01 -1.30000E+04  1.43097E-01  7.84456E-01  8.63169E-03  3.99304E-02  1.60000E+01 -2.00000E+00  2.50000E+03 -3.00000E+00 -1.00000E+00 -3.43580E-02  1.19359E-01  2.23905E-02  4.60164E-02  1.60000E+01 -2.00000E+00  2.50000E+03 -3.00000E+00  1.00000E+00  1.57226-316
  2.55000E-01 -1.25000E+04  1.42264E-01  7.83300E-01  8.67018E-03  4.01962E-02  1.60000E+01 -2.00000E+00  2.50000E+03 -3.00000E+00 -1.00000E+00 -2.77289E-02  1.39998E-01  2.30762E-02  4.84476E-02  1.60000E+01 -2.00000E+00  2.50000E+03 -3.00000E+00  1.00000E+00  1.57226-316
  2.55000E-01 -1.20000E+04  1.41407E-01  7.82006E-01  8.70813E-03  4.04595E-02  1.60000E+01 -2.00000E+00  2.50000E+03 -3.00000E+00 -1.00000E+00 -2.06181E-02  1.62917E-01  2.38452E-02  5.11505E-02  1.60000E+01 -2.00000E+00  2.50000E+03 -3.00000E+00  1.00000E+00  1.57226-316
  2.55000E-01 -1.15000E+04  1.40526E-01  7.80568E-01  8.74549E-03  4.07201E-02  1.60000E+01 -2.00000E+00  2.50000E+03 -3.00000E+00 -1.00000E+00 -1.29395E-02  1.88500E-01  2.47106E-02  5.41685E-02  1.60000E+01 -2.00000E+00  2.50000E+03 -3.00000E+00  1.00000E+00  1.57226-316
  2.55000E-01 -1.10000E+04  1.39618E-01  7.78976E-01  8.78223E-03  4.09774E-02  1.60000E+01 -2.00000E+00  2.50000E+03 -3.00000E+00 -1.00000E+00 -4.58825E-03  2.17222E-01  2.56884E-02  5.75540E-02  1.60000E+01 -2.00000E+00  2.50000E+03 -3.00000E+00  1.00000E+00  1.57226-316
  2.55000E-01 -1.05000E+04  1.38684E-01  7.77222E-01  8.81827E-03  4.12311E-02  1.60000E+01 -2.00000E+00  2.50000E+03 -3.00000E+00 -1.00000E+00  4.56540E-03  2.49667E-01  2.67983E-02  6.13714E-02  1.60000E+01 -2.00000E+00  2.50000E+03 -3.00000E+00  1.00000E+00  1.57226-316
  2.55000E-01 -1.00000E+04  1.37723E-01  7.75296E-01  8.85356E-03  4.14808E-02  1.60000E+01 -2.00000E+00  2.50000E+03 -3.00000E+00 -1.00000E+00  1.46831E-02  2.86565E-01  2.80641E-02  6.56999E-02  1.60000E+01 -2.00000E+00  2.50000E+03 -3.00000E+00  1.00000E+00  1.57226-316
  2.55000E-01 -9.50000E+03  1.36732E-01  7.73189E-01  8.88798E-03  4.17259E-02  1.60000E+01 -2.00000E+00  2.50000E+03 -3.00000E+00 -1.00000E+00  2.59684E-02  3.28838E-01  2.95155E-02  7.06386E-02  1.60000E+01 -2.00000E+00  2.50000E+03 -3.00000E+00  1.00000E+00  1.57226-316
  2.55000E-01 -9.00000E+03  1.35712E-01  7.70891E-01  8.92153E-03  4.19661E-02  1.60000E+01 -2.00000E+00  2.50000E+03 -3.00000E+00 -1.00000E+00  3.86807E-02  3.77662E-01  3.11896E-02  7.63124E-02  1.60000E+01 -2.00000E+00  2.50000E+03 -3.00000E+00  1.00000E+00  1.57226-316
  2.55000E-01 -8.50000E+03  1.34661E-01  7.68392E-01  8.95416E-03  4.22008E-02  1.60000E+01 -2.00000E+00  2.50000E+03 -3.00000E+00 -1.00000E+00  5.31549E-02  4.34564E-01  3.31333E-02  8.28805E-02  1.60000E+01 -2.00000E+00  2.50000E+03 -3.00000E+00  1.00000E+00  1.57226-316
  2.55000E-01 -8.00000E+03  1.33578E-01  7.65679E-01  8.98578E-03  4.24295E-02  1.60000E+01 -2.00000E+00  2.50000E+03 -3.00000E+00 -1.00000E+00  6.98292E-02  5.01554E-01  3.54069E-02  9.05495E-02  1.60000E+01 -2.00000E+00  2.50000E+03 -3.00000E+00  1.00000E+00  1.57226-316
  2.55000E-01 -7.50000E+03  1.32463E-01  7.62742E-01  9.01635E-03  4.26516E-02  1.60000E+01 -2.00000E+00  2.50000E+03 -3.00000E+00 -1.00000E+00  8.92866E-02  5.81327E-01  3.80882E-02  9.95906E-02  1.60000E+01 -2.00000E+00  2.50000E+03 -3.00000E+00  1.00000E+00  1.57226-316
  2.55000E-01 -7.00000E+03  1.31313E-01  7.59567E-01  9.04578E-03  4.28665E-02  1.60000E+01 -2.00000E+00  2.50000E+03 -3.00000E+00 -1.00000E+00  1.12317E-01  6.77571E-01  4.12800E-02  1.10367E-01  1.60000E+01 -2.00000E+00  2.50000E+03 -3.00000E+00  1.00000E+00  1.57226-316
  2.55000E-01 -6.50000E+03  1.30129E-01  7.56143E-01  9.07400E-03  4.30737E-02  1.60000E+01 -2.00000E+00  2.50000E+03 -3.00000E+00 -1.00000E+00  1.40013E-01  7.95460E-01  4.51198E-02  1.23375E-01  1.60000E+01 -2.00000E+00  2.50000E+03 -3.00000E+00  1.00000E+00  1.57226-316
  2.55000E-01 -6.00000E+03  1.28907E-01  7.52455E-01  9.10095E-03  4.32725E-02  1.60000E+01 -2.00000E+00  2.50000E+03 -3.00000E+00 -1.00000E+00  1.73529E-01  9.42122E-01  4.99664E-02  1.39455E-01  1.60000E+01 -2.00000E+00  2.50000E+03 -3.00000E+00  1.00000E+00  1.57226-316
  2.55000E-01 -5.50000E+03  1.27648E-01  7.48490E-01  9.12653E-03  4.34620E-02  1.60000E+01 -2.00000E+00  2.50000E+03 -3.00000E+00 -1.00000E+00  2.15501E-01  1.12904E+00  5.59515E-02  1.59491E-01  1.60000E+01 -2.00000E+00  2.50000E+03 -3.00000E+00  1.00000E+00  1.57226-316
  2.55000E-01 -5.00000E+03  1.26350E-01  7.44232E-01  9.15067E-03  4.36418E-02  1.60000E+01 -2.00000E+00  2.50000E+03 -3.00000E+00 -1.00000E+00  2.69368E-01  1.37363E+00  6.34426E-02  1.84953E-01  1.60000E+01 -2.00000E+00  2.50000E+03 -3.00000E+00  1.00000E+00  1.57226-316
  2.55000E-01 -4.50000E+03  1.25011E-01  7.39666E-01  9.17328E-03  4.38108E-02  1.60000E+01 -2.00000E+00  2.50000E+03 -3.00000E+00 -1.00000E+00  3.40361E-01  1.70433E+00  7.30588E-02  2.18171E-01  1.60000E+01 -2.00000E+00  2.50000E+03 -3.00000E+00  1.00000E+00  1.57226-316
  2.55000E-01 -4.00000E+03  1.23631E-01  7.34776E-01  9.19426E-03  4.39685E-02  1.60000E+01 -2.00000E+00  2.50000E+03 -3.00000E+00 -1.00000E+00  4.37585E-01  2.17089E+00  8.56093E-02  2.62861E-01  1.60000E+01 -2.00000E+00  2.50000E+03 -3.00000E+00  1.00000E+00  1.57226-316
  2.55000E-01 -3.50000E+03  1.22206E-01  7.29544E-01  9.21353E-03  4.41138E-02  1.60000E+01 -2.00000E+00  2.50000E+03 -3.00000E+00 -1.00000E+00  5.76770E-01  2.86590E+00  1.02522E-01  3.25535E-01  1.60000E+01 -2.00000E+00  2.50000E+03 -3.00000E+00  1.00000E+00  1.57226-316
  2.55000E-01 -3.00000E+03  1.20737E-01  7.23952E-01  9.23099E-03  4.42459E-02  1.60000E+01 -2.00000E+00  2.50000E+03 -3.00000E+00 -1.00000E+00  7.87817E-01  3.97339E+00  1.26259E-01  4.18325E-01  1.60000E+01 -2.00000E+00  2.50000E+03 -3.00000E+00  1.00000E+00  1.57226-316
  2.55000E-01 -2.50000E+03  1.19222E-01  7.17980E-01  9.24655E-03  4.43638E-02  1.60000E+01 -2.00000E+00  2.50000E+03 -3.00000E+00 -1.00000E+00  1.13095E+00  5.87033E+00  1.61381E-01  5.65263E-01  1.60000E+01 -2.00000E+00  2.50000E+03 -3.00000E+00  1.00000E+00  1.57226-316
  2.55000E-01 -2.00000E+03  1.17658E-01  7.11611E-01  9.26014E-03  4.44668E-02  1.60000E+01 -2.00000E+00  2.50000E+03 -3.00000E+00 -1.00000E+00  1.72829E+00  9.29655E+00  2.16785E-01  8.14560E-01  1.60000E+01 -2.00000E+00  2.50000E+03 -3.00000E+00  1.00000E+00  1.57226-316
  2.55000E-01 -1.50000E+03  1.16045E-01  7.04828E-01  9.27173E-03  4.45539E-02  1.60000E+01 -2.00000E+00  2.50000E+03 -3.00000E+00 -1.00000E+00  2.79791E+00  1.54480E+01  3.08311E-01  1.25122E+00  1.60000E+01 -2.00000E+00  2.50000E+03 -3.00000E+00  1.00000E+00  1.57226-316
  2.55000E-01 -1.00000E+03  1.14383E-01  6.97621E-01  9.28108E-03  4.46244E-02  1.60000E+01 -2.00000E+00  2.50000E+03 -3.00000E+00 -1.00000E+00  4.44928E+00  2.45957E+01  4.45328E-01  1.91358E+00  1.60000E+01 -2.00000E+00  2.50000E+03 -3.00000E+00  1.00000E+00  1.57226-316
  2.55000E-01 -5.00000E+02  1.12671E-01  6.89990E-01  9.28823E-03  4.46780E-02  1.60000E+01 -2.00000E+00  2.50000E+03 -3.00000E+00 -1.00000E+00  5.63130E+00  3.05386E+01  5.46867E-01  2.36928E+00  1.60000E+01 -2.00000E+00  2.50000E+03 -3.00000E+00  1.00000E+00  1.57226-316
  2.55000E-01 -1.72483E-11  1.10910E-01  6.81935E-01  9.29298E-03  4.47143E-02  1.60000E+01 -2.00000E+00  2.50000E+03 -3.00000E+00 -1.00000E+00  5.50188E+00  2.93579E+01  5.34639E-01  2.27949E+00  1.60000E+01 -2.00000E+00  2.50000E+03 -3.00000E+00  1.00000E+00  1.57226-316
  2.55000E-01  5.00000E+02  1.09060E-01  6.73146E-01  9.29256E-03  4.47165E-02  1.60000E+01 -2.00000E+00  2.50000E+03 -3.00000E+00 -1.00000E+00  4.50073E+00  2.37044E+01  4.43686E-01  1.84040E+00  1.60000E+01 -2.00000E+00  2.50000E+03 -3.00000E+00  1.00000E+00  1.57226-316
  2.55000E-01  1.00000E+03  1.07162E-01  6.63936E-01  9.28966E-03  4.47006E-02  1.60000E+01 -2.00000E+00  2.50000E+03 -3.00000E+00 -1.00000E+00  2.99623E+00  1.50547E+01  3.16855E-01  1.22054E+00  1.60000E+01 -2.00000E+00  2.50000E+03 -3.00000E+00  1.00000E+00  1.57226-316
  2.55000E-01  1.50000E+03  1.05218E-01  6.54312E-01  9.28445E-03  4.46666E-02  1.60000E+01 -2.00000E+00  2.50000E+03 -3.00000E+00 -1.00000E+00  1.92735E+00  8.88420E+00  2.23900E-01  7.84254E-01  1.60000E+01 -2.00000E+00  2.50000E+03 -3.00000E+00  1.00000E+00  1.57226-316
  2.55000E-01  2.00000E+03  1.03230E-01  6.44292E-01  9.27687E-03  4.46146E-02  1.60000E+01 -2.00000E+00  2.50000E+03 -3.00000E+00 -1.00000E+00  1.37233E+00  5.98264E+00  1.68219E-01  5.52767E-01  1.60000E+01 -2.00000E+00  2.50000E+03 -3.00000E+00  1.00000E+00  1.57226-316
  2.55000E-01  2.50000E+03  1.01200E-01  6.33897E-01  9.26712E-03  4.45451E-02  1.60000E+01 -2.00000E+00  2.50000E+03 -3.00000E+00 -1.00000E+00  1.04883E+00  4.41771E+00  1.32156E-01  4.15689E-01  1.60000E+01 -2.00000E+00  2.50000E+03 -3.00000E+00  1.00000E+00  1.57226-316
  2.55000E-01  3.00000E+03  9.91318E-02  6.23149E-01  9.25522E-03  4.44587E-02  1.60000E+01 -2.00000E+00  2.50000E+03 -3.00000E+00 -1.00000E+00  8.40944E-01  3.45892E+00  1.07377E-01  3.26845E-01  1.60000E+01 -2.00000E+00  2.50000E+03 -3.00000E+00  1.00000E+00  1.57226-316
  2.55000E-01  3.50000E+03  9.70271E-02  6.12078E-01  9.24121E-03  4.43560E-02  1.60000E+01 -2.00000E+00  2.50000E+03 -3.00000E+00 -1.00000E+00  6.98057E-01  2.81935E+00  8.95464E-02  2.65519E-01  1.60000E+01 -2.00000E+00  2.50000E+03 -3.00000E+00  1.00000E+00  1.57226-316
  2.55000E-01  4.00000E+03  9.48898E-02  6.00713E-01  9.22517E-03  4.42377E-02  1.60000E+01 -2.00000E+00  2.50000E+03 -3.00000E+00 -1.00000E+00  5.94895E-01  2.36644E+00  7.62644E-02  2.21178E-01  1.60000E+01 -2.00000E+00  2.50000E+03 -3.00000E+00  1.00000E+00  1.57226-316
  2.55000E-01  4.50000E+03  9.27232E-02  5.89086E-01  9.20719E-03  4.41047E-02  1.60000E+01 -2.00000E+00  2.50000E+03 -3.00000E+00 -1.00000E+00  5.17557E-01  2.03111E+00  6.60870E-02  1.87939E-01  1.60000E+01 -2.00000E+00  2.50000E+03 -3.00000E+00  1.00000E+00  1.57226-316
  2.55000E-01  5.00000E+03  9.05308E-02  5.77229E-01  9.18735E-03  4.39579E-02  1.60000E+01 -2.00000E+00  2.50000E+03 -3.00000E+00 -1.00000E+00  4.57830E-01  1.77415E+00  5.80979E-02  1.62293E-01  1.60000E+01 -2.00000E+00  2.50000E+03 -3.00000E+00  1.00000E+00  1.57226-316
  2.55000E-01  5.50000E+03  8.83158E-02  5.65174E-01  9.16576E-03  4.37983E-02  1.60000E+01 -2.00000E+00  2.50000E+03 -3.00000E+00 -1.00000E+00  4.10662E-01  1.57182E+00  5.17645E-02  1.42064E-01  1.60000E+01 -2.00000E+00  2.50000E+03 -3.00000E+00  1.00000E+00  1.57226-316
  2.55000E-01  6.00000E+03  8.60815E-02  5.52951E-01  9.14251E-03  4.36266E-02  1.60000E+01 -2.00000E+00  2.50000E+03 -3.00000E+00 -1.00000E+00  3.72656E-01  1.40890E+00  4.66279E-02  1.25773E-01  1.60000E+01 -2.00000E+00  2.50000E+03 -3.00000E+00  1.00000E+00  1.57226-316
  2.55000E-01  6.50000E+03  8.38309E-02  5.40588E-01  9.11769E-03  4.34437E-02  1.60000E+01 -2.00000E+00  2.50000E+03 -3.00000E+00 -1.00000E+00  3.41590E-01  1.27531E+00  4.24181E-02  1.12449E-01  1.60000E+01 -2.00000E+00  2.50000E+03 -3.00000E+00  1.00000E+00  1.57226-316
  2.55000E-01  7.00000E+03  8.15670E-02  5.28112E-01  9.09139E-03  4.32505E-02  1.60000E+01 -2.00000E+00  2.50000E+03 -3.00000E+00 -1.00000E+00  3.16270E-01  1.16443E+00  3.90660E-02  1.01517E-01  1.60000E+01 -2.00000E+00  2.50000E+03 -3.00000E+00  1.00000E+00  1.57226-316
  2.55000E-01  7.50000E+03  7.92926E-02  5.15549E-01  9.06370E-03  4.30476E-02  1.60000E+01 -2.00000E+00  2.50000E+03 -3.00000E+00 -1.00000E+00  2.95126E-01  1.07092E+00  3.62540E-02  9.23330E-02  1.60000E+01 -2.00000E+00  2.50000E+03 -3.00000E+00  1.00000E+00  1.57226-316
  2.55000E-01  8.00000E+03  7.70102E-02  5.02921E-01  9.03470E-03  4.28360E-02  1.60000E+01 -2.00000E+00  2.50000E+03 -3.00000E+00 -1.00000E+00  2.77313E-01  9.91166E-01  3.38729E-02  8.45341E-02  1.60000E+01 -2.00000E+00  2.50000E+03 -3.00000E+00  1.00000E+00  1.57226-316
  2.55000E-01  8.50000E+03  7.47225E-02  4.90252E-01  9.00446E-03  4.26163E-02  1.60000E+01 -2.00000E+00  2.50000E+03 -3.00000E+00 -1.00000E+00  2.62198E-01  9.22482E-01  3.18396E-02  7.78476E-02  1.60000E+01 -2.00000E+00  2.50000E+03 -3.00000E+00  1.00000E+00  1.57226-316
  2.55000E-01  9.00000E+03  7.24316E-02  4.77561E-01  8.97307E-03  4.23891E-02  1.60000E+01 -2.00000E+00  2.50000E+03 -3.00000E+00 -1.00000E+00  2.49297E-01  8.62820E-01  3.00903E-02  7.20660E-02  1.60000E+01 -2.00000E+00  2.50000E+03 -3.00000E+00  1.00000E+00  1.57226-316
  2.55000E-01  9.50000E+03  7.01398E-02  4.64866E-01  8.94060E-03  4.21552E-02  1.60000E+01 -2.00000E+00  2.50000E+03 -3.00000E+00 -1.00000E+00  2.38234E-01  8.10603E-01  2.85752E-02  6.70287E-02  1.60000E+01 -2.00000E+00  2.50000E+03 -3.00000E+00  1.00000E+00  1.57226-316
  2.55000E-01  1.00000E+04  6.78490E-02  4.52185E-01  8.90714E-03  4.19151E-02  1.60000E+01 -2.00000E+00  2.50000E+03 -3.00000E+00 -1.00000E+00  2.28712E-01  7.64598E-01  2.72549E-02  6.26099E-02  1.60000E+01 -2.00000E+00  2.50000E+03 -3.00000E+00  1.00000E+00  1.57226-316
  2.55000E-01  1.05000E+04  6.55614E-02  4.39534E-01  8.87266E-03  4.16694E-02  1.60000E+01 -2.00000E+00  2.50000E+03 -3.00000E+00 -1.00000E+00  2.20496E-01  7.23823E-01  2.60981E-02  5.87098E-02  1.60000E+01 -2.00000E+00  2.50000E+03 -3.00000E+00  1.00000E+00  1.57226-316
  2.55000E-01  1.10000E+04  6.32786E-02  4.26927E-01  8.83733E-03  4.14187E-02  1.60000E+01 -2.00000E+00  2.50000E+03 -3.00000E+00 -1.00000E+00  2.13395E-01  6.87491E-01  2.50794E-02  5.52481E-02  1.60000E+01 -2.00000E+00  2.50000E+03 -3.00000E+00  1.00000E+00  1.57226-316
  2.55000E-01  1.15000E+04  6.10022E-02  4.14376E-01  8.80119E-03  4.11635E-02  1.60000E+01 -2.00000E+00  2.50000E+03 -3.00000E+00 -1.00000E+00  2.07254E-01  6.54964E-01  2.41784E-02  5.21599E-02  1.60000E+01 -2.00000E+00  2.50000E+03 -3.00000E+00  1.00000E+00  1.57226-316
  2.55000E-01  1.20000E+04  5.87336E-02  4.01893E-01  8.76432E-03  4.09044E-02  1.60000E+01 -2.00000E+00  2.50000E+03 -3.00000E+00 -1.00000E+00  2.01946E-01  6.25719E-01  2.33782E-02  4.93921E-02  1.60000E+01 -2.00000E+00  2.50000E+03 -3.00000E+00  1.00000E+00  1.57226-316
  2.55000E-01  1.25000E+04  5.64742E-02  3.89490E-01  8.72677E-03  4.06417E-02  1.60000E+01 -2.00000E+00  2.50000E+03 -3.00000E+00 -1.00000E+00  1.97364E-01  5.99321E-01  2.26649E-02  4.69007E-02  1.60000E+01 -2.00000E+00  2.50000E+03 -3.00000E+00  1.00000E+00  1.57226-316
  2.55000E-01  1.30000E+04  5.42253E-02  3.77175E-01  8.68860E-03  4.03759E-02  1.60000E+01 -2.00000E+00  2.50000E+03 -3.00000E+00 -1.00000E+00  1.93421E-01  5.75410E-01  2.20267E-02  4.46494E-02  1.60000E+01 -2.00000E+00  2.50000E+03 -3.00000E+00  1.00000E+00  1.57226-316
  2.55000E-01  1.35000E+04  5.19882E-02  3.64958E-01  8.64986E-03  4.01073E-02  1.60000E+01 -2.00000E+00  2.50000E+03 -3.00000E+00 -1.00000E+00  1.90040E-01  5.53683E-01  2.14542E-02  4.26077E-02  1.60000E+01 -2.00000E+00  2.50000E+03 -3.00000E+00  1.00000E+00  1.57226-316
  2.55000E-01  1.40000E+04  4.97637E-02  3.52845E-01  8.61059E-03  3.98365E-02  1.60000E+01 -2.00000E+00  2.50000E+03 -3.00000E+00 -1.00000E+00  1.87160E-01  5.33884E-01  2.09390E-02  4.07498E-02  1.60000E+01 -2.00000E+00  2.50000E+03 -3.00000E+00  1.00000E+00  1.57226-316
  2.55000E-01  1.45000E+04  4.75530E-02  3.40844E-01  8.57085E-03  3.95637E-02  1.60000E+01 -2.00000E+00  2.50000E+03 -3.00000E+00 -1.00000E+00  1.84726E-01  5.15794E-01  2.04742E-02  3.90538E-02  1.60000E+01 -2.00000E+00  2.50000E+03 -3.00000E+00  1.00000E+00  1.57226-316
  2.55000E-01  1.50000E+04  4.53569E-02  3.28961E-01  8.53068E-03  3.92892E-02  1.60000E+01 -2.00000E+00  2.50000E+03 -3.00000E+00 -1.00000E+00  1.82692E-01  4.99227E-01  2.00539E-02  3.75013E-02  1.60000E+01 -2.00000E+00  2.50000E+03 -3.00000E+00  1.00000E+00  1.57226-316
  2.55000E-01  1.55000E+04  4.31763E-02  3.17200E-01  8.49013E-03  3.90134E-02  1.60000E+01 -2.00000E+00  2.50000E+03 -3.00000E+00 -1.00000E+00  1.81019E-01  4.84022E-01  1.96730E-02  3.60762E-02  1.60000E+01 -2.00000E+00  2.50000E+03 -3.00000E+00  1.00000E+00  1.57226-316
  2.55000E-01  1.60000E+04  4.10117E-02  3.05567E-01  8.44922E-03  3.87366E-02  1.60000E+01 -2.00000E+00  2.50000E+03 -3.00000E+00 -1.00000E+00  1.79670E-01  4.70041E-01  1.93272E-02  3.47647E-02  1.60000E+01 -2.00000E+00  2.50000E+03 -3.00000E+00  1.00000E+00  1.57226-316
  2.55000E-01  1.65000E+04  3.88641E-02  2.94067E-01  8.40801E-03  3.84590E-02  1.60000E+01 -2.00000E+00  2.50000E+03 -3.00000E+00 -1.00000E+00  1.78617E-01  4.57161E-01  1.90127E-02  3.35551E-02  1.60000E+01 -2.00000E+00  2.50000E+03 -3.00000E+00  1.00000E+00  1.57226-316
  2.55000E-01  1.70000E+04  3.67338E-02  2.82701E-01  8.36652E-03  3.81808E-02  1.60000E+01 -2.00000E+00  2.50000E+03 -3.00000E+00 -1.00000E+00  1.77833E-01  4.45279E-01  1.87261E-02  3.24368E-02  1.60000E+01 -2.00000E+00  2.50000E+03 -3.00000E+00  1.00000E+00  1.57226-316
  2.55000E-01  1.75000E+04  3.46215E-02  2.71473E-01  8.32480E-03  3.79023E-02  1.60000E+01 -2.00000E+00  2.50000E+03 -3.00000E+00 -1.00000E+00  1.77294E-01  4.34301E-01  1.84648E-02  3.14009E-02  1.60000E+01 -2.00000E+00  2.50000E+03 -3.00000E+00  1.00000E+00  1.57226-316
  2.55000E-01  1.80000E+04  3.25276E-02  2.60386E-01  8.28286E-03  3.76238E-02  1.60000E+01 -2.00000E+00  2.50000E+03 -3.00000E+00 -1.00000E+00  1.76980E-01  4.24145E-01  1.82260E-02  3.04394E-02  1.60000E+01 -2.00000E+00  2.50000E+03 -3.00000E+00  1.00000E+00  1.57226-316
  2.55000E-01  1.85000E+04  3.04525E-02  2.49442E-01  8.24075E-03  3.73453E-02  1.60000E+01 -2.00000E+00  2.50000E+03 -3.00000E+00 -1.00000E+00  1.76874E-01  4.14741E-01  1.80077E-02  2.95453E-02  1.60000E+01 -2.00000E+00  2.50000E+03 -3.00000E+00  1.00000E+00  1.57226-316
  2.55000E-01  1.90000E+04  2.83967E-02  2.38642E-01  8.19849E-03  3.70671E-02  1.60000E+01 -2.00000E+00  2.50000E+03 -3.00000E+00 -1.00000E+00  1.76958E-01  4.06023E-01  1.78080E-02  2.87126E-02  1.60000E+01 -2.00000E+00  2.50000E+03 -3.00000E+00  1.00000E+00  1.57226-316
  2.55000E-01  1.95000E+04  2.63603E-02  2.27988E-01  8.15611E-03  3.67894E-02  1.60000E+01 -2.00000E+00  2.50000E+03 -3.00000E+00 -1.00000E+00  1.77219E-01  3.97937E-01  1.76250E-02  2.79356E-02  1.60000E+01 -2.00000E+00  2.50000E+03 -3.00000E+00  1.00000E+00  1.57226-316
  2.55000E-01  2.00000E+04  2.43438E-02  2.17480E-01  8.11364E-03  3.65124E-02  1.60000E+01 -2.00000E+00  2.50000E+03 -3.00000E+00 -1.00000E+00  1.77644E-01  3.90429E-01  1.74573E-02  2.72096E-02  1.60000E+01 -2.00000E+00  2.50000E+03 -3.00000E+00  1.00000E+00  1.57226-316
