 0.10000E+01	 0.00000E+00	 0.00000E+00	 0.14425E+00	 0.49711E+00	 0.49711E+00	 0.12886E-02	 0.12886E-02	 0.30152E-02	 0.30152E-02	 0.45723E+01	 0.10005E+04	 0.21891E+06	 0.33750E-13	 0.57280E+00	-0.10352E+01	 0.00000E+00	-0.11250E+02	 0.13427E+01
 0.10000E+00	 0.00000E+00	 0.00000E+00	 0.14425E+00	 0.63502E-01	 0.63502E-01	 0.26193E-01	 0.26193E-01	 0.63653E+00	 0.63653E+00	 0.45723E+01	 0.10005E+04	 0.21891E+06	 0.22500E-13	 0.57280E+00	-0.10352E+01	 0.00000E+00	-0.11250E+02	 0.13427E+01
 0.10000E+02	 0.00000E+00	 0.00000E+00	 0.14425E+00	 0.49314E+01	 0.49314E+01	 0.13741E-04	 0.13741E-04	 0.32793E-05	 0.32793E-05	 0.45723E+01	 0.10005E+04	 0.21891E+06	 0.68212E-11	 0.57280E+00	-0.10352E+01	 0.00000E+00	-0.11250E+02	 0.13427E+01
 0.10000E-01	 0.00000E+00	 0.00000E+00	 0.14425E+00	 0.41745E-01	 0.41745E-01	-0.12906E+00	-0.12906E+00	 0.22079E+02	 0.22079E+02	 0.45723E+01	 0.10005E+04	 0.21891E+06	 0.79399E-12	 0.57280E+00	-0.10352E+01	 0.00000E+00	-0.11250E+02	 0.13427E+01
 0.10000E+03	 0.00000E+00	 0.00000E+00	 0.14425E+00	 0.49310E+02	 0.49310E+02	 0.13751E-06	 0.13751E-06	 0.32822E-08	 0.32822E-08	 0.45723E+01	 0.10005E+04	 0.21891E+06	 0.22744E-09	 0.57280E+00	-0.10352E+01	 0.00000E+00	-0.11250E+02	 0.13427E+01
 0.10000E-02	 0.00000E+00	 0.00000E+00	 0.14425E+00	 0.79771E-01	 0.78410E-01	-0.11997E+01	-0.11990E+01	 0.32868E+03	 0.32710E+03	 0.45723E+01	 0.10005E+04	 0.21891E+06	 0.40327E-10	 0.57280E+00	-0.10352E+01	 0.00000E+00	-0.11250E+02	 0.13427E+01
 0.10000E-03	 0.00000E+00	 0.00000E+00	 0.14425E+00	 0.50879E+00	 0.40044E+00	-0.17792E+01	-0.18049E+01	 0.38234E+04	 0.36336E+04	 0.45723E+01	 0.10005E+04	 0.21891E+06	 0.51690E-08	 0.57280E+00	-0.10352E+01	 0.00000E+00	-0.11250E+02	 0.13427E+01
 0.10000E-04	 0.00000E+00	 0.00000E+00	 0.14425E+00	 0.50273E+01	 0.25308E+01	-0.12215E+01	-0.12031E+01	 0.41664E+05	 0.36984E+05	 0.45723E+01	 0.10005E+04	 0.21891E+06	 0.60619E-06	 0.57280E+00	-0.10352E+01	 0.00000E+00	-0.11250E+02	 0.13427E+01
 0.10000E-05	 0.00000E+00	 0.00000E+00	 0.14425E+00	 0.50264E+02	 0.11454E+02	-0.12049E+01	 0.70268E+00	 0.44988E+06	 0.37065E+06	 0.45723E+01	 0.10005E+04	 0.21891E+06	 0.58588E-04	 0.57280E+00	-0.10352E+01	 0.00000E+00	-0.11250E+02	 0.13427E+01
 0.30000E+01	 0.00000E+00	 0.00000E+00	 0.14425E+00	 0.14807E+01	 0.14807E+01	 0.15164E-03	 0.15164E-03	 0.12035E-03	 0.12035E-03	 0.45723E+01	 0.10005E+04	 0.21891E+06	 0.56600E-12	 0.57280E+00	-0.10352E+01	 0.00000E+00	-0.11250E+02	 0.13427E+01
 0.30000E+00	 0.00000E+00	 0.00000E+00	 0.14425E+00	 0.15724E+00	 0.15724E+00	 0.91331E-02	 0.91331E-02	 0.67143E-01	 0.67143E-01	 0.45723E+01	 0.10005E+04	 0.21891E+06	 0.74680E-14	 0.57280E+00	-0.10352E+01	 0.00000E+00	-0.11250E+02	 0.13427E+01
 0.30000E+02	 0.00000E+00	 0.00000E+00	 0.14425E+00	 0.14793E+02	 0.14793E+02	 0.15277E-05	 0.15277E-05	 0.12155E-06	 0.12155E-06	 0.45723E+01	 0.10005E+04	 0.21891E+06	 0.10815E-10	 0.57280E+00	-0.10352E+01	 0.00000E+00	-0.11250E+02	 0.13427E+01
 0.30000E-01	 0.00000E+00	 0.00000E+00	 0.14425E+00	 0.39437E-01	 0.39437E-01	 0.19663E-01	 0.19663E-01	 0.49084E+01	 0.49084E+01	 0.45723E+01	 0.10005E+04	 0.21891E+06	 0.15419E-12	 0.57280E+00	-0.10352E+01	 0.00000E+00	-0.11250E+02	 0.13427E+01
 0.30000E+03	 0.00000E+00	 0.00000E+00	 0.14425E+00	 0.14793E+03	 0.14793E+03	 0.15279E-07	 0.15279E-07	 0.12157E-09	 0.12157E-09	 0.45723E+01	 0.10005E+04	 0.21891E+06	 0.22555E-08	 0.57280E+00	-0.10352E+01	 0.00000E+00	-0.11250E+02	 0.13427E+01
 0.30000E-02	 0.00000E+00	 0.00000E+00	 0.14425E+00	 0.53290E-01	 0.53274E-01	-0.57850E+00	-0.57857E+00	 0.94933E+02	 0.94924E+02	 0.45723E+01	 0.10005E+04	 0.21891E+06	 0.27889E-11	 0.57280E+00	-0.10352E+01	 0.00000E+00	-0.11250E+02	 0.13427E+01
 0.30000E-03	 0.00000E+00	 0.00000E+00	 0.14425E+00	 0.18285E+00	 0.16412E+00	-0.16637E+01	-0.16627E+01	 0.12034E+04	 0.11732E+04	 0.45723E+01	 0.10005E+04	 0.21891E+06	 0.41332E-09	 0.57280E+00	-0.10352E+01	 0.00000E+00	-0.11250E+02	 0.13427E+01
 0.30000E-04	 0.00000E+00	 0.00000E+00	 0.14425E+00	 0.16776E+01	 0.10805E+01	-0.16361E+01	-0.16530E+01	 0.13372E+05	 0.12282E+05	 0.45723E+01	 0.10005E+04	 0.21891E+06	 0.40835E-07	 0.57280E+00	-0.10352E+01	 0.00000E+00	-0.11250E+02	 0.13427E+01
 0.30000E-05	 0.00000E+00	 0.00000E+00	 0.14425E+00	 0.16755E+02	 0.59316E+01	-0.74923E+00	-0.13728E-01	 0.14455E+06	 0.12347E+06	 0.45723E+01	 0.10005E+04	 0.21891E+06	 0.29902E-03	 0.57280E+00	-0.10352E+01	 0.00000E+00	-0.11250E+02	 0.13427E+01
 0.10000E+01	 0.10000E+00	-0.96600E-01	 0.14425E+00	 0.12322E-01	 0.12322E-01	 0.21399E-02	 0.21399E-02	 0.30720E-02	 0.30720E-02	 0.45723E+01	 0.10005E+04	 0.21891E+06	 0.51071E-13	 0.57280E+00	-0.10352E+01	 0.00000E+00	-0.11250E+02	 0.13427E+01
 0.10000E+00	 0.10000E+00	-0.96600E-01	 0.14425E+00	 0.26559E-01	 0.26559E-01	 0.35343E-01	 0.35343E-01	 0.62937E+00	 0.62937E+00	 0.45723E+01	 0.10005E+04	 0.21891E+06	 0.11532E-13	 0.57280E+00	-0.10352E+01	 0.00000E+00	-0.11250E+02	 0.13427E+01
 0.10000E+02	 0.10000E+00	-0.96600E-01	 0.14425E+00	 0.35509E-01	 0.35509E-01	 0.49113E-04	 0.49113E-04	 0.33982E-05	 0.33982E-05	 0.45723E+01	 0.10005E+04	 0.21891E+06	 0.87213E-13	 0.57280E+00	-0.10352E+01	 0.00000E+00	-0.11250E+02	 0.13427E+01
 0.10000E-01	 0.10000E+00	-0.96600E-01	 0.14425E+00	 0.49276E-01	 0.49276E-01	-0.54226E-01	-0.54226E-01	 0.20641E+02	 0.20641E+02	 0.45723E+01	 0.10005E+04	 0.21891E+06	 0.25204E-11	 0.57280E+00	-0.10352E+01	 0.00000E+00	-0.11250E+02	 0.13427E+01
 0.10000E+03	 0.10000E+00	-0.96600E-01	 0.14425E+00	 0.66617E-02	 0.66617E-02	 0.71794E-06	 0.71794E-06	 0.34197E-08	 0.34197E-08	 0.45723E+01	 0.10005E+04	 0.21891E+06	 0.52030E-11	 0.57280E+00	-0.10352E+01	 0.00000E+00	-0.11250E+02	 0.13427E+01
 0.10000E-02	 0.10000E+00	-0.96600E-01	 0.14425E+00	 0.21074E-01	 0.21064E-01	-0.92214E+00	-0.92234E+00	 0.32535E+03	 0.32275E+03	 0.45723E+01	 0.10005E+04	 0.21891E+06	 0.40984E-10	 0.57280E+00	-0.10352E+01	 0.00000E+00	-0.11250E+02	 0.13427E+01
 0.10000E-03	 0.10000E+00	-0.96600E-01	 0.14425E+00	 0.33495E-02	 0.33098E-02	-0.14809E+01	-0.14869E+01	 0.40472E+04	 0.36452E+04	 0.45723E+01	 0.10005E+04	 0.21891E+06	 0.68954E-08	 0.57280E+00	-0.10352E+01	 0.00000E+00	-0.11250E+02	 0.13427E+01
 0.10000E-04	 0.10000E+00	-0.96600E-01	 0.14425E+00	 0.48880E-03	 0.36008E-03	-0.18271E+01	-0.16076E+01	 0.46905E+05	 0.37006E+05	 0.45723E+01	 0.10005E+04	 0.21891E+06	 0.24188E-05	 0.57280E+00	-0.10352E+01	 0.00000E+00	-0.11250E+02	 0.13427E+01
 0.10000E-05	 0.10000E+00	-0.96600E-01	 0.14425E+00	 0.81874E-03	 0.36097E-04	-0.21967E+01	-0.16111E+01	 0.53146E+06	 0.37021E+06	 0.45723E+01	 0.10005E+04	 0.21891E+06	 0.49485E-03	 0.57280E+00	-0.10352E+01	 0.00000E+00	-0.11250E+02	 0.13427E+01
 0.30000E+01	 0.10000E+00	-0.96600E-01	 0.14425E+00	 0.22705E-01	 0.22705E-01	 0.30391E-03	 0.30391E-03	 0.12392E-03	 0.12392E-03	 0.45723E+01	 0.10005E+04	 0.21891E+06	 0.25951E-13	 0.57280E+00	-0.10352E+01	 0.00000E+00	-0.11250E+02	 0.13427E+01
 0.30000E+00	 0.10000E+00	-0.96600E-01	 0.14425E+00	 0.14676E-01	 0.14676E-01	 0.13164E-01	 0.13164E-01	 0.66899E-01	 0.66899E-01	 0.45723E+01	 0.10005E+04	 0.21891E+06	 0.15735E-13	 0.57280E+00	-0.10352E+01	 0.00000E+00	-0.11250E+02	 0.13427E+01
 0.30000E+02	 0.10000E+00	-0.96600E-01	 0.14425E+00	 0.20190E-01	 0.20190E-01	 0.75156E-05	 0.75156E-05	 0.12652E-06	 0.12652E-06	 0.45723E+01	 0.10005E+04	 0.21891E+06	 0.96987E-12	 0.57280E+00	-0.10352E+01	 0.00000E+00	-0.11250E+02	 0.13427E+01
 0.30000E-01	 0.10000E+00	-0.96600E-01	 0.14425E+00	 0.46552E-01	 0.46552E-01	 0.47886E-01	 0.47886E-01	 0.46927E+01	 0.46927E+01	 0.45723E+01	 0.10005E+04	 0.21891E+06	 0.91499E-13	 0.57280E+00	-0.10352E+01	 0.00000E+00	-0.11250E+02	 0.13427E+01
 0.30000E+03	 0.10000E+00	-0.96600E-01	 0.14425E+00	 0.22417E-02	 0.22417E-02	 0.80233E-07	 0.80233E-07	 0.12667E-09	 0.12667E-09	 0.45723E+01	 0.10005E+04	 0.21891E+06	 0.22434E-10	 0.57280E+00	-0.10352E+01	 0.00000E+00	-0.11250E+02	 0.13427E+01
 0.30000E-02	 0.10000E+00	-0.96600E-01	 0.14425E+00	 0.35795E-01	 0.35794E-01	-0.42538E+00	-0.42537E+00	 0.90335E+02	 0.90319E+02	 0.45723E+01	 0.10005E+04	 0.21891E+06	 0.33193E-11	 0.57280E+00	-0.10352E+01	 0.00000E+00	-0.11250E+02	 0.13427E+01
 0.30000E-03	 0.10000E+00	-0.96600E-01	 0.14425E+00	 0.85818E-02	 0.85652E-02	-0.12807E+01	-0.12866E+01	 0.12307E+04	 0.11759E+04	 0.45723E+01	 0.10005E+04	 0.21891E+06	 0.49480E-09	 0.57280E+00	-0.10352E+01	 0.00000E+00	-0.11250E+02	 0.13427E+01
 0.30000E-04	 0.10000E+00	-0.96600E-01	 0.14425E+00	 0.11573E-02	 0.10648E-02	-0.16513E+01	-0.15868E+01	 0.14642E+05	 0.12306E+05	 0.45723E+01	 0.10005E+04	 0.21891E+06	 0.11815E-06	 0.57280E+00	-0.10352E+01	 0.00000E+00	-0.11250E+02	 0.13427E+01
 0.30000E-05	 0.10000E+00	-0.96600E-01	 0.14425E+00	 0.39119E-03	 0.10827E-03	-0.20535E+01	-0.16108E+01	 0.16798E+06	 0.12340E+06	 0.45723E+01	 0.10005E+04	 0.21891E+06	 0.43502E-04	 0.57280E+00	-0.10352E+01	 0.00000E+00	-0.11250E+02	 0.13427E+01
 0.10000E+01	 0.10000E-01	-0.96600E-02	 0.14425E+00	 0.17840E+00	 0.17840E+00	 0.17954E-02	 0.17954E-02	 0.30150E-02	 0.30150E-02	 0.45723E+01	 0.10005E+04	 0.21891E+06	 0.19377E-13	 0.57280E+00	-0.10352E+01	 0.00000E+00	-0.11250E+02	 0.13427E+01
 0.10000E+00	 0.10000E-01	-0.96600E-02	 0.14425E+00	 0.63163E-01	 0.63163E-01	 0.26169E-01	 0.26169E-01	 0.63653E+00	 0.63653E+00	 0.45723E+01	 0.10005E+04	 0.21891E+06	 0.12784E-13	 0.57280E+00	-0.10352E+01	 0.00000E+00	-0.11250E+02	 0.13427E+01
 0.10000E+02	 0.10000E-01	-0.96600E-02	 0.14425E+00	 0.10166E+00	 0.10166E+00	 0.22990E-04	 0.22990E-04	 0.32802E-05	 0.32802E-05	 0.45723E+01	 0.10005E+04	 0.21891E+06	 0.46382E-12	 0.57280E+00	-0.10352E+01	 0.00000E+00	-0.11250E+02	 0.13427E+01
 0.10000E-01	 0.10000E-01	-0.96600E-02	 0.14425E+00	 0.39262E-01	 0.39262E-01	-0.11124E+00	-0.11124E+00	 0.21947E+02	 0.21947E+02	 0.45723E+01	 0.10005E+04	 0.21891E+06	 0.83173E-12	 0.57280E+00	-0.10352E+01	 0.00000E+00	-0.11250E+02	 0.13427E+01
 0.10000E+03	 0.10000E-01	-0.96600E-02	 0.14425E+00	 0.34919E+00	 0.34919E+00	 0.48536E-06	 0.48536E-06	 0.32834E-08	 0.32834E-08	 0.45723E+01	 0.10005E+04	 0.21891E+06	 0.27287E-10	 0.57280E+00	-0.10352E+01	 0.00000E+00	-0.11250E+02	 0.13427E+01
 0.10000E-02	 0.10000E-01	-0.96600E-02	 0.14425E+00	 0.28052E-01	 0.27621E-01	-0.60985E+00	-0.60974E+00	 0.32170E+03	 0.31999E+03	 0.45723E+01	 0.10005E+04	 0.21891E+06	 0.21525E-10	 0.57280E+00	-0.10352E+01	 0.00000E+00	-0.11250E+02	 0.13427E+01
 0.10000E-03	 0.10000E-01	-0.96600E-02	 0.14425E+00	 0.80653E-02	 0.55023E-02	-0.70283E+00	-0.63924E+00	 0.38198E+04	 0.35976E+04	 0.45723E+01	 0.10005E+04	 0.21891E+06	 0.14262E-07	 0.57280E+00	-0.10352E+01	 0.00000E+00	-0.11250E+02	 0.13427E+01
 0.10000E-04	 0.10000E-01	-0.96600E-02	 0.14425E+00	 0.23394E-02	 0.61047E-03	-0.70128E+00	-0.61475E+00	 0.41800E+05	 0.36393E+05	 0.45723E+01	 0.10005E+04	 0.21891E+06	 0.88427E-05	 0.57280E+00	-0.10352E+01	 0.00000E+00	-0.11250E+02	 0.13427E+01
 0.10000E-05	 0.10000E-01	-0.96600E-02	 0.14425E+00	 0.12015E-02	 0.61143E-04	-0.66525E+00	-0.61430E+00	 0.45163E+06	 0.36399E+06	 0.45723E+01	 0.10005E+04	 0.21891E+06	 0.33966E-02	 0.57280E+00	-0.10352E+01	 0.00000E+00	-0.11250E+02	 0.13427E+01
 0.30000E+01	 0.10000E-01	-0.96600E-02	 0.14425E+00	 0.10505E+00	 0.10505E+00	 0.24277E-03	 0.24277E-03	 0.12038E-03	 0.12038E-03	 0.45723E+01	 0.10005E+04	 0.21891E+06	 0.53773E-13	 0.57280E+00	-0.10352E+01	 0.00000E+00	-0.11250E+02	 0.13427E+01
 0.30000E+00	 0.10000E-01	-0.96600E-02	 0.14425E+00	 0.13618E+00	 0.13618E+00	 0.97020E-02	 0.97020E-02	 0.67127E-01	 0.67127E-01	 0.45723E+01	 0.10005E+04	 0.21891E+06	 0.67237E-14	 0.57280E+00	-0.10352E+01	 0.00000E+00	-0.11250E+02	 0.13427E+01
 0.30000E+02	 0.10000E-01	-0.96600E-02	 0.14425E+00	 0.21488E+00	 0.21488E+00	 0.30045E-05	 0.30045E-05	 0.12159E-06	 0.12159E-06	 0.45723E+01	 0.10005E+04	 0.21891E+06	 0.59115E-11	 0.57280E+00	-0.10352E+01	 0.00000E+00	-0.11250E+02	 0.13427E+01
 0.30000E-01	 0.10000E-01	-0.96600E-02	 0.14425E+00	 0.39257E-01	 0.39257E-01	 0.20875E-01	 0.20875E-01	 0.49024E+01	 0.49024E+01	 0.45723E+01	 0.10005E+04	 0.21891E+06	 0.39703E-12	 0.57280E+00	-0.10352E+01	 0.00000E+00	-0.11250E+02	 0.13427E+01
 0.30000E+03	 0.10000E-01	-0.96600E-02	 0.14425E+00	 0.20121E+00	 0.20121E+00	 0.74977E-07	 0.74977E-07	 0.12161E-09	 0.12161E-09	 0.45723E+01	 0.10005E+04	 0.21891E+06	 0.36485E-10	 0.57280E+00	-0.10352E+01	 0.00000E+00	-0.11250E+02	 0.13427E+01
 0.30000E-02	 0.10000E-01	-0.96600E-02	 0.14425E+00	 0.38980E-01	 0.38970E-01	-0.41792E+00	-0.41799E+00	 0.93160E+02	 0.93151E+02	 0.45723E+01	 0.10005E+04	 0.21891E+06	 0.48418E-11	 0.57280E+00	-0.10352E+01	 0.00000E+00	-0.11250E+02	 0.13427E+01
 0.30000E-03	 0.10000E-01	-0.96600E-02	 0.14425E+00	 0.14527E-01	 0.12807E-01	-0.67745E+00	-0.66020E+00	 0.11932E+04	 0.11593E+04	 0.45723E+01	 0.10005E+04	 0.21891E+06	 0.57966E-09	 0.57280E+00	-0.10352E+01	 0.00000E+00	-0.11250E+02	 0.13427E+01
 0.30000E-04	 0.10000E-01	-0.96600E-02	 0.14425E+00	 0.44726E-02	 0.18096E-02	-0.71970E+00	-0.61812E+00	 0.13401E+05	 0.12116E+05	 0.45723E+01	 0.10005E+04	 0.21891E+06	 0.54880E-06	 0.57280E+00	-0.10352E+01	 0.00000E+00	-0.11250E+02	 0.13427E+01
 0.30000E-05	 0.10000E-01	-0.96600E-02	 0.14425E+00	 0.11625E-02	 0.18341E-03	-0.69076E+00	-0.61434E+00	 0.14510E+06	 0.12133E+06	 0.45723E+01	 0.10005E+04	 0.21891E+06	 0.17679E-03	 0.57280E+00	-0.10352E+01	 0.00000E+00	-0.11250E+02	 0.13427E+01
 0.10000E+01	 0.10000E-02	-0.96600E-03	 0.14425E+00	 0.48804E+00	 0.48804E+00	 0.13031E-02	 0.13031E-02	 0.30152E-02	 0.30152E-02	 0.45723E+01	 0.10005E+04	 0.21891E+06	 0.53670E-13	 0.57280E+00	-0.10352E+01	 0.00000E+00	-0.11250E+02	 0.13427E+01
 0.10000E+00	 0.10000E-02	-0.96600E-03	 0.14425E+00	 0.63498E-01	 0.63498E-01	 0.26192E-01	 0.26192E-01	 0.63653E+00	 0.63653E+00	 0.45723E+01	 0.10005E+04	 0.21891E+06	 0.20077E-13	 0.57280E+00	-0.10352E+01	 0.00000E+00	-0.11250E+02	 0.13427E+01
 0.10000E+02	 0.10000E-02	-0.96600E-03	 0.14425E+00	 0.17560E+01	 0.17560E+01	 0.19475E-04	 0.19475E-04	 0.32793E-05	 0.32793E-05	 0.45723E+01	 0.10005E+04	 0.21891E+06	 0.10034E-11	 0.57280E+00	-0.10352E+01	 0.00000E+00	-0.11250E+02	 0.13427E+01
 0.10000E-01	 0.10000E-02	-0.96600E-03	 0.14425E+00	 0.41717E-01	 0.41717E-01	-0.12886E+00	-0.12886E+00	 0.22077E+02	 0.22077E+02	 0.45723E+01	 0.10005E+04	 0.21891E+06	 0.36043E-12	 0.57280E+00	-0.10352E+01	 0.00000E+00	-0.11250E+02	 0.13427E+01
 0.10000E+03	 0.10000E-02	-0.96600E-03	 0.14425E+00	 0.10143E+01	 0.10143E+01	 0.23006E-06	 0.23006E-06	 0.32822E-08	 0.32822E-08	 0.45723E+01	 0.10005E+04	 0.21891E+06	 0.38166E-10	 0.57280E+00	-0.10352E+01	 0.00000E+00	-0.11250E+02	 0.13427E+01
 0.10000E-02	 0.10000E-02	-0.96600E-03	 0.14425E+00	 0.77905E-01	 0.76580E-01	-0.11770E+01	-0.11763E+01	 0.32836E+03	 0.32678E+03	 0.45723E+01	 0.10005E+04	 0.21891E+06	 0.51740E-10	 0.57280E+00	-0.10352E+01	 0.00000E+00	-0.11250E+02	 0.13427E+01
 0.10000E-03	 0.10000E-02	-0.96600E-03	 0.14425E+00	 0.20055E+00	 0.16010E+00	-0.11783E+01	-0.11595E+01	 0.38170E+04	 0.36234E+04	 0.45723E+01	 0.10005E+04	 0.21891E+06	 0.40559E-08	 0.57280E+00	-0.10352E+01	 0.00000E+00	-0.11250E+02	 0.13427E+01
 0.10000E-04	 0.10000E-02	-0.96600E-03	 0.14425E+00	 0.10030E+00	 0.33768E-01	-0.81414E+00	-0.67304E+00	 0.41644E+05	 0.36785E+05	 0.45723E+01	 0.10005E+04	 0.21891E+06	 0.26994E-04	 0.57280E+00	-0.10352E+01	 0.00000E+00	-0.11250E+02	 0.13427E+01
 0.10000E-05	 0.10000E-02	-0.96600E-03	 0.14425E+00	 0.29103E-01	 0.35483E-02	-0.80272E+00	-0.63444E+00	 0.44980E+06	 0.36798E+06	 0.45723E+01	 0.10005E+04	 0.21891E+06	 0.15476E+00	 0.57280E+00	-0.10352E+01	 0.00000E+00	-0.11250E+02	 0.13427E+01
 0.30000E+01	 0.10000E-02	-0.96600E-03	 0.14425E+00	 0.12681E+01	 0.12681E+01	 0.16567E-03	 0.16567E-03	 0.12035E-03	 0.12035E-03	 0.45723E+01	 0.10005E+04	 0.21891E+06	 0.51942E-12	 0.57280E+00	-0.10352E+01	 0.00000E+00	-0.11250E+02	 0.13427E+01
 0.30000E+00	 0.10000E-02	-0.96600E-03	 0.14425E+00	 0.15699E+00	 0.15699E+00	 0.91397E-02	 0.91397E-02	 0.67143E-01	 0.67143E-01	 0.45723E+01	 0.10005E+04	 0.21891E+06	 0.99536E-14	 0.57280E+00	-0.10352E+01	 0.00000E+00	-0.11250E+02	 0.13427E+01
 0.30000E+02	 0.10000E-02	-0.96600E-03	 0.14425E+00	 0.10431E+01	 0.10431E+01	 0.24519E-05	 0.24519E-05	 0.12155E-06	 0.12155E-06	 0.45723E+01	 0.10005E+04	 0.21891E+06	 0.64339E-11	 0.57280E+00	-0.10352E+01	 0.00000E+00	-0.11250E+02	 0.13427E+01
 0.30000E-01	 0.10000E-02	-0.96600E-03	 0.14425E+00	 0.39435E-01	 0.39435E-01	 0.19676E-01	 0.19676E-01	 0.49083E+01	 0.49083E+01	 0.45723E+01	 0.10005E+04	 0.21891E+06	 0.20967E-12	 0.57280E+00	-0.10352E+01	 0.00000E+00	-0.11250E+02	 0.13427E+01
 0.30000E+03	 0.10000E-02	-0.96600E-03	 0.14425E+00	 0.21476E+01	 0.21476E+01	 0.30041E-07	 0.30041E-07	 0.12157E-09	 0.12157E-09	 0.45723E+01	 0.10005E+04	 0.21891E+06	 0.43886E-09	 0.57280E+00	-0.10352E+01	 0.00000E+00	-0.11250E+02	 0.13427E+01
 0.30000E-02	 0.10000E-02	-0.96600E-03	 0.14425E+00	 0.53071E-01	 0.53055E-01	-0.57602E+00	-0.57609E+00	 0.94905E+02	 0.94896E+02	 0.45723E+01	 0.10005E+04	 0.21891E+06	 0.29475E-11	 0.57280E+00	-0.10352E+01	 0.00000E+00	-0.11250E+02	 0.13427E+01
 0.30000E-03	 0.10000E-02	-0.96600E-03	 0.14425E+00	 0.15195E+00	 0.13669E+00	-0.14684E+01	-0.14633E+01	 0.12008E+04	 0.11702E+04	 0.45723E+01	 0.10005E+04	 0.21891E+06	 0.44112E-09	 0.57280E+00	-0.10352E+01	 0.00000E+00	-0.11250E+02	 0.13427E+01
 0.30000E-04	 0.10000E-02	-0.96600E-03	 0.14425E+00	 0.14085E+00	 0.82631E-01	-0.93128E+00	-0.82973E+00	 0.13360E+05	 0.12235E+05	 0.45723E+01	 0.10005E+04	 0.21891E+06	 0.22080E-06	 0.57280E+00	-0.10352E+01	 0.00000E+00	-0.11250E+02	 0.13427E+01
 0.30000E-05	 0.10000E-02	-0.96600E-03	 0.14425E+00	 0.60320E-01	 0.10597E-01	-0.77714E+00	-0.63784E+00	 0.14451E+06	 0.12265E+06	 0.45723E+01	 0.10005E+04	 0.21891E+06	 0.27651E-02	 0.57280E+00	-0.10352E+01	 0.00000E+00	-0.11250E+02	 0.13427E+01
 0.10000E+01	 0.10000E-03	-0.96600E-04	 0.14425E+00	 0.49702E+00	 0.49702E+00	 0.12888E-02	 0.12888E-02	 0.30152E-02	 0.30152E-02	 0.45723E+01	 0.10005E+04	 0.21891E+06	 0.49286E-13	 0.57280E+00	-0.10352E+01	 0.00000E+00	-0.11250E+02	 0.13427E+01
 0.10000E+00	 0.10000E-03	-0.96600E-04	 0.14425E+00	 0.63502E-01	 0.63502E-01	 0.26193E-01	 0.26193E-01	 0.63653E+00	 0.63653E+00	 0.45723E+01	 0.10005E+04	 0.21891E+06	 0.13861E-13	 0.57280E+00	-0.10352E+01	 0.00000E+00	-0.11250E+02	 0.13427E+01
 0.10000E+02	 0.10000E-03	-0.96600E-04	 0.14425E+00	 0.48409E+01	 0.48409E+01	 0.13905E-04	 0.13905E-04	 0.32793E-05	 0.32793E-05	 0.45723E+01	 0.10005E+04	 0.21891E+06	 0.61889E-11	 0.57280E+00	-0.10352E+01	 0.00000E+00	-0.11250E+02	 0.13427E+01
 0.10000E-01	 0.10000E-03	-0.96600E-04	 0.14425E+00	 0.41744E-01	 0.41744E-01	-0.12906E+00	-0.12906E+00	 0.22079E+02	 0.22079E+02	 0.45723E+01	 0.10005E+04	 0.21891E+06	 0.71408E-12	 0.57280E+00	-0.10352E+01	 0.00000E+00	-0.11250E+02	 0.13427E+01
 0.10000E+03	 0.10000E-03	-0.96600E-04	 0.14425E+00	 0.17557E+02	 0.17557E+02	 0.19492E-06	 0.19492E-06	 0.32822E-08	 0.32822E-08	 0.45723E+01	 0.10005E+04	 0.21891E+06	 0.58362E-10	 0.57280E+00	-0.10352E+01	 0.00000E+00	-0.11250E+02	 0.13427E+01
 0.10000E-02	 0.10000E-03	-0.96600E-04	 0.14425E+00	 0.79752E-01	 0.78391E-01	-0.11995E+01	-0.11987E+01	 0.32867E+03	 0.32709E+03	 0.45723E+01	 0.10005E+04	 0.21891E+06	 0.32186E-10	 0.57280E+00	-0.10352E+01	 0.00000E+00	-0.11250E+02	 0.13427E+01
 0.10000E-03	 0.10000E-03	-0.96600E-04	 0.14425E+00	 0.50002E+00	 0.39370E+00	-0.17549E+01	-0.17782E+01	 0.38229E+04	 0.36329E+04	 0.45723E+01	 0.10005E+04	 0.21891E+06	 0.10927E-07	 0.57280E+00	-0.10352E+01	 0.00000E+00	-0.11250E+02	 0.13427E+01
 0.10000E-04	 0.10000E-03	-0.96600E-04	 0.14425E+00	 0.21788E+01	 0.11535E+01	-0.93666E+00	-0.85361E+00	 0.41656E+05	 0.36933E+05	 0.45723E+01	 0.10005E+04	 0.21891E+06	 0.11976E-04	 0.57280E+00	-0.10352E+01	 0.00000E+00	-0.11250E+02	 0.13427E+01
 0.10000E-05	 0.10000E-03	-0.96600E-04	 0.14425E+00	 0.14347E+01	 0.20917E+00	-0.10991E+00	-0.73335E-01	 0.44984E+06	 0.36962E+06	 0.45723E+01	 0.10005E+04	 0.21891E+06	 0.21995E+01	 0.57280E+00	-0.10352E+01	 0.00000E+00	-0.11250E+02	 0.13427E+01
 0.30000E+01	 0.10000E-03	-0.96600E-04	 0.14425E+00	 0.14782E+01	 0.14782E+01	 0.15181E-03	 0.15181E-03	 0.12035E-03	 0.12035E-03	 0.45723E+01	 0.10005E+04	 0.21891E+06	 0.31197E-12	 0.57280E+00	-0.10352E+01	 0.00000E+00	-0.11250E+02	 0.13427E+01
 0.30000E+00	 0.10000E-03	-0.96600E-04	 0.14425E+00	 0.15723E+00	 0.15723E+00	 0.91331E-02	 0.91331E-02	 0.67143E-01	 0.67143E-01	 0.45723E+01	 0.10005E+04	 0.21891E+06	 0.10345E-13	 0.57280E+00	-0.10352E+01	 0.00000E+00	-0.11250E+02	 0.13427E+01
 0.30000E+02	 0.10000E-03	-0.96600E-04	 0.14425E+00	 0.12668E+02	 0.12668E+02	 0.16701E-05	 0.16701E-05	 0.12155E-06	 0.12155E-06	 0.45723E+01	 0.10005E+04	 0.21891E+06	 0.13157E-10	 0.57280E+00	-0.10352E+01	 0.00000E+00	-0.11250E+02	 0.13427E+01
 0.30000E-01	 0.10000E-03	-0.96600E-04	 0.14425E+00	 0.39436E-01	 0.39436E-01	 0.19663E-01	 0.19663E-01	 0.49084E+01	 0.49084E+01	 0.45723E+01	 0.10005E+04	 0.21891E+06	 0.26930E-12	 0.57280E+00	-0.10352E+01	 0.00000E+00	-0.11250E+02	 0.13427E+01
 0.30000E+03	 0.10000E-03	-0.96600E-04	 0.14425E+00	 0.10430E+02	 0.10430E+02	 0.24521E-07	 0.24521E-07	 0.12157E-09	 0.12157E-09	 0.45723E+01	 0.10005E+04	 0.21891E+06	 0.59148E-09	 0.57280E+00	-0.10352E+01	 0.00000E+00	-0.11250E+02	 0.13427E+01
 0.30000E-02	 0.10000E-03	-0.96600E-04	 0.14425E+00	 0.53288E-01	 0.53272E-01	-0.57848E+00	-0.57855E+00	 0.94933E+02	 0.94924E+02	 0.45723E+01	 0.10005E+04	 0.21891E+06	 0.46575E-11	 0.57280E+00	-0.10352E+01	 0.00000E+00	-0.11250E+02	 0.13427E+01
 0.30000E-03	 0.10000E-03	-0.96600E-04	 0.14425E+00	 0.18246E+00	 0.16377E+00	-0.16610E+01	-0.16598E+01	 0.12033E+04	 0.11731E+04	 0.45723E+01	 0.10005E+04	 0.21891E+06	 0.26885E-09	 0.57280E+00	-0.10352E+01	 0.00000E+00	-0.11250E+02	 0.13427E+01
 0.30000E-04	 0.10000E-03	-0.96600E-04	 0.14425E+00	 0.14286E+01	 0.92788E+00	-0.14819E+01	-0.14774E+01	 0.13368E+05	 0.12273E+05	 0.45723E+01	 0.10005E+04	 0.21891E+06	 0.35494E-07	 0.57280E+00	-0.10352E+01	 0.00000E+00	-0.11250E+02	 0.13427E+01
 0.30000E-05	 0.10000E-03	-0.96600E-04	 0.14425E+00	 0.18000E+01	 0.57232E+00	-0.49377E+00	-0.32463E+00	 0.14454E+06	 0.12320E+06	 0.45723E+01	 0.10005E+04	 0.21891E+06	 0.56010E-02	 0.57280E+00	-0.10352E+01	 0.00000E+00	-0.11250E+02	 0.13427E+01
 0.10000E+01	 0.10000E-04	-0.96600E-05	 0.14425E+00	 0.49711E+00	 0.49711E+00	 0.12887E-02	 0.12887E-02	 0.30152E-02	 0.30152E-02	 0.45723E+01	 0.10005E+04	 0.21891E+06	 0.40820E-13	 0.57280E+00	-0.10352E+01	 0.00000E+00	-0.11250E+02	 0.13427E+01
 0.10000E+00	 0.10000E-04	-0.96600E-05	 0.14425E+00	 0.63502E-01	 0.63502E-01	 0.26193E-01	 0.26193E-01	 0.63653E+00	 0.63653E+00	 0.45723E+01	 0.10005E+04	 0.21891E+06	 0.29356E-13	 0.57280E+00	-0.10352E+01	 0.00000E+00	-0.11250E+02	 0.13427E+01
 0.10000E+02	 0.10000E-04	-0.96600E-05	 0.14425E+00	 0.49305E+01	 0.49305E+01	 0.13743E-04	 0.13743E-04	 0.32793E-05	 0.32793E-05	 0.45723E+01	 0.10005E+04	 0.21891E+06	 0.48430E-11	 0.57280E+00	-0.10352E+01	 0.00000E+00	-0.11250E+02	 0.13427E+01
 0.10000E-01	 0.10000E-04	-0.96600E-05	 0.14425E+00	 0.41745E-01	 0.41745E-01	-0.12906E+00	-0.12906E+00	 0.22079E+02	 0.22079E+02	 0.45723E+01	 0.10005E+04	 0.21891E+06	 0.72600E-12	 0.57280E+00	-0.10352E+01	 0.00000E+00	-0.11250E+02	 0.13427E+01
 0.10000E+03	 0.10000E-04	-0.96600E-05	 0.14425E+00	 0.48405E+02	 0.48405E+02	 0.13914E-06	 0.13914E-06	 0.32822E-08	 0.32822E-08	 0.45723E+01	 0.10005E+04	 0.21891E+06	 0.46708E-09	 0.57280E+00	-0.10352E+01	 0.00000E+00	-0.11250E+02	 0.13427E+01
 0.10000E-02	 0.10000E-04	-0.96600E-05	 0.14425E+00	 0.79771E-01	 0.78410E-01	-0.11997E+01	-0.11990E+01	 0.32868E+03	 0.32710E+03	 0.45723E+01	 0.10005E+04	 0.21891E+06	 0.33798E-10	 0.57280E+00	-0.10352E+01	 0.00000E+00	-0.11250E+02	 0.13427E+01
 0.10000E-03	 0.10000E-04	-0.96600E-05	 0.14425E+00	 0.50870E+00	 0.40037E+00	-0.17790E+01	-0.18046E+01	 0.38234E+04	 0.36336E+04	 0.45723E+01	 0.10005E+04	 0.21891E+06	 0.92204E-08	 0.57280E+00	-0.10352E+01	 0.00000E+00	-0.11250E+02	 0.13427E+01
 0.10000E-04	 0.10000E-04	-0.96600E-05	 0.14425E+00	 0.49538E+01	 0.24967E+01	-0.12028E+01	-0.11719E+01	 0.41663E+05	 0.36978E+05	 0.45723E+01	 0.10005E+04	 0.21891E+06	 0.51437E-06	 0.57280E+00	-0.10352E+01	 0.00000E+00	-0.11250E+02	 0.13427E+01
 0.10000E-05	 0.10000E-04	-0.96600E-05	 0.14425E+00	 0.25519E+02	 0.65973E+01	-0.53205E+00	 0.12047E+01	 0.44986E+06	 0.37023E+06	 0.45723E+01	 0.10005E+04	 0.21891E+06	 0.19876E+00	 0.57280E+00	-0.10352E+01	 0.00000E+00	-0.11250E+02	 0.13427E+01
 0.30000E+01	 0.10000E-04	-0.96600E-05	 0.14425E+00	 0.14807E+01	 0.14807E+01	 0.15164E-03	 0.15164E-03	 0.12035E-03	 0.12035E-03	 0.45723E+01	 0.10005E+04	 0.21891E+06	 0.34912E-12	 0.57280E+00	-0.10352E+01	 0.00000E+00	-0.11250E+02	 0.13427E+01
 0.30000E+00	 0.10000E-04	-0.96600E-05	 0.14425E+00	 0.15724E+00	 0.15724E+00	 0.91331E-02	 0.91331E-02	 0.67143E-01	 0.67143E-01	 0.45723E+01	 0.10005E+04	 0.21891E+06	 0.64098E-14	 0.57280E+00	-0.10352E+01	 0.00000E+00	-0.11250E+02	 0.13427E+01
 0.30000E+02	 0.10000E-04	-0.96600E-05	 0.14425E+00	 0.14768E+02	 0.14768E+02	 0.15294E-05	 0.15294E-05	 0.12155E-06	 0.12155E-06	 0.45723E+01	 0.10005E+04	 0.21891E+06	 0.81333E-11	 0.57280E+00	-0.10352E+01	 0.00000E+00	-0.11250E+02	 0.13427E+01
 0.30000E-01	 0.10000E-04	-0.96600E-05	 0.14425E+00	 0.39437E-01	 0.39437E-01	 0.19663E-01	 0.19663E-01	 0.49084E+01	 0.49084E+01	 0.45723E+01	 0.10005E+04	 0.21891E+06	 0.24307E-12	 0.57280E+00	-0.10352E+01	 0.00000E+00	-0.11250E+02	 0.13427E+01
 0.30000E+03	 0.10000E-04	-0.96600E-05	 0.14425E+00	 0.12668E+03	 0.12668E+03	 0.16702E-07	 0.16702E-07	 0.12157E-09	 0.12157E-09	 0.45723E+01	 0.10005E+04	 0.21891E+06	 0.19541E-08	 0.57280E+00	-0.10352E+01	 0.00000E+00	-0.11250E+02	 0.13427E+01
 0.30000E-02	 0.10000E-04	-0.96600E-05	 0.14425E+00	 0.53290E-01	 0.53274E-01	-0.57850E+00	-0.57857E+00	 0.94933E+02	 0.94924E+02	 0.45723E+01	 0.10005E+04	 0.21891E+06	 0.35384E-11	 0.57280E+00	-0.10352E+01	 0.00000E+00	-0.11250E+02	 0.13427E+01
 0.30000E-03	 0.10000E-04	-0.96600E-05	 0.14425E+00	 0.18285E+00	 0.16412E+00	-0.16637E+01	-0.16626E+01	 0.12034E+04	 0.11732E+04	 0.45723E+01	 0.10005E+04	 0.21891E+06	 0.22983E-09	 0.57280E+00	-0.10352E+01	 0.00000E+00	-0.11250E+02	 0.13427E+01
 0.30000E-04	 0.10000E-04	-0.96600E-05	 0.14425E+00	 0.16745E+01	 0.10786E+01	-0.16337E+01	-0.16500E+01	 0.13372E+05	 0.12281E+05	 0.45723E+01	 0.10005E+04	 0.21891E+06	 0.44576E-07	 0.57280E+00	-0.10352E+01	 0.00000E+00	-0.11250E+02	 0.13427E+01
 0.30000E-05	 0.10000E-04	-0.96600E-05	 0.14425E+00	 0.14689E+02	 0.52901E+01	-0.63807E+00	 0.24524E+00	 0.14454E+06	 0.12339E+06	 0.45723E+01	 0.10005E+04	 0.21891E+06	 0.34518E-03	 0.57280E+00	-0.10352E+01	 0.00000E+00	-0.11250E+02	 0.13427E+01
 0.10000E+01	 0.30000E-01	-0.28980E-01	 0.14425E+00	 0.36877E-01	 0.36877E-01	 0.20258E-02	 0.20258E-02	 0.30193E-02	 0.30193E-02	 0.45723E+01	 0.10005E+04	 0.21891E+06	 0.17774E-13	 0.57280E+00	-0.10352E+01	 0.00000E+00	-0.11250E+02	 0.13427E+01
 0.10000E+00	 0.30000E-01	-0.28980E-01	 0.14425E+00	 0.60105E-01	 0.60105E-01	 0.26193E-01	 0.26193E-01	 0.63644E+00	 0.63644E+00	 0.45723E+01	 0.10005E+04	 0.21891E+06	 0.10618E-13	 0.57280E+00	-0.10352E+01	 0.00000E+00	-0.11250E+02	 0.13427E+01
 0.10000E+02	 0.30000E-01	-0.28980E-01	 0.14425E+00	 0.71953E-01	 0.71953E-01	 0.27067E-04	 0.27067E-04	 0.32884E-05	 0.32884E-05	 0.45723E+01	 0.10005E+04	 0.21891E+06	 0.48500E-12	 0.57280E+00	-0.10352E+01	 0.00000E+00	-0.11250E+02	 0.13427E+01
 0.10000E-01	 0.30000E-01	-0.28980E-01	 0.14425E+00	 0.29621E-01	 0.29621E-01	-0.40081E-01	-0.40081E-01	 0.21400E+02	 0.21400E+02	 0.45723E+01	 0.10005E+04	 0.21891E+06	 0.17817E-11	 0.57280E+00	-0.10352E+01	 0.00000E+00	-0.11250E+02	 0.13427E+01
 0.10000E+03	 0.30000E-01	-0.28980E-01	 0.14425E+00	 0.67089E-01	 0.67089E-01	 0.67492E-06	 0.67492E-06	 0.32943E-08	 0.32943E-08	 0.45723E+01	 0.10005E+04	 0.21891E+06	 0.16924E-11	 0.57280E+00	-0.10352E+01	 0.00000E+00	-0.11250E+02	 0.13427E+01
 0.10000E-02	 0.30000E-01	-0.28980E-01	 0.14425E+00	 0.10056E-01	 0.99141E-02	-0.44254E+00	-0.44247E+00	 0.32553E+03	 0.32372E+03	 0.45723E+01	 0.10005E+04	 0.21891E+06	 0.29428E-10	 0.57280E+00	-0.10352E+01	 0.00000E+00	-0.11250E+02	 0.13427E+01
 0.10000E-03	 0.30000E-01	-0.28980E-01	 0.14425E+00	 0.21885E-02	 0.15295E-02	-0.77615E+00	-0.71250E+00	 0.39885E+04	 0.37347E+04	 0.45723E+01	 0.10005E+04	 0.21891E+06	 0.12379E-07	 0.57280E+00	-0.10352E+01	 0.00000E+00	-0.11250E+02	 0.13427E+01
 0.10000E-04	 0.30000E-01	-0.28980E-01	 0.14425E+00	 0.46289E-03	 0.15852E-03	-0.82391E+00	-0.73691E+00	 0.43687E+05	 0.37741E+05	 0.45723E+01	 0.10005E+04	 0.21891E+06	 0.23242E-05	 0.57280E+00	-0.10352E+01	 0.00000E+00	-0.11250E+02	 0.13427E+01
 0.10000E-05	 0.30000E-01	-0.28980E-01	 0.14425E+00	 0.84592E-03	 0.15860E-04	-0.81336E+00	-0.73726E+00	 0.46966E+06	 0.37747E+06	 0.45723E+01	 0.10005E+04	 0.21891E+06	 0.76403E-03	 0.57280E+00	-0.10352E+01	 0.00000E+00	-0.11250E+02	 0.13427E+01
 0.30000E+01	 0.30000E-01	-0.28980E-01	 0.14425E+00	 0.33042E-01	 0.33042E-01	 0.25227E-03	 0.25227E-03	 0.12065E-03	 0.12065E-03	 0.45723E+01	 0.10005E+04	 0.21891E+06	 0.49469E-13	 0.57280E+00	-0.10352E+01	 0.00000E+00	-0.11250E+02	 0.13427E+01
 0.30000E+00	 0.30000E-01	-0.28980E-01	 0.14425E+00	 0.67595E-01	 0.67595E-01	 0.11567E-01	 0.11567E-01	 0.67070E-01	 0.67070E-01	 0.45723E+01	 0.10005E+04	 0.21891E+06	 0.52899E-14	 0.57280E+00	-0.10352E+01	 0.00000E+00	-0.11250E+02	 0.13427E+01
 0.30000E+02	 0.30000E-01	-0.28980E-01	 0.14425E+00	 0.11691E+00	 0.11691E+00	 0.51114E-05	 0.51114E-05	 0.12194E-06	 0.12194E-06	 0.45723E+01	 0.10005E+04	 0.21891E+06	 0.44525E-11	 0.57280E+00	-0.10352E+01	 0.00000E+00	-0.11250E+02	 0.13427E+01
 0.30000E-01	 0.30000E-01	-0.28980E-01	 0.14425E+00	 0.38514E-01	 0.38514E-01	 0.28289E-01	 0.28289E-01	 0.48631E+01	 0.48631E+01	 0.45723E+01	 0.10005E+04	 0.21891E+06	 0.34784E-13	 0.57280E+00	-0.10352E+01	 0.00000E+00	-0.11250E+02	 0.13427E+01
 0.30000E+03	 0.30000E-01	-0.28980E-01	 0.14425E+00	 0.24595E-01	 0.24595E-01	 0.79629E-07	 0.79629E-07	 0.12202E-09	 0.12202E-09	 0.45723E+01	 0.10005E+04	 0.21891E+06	 0.60634E-11	 0.57280E+00	-0.10352E+01	 0.00000E+00	-0.11250E+02	 0.13427E+01
 0.30000E-02	 0.30000E-01	-0.28980E-01	 0.14425E+00	 0.18457E-01	 0.18453E-01	-0.20599E+00	-0.20605E+00	 0.91309E+02	 0.91299E+02	 0.45723E+01	 0.10005E+04	 0.21891E+06	 0.25572E-11	 0.57280E+00	-0.10352E+01	 0.00000E+00	-0.11250E+02	 0.13427E+01
 0.30000E-03	 0.30000E-01	-0.28980E-01	 0.14425E+00	 0.45736E-02	 0.40581E-02	-0.65440E+00	-0.63521E+00	 0.12351E+04	 0.11979E+04	 0.45723E+01	 0.10005E+04	 0.21891E+06	 0.39263E-09	 0.57280E+00	-0.10352E+01	 0.00000E+00	-0.11250E+02	 0.13427E+01
 0.30000E-04	 0.30000E-01	-0.28980E-01	 0.14425E+00	 0.96419E-03	 0.47383E-03	-0.81385E+00	-0.73420E+00	 0.14018E+05	 0.12567E+05	 0.45723E+01	 0.10005E+04	 0.21891E+06	 0.20748E-06	 0.57280E+00	-0.10352E+01	 0.00000E+00	-0.11250E+02	 0.13427E+01
 0.30000E-05	 0.30000E-01	-0.28980E-01	 0.14425E+00	 0.39983E-03	 0.47578E-04	-0.83035E+00	-0.73723E+00	 0.15130E+06	 0.12582E+06	 0.45723E+01	 0.10005E+04	 0.21891E+06	 0.12114E-03	 0.57280E+00	-0.10352E+01	 0.00000E+00	-0.11250E+02	 0.13427E+01
 0.10000E+01	 0.30000E-02	-0.28980E-02	 0.14425E+00	 0.42607E+00	 0.42607E+00	 0.14016E-02	 0.14016E-02	 0.30151E-02	 0.30151E-02	 0.45723E+01	 0.10005E+04	 0.21891E+06	 0.42858E-13	 0.57280E+00	-0.10352E+01	 0.00000E+00	-0.11250E+02	 0.13427E+01
 0.10000E+00	 0.30000E-02	-0.28980E-02	 0.14425E+00	 0.63472E-01	 0.63472E-01	 0.26190E-01	 0.26190E-01	 0.63653E+00	 0.63653E+00	 0.45723E+01	 0.10005E+04	 0.21891E+06	 0.15095E-13	 0.57280E+00	-0.10352E+01	 0.00000E+00	-0.11250E+02	 0.13427E+01
 0.10000E+02	 0.30000E-02	-0.28980E-02	 0.14425E+00	 0.34790E+00	 0.34790E+00	 0.22049E-04	 0.22049E-04	 0.32793E-05	 0.32793E-05	 0.45723E+01	 0.10005E+04	 0.21891E+06	 0.64959E-12	 0.57280E+00	-0.10352E+01	 0.00000E+00	-0.11250E+02	 0.13427E+01
 0.10000E-01	 0.30000E-02	-0.28980E-02	 0.14425E+00	 0.41498E-01	 0.41498E-01	-0.12729E+00	-0.12729E+00	 0.22066E+02	 0.22066E+02	 0.45723E+01	 0.10005E+04	 0.21891E+06	 0.49802E-12	 0.57280E+00	-0.10352E+01	 0.00000E+00	-0.11250E+02	 0.13427E+01
 0.10000E+03	 0.30000E-02	-0.28980E-02	 0.14425E+00	 0.71591E+00	 0.71591E+00	 0.27037E-06	 0.27037E-06	 0.32823E-08	 0.32823E-08	 0.45723E+01	 0.10005E+04	 0.21891E+06	 0.24807E-10	 0.57280E+00	-0.10352E+01	 0.00000E+00	-0.11250E+02	 0.13427E+01
 0.10000E-02	 0.30000E-02	-0.28980E-02	 0.14425E+00	 0.66191E-01	 0.65090E-01	-0.10390E+01	-0.10385E+01	 0.32658E+03	 0.32497E+03	 0.45723E+01	 0.10005E+04	 0.21891E+06	 0.39495E-10	 0.57280E+00	-0.10352E+01	 0.00000E+00	-0.11250E+02	 0.13427E+01
 0.10000E-03	 0.30000E-02	-0.28980E-02	 0.14425E+00	 0.45910E-01	 0.34512E-01	-0.87121E+00	-0.82372E+00	 0.38124E+04	 0.36115E+04	 0.45723E+01	 0.10005E+04	 0.21891E+06	 0.75932E-08	 0.57280E+00	-0.10352E+01	 0.00000E+00	-0.11250E+02	 0.13427E+01
 0.10000E-04	 0.30000E-02	-0.28980E-02	 0.14425E+00	 0.18162E-01	 0.49621E-02	-0.79202E+00	-0.65886E+00	 0.41642E+05	 0.36613E+05	 0.45723E+01	 0.10005E+04	 0.21891E+06	 0.21357E-04	 0.57280E+00	-0.10352E+01	 0.00000E+00	-0.11250E+02	 0.13427E+01
 0.10000E-05	 0.30000E-02	-0.28980E-02	 0.14425E+00	 0.44483E-02	 0.50263E-03	-0.76100E+00	-0.65200E+00	 0.44986E+06	 0.36621E+06	 0.45723E+01	 0.10005E+04	 0.21891E+06	 0.91446E-02	 0.57280E+00	-0.10352E+01	 0.00000E+00	-0.11250E+02	 0.13427E+01
 0.30000E+01	 0.30000E-02	-0.28980E-02	 0.14425E+00	 0.59902E+00	 0.59902E+00	 0.20980E-03	 0.20980E-03	 0.12035E-03	 0.12035E-03	 0.45723E+01	 0.10005E+04	 0.21891E+06	 0.54817E-13	 0.57280E+00	-0.10352E+01	 0.00000E+00	-0.11250E+02	 0.13427E+01
 0.30000E+00	 0.30000E-02	-0.28980E-02	 0.14425E+00	 0.15507E+00	 0.15507E+00	 0.91917E-02	 0.91917E-02	 0.67142E-01	 0.67142E-01	 0.45723E+01	 0.10005E+04	 0.21891E+06	 0.65266E-14	 0.57280E+00	-0.10352E+01	 0.00000E+00	-0.11250E+02	 0.13427E+01
 0.30000E+02	 0.30000E-02	-0.28980E-02	 0.14425E+00	 0.32294E+00	 0.32294E+00	 0.25434E-05	 0.25434E-05	 0.12156E-06	 0.12156E-06	 0.45723E+01	 0.10005E+04	 0.21891E+06	 0.43307E-11	 0.57280E+00	-0.10352E+01	 0.00000E+00	-0.11250E+02	 0.13427E+01
 0.30000E-01	 0.30000E-02	-0.28980E-02	 0.14425E+00	 0.39419E-01	 0.39419E-01	 0.19775E-01	 0.19775E-01	 0.49078E+01	 0.49078E+01	 0.45723E+01	 0.10005E+04	 0.21891E+06	 0.75388E-13	 0.57280E+00	-0.10352E+01	 0.00000E+00	-0.11250E+02	 0.13427E+01
 0.30000E+03	 0.30000E-02	-0.28980E-02	 0.14425E+00	 0.11671E+01	 0.11671E+01	 0.51054E-07	 0.51054E-07	 0.12157E-09	 0.12157E-09	 0.45723E+01	 0.10005E+04	 0.21891E+06	 0.20936E-09	 0.57280E+00	-0.10352E+01	 0.00000E+00	-0.11250E+02	 0.13427E+01
 0.30000E-02	 0.30000E-02	-0.28980E-02	 0.14425E+00	 0.51407E-01	 0.51391E-01	-0.55720E+00	-0.55727E+00	 0.94693E+02	 0.94685E+02	 0.45723E+01	 0.10005E+04	 0.21891E+06	 0.52484E-11	 0.57280E+00	-0.10352E+01	 0.00000E+00	-0.11250E+02	 0.13427E+01
 0.30000E-03	 0.30000E-02	-0.28980E-02	 0.14425E+00	 0.69263E-01	 0.62570E-01	-0.10220E+01	-0.10111E+01	 0.11964E+04	 0.11648E+04	 0.45723E+01	 0.10005E+04	 0.21891E+06	 0.28470E-09	 0.57280E+00	-0.10352E+01	 0.00000E+00	-0.11250E+02	 0.13427E+01
 0.30000E-04	 0.30000E-02	-0.28980E-02	 0.14425E+00	 0.28503E-01	 0.13817E-01	-0.81655E+00	-0.69699E+00	 0.13356E+05	 0.12183E+05	 0.45723E+01	 0.10005E+04	 0.21891E+06	 0.61252E-06	 0.57280E+00	-0.10352E+01	 0.00000E+00	-0.11250E+02	 0.13427E+01
 0.30000E-05	 0.30000E-02	-0.28980E-02	 0.14425E+00	 0.87304E-02	 0.15062E-02	-0.78042E+00	-0.65258E+00	 0.14453E+06	 0.12207E+06	 0.45723E+01	 0.10005E+04	 0.21891E+06	 0.74122E-03	 0.57280E+00	-0.10352E+01	 0.00000E+00	-0.11250E+02	 0.13427E+01
 0.10000E+01	 0.30000E-03	-0.28980E-03	 0.14425E+00	 0.49628E+00	 0.49628E+00	 0.12900E-02	 0.12900E-02	 0.30152E-02	 0.30152E-02	 0.45723E+01	 0.10005E+04	 0.21891E+06	 0.38307E-13	 0.57280E+00	-0.10352E+01	 0.00000E+00	-0.11250E+02	 0.13427E+01
 0.10000E+00	 0.30000E-03	-0.28980E-03	 0.14425E+00	 0.63501E-01	 0.63501E-01	 0.26193E-01	 0.26193E-01	 0.63653E+00	 0.63653E+00	 0.45723E+01	 0.10005E+04	 0.21891E+06	 0.99762E-14	 0.57280E+00	-0.10352E+01	 0.00000E+00	-0.11250E+02	 0.13427E+01
 0.10000E+02	 0.30000E-03	-0.28980E-03	 0.14425E+00	 0.42231E+01	 0.42231E+01	 0.15021E-04	 0.15021E-04	 0.32793E-05	 0.32793E-05	 0.45723E+01	 0.10005E+04	 0.21891E+06	 0.55184E-11	 0.57280E+00	-0.10352E+01	 0.00000E+00	-0.11250E+02	 0.13427E+01
 0.10000E-01	 0.30000E-03	-0.28980E-03	 0.14425E+00	 0.41742E-01	 0.41742E-01	-0.12904E+00	-0.12904E+00	 0.22079E+02	 0.22079E+02	 0.45723E+01	 0.10005E+04	 0.21891E+06	 0.10871E-11	 0.57280E+00	-0.10352E+01	 0.00000E+00	-0.11250E+02	 0.13427E+01
 0.10000E+03	 0.30000E-03	-0.28980E-03	 0.14425E+00	 0.34768E+01	 0.34768E+01	 0.22069E-06	 0.22069E-06	 0.32822E-08	 0.32822E-08	 0.45723E+01	 0.10005E+04	 0.21891E+06	 0.64622E-10	 0.57280E+00	-0.10352E+01	 0.00000E+00	-0.11250E+02	 0.13427E+01
 0.10000E-02	 0.30000E-03	-0.28980E-03	 0.14425E+00	 0.79598E-01	 0.78240E-01	-0.11976E+01	-0.11968E+01	 0.32865E+03	 0.32707E+03	 0.45723E+01	 0.10005E+04	 0.21891E+06	 0.33540E-10	 0.57280E+00	-0.10352E+01	 0.00000E+00	-0.11250E+02	 0.13427E+01
 0.10000E-03	 0.30000E-03	-0.28980E-03	 0.14425E+00	 0.44136E+00	 0.34875E+00	-0.16152E+01	-0.16276E+01	 0.38209E+04	 0.36300E+04	 0.45723E+01	 0.10005E+04	 0.21891E+06	 0.12764E-07	 0.57280E+00	-0.10352E+01	 0.00000E+00	-0.11250E+02	 0.13427E+01
 0.10000E-04	 0.30000E-03	-0.28980E-03	 0.14425E+00	 0.54099E+00	 0.24859E+00	-0.84276E+00	-0.75719E+00	 0.41651E+05	 0.36877E+05	 0.45723E+01	 0.10005E+04	 0.21891E+06	 0.12646E-04	 0.57280E+00	-0.10352E+01	 0.00000E+00	-0.11250E+02	 0.13427E+01
 0.10000E-05	 0.30000E-03	-0.28980E-03	 0.14425E+00	 0.24618E+00	 0.31964E-01	-0.55099E+00	-0.55293E+00	 0.44982E+06	 0.36892E+06	 0.45723E+01	 0.10005E+04	 0.21891E+06	 0.28133E+00	 0.57280E+00	-0.10352E+01	 0.00000E+00	-0.11250E+02	 0.13427E+01
 0.30000E+01	 0.30000E-03	-0.28980E-03	 0.14425E+00	 0.14586E+01	 0.14586E+01	 0.15310E-03	 0.15310E-03	 0.12035E-03	 0.12035E-03	 0.45723E+01	 0.10005E+04	 0.21891E+06	 0.83171E-12	 0.57280E+00	-0.10352E+01	 0.00000E+00	-0.11250E+02	 0.13427E+01
 0.30000E+00	 0.30000E-03	-0.28980E-03	 0.14425E+00	 0.15721E+00	 0.15721E+00	 0.91337E-02	 0.91337E-02	 0.67143E-01	 0.67143E-01	 0.45723E+01	 0.10005E+04	 0.21891E+06	 0.49606E-14	 0.57280E+00	-0.10352E+01	 0.00000E+00	-0.11250E+02	 0.13427E+01
 0.30000E+02	 0.30000E-03	-0.28980E-03	 0.14425E+00	 0.59801E+01	 0.59801E+01	 0.21179E-05	 0.21179E-05	 0.12155E-06	 0.12155E-06	 0.45723E+01	 0.10005E+04	 0.21891E+06	 0.19210E-10	 0.57280E+00	-0.10352E+01	 0.00000E+00	-0.11250E+02	 0.13427E+01
 0.30000E-01	 0.30000E-03	-0.28980E-03	 0.14425E+00	 0.39436E-01	 0.39436E-01	 0.19664E-01	 0.19664E-01	 0.49083E+01	 0.49083E+01	 0.45723E+01	 0.10005E+04	 0.21891E+06	 0.26001E-12	 0.57280E+00	-0.10352E+01	 0.00000E+00	-0.11250E+02	 0.13427E+01
 0.30000E+03	 0.30000E-03	-0.28980E-03	 0.14425E+00	 0.32287E+01	 0.32287E+01	 0.25436E-07	 0.25436E-07	 0.12157E-09	 0.12157E-09	 0.45723E+01	 0.10005E+04	 0.21891E+06	 0.70260E-09	 0.57280E+00	-0.10352E+01	 0.00000E+00	-0.11250E+02	 0.13427E+01
 0.30000E-02	 0.30000E-03	-0.28980E-03	 0.14425E+00	 0.53270E-01	 0.53254E-01	-0.57828E+00	-0.57835E+00	 0.94930E+02	 0.94922E+02	 0.45723E+01	 0.10005E+04	 0.21891E+06	 0.53219E-11	 0.57280E+00	-0.10352E+01	 0.00000E+00	-0.11250E+02	 0.13427E+01
 0.30000E-03	 0.30000E-03	-0.28980E-03	 0.14425E+00	 0.17942E+00	 0.16107E+00	-0.16398E+01	-0.16380E+01	 0.12030E+04	 0.11728E+04	 0.45723E+01	 0.10005E+04	 0.21891E+06	 0.30081E-09	 0.57280E+00	-0.10352E+01	 0.00000E+00	-0.11250E+02	 0.13427E+01
 0.30000E-04	 0.30000E-03	-0.28980E-03	 0.14425E+00	 0.69076E+00	 0.45795E+00	-0.11707E+01	-0.11258E+01	 0.13365E+05	 0.12262E+05	 0.45723E+01	 0.10005E+04	 0.21891E+06	 0.46133E-07	 0.57280E+00	-0.10352E+01	 0.00000E+00	-0.11250E+02	 0.13427E+01
 0.30000E-05	 0.30000E-03	-0.28980E-03	 0.14425E+00	 0.40187E+00	 0.91651E-01	-0.61929E+00	-0.58970E+00	 0.14453E+06	 0.12297E+06	 0.45723E+01	 0.10005E+04	 0.21891E+06	 0.87521E-02	 0.57280E+00	-0.10352E+01	 0.00000E+00	-0.11250E+02	 0.13427E+01
 0.10000E+01	 0.30000E-04	-0.28980E-04	 0.14425E+00	 0.49711E+00	 0.49711E+00	 0.12887E-02	 0.12887E-02	 0.30152E-02	 0.30152E-02	 0.45723E+01	 0.10005E+04	 0.21891E+06	 0.65711E-13	 0.57280E+00	-0.10352E+01	 0.00000E+00	-0.11250E+02	 0.13427E+01
 0.10000E+00	 0.30000E-04	-0.28980E-04	 0.14425E+00	 0.63502E-01	 0.63502E-01	 0.26193E-01	 0.26193E-01	 0.63653E+00	 0.63653E+00	 0.45723E+01	 0.10005E+04	 0.21891E+06	 0.20436E-13	 0.57280E+00	-0.10352E+01	 0.00000E+00	-0.11250E+02	 0.13427E+01
 0.10000E+02	 0.30000E-04	-0.28980E-04	 0.14425E+00	 0.49231E+01	 0.49231E+01	 0.13756E-04	 0.13756E-04	 0.32793E-05	 0.32793E-05	 0.45723E+01	 0.10005E+04	 0.21891E+06	 0.53803E-11	 0.57280E+00	-0.10352E+01	 0.00000E+00	-0.11250E+02	 0.13427E+01
 0.10000E-01	 0.30000E-04	-0.28980E-04	 0.14425E+00	 0.41745E-01	 0.41745E-01	-0.12906E+00	-0.12906E+00	 0.22079E+02	 0.22079E+02	 0.45723E+01	 0.10005E+04	 0.21891E+06	 0.12703E-11	 0.57280E+00	-0.10352E+01	 0.00000E+00	-0.11250E+02	 0.13427E+01
 0.10000E+03	 0.30000E-04	-0.28980E-04	 0.14425E+00	 0.42227E+02	 0.42227E+02	 0.15032E-06	 0.15032E-06	 0.32822E-08	 0.32822E-08	 0.45723E+01	 0.10005E+04	 0.21891E+06	 0.67957E-09	 0.57280E+00	-0.10352E+01	 0.00000E+00	-0.11250E+02	 0.13427E+01
 0.10000E-02	 0.30000E-04	-0.28980E-04	 0.14425E+00	 0.79770E-01	 0.78409E-01	-0.11997E+01	-0.11989E+01	 0.32868E+03	 0.32710E+03	 0.45723E+01	 0.10005E+04	 0.21891E+06	 0.20388E-10	 0.57280E+00	-0.10352E+01	 0.00000E+00	-0.11250E+02	 0.13427E+01
 0.10000E-03	 0.30000E-04	-0.28980E-04	 0.14425E+00	 0.50798E+00	 0.39982E+00	-0.17769E+01	-0.18024E+01	 0.38233E+04	 0.36335E+04	 0.45723E+01	 0.10005E+04	 0.21891E+06	 0.43308E-08	 0.57280E+00	-0.10352E+01	 0.00000E+00	-0.11250E+02	 0.13427E+01
 0.10000E-04	 0.30000E-04	-0.28980E-04	 0.14425E+00	 0.44488E+01	 0.22636E+01	-0.11237E+01	-0.10660E+01	 0.41660E+05	 0.36964E+05	 0.45723E+01	 0.10005E+04	 0.21891E+06	 0.40580E-05	 0.57280E+00	-0.10352E+01	 0.00000E+00	-0.11250E+02	 0.13427E+01
 0.10000E-05	 0.30000E-04	-0.28980E-04	 0.14425E+00	 0.72272E+01	 0.16042E+01	-0.35554E-02	 0.32351E+00	 0.44985E+06	 0.37007E+06	 0.45723E+01	 0.10005E+04	 0.21891E+06	 0.14250E+01	 0.57280E+00	-0.10352E+01	 0.00000E+00	-0.11250E+02	 0.13427E+01
 0.30000E+01	 0.30000E-04	-0.28980E-04	 0.14425E+00	 0.14805E+01	 0.14805E+01	 0.15166E-03	 0.15166E-03	 0.12035E-03	 0.12035E-03	 0.45723E+01	 0.10005E+04	 0.21891E+06	 0.68358E-12	 0.57280E+00	-0.10352E+01	 0.00000E+00	-0.11250E+02	 0.13427E+01
 0.30000E+00	 0.30000E-04	-0.28980E-04	 0.14425E+00	 0.15724E+00	 0.15724E+00	 0.91331E-02	 0.91331E-02	 0.67143E-01	 0.67143E-01	 0.45723E+01	 0.10005E+04	 0.21891E+06	 0.68542E-14	 0.57280E+00	-0.10352E+01	 0.00000E+00	-0.11250E+02	 0.13427E+01
 0.30000E+02	 0.30000E-04	-0.28980E-04	 0.14425E+00	 0.14572E+02	 0.14572E+02	 0.15425E-05	 0.15425E-05	 0.12155E-06	 0.12155E-06	 0.45723E+01	 0.10005E+04	 0.21891E+06	 0.86047E-11	 0.57280E+00	-0.10352E+01	 0.00000E+00	-0.11250E+02	 0.13427E+01
 0.30000E-01	 0.30000E-04	-0.28980E-04	 0.14425E+00	 0.39437E-01	 0.39437E-01	 0.19663E-01	 0.19663E-01	 0.49084E+01	 0.49084E+01	 0.45723E+01	 0.10005E+04	 0.21891E+06	 0.29099E-12	 0.57280E+00	-0.10352E+01	 0.00000E+00	-0.11250E+02	 0.13427E+01
 0.30000E+03	 0.30000E-04	-0.28980E-04	 0.14425E+00	 0.59800E+02	 0.59800E+02	 0.21181E-07	 0.21181E-07	 0.12157E-09	 0.12157E-09	 0.45723E+01	 0.10005E+04	 0.21891E+06	 0.11967E-08	 0.57280E+00	-0.10352E+01	 0.00000E+00	-0.11250E+02	 0.13427E+01
 0.30000E-02	 0.30000E-04	-0.28980E-04	 0.14425E+00	 0.53290E-01	 0.53274E-01	-0.57850E+00	-0.57857E+00	 0.94933E+02	 0.94924E+02	 0.45723E+01	 0.10005E+04	 0.21891E+06	 0.40344E-11	 0.57280E+00	-0.10352E+01	 0.00000E+00	-0.11250E+02	 0.13427E+01
 0.30000E-03	 0.30000E-04	-0.28980E-04	 0.14425E+00	 0.18282E+00	 0.16409E+00	-0.16635E+01	-0.16624E+01	 0.12034E+04	 0.11732E+04	 0.45723E+01	 0.10005E+04	 0.21891E+06	 0.51289E-09	 0.57280E+00	-0.10352E+01	 0.00000E+00	-0.11250E+02	 0.13427E+01
 0.30000E-04	 0.30000E-04	-0.28980E-04	 0.14425E+00	 0.16508E+01	 0.10639E+01	-0.16156E+01	-0.16282E+01	 0.13371E+05	 0.12280E+05	 0.45723E+01	 0.10005E+04	 0.21891E+06	 0.44497E-07	 0.57280E+00	-0.10352E+01	 0.00000E+00	-0.11250E+02	 0.13427E+01
 0.30000E-05	 0.30000E-04	-0.28980E-04	 0.14425E+00	 0.77883E+01	 0.29933E+01	-0.52406E+00	 0.76655E-01	 0.14454E+06	 0.12334E+06	 0.45723E+01	 0.10005E+04	 0.21891E+06	 0.37505E-03	 0.57280E+00	-0.10352E+01	 0.00000E+00	-0.11250E+02	 0.13427E+01
