 0.10000E+01	 0.00000E+00	 0.00000E+00	 0.15845E+00	 0.47187E-01	 0.47187E-01	-0.12464E-03	-0.12464E-03	 0.82995E-03	 0.82995E-03	 0.45723E+01	 0.10005E+04	 0.21891E+06	 0.59386E-13	-0.89020E+00	-0.96480E+00	 0.00000E+00	-0.14400E+02	 0.22529E+01
 0.10000E+00	 0.00000E+00	 0.00000E+00	 0.15845E+00	 0.63512E-02	 0.63512E-02	-0.73173E-02	-0.73173E-02	 0.39952E+00	 0.39952E+00	 0.45723E+01	 0.10005E+04	 0.21891E+06	 0.30833E-13	-0.89020E+00	-0.96480E+00	 0.00000E+00	-0.14400E+02	 0.22529E+01
 0.10000E+02	 0.00000E+00	 0.00000E+00	 0.15845E+00	 0.46898E+00	 0.46898E+00	-0.11857E-05	-0.11857E-05	 0.87951E-06	 0.87951E-06	 0.45723E+01	 0.10005E+04	 0.21891E+06	 0.86416E-11	-0.89020E+00	-0.96480E+00	 0.00000E+00	-0.14400E+02	 0.22529E+01
 0.10000E-01	 0.00000E+00	 0.00000E+00	 0.15845E+00	 0.23384E-02	 0.23384E-02	-0.20658E-01	-0.20658E-01	 0.20945E+02	 0.20945E+02	 0.45723E+01	 0.10005E+04	 0.21891E+06	 0.65602E-12	-0.89020E+00	-0.96480E+00	 0.00000E+00	-0.14400E+02	 0.22529E+01
 0.10000E+03	 0.00000E+00	 0.00000E+00	 0.15845E+00	 0.46895E+01	 0.46895E+01	-0.11845E-07	-0.11845E-07	 0.88043E-09	 0.88043E-09	 0.45723E+01	 0.10005E+04	 0.21891E+06	 0.54885E-09	-0.89020E+00	-0.96480E+00	 0.00000E+00	-0.14400E+02	 0.22529E+01
 0.10000E-02	 0.00000E+00	 0.00000E+00	 0.15845E+00	 0.48891E-02	 0.48890E-02	-0.16672E-01	-0.16672E-01	 0.32551E+03	 0.32551E+03	 0.45723E+01	 0.10005E+04	 0.21891E+06	 0.10779E-09	-0.89020E+00	-0.96480E+00	 0.00000E+00	-0.14400E+02	 0.22529E+01
 0.10000E-03	 0.00000E+00	 0.00000E+00	 0.15845E+00	 0.41759E-01	 0.41644E-01	 0.79455E-01	 0.79692E-01	 0.37041E+04	 0.37008E+04	 0.45723E+01	 0.10005E+04	 0.21891E+06	 0.42012E-07	-0.89020E+00	-0.96480E+00	 0.00000E+00	-0.14400E+02	 0.22529E+01
 0.10000E-04	 0.00000E+00	 0.00000E+00	 0.15845E+00	 0.41017E+00	 0.40026E+00	 0.14494E+00	 0.17756E+00	 0.39079E+05	 0.38243E+05	 0.45723E+01	 0.10005E+04	 0.21891E+06	 0.12611E-04	-0.89020E+00	-0.96480E+00	 0.00000E+00	-0.14400E+02	 0.22529E+01
 0.10000E-05	 0.00000E+00	 0.00000E+00	 0.15845E+00	 0.40993E+01	 0.37460E+01	 0.18978E+00	-0.89283E-01	 0.40775E+06	 0.38408E+06	 0.45723E+01	 0.10005E+04	 0.21891E+06	 0.50994E-02	-0.89020E+00	-0.96480E+00	 0.00000E+00	-0.14400E+02	 0.22529E+01
 0.30000E+01	 0.00000E+00	 0.00000E+00	 0.15845E+00	 0.14079E+00	 0.14079E+00	-0.13306E-04	-0.13306E-04	 0.32261E-04	 0.32261E-04	 0.45723E+01	 0.10005E+04	 0.21891E+06	 0.74500E-12	-0.89020E+00	-0.96480E+00	 0.00000E+00	-0.14400E+02	 0.22529E+01
 0.30000E+00	 0.00000E+00	 0.00000E+00	 0.15845E+00	 0.14929E-01	 0.14929E-01	-0.13300E-02	-0.13300E-02	 0.26187E-01	 0.26187E-01	 0.45723E+01	 0.10005E+04	 0.21891E+06	 0.19546E-13	-0.89020E+00	-0.96480E+00	 0.00000E+00	-0.14400E+02	 0.22529E+01
 0.30000E+02	 0.00000E+00	 0.00000E+00	 0.15845E+00	 0.14069E+01	 0.14069E+01	-0.13162E-06	-0.13162E-06	 0.32605E-07	 0.32605E-07	 0.45723E+01	 0.10005E+04	 0.21891E+06	 0.32539E-10	-0.89020E+00	-0.96480E+00	 0.00000E+00	-0.14400E+02	 0.22529E+01
 0.30000E-01	 0.00000E+00	 0.00000E+00	 0.15845E+00	 0.34061E-02	 0.34061E-02	-0.18156E-01	-0.18156E-01	 0.39933E+01	 0.39933E+01	 0.45723E+01	 0.10005E+04	 0.21891E+06	 0.84750E-13	-0.89020E+00	-0.96480E+00	 0.00000E+00	-0.14400E+02	 0.22529E+01
 0.30000E+03	 0.00000E+00	 0.00000E+00	 0.15845E+00	 0.14069E+02	 0.14069E+02	-0.13160E-08	-0.13160E-08	 0.32609E-10	 0.32609E-10	 0.45723E+01	 0.10005E+04	 0.21891E+06	 0.43117E-08	-0.89020E+00	-0.96480E+00	 0.00000E+00	-0.14400E+02	 0.22529E+01
 0.30000E-02	 0.00000E+00	 0.00000E+00	 0.15845E+00	 0.24555E-02	 0.24554E-02	-0.20253E-01	-0.20253E-01	 0.94052E+02	 0.94052E+02	 0.45723E+01	 0.10005E+04	 0.21891E+06	 0.71534E-11	-0.89020E+00	-0.96480E+00	 0.00000E+00	-0.14400E+02	 0.22529E+01
 0.30000E-03	 0.00000E+00	 0.00000E+00	 0.15845E+00	 0.14432E-01	 0.14425E-01	 0.15939E-01	 0.16010E-01	 0.11813E+04	 0.11813E+04	 0.45723E+01	 0.10005E+04	 0.21891E+06	 0.55077E-08	-0.89020E+00	-0.96480E+00	 0.00000E+00	-0.14400E+02	 0.22529E+01
 0.30000E-04	 0.00000E+00	 0.00000E+00	 0.15845E+00	 0.13718E+00	 0.13582E+00	 0.13966E+00	 0.14739E+00	 0.12743E+05	 0.12637E+05	 0.45723E+01	 0.10005E+04	 0.21891E+06	 0.74298E-06	-0.89020E+00	-0.96480E+00	 0.00000E+00	-0.14400E+02	 0.22529E+01
 0.30000E-05	 0.00000E+00	 0.00000E+00	 0.15845E+00	 0.13665E+01	 0.12983E+01	 0.13985E+00	 0.10839E+00	 0.13305E+06	 0.12789E+06	 0.45723E+01	 0.10005E+04	 0.21891E+06	 0.20274E-03	-0.89020E+00	-0.96480E+00	 0.00000E+00	-0.14400E+02	 0.22529E+01
 0.10000E+01	 0.10000E+00	-0.10365E+00	 0.15845E+00	 0.10284E-01	 0.10284E-01	-0.34945E-03	-0.34945E-03	 0.84966E-03	 0.84966E-03	 0.45723E+01	 0.10005E+04	 0.21891E+06	 0.22617E-13	-0.89020E+00	-0.96480E+00	 0.00000E+00	-0.14400E+02	 0.22529E+01
 0.10000E+00	 0.10000E+00	-0.10365E+00	 0.15845E+00	 0.56801E-02	 0.56801E-02	-0.10839E-01	-0.10839E-01	 0.38956E+00	 0.38956E+00	 0.45723E+01	 0.10005E+04	 0.21891E+06	 0.94510E-04	-0.89020E+00	-0.96480E+00	 0.00000E+00	-0.14400E+02	 0.22529E+01
 0.10000E+02	 0.10000E+00	-0.10365E+00	 0.15845E+00	 0.38965E-02	 0.38965E-02	-0.65333E-05	-0.65333E-05	 0.90595E-06	 0.90595E-06	 0.45723E+01	 0.10005E+04	 0.21891E+06	 0.35560E-12	-0.89020E+00	-0.96480E+00	 0.00000E+00	-0.14400E+02	 0.22529E+01
 0.10000E-01	 0.10000E+00	-0.10365E+00	 0.15845E+00	 0.76099E-02	 0.76099E-02	-0.35267E-01	-0.35267E-01	 0.19838E+02	 0.19838E+02	 0.45723E+01	 0.10005E+04	 0.21891E+06	 0.69556E-12	-0.89020E+00	-0.96480E+00	 0.00000E+00	-0.14400E+02	 0.22529E+01
 0.10000E+03	 0.10000E+00	-0.10365E+00	 0.15845E+00	 0.54642E-03	 0.54642E-03	-0.65243E-07	-0.65243E-07	 0.90717E-09	 0.90717E-09	 0.45723E+01	 0.10005E+04	 0.21891E+06	 0.22422E-10	-0.89020E+00	-0.96480E+00	 0.00000E+00	-0.14400E+02	 0.22529E+01
 0.10000E-02	 0.10000E+00	-0.10365E+00	 0.15845E+00	 0.44777E-02	 0.44776E-02	 0.10601E+00	 0.10601E+00	 0.32528E+03	 0.32528E+03	 0.45723E+01	 0.10005E+04	 0.21891E+06	 0.61691E-10	-0.89020E+00	-0.96480E+00	 0.00000E+00	-0.14400E+02	 0.22529E+01
 0.10000E-03	 0.10000E+00	-0.10365E+00	 0.15845E+00	 0.10657E-02	 0.10622E-02	 0.34566E+00	 0.34296E+00	 0.41387E+04	 0.41257E+04	 0.45723E+01	 0.10005E+04	 0.21891E+06	 0.15749E-07	-0.89020E+00	-0.96480E+00	 0.00000E+00	-0.14400E+02	 0.22529E+01
 0.10000E-04	 0.10000E+00	-0.10365E+00	 0.15845E+00	 0.19092E-03	 0.16834E-03	 0.40888E+00	 0.40132E+00	 0.46406E+05	 0.44653E+05	 0.45723E+01	 0.10005E+04	 0.21891E+06	 0.33473E-05	-0.89020E+00	-0.96480E+00	 0.00000E+00	-0.14400E+02	 0.22529E+01
 0.10000E-05	 0.10000E+00	-0.10365E+00	 0.15845E+00	 0.21994E-03	 0.27794E-04	 0.34183E+00	 0.30382E+00	 0.50560E+06	 0.45241E+06	 0.45723E+01	 0.10005E+04	 0.21891E+06	 0.41576E-03	-0.89020E+00	-0.96480E+00	 0.00000E+00	-0.14400E+02	 0.22529E+01
 0.30000E+01	 0.10000E+00	-0.10365E+00	 0.15845E+00	 0.90900E-02	 0.90900E-02	-0.63494E-04	-0.63494E-04	 0.33180E-04	 0.33180E-04	 0.45723E+01	 0.10005E+04	 0.21891E+06	 0.20308E-12	-0.89020E+00	-0.96480E+00	 0.00000E+00	-0.14400E+02	 0.22529E+01
 0.30000E+00	 0.10000E+00	-0.10365E+00	 0.15845E+00	 0.59047E-02	 0.59047E-02	-0.22963E-02	-0.22963E-02	 0.26430E-01	 0.26430E-01	 0.45723E+01	 0.10005E+04	 0.21891E+06	 0.15038E-13	-0.89020E+00	-0.96480E+00	 0.00000E+00	-0.14400E+02	 0.22529E+01
 0.30000E+02	 0.10000E+00	-0.10365E+00	 0.15845E+00	 0.15366E-02	 0.15366E-02	-0.73337E-06	-0.73337E-06	 0.33593E-07	 0.33593E-07	 0.45723E+01	 0.10005E+04	 0.21891E+06	 0.11139E-11	-0.89020E+00	-0.96480E+00	 0.00000E+00	-0.14400E+02	 0.22529E+01
 0.30000E-01	 0.10000E+00	-0.10365E+00	 0.15845E+00	 0.74542E-02	 0.74542E-02	-0.28449E-01	-0.28449E-01	 0.37899E+01	 0.37899E+01	 0.45723E+01	 0.10005E+04	 0.21891E+06	 0.10263E-12	-0.89020E+00	-0.96480E+00	 0.00000E+00	-0.14400E+02	 0.22529E+01
 0.30000E+03	 0.10000E+00	-0.10365E+00	 0.15845E+00	 0.21221E-03	 0.21221E-03	-0.71685E-08	-0.71685E-08	 0.33600E-10	 0.33600E-10	 0.45723E+01	 0.10005E+04	 0.21891E+06	 0.63558E-10	-0.89020E+00	-0.96480E+00	 0.00000E+00	-0.14400E+02	 0.22529E+01
 0.30000E-02	 0.10000E+00	-0.10365E+00	 0.15845E+00	 0.65594E-02	 0.65594E-02	-0.28712E-02	-0.28711E-02	 0.90434E+02	 0.90434E+02	 0.45723E+01	 0.10005E+04	 0.21891E+06	 0.51923E-10	-0.89020E+00	-0.96480E+00	 0.00000E+00	-0.14400E+02	 0.22529E+01
 0.30000E-03	 0.10000E+00	-0.10365E+00	 0.15845E+00	 0.23618E-02	 0.23609E-02	 0.26035E+00	 0.26011E+00	 0.12553E+04	 0.12550E+04	 0.45723E+01	 0.10005E+04	 0.21891E+06	 0.91351E-09	-0.89020E+00	-0.96480E+00	 0.00000E+00	-0.14400E+02	 0.22529E+01
 0.30000E-04	 0.10000E+00	-0.10365E+00	 0.15845E+00	 0.41198E-03	 0.40244E-03	 0.39872E+00	 0.39199E+00	 0.14798E+05	 0.14552E+05	 0.45723E+01	 0.10005E+04	 0.21891E+06	 0.32689E-06	-0.89020E+00	-0.96480E+00	 0.00000E+00	-0.14400E+02	 0.22529E+01
 0.30000E-05	 0.10000E+00	-0.10365E+00	 0.15845E+00	 0.13306E-03	 0.67081E-04	 0.38435E+00	 0.35991E+00	 0.16129E+06	 0.15032E+06	 0.45723E+01	 0.10005E+04	 0.21891E+06	 0.32186E-04	-0.89020E+00	-0.96480E+00	 0.00000E+00	-0.14400E+02	 0.22529E+01
 0.10000E+01	 0.10000E-01	-0.10365E-01	 0.15845E+00	 0.27210E-01	 0.27210E-01	-0.16778E-03	-0.16778E-03	 0.83004E-03	 0.83004E-03	 0.45723E+01	 0.10005E+04	 0.21891E+06	 0.47769E-13	-0.89020E+00	-0.96480E+00	 0.00000E+00	-0.14400E+02	 0.22529E+01
 0.10000E+00	 0.10000E-01	-0.10365E-01	 0.15845E+00	 0.63625E-02	 0.63625E-02	-0.73286E-02	-0.73286E-02	 0.39940E+00	 0.39940E+00	 0.45723E+01	 0.10005E+04	 0.21891E+06	 0.30121E-13	-0.89020E+00	-0.96480E+00	 0.00000E+00	-0.14400E+02	 0.22529E+01
 0.10000E+02	 0.10000E-01	-0.10365E-01	 0.15845E+00	 0.93341E-01	 0.93341E-01	-0.32295E-05	-0.32295E-05	 0.87972E-06	 0.87972E-06	 0.45723E+01	 0.10005E+04	 0.21891E+06	 0.54617E-11	-0.89020E+00	-0.96480E+00	 0.00000E+00	-0.14400E+02	 0.22529E+01
 0.10000E-01	 0.10000E-01	-0.10365E-01	 0.15845E+00	 0.23436E-02	 0.23436E-02	-0.19749E-01	-0.19749E-01	 0.20828E+02	 0.20828E+02	 0.45723E+01	 0.10005E+04	 0.21891E+06	 0.58517E-12	-0.89020E+00	-0.96480E+00	 0.00000E+00	-0.14400E+02	 0.22529E+01
 0.10000E+03	 0.10000E-01	-0.10365E-01	 0.15845E+00	 0.38769E-01	 0.38769E-01	-0.65178E-07	-0.65178E-07	 0.88070E-09	 0.88070E-09	 0.45723E+01	 0.10005E+04	 0.21891E+06	 0.14664E-10	-0.89020E+00	-0.96480E+00	 0.00000E+00	-0.14400E+02	 0.22529E+01
 0.10000E-02	 0.10000E-01	-0.10365E-01	 0.15845E+00	 0.22641E-02	 0.22640E-02	 0.61629E-01	 0.61629E-01	 0.32002E+03	 0.32002E+03	 0.45723E+01	 0.10005E+04	 0.21891E+06	 0.43491E-10	-0.89020E+00	-0.96480E+00	 0.00000E+00	-0.14400E+02	 0.22529E+01
 0.10000E-03	 0.10000E-01	-0.10365E-01	 0.15845E+00	 0.10143E-02	 0.96182E-03	 0.10100E+00	 0.10142E+00	 0.36801E+04	 0.36773E+04	 0.45723E+01	 0.10005E+04	 0.21891E+06	 0.86513E-08	-0.89020E+00	-0.96480E+00	 0.00000E+00	-0.14400E+02	 0.22529E+01
 0.10000E-04	 0.10000E-01	-0.10365E-01	 0.15845E+00	 0.65691E-03	 0.18555E-03	 0.62410E-01	 0.77393E-01	 0.39185E+05	 0.38207E+05	 0.45723E+01	 0.10005E+04	 0.21891E+06	 0.25147E-04	-0.89020E+00	-0.96480E+00	 0.00000E+00	-0.14400E+02	 0.22529E+01
 0.10000E-05	 0.10000E-01	-0.10365E-01	 0.15845E+00	 0.22802E-03	 0.23018E-04	-0.61376E-02	 0.62437E-01	 0.40913E+06	 0.38311E+06	 0.45723E+01	 0.10005E+04	 0.21891E+06	 0.70822E-01	-0.89020E+00	-0.96480E+00	 0.00000E+00	-0.14400E+02	 0.22529E+01
 0.30000E+01	 0.10000E-01	-0.10365E-01	 0.15845E+00	 0.44462E-01	 0.44462E-01	-0.22419E-04	-0.22419E-04	 0.32267E-04	 0.32267E-04	 0.45723E+01	 0.10005E+04	 0.21891E+06	 0.58573E-12	-0.89020E+00	-0.96480E+00	 0.00000E+00	-0.14400E+02	 0.22529E+01
 0.30000E+00	 0.10000E-01	-0.10365E-01	 0.15845E+00	 0.13885E-01	 0.13885E-01	-0.14070E-02	-0.14070E-02	 0.26185E-01	 0.26185E-01	 0.45723E+01	 0.10005E+04	 0.21891E+06	 0.14850E-13	-0.89020E+00	-0.96480E+00	 0.00000E+00	-0.14400E+02	 0.22529E+01
 0.30000E+02	 0.10000E-01	-0.10365E-01	 0.15845E+00	 0.88541E-01	 0.88541E-01	-0.62083E-06	-0.62083E-06	 0.32614E-07	 0.32614E-07	 0.45723E+01	 0.10005E+04	 0.21891E+06	 0.76387E-11	-0.89020E+00	-0.96480E+00	 0.00000E+00	-0.14400E+02	 0.22529E+01
 0.30000E-01	 0.10000E-01	-0.10365E-01	 0.15845E+00	 0.34299E-02	 0.34299E-02	-0.18102E-01	-0.18102E-01	 0.39873E+01	 0.39873E+01	 0.45723E+01	 0.10005E+04	 0.21891E+06	 0.99469E-13	-0.89020E+00	-0.96480E+00	 0.00000E+00	-0.14400E+02	 0.22529E+01
 0.30000E+03	 0.10000E-01	-0.10365E-01	 0.15845E+00	 0.15336E-01	 0.15336E-01	-0.73323E-08	-0.73323E-08	 0.32619E-10	 0.32619E-10	 0.45723E+01	 0.10005E+04	 0.21891E+06	 0.10833E-09	-0.89020E+00	-0.96480E+00	 0.00000E+00	-0.14400E+02	 0.22529E+01
 0.30000E-02	 0.10000E-01	-0.10365E-01	 0.15845E+00	 0.21260E-02	 0.21260E-02	-0.51913E-02	-0.51913E-02	 0.92701E+02	 0.92701E+02	 0.45723E+01	 0.10005E+04	 0.21891E+06	 0.14215E-10	-0.89020E+00	-0.96480E+00	 0.00000E+00	-0.14400E+02	 0.22529E+01
 0.30000E-03	 0.10000E-01	-0.10365E-01	 0.15845E+00	 0.16751E-02	 0.16700E-02	 0.12096E+00	 0.12095E+00	 0.11682E+04	 0.11682E+04	 0.45723E+01	 0.10005E+04	 0.21891E+06	 0.40042E-09	-0.89020E+00	-0.96480E+00	 0.00000E+00	-0.14400E+02	 0.22529E+01
 0.30000E-04	 0.10000E-01	-0.10365E-01	 0.15845E+00	 0.70505E-03	 0.45283E-03	 0.77450E-01	 0.82520E-01	 0.12722E+05	 0.12611E+05	 0.45723E+01	 0.10005E+04	 0.21891E+06	 0.36129E-06	-0.89020E+00	-0.96480E+00	 0.00000E+00	-0.14400E+02	 0.22529E+01
 0.30000E-05	 0.10000E-01	-0.10365E-01	 0.15845E+00	 0.44514E-03	 0.61238E-04	 0.30978E-01	 0.73053E-01	 0.13355E+06	 0.12766E+06	 0.45723E+01	 0.10005E+04	 0.21891E+06	 0.11114E-01	-0.89020E+00	-0.96480E+00	 0.00000E+00	-0.14400E+02	 0.22529E+01
 0.10000E+01	 0.10000E-02	-0.10365E-02	 0.15845E+00	 0.46652E-01	 0.46652E-01	-0.12561E-03	-0.12561E-03	 0.82995E-03	 0.82995E-03	 0.45723E+01	 0.10005E+04	 0.21891E+06	 0.11805E-12	-0.89020E+00	-0.96480E+00	 0.00000E+00	-0.14400E+02	 0.22529E+01
 0.10000E+00	 0.10000E-02	-0.10365E-02	 0.15845E+00	 0.63508E-02	 0.63508E-02	-0.73172E-02	-0.73172E-02	 0.39952E+00	 0.39952E+00	 0.45723E+01	 0.10005E+04	 0.21891E+06	 0.39889E-13	-0.89020E+00	-0.96480E+00	 0.00000E+00	-0.14400E+02	 0.22529E+01
 0.10000E+02	 0.10000E-02	-0.10365E-02	 0.15845E+00	 0.26784E+00	 0.26784E+00	-0.16243E-05	-0.16243E-05	 0.87951E-06	 0.87951E-06	 0.45723E+01	 0.10005E+04	 0.21891E+06	 0.72515E-11	-0.89020E+00	-0.96480E+00	 0.00000E+00	-0.14400E+02	 0.22529E+01
 0.10000E-01	 0.10000E-02	-0.10365E-02	 0.15845E+00	 0.23383E-02	 0.23383E-02	-0.20648E-01	-0.20648E-01	 0.20944E+02	 0.20944E+02	 0.45723E+01	 0.10005E+04	 0.21891E+06	 0.64893E-12	-0.89020E+00	-0.96480E+00	 0.00000E+00	-0.14400E+02	 0.22529E+01
 0.10000E+03	 0.10000E-02	-0.10365E-02	 0.15845E+00	 0.93249E+00	 0.93249E+00	-0.32261E-07	-0.32261E-07	 0.88044E-09	 0.88044E-09	 0.45723E+01	 0.10005E+04	 0.21891E+06	 0.27205E-09	-0.89020E+00	-0.96480E+00	 0.00000E+00	-0.14400E+02	 0.22529E+01
 0.10000E-02	 0.10000E-02	-0.10365E-02	 0.15845E+00	 0.46802E-02	 0.46800E-02	-0.14114E-01	-0.14114E-01	 0.32528E+03	 0.32528E+03	 0.45723E+01	 0.10005E+04	 0.21891E+06	 0.91335E-10	-0.89020E+00	-0.96480E+00	 0.00000E+00	-0.14400E+02	 0.22529E+01
 0.10000E-03	 0.10000E-02	-0.10365E-02	 0.15845E+00	 0.14662E-01	 0.14583E-01	 0.13537E+00	 0.13568E+00	 0.36971E+04	 0.36939E+04	 0.45723E+01	 0.10005E+04	 0.21891E+06	 0.59583E-08	-0.89020E+00	-0.96480E+00	 0.00000E+00	-0.14400E+02	 0.22529E+01
 0.10000E-04	 0.10000E-02	-0.10365E-02	 0.15845E+00	 0.78658E-02	 0.53463E-02	 0.78929E-01	 0.10186E+00	 0.39051E+05	 0.38196E+05	 0.45723E+01	 0.10005E+04	 0.21891E+06	 0.53926E-04	-0.89020E+00	-0.96480E+00	 0.00000E+00	-0.14400E+02	 0.22529E+01
 0.10000E-05	 0.10000E-02	-0.10365E-02	 0.15845E+00	 0.79452E-02	 0.64644E-03	-0.62772E-02	 0.83961E-01	 0.40763E+06	 0.38317E+06	 0.45723E+01	 0.10005E+04	 0.21891E+06	 0.10157E+01	-0.89020E+00	-0.96480E+00	 0.00000E+00	-0.14400E+02	 0.22529E+01
 0.30000E+01	 0.10000E-02	-0.10365E-02	 0.15845E+00	 0.12881E+00	 0.12881E+00	-0.14241E-04	-0.14241E-04	 0.32261E-04	 0.32261E-04	 0.45723E+01	 0.10005E+04	 0.21891E+06	 0.17438E-11	-0.89020E+00	-0.96480E+00	 0.00000E+00	-0.14400E+02	 0.22529E+01
 0.30000E+00	 0.10000E-02	-0.10365E-02	 0.15845E+00	 0.14908E-01	 0.14908E-01	-0.13306E-02	-0.13306E-02	 0.26187E-01	 0.26187E-01	 0.45723E+01	 0.10005E+04	 0.21891E+06	 0.13797E-13	-0.89020E+00	-0.96480E+00	 0.00000E+00	-0.14400E+02	 0.22529E+01
 0.30000E+02	 0.10000E-02	-0.10365E-02	 0.15845E+00	 0.44305E+00	 0.44305E+00	-0.22271E-06	-0.22271E-06	 0.32605E-07	 0.32605E-07	 0.45723E+01	 0.10005E+04	 0.21891E+06	 0.17327E-10	-0.89020E+00	-0.96480E+00	 0.00000E+00	-0.14400E+02	 0.22529E+01
 0.30000E-01	 0.10000E-02	-0.10365E-02	 0.15845E+00	 0.34064E-02	 0.34064E-02	-0.18155E-01	-0.18155E-01	 0.39932E+01	 0.39932E+01	 0.45723E+01	 0.10005E+04	 0.21891E+06	 0.87180E-13	-0.89020E+00	-0.96480E+00	 0.00000E+00	-0.14400E+02	 0.22529E+01
 0.30000E+03	 0.10000E-02	-0.10365E-02	 0.15845E+00	 0.88517E+00	 0.88517E+00	-0.62068E-08	-0.62068E-08	 0.32609E-10	 0.32609E-10	 0.45723E+01	 0.10005E+04	 0.21891E+06	 0.13897E-08	-0.89020E+00	-0.96480E+00	 0.00000E+00	-0.14400E+02	 0.22529E+01
 0.30000E-02	 0.10000E-02	-0.10365E-02	 0.15845E+00	 0.24451E-02	 0.24451E-02	-0.20048E-01	-0.20048E-01	 0.94032E+02	 0.94032E+02	 0.45723E+01	 0.10005E+04	 0.21891E+06	 0.90764E-11	-0.89020E+00	-0.96480E+00	 0.00000E+00	-0.14400E+02	 0.22529E+01
 0.30000E-03	 0.10000E-02	-0.10365E-02	 0.15845E+00	 0.10817E-01	 0.10811E-01	 0.38545E-01	 0.38592E-01	 0.11790E+04	 0.11790E+04	 0.45723E+01	 0.10005E+04	 0.21891E+06	 0.57971E-09	-0.89020E+00	-0.96480E+00	 0.00000E+00	-0.14400E+02	 0.22529E+01
 0.30000E-04	 0.10000E-02	-0.10365E-02	 0.15845E+00	 0.11228E-01	 0.10454E-01	 0.13064E+00	 0.14100E+00	 0.12727E+05	 0.12620E+05	 0.45723E+01	 0.10005E+04	 0.21891E+06	 0.16539E-06	-0.89020E+00	-0.96480E+00	 0.00000E+00	-0.14400E+02	 0.22529E+01
 0.30000E-05	 0.10000E-02	-0.10365E-02	 0.15845E+00	 0.73774E-02	 0.18845E-02	 0.41908E-01	 0.86065E-01	 0.13300E+06	 0.12767E+06	 0.45723E+01	 0.10005E+04	 0.21891E+06	 0.53654E-02	-0.89020E+00	-0.96480E+00	 0.00000E+00	-0.14400E+02	 0.22529E+01
 0.10000E+01	 0.10000E-03	-0.10365E-03	 0.15845E+00	 0.47176E-01	 0.47176E-01	-0.12464E-03	-0.12464E-03	 0.82995E-03	 0.82995E-03	 0.45723E+01	 0.10005E+04	 0.21891E+06	 0.92483E-13	-0.89020E+00	-0.96480E+00	 0.00000E+00	-0.14400E+02	 0.22529E+01
 0.10000E+00	 0.10000E-03	-0.10365E-03	 0.15845E+00	 0.63512E-02	 0.63512E-02	-0.73173E-02	-0.73173E-02	 0.39952E+00	 0.39952E+00	 0.45723E+01	 0.10005E+04	 0.21891E+06	 0.31573E-13	-0.89020E+00	-0.96480E+00	 0.00000E+00	-0.14400E+02	 0.22529E+01
 0.10000E+02	 0.10000E-03	-0.10365E-03	 0.15845E+00	 0.46358E+00	 0.46358E+00	-0.11957E-05	-0.11957E-05	 0.87951E-06	 0.87951E-06	 0.45723E+01	 0.10005E+04	 0.21891E+06	 0.11505E-10	-0.89020E+00	-0.96480E+00	 0.00000E+00	-0.14400E+02	 0.22529E+01
 0.10000E-01	 0.10000E-03	-0.10365E-03	 0.15845E+00	 0.23384E-02	 0.23384E-02	-0.20658E-01	-0.20658E-01	 0.20945E+02	 0.20945E+02	 0.45723E+01	 0.10005E+04	 0.21891E+06	 0.74449E-12	-0.89020E+00	-0.96480E+00	 0.00000E+00	-0.14400E+02	 0.22529E+01
 0.10000E+03	 0.10000E-03	-0.10365E-03	 0.15845E+00	 0.26780E+01	 0.26780E+01	-0.16230E-07	-0.16230E-07	 0.88043E-09	 0.88043E-09	 0.45723E+01	 0.10005E+04	 0.21891E+06	 0.58459E-02	-0.89020E+00	-0.96480E+00	 0.00000E+00	-0.14400E+02	 0.22529E+01
 0.10000E-02	 0.10000E-03	-0.10365E-03	 0.15845E+00	 0.48866E-02	 0.48864E-02	-0.16648E-01	-0.16648E-01	 0.32551E+03	 0.32551E+03	 0.45723E+01	 0.10005E+04	 0.21891E+06	 0.14666E-09	-0.89020E+00	-0.96480E+00	 0.00000E+00	-0.14400E+02	 0.22529E+01
 0.10000E-03	 0.10000E-03	-0.10365E-03	 0.15845E+00	 0.40050E-01	 0.39937E-01	 0.66925E-01	 0.67262E-01	 0.37035E+04	 0.37002E+04	 0.45723E+01	 0.10005E+04	 0.21891E+06	 0.66132E-08	-0.89020E+00	-0.96480E+00	 0.00000E+00	-0.14400E+02	 0.22529E+01
 0.10000E-04	 0.10000E-03	-0.10365E-03	 0.15845E+00	 0.14589E+00	 0.14034E+00	 0.11749E+00	 0.14622E+00	 0.39070E+05	 0.38232E+05	 0.45723E+01	 0.10005E+04	 0.21891E+06	 0.68774E-05	-0.89020E+00	-0.96480E+00	 0.00000E+00	-0.14400E+02	 0.22529E+01
 0.10000E-05	 0.10000E-03	-0.10365E-03	 0.15845E+00	 0.90105E-01	 0.39717E-01	 0.92786E-01	 0.22242E-01	 0.40769E+06	 0.38379E+06	 0.45723E+01	 0.10005E+04	 0.21891E+06	 0.84707E-01	-0.89020E+00	-0.96480E+00	 0.00000E+00	-0.14400E+02	 0.22529E+01
 0.30000E+01	 0.10000E-03	-0.10365E-03	 0.15845E+00	 0.14057E+00	 0.14057E+00	-0.13314E-04	-0.13314E-04	 0.32261E-04	 0.32261E-04	 0.45723E+01	 0.10005E+04	 0.21891E+06	 0.15363E-11	-0.89020E+00	-0.96480E+00	 0.00000E+00	-0.14400E+02	 0.22529E+01
 0.30000E+00	 0.10000E-03	-0.10365E-03	 0.15845E+00	 0.14928E-01	 0.14928E-01	-0.13300E-02	-0.13300E-02	 0.26187E-01	 0.26187E-01	 0.45723E+01	 0.10005E+04	 0.21891E+06	 0.15224E-13	-0.89020E+00	-0.96480E+00	 0.00000E+00	-0.14400E+02	 0.22529E+01
 0.30000E+02	 0.10000E-03	-0.10365E-03	 0.15845E+00	 0.12869E+01	 0.12869E+01	-0.14099E-06	-0.14099E-06	 0.32605E-07	 0.32605E-07	 0.45723E+01	 0.10005E+04	 0.21891E+06	 0.10515E-09	-0.89020E+00	-0.96480E+00	 0.00000E+00	-0.14400E+02	 0.22529E+01
 0.30000E-01	 0.10000E-03	-0.10365E-03	 0.15845E+00	 0.34062E-02	 0.34062E-02	-0.18156E-01	-0.18156E-01	 0.39933E+01	 0.39933E+01	 0.45723E+01	 0.10005E+04	 0.21891E+06	 0.96402E-13	-0.89020E+00	-0.96480E+00	 0.00000E+00	-0.14400E+02	 0.22529E+01
 0.30000E+03	 0.10000E-03	-0.10365E-03	 0.15845E+00	 0.44304E+01	 0.44304E+01	-0.22269E-08	-0.22269E-08	 0.32609E-10	 0.32609E-10	 0.45723E+01	 0.10005E+04	 0.21891E+06	 0.24807E-08	-0.89020E+00	-0.96480E+00	 0.00000E+00	-0.14400E+02	 0.22529E+01
 0.30000E-02	 0.10000E-03	-0.10365E-03	 0.15845E+00	 0.24553E-02	 0.24553E-02	-0.20251E-01	-0.20251E-01	 0.94052E+02	 0.94052E+02	 0.45723E+01	 0.10005E+04	 0.21891E+06	 0.67592E-11	-0.89020E+00	-0.96480E+00	 0.00000E+00	-0.14400E+02	 0.22529E+01
 0.30000E-03	 0.10000E-03	-0.10365E-03	 0.15845E+00	 0.14352E-01	 0.14346E-01	 0.15764E-01	 0.15835E-01	 0.11813E+04	 0.11813E+04	 0.45723E+01	 0.10005E+04	 0.21891E+06	 0.27874E-08	-0.89020E+00	-0.96480E+00	 0.00000E+00	-0.14400E+02	 0.22529E+01
 0.30000E-04	 0.10000E-03	-0.10365E-03	 0.15845E+00	 0.10401E+00	 0.10287E+00	 0.68817E-01	 0.74316E-01	 0.12739E+05	 0.12633E+05	 0.45723E+01	 0.10005E+04	 0.21891E+06	 0.47847E-06	-0.89020E+00	-0.96480E+00	 0.00000E+00	-0.14400E+02	 0.22529E+01
 0.30000E-05	 0.10000E-03	-0.10365E-03	 0.15845E+00	 0.11432E+00	 0.89415E-01	 0.95723E-01	 0.94066E-01	 0.13303E+06	 0.12784E+06	 0.45723E+01	 0.10005E+04	 0.21891E+06	 0.31105E-02	-0.89020E+00	-0.96480E+00	 0.00000E+00	-0.14400E+02	 0.22529E+01
 0.10000E+01	 0.10000E-04	-0.10365E-04	 0.15845E+00	 0.47187E-01	 0.47187E-01	-0.12464E-03	-0.12464E-03	 0.82995E-03	 0.82995E-03	 0.45723E+01	 0.10005E+04	 0.21891E+06	 0.74770E-13	-0.89020E+00	-0.96480E+00	 0.00000E+00	-0.14400E+02	 0.22529E+01
 0.10000E+00	 0.10000E-04	-0.10365E-04	 0.15845E+00	 0.63512E-02	 0.63512E-02	-0.73173E-02	-0.73173E-02	 0.39952E+00	 0.39952E+00	 0.45723E+01	 0.10005E+04	 0.21891E+06	 0.31534E-13	-0.89020E+00	-0.96480E+00	 0.00000E+00	-0.14400E+02	 0.22529E+01
 0.10000E+02	 0.10000E-04	-0.10365E-04	 0.15845E+00	 0.46888E+00	 0.46888E+00	-0.11858E-05	-0.11858E-05	 0.87951E-06	 0.87951E-06	 0.45723E+01	 0.10005E+04	 0.21891E+06	 0.66674E-11	-0.89020E+00	-0.96480E+00	 0.00000E+00	-0.14400E+02	 0.22529E+01
 0.10000E-01	 0.10000E-04	-0.10365E-04	 0.15845E+00	 0.23384E-02	 0.23384E-02	-0.20658E-01	-0.20658E-01	 0.20945E+02	 0.20945E+02	 0.45723E+01	 0.10005E+04	 0.21891E+06	 0.89643E-12	-0.89020E+00	-0.96480E+00	 0.00000E+00	-0.14400E+02	 0.22529E+01
 0.10000E+03	 0.10000E-04	-0.10365E-04	 0.15845E+00	 0.46355E+01	 0.46355E+01	-0.11945E-07	-0.11945E-07	 0.88043E-09	 0.88043E-09	 0.45723E+01	 0.10005E+04	 0.21891E+06	 0.53941E-09	-0.89020E+00	-0.96480E+00	 0.00000E+00	-0.14400E+02	 0.22529E+01
 0.10000E-02	 0.10000E-04	-0.10365E-04	 0.15845E+00	 0.48891E-02	 0.48890E-02	-0.16671E-01	-0.16671E-01	 0.32551E+03	 0.32551E+03	 0.45723E+01	 0.10005E+04	 0.21891E+06	 0.11705E-09	-0.89020E+00	-0.96480E+00	 0.00000E+00	-0.14400E+02	 0.22529E+01
 0.10000E-03	 0.10000E-04	-0.10365E-04	 0.15845E+00	 0.41740E-01	 0.41624E-01	 0.79279E-01	 0.79518E-01	 0.37041E+04	 0.37008E+04	 0.45723E+01	 0.10005E+04	 0.21891E+06	 0.40397E-07	-0.89020E+00	-0.96480E+00	 0.00000E+00	-0.14400E+02	 0.22529E+01
 0.10000E-04	 0.10000E-04	-0.10365E-04	 0.15845E+00	 0.39470E+00	 0.38510E+00	 0.11525E+00	 0.14442E+00	 0.39077E+05	 0.38241E+05	 0.45723E+01	 0.10005E+04	 0.21891E+06	 0.66797E-05	-0.89020E+00	-0.96480E+00	 0.00000E+00	-0.14400E+02	 0.22529E+01
 0.10000E-05	 0.10000E-04	-0.10365E-04	 0.15845E+00	 0.15105E+01	 0.13567E+01	 0.22279E+00	 0.35335E+00	 0.40772E+06	 0.38400E+06	 0.45723E+01	 0.10005E+04	 0.21891E+06	 0.84080E-02	-0.89020E+00	-0.96480E+00	 0.00000E+00	-0.14400E+02	 0.22529E+01
 0.30000E+01	 0.10000E-04	-0.10365E-04	 0.15845E+00	 0.14078E+00	 0.14078E+00	-0.13306E-04	-0.13306E-04	 0.32261E-04	 0.32261E-04	 0.45723E+01	 0.10005E+04	 0.21891E+06	 0.26332E-04	-0.89020E+00	-0.96480E+00	 0.00000E+00	-0.14400E+02	 0.22529E+01
 0.30000E+00	 0.10000E-04	-0.10365E-04	 0.15845E+00	 0.14929E-01	 0.14929E-01	-0.13300E-02	-0.13300E-02	 0.26187E-01	 0.26187E-01	 0.45723E+01	 0.10005E+04	 0.21891E+06	 0.18051E-13	-0.89020E+00	-0.96480E+00	 0.00000E+00	-0.14400E+02	 0.22529E+01
 0.30000E+02	 0.10000E-04	-0.10365E-04	 0.15845E+00	 0.14047E+01	 0.14047E+01	-0.13169E-06	-0.13169E-06	 0.32605E-07	 0.32605E-07	 0.45723E+01	 0.10005E+04	 0.21891E+06	 0.90203E-10	-0.89020E+00	-0.96480E+00	 0.00000E+00	-0.14400E+02	 0.22529E+01
 0.30000E-01	 0.10000E-04	-0.10365E-04	 0.15845E+00	 0.34061E-02	 0.34061E-02	-0.18156E-01	-0.18156E-01	 0.39933E+01	 0.39933E+01	 0.45723E+01	 0.10005E+04	 0.21891E+06	 0.93753E-13	-0.89020E+00	-0.96480E+00	 0.00000E+00	-0.14400E+02	 0.22529E+01
 0.30000E+03	 0.10000E-04	-0.10365E-04	 0.15845E+00	 0.12869E+02	 0.12869E+02	-0.14097E-08	-0.14097E-08	 0.32609E-10	 0.32609E-10	 0.45723E+01	 0.10005E+04	 0.21891E+06	 0.80657E-08	-0.89020E+00	-0.96480E+00	 0.00000E+00	-0.14400E+02	 0.22529E+01
 0.30000E-02	 0.10000E-04	-0.10365E-04	 0.15845E+00	 0.24554E-02	 0.24554E-02	-0.20253E-01	-0.20253E-01	 0.94052E+02	 0.94052E+02	 0.45723E+01	 0.10005E+04	 0.21891E+06	 0.58926E-11	-0.89020E+00	-0.96480E+00	 0.00000E+00	-0.14400E+02	 0.22529E+01
 0.30000E-03	 0.10000E-04	-0.10365E-04	 0.15845E+00	 0.14431E-01	 0.14424E-01	 0.15937E-01	 0.16008E-01	 0.11813E+04	 0.11813E+04	 0.45723E+01	 0.10005E+04	 0.21891E+06	 0.38554E-08	-0.89020E+00	-0.96480E+00	 0.00000E+00	-0.14400E+02	 0.22529E+01
 0.30000E-04	 0.10000E-04	-0.10365E-04	 0.15845E+00	 0.13651E+00	 0.13515E+00	 0.13536E+00	 0.14294E+00	 0.12742E+05	 0.12636E+05	 0.45723E+01	 0.10005E+04	 0.21891E+06	 0.15495E-05	-0.89020E+00	-0.96480E+00	 0.00000E+00	-0.14400E+02	 0.22529E+01
 0.30000E-05	 0.10000E-04	-0.10365E-04	 0.15845E+00	 0.10495E+01	 0.99719E+00	 0.84400E-01	 0.17448E+00	 0.13304E+06	 0.12788E+06	 0.45723E+01	 0.10005E+04	 0.21891E+06	 0.49675E-03	-0.89020E+00	-0.96480E+00	 0.00000E+00	-0.14400E+02	 0.22529E+01
 0.10000E+01	 0.30000E-01	-0.31095E-01	 0.15845E+00	 0.15239E-01	 0.15239E-01	-0.20704E-03	-0.20704E-03	 0.83140E-03	 0.83140E-03	 0.45723E+01	 0.10005E+04	 0.21891E+06	 0.47560E-13	-0.89020E+00	-0.96480E+00	 0.00000E+00	-0.14400E+02	 0.22529E+01
 0.10000E+00	 0.30000E-01	-0.31095E-01	 0.15845E+00	 0.64751E-02	 0.64751E-02	-0.74841E-02	-0.74841E-02	 0.39840E+00	 0.39840E+00	 0.45723E+01	 0.10005E+04	 0.21891E+06	 0.35953E-13	-0.89020E+00	-0.96480E+00	 0.00000E+00	-0.14400E+02	 0.22529E+01
 0.10000E+02	 0.30000E-01	-0.31095E-01	 0.15845E+00	 0.29578E-01	 0.29578E-01	-0.55983E-05	-0.55983E-05	 0.88175E-06	 0.88175E-06	 0.45723E+01	 0.10005E+04	 0.21891E+06	 0.11450E-11	-0.89020E+00	-0.96480E+00	 0.00000E+00	-0.14400E+02	 0.22529E+01
 0.10000E-01	 0.30000E-01	-0.31095E-01	 0.15845E+00	 0.25434E-02	 0.25434E-02	-0.15868E-01	-0.15868E-01	 0.20279E+02	 0.20279E+02	 0.45723E+01	 0.10005E+04	 0.21891E+06	 0.68893E-12	-0.89020E+00	-0.96480E+00	 0.00000E+00	-0.14400E+02	 0.22529E+01
 0.10000E+03	 0.30000E-01	-0.31095E-01	 0.15845E+00	 0.51129E-02	 0.51129E-02	-0.65992E-07	-0.65992E-07	 0.88283E-09	 0.88283E-09	 0.45723E+01	 0.10005E+04	 0.21891E+06	 0.90355E-11	-0.89020E+00	-0.96480E+00	 0.00000E+00	-0.14400E+02	 0.22529E+01
 0.10000E-02	 0.30000E-01	-0.31095E-01	 0.15845E+00	 0.15939E-02	 0.15938E-02	 0.79338E-01	 0.79339E-01	 0.31679E+03	 0.31679E+03	 0.45723E+01	 0.10005E+04	 0.21891E+06	 0.51814E-10	-0.89020E+00	-0.96480E+00	 0.00000E+00	-0.14400E+02	 0.22529E+01
 0.10000E-03	 0.30000E-01	-0.31095E-01	 0.15845E+00	 0.59703E-03	 0.55520E-03	 0.14242E+00	 0.14248E+00	 0.37256E+04	 0.37234E+04	 0.45723E+01	 0.10005E+04	 0.21891E+06	 0.23274E-07	-0.89020E+00	-0.96480E+00	 0.00000E+00	-0.14400E+02	 0.22529E+01
 0.10000E-04	 0.30000E-01	-0.31095E-01	 0.15845E+00	 0.19669E-03	 0.99819E-04	 0.15174E+00	 0.18723E+00	 0.40265E+05	 0.39246E+05	 0.45723E+01	 0.10005E+04	 0.21891E+06	 0.10039E-04	-0.89020E+00	-0.96480E+00	 0.00000E+00	-0.14400E+02	 0.22529E+01
 0.10000E-05	 0.30000E-01	-0.31095E-01	 0.15845E+00	 0.50621E-04	 0.12278E-04	 0.99235E-01	 0.19166E+00	 0.42325E+06	 0.39450E+06	 0.45723E+01	 0.10005E+04	 0.21891E+06	 0.36244E-02	-0.89020E+00	-0.96480E+00	 0.00000E+00	-0.14400E+02	 0.22529E+01
 0.30000E+01	 0.30000E-01	-0.31095E-01	 0.15845E+00	 0.29949E-01	 0.29949E-01	-0.34042E-04	-0.34042E-04	 0.32329E-04	 0.32329E-04	 0.45723E+01	 0.10005E+04	 0.21891E+06	 0.37989E-12	-0.89020E+00	-0.96480E+00	 0.00000E+00	-0.14400E+02	 0.22529E+01
 0.30000E+00	 0.30000E-01	-0.31095E-01	 0.15845E+00	 0.98963E-02	 0.98963E-02	-0.17203E-02	-0.17203E-02	 0.26187E-01	 0.26187E-01	 0.45723E+01	 0.10005E+04	 0.21891E+06	 0.15498E-13	-0.89020E+00	-0.96480E+00	 0.00000E+00	-0.14400E+02	 0.22529E+01
 0.30000E+02	 0.30000E-01	-0.31095E-01	 0.15845E+00	 0.14060E-01	 0.14060E-01	-0.72149E-06	-0.72149E-06	 0.32693E-07	 0.32693E-07	 0.45723E+01	 0.10005E+04	 0.21891E+06	 0.19154E-11	-0.89020E+00	-0.96480E+00	 0.00000E+00	-0.14400E+02	 0.22529E+01
 0.30000E-01	 0.30000E-01	-0.31095E-01	 0.15845E+00	 0.36533E-02	 0.36533E-02	-0.17854E-01	-0.17854E-01	 0.39462E+01	 0.39462E+01	 0.45723E+01	 0.10005E+04	 0.21891E+06	 0.89762E-13	-0.89020E+00	-0.96480E+00	 0.00000E+00	-0.14400E+02	 0.22529E+01
 0.30000E+03	 0.30000E-01	-0.31095E-01	 0.15845E+00	 0.19907E-02	 0.19907E-02	-0.72584E-08	-0.72584E-08	 0.32698E-10	 0.32698E-10	 0.45723E+01	 0.10005E+04	 0.21891E+06	 0.36659E-10	-0.89020E+00	-0.96480E+00	 0.00000E+00	-0.14400E+02	 0.22529E+01
 0.30000E-02	 0.30000E-01	-0.31095E-01	 0.15845E+00	 0.20226E-02	 0.20226E-02	 0.20619E-01	 0.20619E-01	 0.90461E+02	 0.90461E+02	 0.45723E+01	 0.10005E+04	 0.21891E+06	 0.67111E-11	-0.89020E+00	-0.96480E+00	 0.00000E+00	-0.14400E+02	 0.22529E+01
 0.30000E-03	 0.30000E-01	-0.31095E-01	 0.15845E+00	 0.10043E-02	 0.99753E-03	 0.11902E+00	 0.11895E+00	 0.11711E+04	 0.11711E+04	 0.45723E+01	 0.10005E+04	 0.21891E+06	 0.46927E-09	-0.89020E+00	-0.96480E+00	 0.00000E+00	-0.14400E+02	 0.22529E+01
 0.30000E-04	 0.30000E-01	-0.31095E-01	 0.15845E+00	 0.33421E-03	 0.24560E-03	 0.16338E+00	 0.16937E+00	 0.12982E+05	 0.12891E+05	 0.45723E+01	 0.10005E+04	 0.21891E+06	 0.71966E-06	-0.89020E+00	-0.96480E+00	 0.00000E+00	-0.14400E+02	 0.22529E+01
 0.30000E-05	 0.30000E-01	-0.31095E-01	 0.15845E+00	 0.90013E-04	 0.32910E-04	 0.11196E+00	 0.19183E+00	 0.13806E+06	 0.13133E+06	 0.45723E+01	 0.10005E+04	 0.21891E+06	 0.58755E-03	-0.89020E+00	-0.96480E+00	 0.00000E+00	-0.14400E+02	 0.22529E+01
 0.10000E+01	 0.30000E-02	-0.31095E-02	 0.15845E+00	 0.43233E-01	 0.43233E-01	-0.13287E-03	-0.13287E-03	 0.82995E-03	 0.82995E-03	 0.45723E+01	 0.10005E+04	 0.21891E+06	 0.70440E-13	-0.89020E+00	-0.96480E+00	 0.00000E+00	-0.14400E+02	 0.22529E+01
 0.10000E+00	 0.30000E-02	-0.31095E-02	 0.15845E+00	 0.63495E-02	 0.63495E-02	-0.73172E-02	-0.73172E-02	 0.39951E+00	 0.39951E+00	 0.45723E+01	 0.10005E+04	 0.21891E+06	 0.39538E-13	-0.89020E+00	-0.96480E+00	 0.00000E+00	-0.14400E+02	 0.22529E+01
 0.10000E+02	 0.30000E-02	-0.31095E-02	 0.15845E+00	 0.14773E+00	 0.14773E+00	-0.20056E-05	-0.20056E-05	 0.87953E-06	 0.87953E-06	 0.45723E+01	 0.10005E+04	 0.21891E+06	 0.44709E-11	-0.89020E+00	-0.96480E+00	 0.00000E+00	-0.14400E+02	 0.22529E+01
 0.10000E-01	 0.30000E-02	-0.31095E-02	 0.15845E+00	 0.23377E-02	 0.23377E-02	-0.20572E-01	-0.20572E-01	 0.20934E+02	 0.20934E+02	 0.45723E+01	 0.10005E+04	 0.21891E+06	 0.63088E-12	-0.89020E+00	-0.96480E+00	 0.00000E+00	-0.14400E+02	 0.22529E+01
 0.10000E+03	 0.30000E-02	-0.31095E-02	 0.15845E+00	 0.29506E+00	 0.29506E+00	-0.55862E-07	-0.55862E-07	 0.88046E-09	 0.88046E-09	 0.45723E+01	 0.10005E+04	 0.21891E+06	 0.12258E-09	-0.89020E+00	-0.96480E+00	 0.00000E+00	-0.14400E+02	 0.22529E+01
 0.10000E-02	 0.30000E-02	-0.31095E-02	 0.15845E+00	 0.38929E-02	 0.38928E-02	 0.50577E-02	 0.50577E-02	 0.32398E+03	 0.32398E+03	 0.45723E+01	 0.10005E+04	 0.21891E+06	 0.41680E-09	-0.89020E+00	-0.96480E+00	 0.00000E+00	-0.14400E+02	 0.22529E+01
 0.10000E-03	 0.30000E-02	-0.31095E-02	 0.15845E+00	 0.41509E-02	 0.40729E-02	 0.14705E+00	 0.14741E+00	 0.36899E+04	 0.36868E+04	 0.45723E+01	 0.10005E+04	 0.21891E+06	 0.37414E-08	-0.89020E+00	-0.96480E+00	 0.00000E+00	-0.14400E+02	 0.22529E+01
 0.10000E-04	 0.30000E-02	-0.31095E-02	 0.15845E+00	 0.21866E-02	 0.88128E-03	 0.63136E-01	 0.80661E-01	 0.39028E+05	 0.38151E+05	 0.45723E+01	 0.10005E+04	 0.21891E+06	 0.76120E-04	-0.89020E+00	-0.96480E+00	 0.00000E+00	-0.14400E+02	 0.22529E+01
 0.10000E-05	 0.30000E-02	-0.31095E-02	 0.15845E+00	 0.16455E-02	 0.94070E-04	-0.14066E-01	 0.76292E-01	 0.40753E+06	 0.38246E+06	 0.45723E+01	 0.10005E+04	 0.21891E+06	 0.16942E+01	-0.89020E+00	-0.96480E+00	 0.00000E+00	-0.14400E+02	 0.22529E+01
 0.30000E+01	 0.30000E-02	-0.31095E-02	 0.15845E+00	 0.85737E-01	 0.85737E-01	-0.17728E-04	-0.17728E-04	 0.32261E-04	 0.32261E-04	 0.45723E+01	 0.10005E+04	 0.21891E+06	 0.82797E-12	-0.89020E+00	-0.96480E+00	 0.00000E+00	-0.14400E+02	 0.22529E+01
 0.30000E+00	 0.30000E-02	-0.31095E-02	 0.15845E+00	 0.14811E-01	 0.14811E-01	-0.13372E-02	-0.13372E-02	 0.26187E-01	 0.26187E-01	 0.45723E+01	 0.10005E+04	 0.21891E+06	 0.16115E-13	-0.89020E+00	-0.96480E+00	 0.00000E+00	-0.14400E+02	 0.22529E+01
 0.30000E+02	 0.30000E-02	-0.31095E-02	 0.15845E+00	 0.29658E+00	 0.29658E+00	-0.33698E-06	-0.33698E-06	 0.32606E-07	 0.32606E-07	 0.45723E+01	 0.10005E+04	 0.21891E+06	 0.32643E-10	-0.89020E+00	-0.96480E+00	 0.00000E+00	-0.14400E+02	 0.22529E+01
 0.30000E-01	 0.30000E-02	-0.31095E-02	 0.15845E+00	 0.34085E-02	 0.34085E-02	-0.18151E-01	-0.18151E-01	 0.39927E+01	 0.39927E+01	 0.45723E+01	 0.10005E+04	 0.21891E+06	 0.96744E-13	-0.89020E+00	-0.96480E+00	 0.00000E+00	-0.14400E+02	 0.22529E+01
 0.30000E+03	 0.30000E-02	-0.31095E-02	 0.15845E+00	 0.14053E+00	 0.14053E+00	-0.72129E-08	-0.72129E-08	 0.32610E-10	 0.32610E-10	 0.45723E+01	 0.10005E+04	 0.21891E+06	 0.30491E-09	-0.89020E+00	-0.96480E+00	 0.00000E+00	-0.14400E+02	 0.22529E+01
 0.30000E-02	 0.30000E-02	-0.31095E-02	 0.15845E+00	 0.23812E-02	 0.23812E-02	-0.18421E-01	-0.18421E-01	 0.93876E+02	 0.93876E+02	 0.45723E+01	 0.10005E+04	 0.21891E+06	 0.12444E-10	-0.89020E+00	-0.96480E+00	 0.00000E+00	-0.14400E+02	 0.22529E+01
 0.30000E-03	 0.30000E-02	-0.31095E-02	 0.15845E+00	 0.52802E-02	 0.52753E-02	 0.11608E+00	 0.11606E+00	 0.11750E+04	 0.11750E+04	 0.45723E+01	 0.10005E+04	 0.21891E+06	 0.51384E-09	-0.89020E+00	-0.96480E+00	 0.00000E+00	-0.14400E+02	 0.22529E+01
 0.30000E-04	 0.30000E-02	-0.31095E-02	 0.15845E+00	 0.26166E-02	 0.21283E-02	 0.94226E-01	 0.10161E+00	 0.12713E+05	 0.12606E+05	 0.45723E+01	 0.10005E+04	 0.21891E+06	 0.14162E-06	-0.89020E+00	-0.96480E+00	 0.00000E+00	-0.14400E+02	 0.22529E+01
 0.30000E-05	 0.30000E-02	-0.31095E-02	 0.15845E+00	 0.23020E-02	 0.28031E-03	 0.33323E-01	 0.76692E-01	 0.13296E+06	 0.12746E+06	 0.45723E+01	 0.10005E+04	 0.21891E+06	 0.69135E-02	-0.89020E+00	-0.96480E+00	 0.00000E+00	-0.14400E+02	 0.22529E+01
 0.10000E+01	 0.30000E-03	-0.31095E-03	 0.15845E+00	 0.47114E-01	 0.47114E-01	-0.12470E-03	-0.12470E-03	 0.82995E-03	 0.82995E-03	 0.45723E+01	 0.10005E+04	 0.21891E+06	 0.45234E-13	-0.89020E+00	-0.96480E+00	 0.00000E+00	-0.14400E+02	 0.22529E+01
 0.10000E+00	 0.30000E-03	-0.31095E-03	 0.15845E+00	 0.63512E-02	 0.63512E-02	-0.73173E-02	-0.73173E-02	 0.39952E+00	 0.39952E+00	 0.45723E+01	 0.10005E+04	 0.21891E+06	 0.41465E-13	-0.89020E+00	-0.96480E+00	 0.00000E+00	-0.14400E+02	 0.22529E+01
 0.10000E+02	 0.30000E-03	-0.31095E-03	 0.15845E+00	 0.42901E+00	 0.42901E+00	-0.12700E-05	-0.12700E-05	 0.87951E-06	 0.87951E-06	 0.45723E+01	 0.10005E+04	 0.21891E+06	 0.13413E-10	-0.89020E+00	-0.96480E+00	 0.00000E+00	-0.14400E+02	 0.22529E+01
 0.10000E-01	 0.30000E-03	-0.31095E-03	 0.15845E+00	 0.23384E-02	 0.23384E-02	-0.20657E-01	-0.20657E-01	 0.20945E+02	 0.20945E+02	 0.45723E+01	 0.10005E+04	 0.21891E+06	 0.57199E-12	-0.89020E+00	-0.96480E+00	 0.00000E+00	-0.14400E+02	 0.22529E+01
 0.10000E+03	 0.30000E-03	-0.31095E-03	 0.15845E+00	 0.14768E+01	 0.14768E+01	-0.20043E-07	-0.20043E-07	 0.88043E-09	 0.88043E-09	 0.45723E+01	 0.10005E+04	 0.21891E+06	 0.49313E-09	-0.89020E+00	-0.96480E+00	 0.00000E+00	-0.14400E+02	 0.22529E+01
 0.10000E-02	 0.30000E-03	-0.31095E-03	 0.15845E+00	 0.48668E-02	 0.48666E-02	-0.16457E-01	-0.16457E-01	 0.32549E+03	 0.32549E+03	 0.45723E+01	 0.10005E+04	 0.21891E+06	 0.52106E-10	-0.89020E+00	-0.96480E+00	 0.00000E+00	-0.14400E+02	 0.22529E+01
 0.10000E-03	 0.30000E-03	-0.31095E-03	 0.15845E+00	 0.32668E-01	 0.32567E-01	 0.57270E-01	 0.57719E-01	 0.37014E+04	 0.36982E+04	 0.45723E+01	 0.10005E+04	 0.21891E+06	 0.42190E-08	-0.89020E+00	-0.96480E+00	 0.00000E+00	-0.14400E+02	 0.22529E+01
 0.10000E-04	 0.30000E-03	-0.31095E-03	 0.15845E+00	 0.38521E-01	 0.33800E-01	 0.10886E+00	 0.13562E+00	 0.39064E+05	 0.38221E+05	 0.45723E+01	 0.10005E+04	 0.21891E+06	 0.30923E-05	-0.89020E+00	-0.96480E+00	 0.00000E+00	-0.14400E+02	 0.22529E+01
 0.10000E-05	 0.30000E-03	-0.31095E-03	 0.15845E+00	 0.28283E-01	 0.56229E-02	 0.66421E-01	 0.89819E-01	 0.40767E+06	 0.38358E+06	 0.45723E+01	 0.10005E+04	 0.21891E+06	 0.96700E+00	-0.89020E+00	-0.96480E+00	 0.00000E+00	-0.14400E+02	 0.22529E+01
 0.30000E+01	 0.30000E-03	-0.31095E-03	 0.15845E+00	 0.13944E+00	 0.13944E+00	-0.13395E-04	-0.13395E-04	 0.32261E-04	 0.32261E-04	 0.45723E+01	 0.10005E+04	 0.21891E+06	 0.11671E-11	-0.89020E+00	-0.96480E+00	 0.00000E+00	-0.14400E+02	 0.22529E+01
 0.30000E+00	 0.30000E-03	-0.31095E-03	 0.15845E+00	 0.14926E-01	 0.14926E-01	-0.13300E-02	-0.13300E-02	 0.26187E-01	 0.26187E-01	 0.45723E+01	 0.10005E+04	 0.21891E+06	 0.16425E-13	-0.89020E+00	-0.96480E+00	 0.00000E+00	-0.14400E+02	 0.22529E+01
 0.30000E+02	 0.30000E-03	-0.31095E-03	 0.15845E+00	 0.85595E+00	 0.85595E+00	-0.17593E-06	-0.17593E-06	 0.32605E-07	 0.32605E-07	 0.45723E+01	 0.10005E+04	 0.21891E+06	 0.42508E-10	-0.89020E+00	-0.96480E+00	 0.00000E+00	-0.14400E+02	 0.22529E+01
 0.30000E-01	 0.30000E-03	-0.31095E-03	 0.15845E+00	 0.34062E-02	 0.34062E-02	-0.18156E-01	-0.18156E-01	 0.39933E+01	 0.39933E+01	 0.45723E+01	 0.10005E+04	 0.21891E+06	 0.85404E-13	-0.89020E+00	-0.96480E+00	 0.00000E+00	-0.14400E+02	 0.22529E+01
 0.30000E+03	 0.30000E-03	-0.31095E-03	 0.15845E+00	 0.29655E+01	 0.29655E+01	-0.33694E-08	-0.33694E-08	 0.32609E-10	 0.32609E-10	 0.45723E+01	 0.10005E+04	 0.21891E+06	 0.17881E-08	-0.89020E+00	-0.96480E+00	 0.00000E+00	-0.14400E+02	 0.22529E+01
 0.30000E-02	 0.30000E-03	-0.31095E-03	 0.15845E+00	 0.24545E-02	 0.24545E-02	-0.20234E-01	-0.20234E-01	 0.94050E+02	 0.94050E+02	 0.45723E+01	 0.10005E+04	 0.21891E+06	 0.76408E-11	-0.89020E+00	-0.96480E+00	 0.00000E+00	-0.14400E+02	 0.22529E+01
 0.30000E-03	 0.30000E-03	-0.31095E-03	 0.15845E+00	 0.13808E-01	 0.13802E-01	 0.15516E-01	 0.15586E-01	 0.11810E+04	 0.11810E+04	 0.45723E+01	 0.10005E+04	 0.21891E+06	 0.81764E-08	-0.89020E+00	-0.96480E+00	 0.00000E+00	-0.14400E+02	 0.22529E+01
 0.30000E-04	 0.30000E-03	-0.31095E-03	 0.15845E+00	 0.48319E-01	 0.47456E-01	 0.12413E+00	 0.13338E+00	 0.12735E+05	 0.12629E+05	 0.45723E+01	 0.10005E+04	 0.21891E+06	 0.60843E-07	-0.89020E+00	-0.96480E+00	 0.00000E+00	-0.14400E+02	 0.22529E+01
 0.30000E-05	 0.30000E-03	-0.31095E-03	 0.15845E+00	 0.27776E-01	 0.15287E-01	 0.68589E-01	 0.90135E-01	 0.13302E+06	 0.12779E+06	 0.45723E+01	 0.10005E+04	 0.21891E+06	 0.31962E-02	-0.89020E+00	-0.96480E+00	 0.00000E+00	-0.14400E+02	 0.22529E+01
 0.10000E+01	 0.30000E-04	-0.31095E-04	 0.15845E+00	 0.47186E-01	 0.47186E-01	-0.12464E-03	-0.12464E-03	 0.82995E-03	 0.82995E-03	 0.45723E+01	 0.10005E+04	 0.21891E+06	 0.97023E-13	-0.89020E+00	-0.96480E+00	 0.00000E+00	-0.14400E+02	 0.22529E+01
 0.10000E+00	 0.30000E-04	-0.31095E-04	 0.15845E+00	 0.63512E-02	 0.63512E-02	-0.73173E-02	-0.73173E-02	 0.39952E+00	 0.39952E+00	 0.45723E+01	 0.10005E+04	 0.21891E+06	 0.87673E-03	-0.89020E+00	-0.96480E+00	 0.00000E+00	-0.14400E+02	 0.22529E+01
 0.10000E+02	 0.30000E-04	-0.31095E-04	 0.15845E+00	 0.46825E+00	 0.46825E+00	-0.11864E-05	-0.11864E-05	 0.87951E-06	 0.87951E-06	 0.45723E+01	 0.10005E+04	 0.21891E+06	 0.80999E-11	-0.89020E+00	-0.96480E+00	 0.00000E+00	-0.14400E+02	 0.22529E+01
 0.10000E-01	 0.30000E-04	-0.31095E-04	 0.15845E+00	 0.23384E-02	 0.23384E-02	-0.20658E-01	-0.20658E-01	 0.20945E+02	 0.20945E+02	 0.45723E+01	 0.10005E+04	 0.21891E+06	 0.60663E-12	-0.89020E+00	-0.96480E+00	 0.00000E+00	-0.14400E+02	 0.22529E+01
 0.10000E+03	 0.30000E-04	-0.31095E-04	 0.15845E+00	 0.42897E+01	 0.42897E+01	-0.12688E-07	-0.12688E-07	 0.88043E-09	 0.88043E-09	 0.45723E+01	 0.10005E+04	 0.21891E+06	 0.84063E-09	-0.89020E+00	-0.96480E+00	 0.00000E+00	-0.14400E+02	 0.22529E+01
 0.10000E-02	 0.30000E-04	-0.31095E-04	 0.15845E+00	 0.48889E-02	 0.48887E-02	-0.16669E-01	-0.16669E-01	 0.32551E+03	 0.32551E+03	 0.45723E+01	 0.10005E+04	 0.21891E+06	 0.23395E-09	-0.89020E+00	-0.96480E+00	 0.00000E+00	-0.14400E+02	 0.22529E+01
 0.10000E-03	 0.30000E-04	-0.31095E-04	 0.15845E+00	 0.41584E-01	 0.41469E-01	 0.77921E-01	 0.78172E-01	 0.37040E+04	 0.37008E+04	 0.45723E+01	 0.10005E+04	 0.21891E+06	 0.13612E-07	-0.89020E+00	-0.96480E+00	 0.00000E+00	-0.14400E+02	 0.22529E+01
 0.10000E-04	 0.30000E-04	-0.31095E-04	 0.15845E+00	 0.32489E+00	 0.31674E+00	 0.74535E-01	 0.10064E+00	 0.39074E+05	 0.38238E+05	 0.45723E+01	 0.10005E+04	 0.21891E+06	 0.11589E-04	-0.89020E+00	-0.96480E+00	 0.00000E+00	-0.14400E+02	 0.22529E+01
 0.10000E-05	 0.30000E-04	-0.31095E-04	 0.15845E+00	 0.40149E+00	 0.29397E+00	 0.14308E+00	 0.56988E-01	 0.40771E+06	 0.38393E+06	 0.45723E+01	 0.10005E+04	 0.21891E+06	 0.97384E-01	-0.89020E+00	-0.96480E+00	 0.00000E+00	-0.14400E+02	 0.22529E+01
 0.30000E+01	 0.30000E-04	-0.31095E-04	 0.15845E+00	 0.14076E+00	 0.14076E+00	-0.13307E-04	-0.13307E-04	 0.32261E-04	 0.32261E-04	 0.45723E+01	 0.10005E+04	 0.21891E+06	 0.62876E-12	-0.89020E+00	-0.96480E+00	 0.00000E+00	-0.14400E+02	 0.22529E+01
 0.30000E+00	 0.30000E-04	-0.31095E-04	 0.15845E+00	 0.14929E-01	 0.14929E-01	-0.13300E-02	-0.13300E-02	 0.26187E-01	 0.26187E-01	 0.45723E+01	 0.10005E+04	 0.21891E+06	 0.18959E-13	-0.89020E+00	-0.96480E+00	 0.00000E+00	-0.14400E+02	 0.22529E+01
 0.30000E+02	 0.30000E-04	-0.31095E-04	 0.15845E+00	 0.13934E+01	 0.13934E+01	-0.13251E-06	-0.13251E-06	 0.32605E-07	 0.32605E-07	 0.45723E+01	 0.10005E+04	 0.21891E+06	 0.12433E-09	-0.89020E+00	-0.96480E+00	 0.00000E+00	-0.14400E+02	 0.22529E+01
 0.30000E-01	 0.30000E-04	-0.31095E-04	 0.15845E+00	 0.34062E-02	 0.34062E-02	-0.18156E-01	-0.18156E-01	 0.39933E+01	 0.39933E+01	 0.45723E+01	 0.10005E+04	 0.21891E+06	 0.10105E-12	-0.89020E+00	-0.96480E+00	 0.00000E+00	-0.14400E+02	 0.22529E+01
 0.30000E+03	 0.30000E-04	-0.31095E-04	 0.15845E+00	 0.85593E+01	 0.85593E+01	-0.17591E-08	-0.17591E-08	 0.32609E-10	 0.32609E-10	 0.45723E+01	 0.10005E+04	 0.21891E+06	 0.42428E-08	-0.89020E+00	-0.96480E+00	 0.00000E+00	-0.14400E+02	 0.22529E+01
 0.30000E-02	 0.30000E-04	-0.31095E-04	 0.15845E+00	 0.24554E-02	 0.24554E-02	-0.20253E-01	-0.20253E-01	 0.94052E+02	 0.94052E+02	 0.45723E+01	 0.10005E+04	 0.21891E+06	 0.72283E-11	-0.89020E+00	-0.96480E+00	 0.00000E+00	-0.14400E+02	 0.22529E+01
 0.30000E-03	 0.30000E-04	-0.31095E-04	 0.15845E+00	 0.14424E-01	 0.14418E-01	 0.15921E-01	 0.15993E-01	 0.11813E+04	 0.11813E+04	 0.45723E+01	 0.10005E+04	 0.21891E+06	 0.57508E-08	-0.89020E+00	-0.96480E+00	 0.00000E+00	-0.14400E+02	 0.22529E+01
 0.30000E-04	 0.30000E-04	-0.31095E-04	 0.15845E+00	 0.13184E+00	 0.13050E+00	 0.11103E+00	 0.11776E+00	 0.12741E+05	 0.12636E+05	 0.45723E+01	 0.10005E+04	 0.21891E+06	 0.11383E-05	-0.89020E+00	-0.96480E+00	 0.00000E+00	-0.14400E+02	 0.22529E+01
 0.30000E-05	 0.30000E-04	-0.31095E-04	 0.15845E+00	 0.49338E+00	 0.46026E+00	 0.14255E+00	 0.20144E+00	 0.13304E+06	 0.12787E+06	 0.45723E+01	 0.10005E+04	 0.21891E+06	 0.18799E-03	-0.89020E+00	-0.96480E+00	 0.00000E+00	-0.14400E+02	 0.22529E+01
