 ##################################################
 #WARNING: these are left-handed Boozer coordinates
 #(similar, but not equal, to PEST)
 ##################################################
  0.643000000000000     
          65
          65
          10
  9.84760E-01  1.02030E+00  1.11480E+00  1.26847E+00  1.48198E+00  1.75690E+00  2.09556E+00  2.50029E+00  2.97194E+00  3.50831E+00  4.10274E+00  4.74348E+00  5.41425E+00  6.09590E+00  6.76909E+00  7.41740E+00  8.02999E+00  8.60326E+00  9.14084E+00  9.65178E+00  1.01474E+01  1.06371E+01  1.11250E+01  1.16070E+01  1.20700E+01  1.24938E+01  1.28541E+01  1.31271E+01  1.32944E+01  1.33461E+01  1.32834E+01  1.31180E+01  1.28698E+01  1.25628E+01  1.22208E+01  1.18633E+01  1.15026E+01  1.11429E+01  1.07807E+01  1.04076E+01  1.00129E+01  9.58723E+00  9.12465E+00  8.62460E+00  8.09192E+00  7.53600E+00  6.96915E+00  6.40453E+00  5.85424E+00  5.32785E+00  4.83151E+00  4.36786E+00  3.93647E+00  3.53479E+00  3.15933E+00  2.80690E+00  2.47565E+00  2.16580E+00  1.87992E+00  1.62269E+00  1.40034E+00  1.21966E+00  1.08703E+00  1.00759E+00  9.84760E-01
  1.06382E+00  1.24249E+00  1.48283E+00  1.78168E+00  2.13521E+00  2.53942E+00  2.99029E+00  3.48347E+00  4.01376E+00  4.57432E+00  5.15623E+00  5.74847E+00  6.33868E+00  6.91461E+00  7.46601E+00  7.98635E+00  8.47396E+00  8.93196E+00  9.36690E+00  9.78619E+00  1.01949E+01  1.05930E+01  1.09729E+01  1.13199E+01  1.16138E+01  1.18323E+01  1.19556E+01  1.19711E+01  1.18763E+01  1.16802E+01  1.14017E+01  1.10665E+01  1.07022E+01  1.03325E+01  9.97398E+00  9.63284E+00  9.30555E+00  8.98096E+00  8.64415E+00  8.28087E+00  7.88138E+00  7.44293E+00  6.97038E+00  6.47491E+00  5.97154E+00  5.47591E+00  5.00141E+00  4.55711E+00  4.14693E+00  3.77008E+00  3.42231E+00  3.09775E+00  2.79069E+00  2.49701E+00  2.21503E+00  1.94581E+00  1.69297E+00  1.46219E+00  1.26053E+00  1.09582E+00  9.75849E-01  9.07754E-01  8.97371E-01  9.48742E-01  1.06382E+00
  1.41113E+00  1.71732E+00  2.07398E+00  2.47450E+00  2.91125E+00  3.37606E+00  3.86069E+00  4.35721E+00  4.85829E+00  5.35729E+00  5.84838E+00  6.32654E+00  6.78782E+00  7.22960E+00  7.65075E+00  8.05170E+00  8.43397E+00  8.79930E+00  9.14824E+00  9.47867E+00  9.78455E+00  1.00554E+01  1.02768E+01  1.04326E+01  1.05073E+01  1.04897E+01  1.03758E+01  1.01708E+01  9.88918E+00  9.55287E+00  9.18759E+00  8.81832E+00  8.46473E+00  8.13768E+00  7.83771E+00  7.55588E+00  7.27672E+00  6.98266E+00  6.65867E+00  6.29627E+00  5.89565E+00  5.46567E+00  5.02178E+00  4.58245E+00  4.16510E+00  3.78260E+00  3.44101E+00  3.13922E+00  2.87019E+00  2.62354E+00  2.38852E+00  2.15685E+00  1.92455E+00  1.69268E+00  1.46690E+00  1.25613E+00  1.07089E+00  9.21693E-01  8.17789E-01  7.66499E-01  7.72976E-01  8.40307E-01  9.69708E-01  1.16069E+00  1.41113E+00
  1.96146E+00  2.34107E+00  2.74757E+00  3.17330E+00  3.61006E+00  4.04956E+00  4.48396E+00  4.90665E+00  5.31284E+00  5.70001E+00  6.06793E+00  6.41834E+00  6.75424E+00  7.07894E+00  7.39496E+00  7.70290E+00  8.00062E+00  8.28256E+00  8.53972E+00  8.76015E+00  8.93014E+00  9.03599E+00  9.06617E+00  9.01354E+00  8.87724E+00  8.66370E+00  8.38649E+00  8.06485E+00  7.72099E+00  7.37666E+00  7.04950E+00  6.75016E+00  6.48059E+00  6.23426E+00  5.99806E+00  5.75570E+00  5.49178E+00  5.19560E+00  4.86396E+00  4.50206E+00  4.12247E+00  3.74246E+00  3.38013E+00  3.05057E+00  2.76274E+00  2.51793E+00  2.31007E+00  2.12772E+00  1.95723E+00  1.78624E+00  1.60672E+00  1.41683E+00  1.22130E+00  1.03039E+00  8.57824E-01  7.18173E-01  6.24512E-01  5.86656E-01  6.10329E-01  6.97220E-01  8.45707E-01  1.05188E+00  1.31051E+00  1.61576E+00  1.96146E+00
  2.54121E+00  2.91571E+00  3.29112E+00  3.66220E+00  4.02397E+00  4.37199E+00  4.70282E+00  5.01456E+00  5.30722E+00  5.58283E+00  5.84505E+00  6.09837E+00  6.34686E+00  6.59282E+00  6.83550E+00  7.07017E+00  7.28788E+00  7.47603E+00  7.61981E+00  7.70435E+00  7.71724E+00  7.65108E+00  7.50533E+00  7.28727E+00  7.01155E+00  6.69834E+00  6.37041E+00  6.04941E+00  5.75235E+00  5.48876E+00  5.25932E+00  5.05620E+00  4.86522E+00  4.66928E+00  4.45244E+00  4.20368E+00  3.91959E+00  3.60527E+00  3.27336E+00  2.94133E+00  2.62770E+00  2.34806E+00  2.11188E+00  1.92063E+00  1.76789E+00  1.64117E+00  1.52501E+00  1.40478E+00  1.27005E+00  1.11703E+00  9.49485E-01  7.78029E-01  6.18053E-01  4.86880E-01  4.00749E-01  3.72291E-01  4.08941E-01  5.12469E-01  6.79555E-01  9.03089E-01  1.17380E+00  1.48178E+00  1.81766E+00  2.17316E+00  2.54121E+00
  2.93117E+00  3.23013E+00  3.51456E+00  3.78387E+00  4.03801E+00  4.27766E+00  4.50437E+00  4.72060E+00  4.92954E+00  5.13456E+00  5.33850E+00  5.54270E+00  5.74612E+00  5.94458E+00  6.13045E+00  6.29290E+00  6.41883E+00  6.49450E+00  6.50756E+00  6.44947E+00  6.31748E+00  6.11602E+00  5.85696E+00  5.55851E+00  5.24272E+00  4.93212E+00  4.64585E+00  4.39631E+00  4.18694E+00  4.01172E+00  3.85674E+00  3.70348E+00  3.53311E+00  3.33106E+00  3.09059E+00  2.81461E+00  2.51530E+00  2.21156E+00  1.92483E+00  1.67429E+00  1.47257E+00  1.32303E+00  1.21914E+00  1.14623E+00  1.08500E+00  1.01621E+00  9.25106E-01  8.04897E-01  6.58338E-01  4.97226E-01  3.40017E-01  2.08207E-01  1.22321E-01  9.84032E-02  1.45664E-01  2.65646E-01  4.52852E-01  6.96509E-01  9.82904E-01  1.29773E+00  1.62795E+00  1.96297E+00  2.29500E+00  2.61881E+00  2.93117E+00
  2.97364E+00  3.16873E+00  3.35259E+00  3.52848E+00  3.69948E+00  3.86874E+00  4.03942E+00  4.21436E+00  4.39539E+00  4.58252E+00  4.77319E+00  4.96182E+00  5.13977E+00  5.29592E+00  5.41773E+00  5.49268E+00  5.51002E+00  5.46242E+00  5.34748E+00  5.16859E+00  4.93516E+00  4.66187E+00  4.36707E+00  4.07030E+00  3.78945E+00  3.53788E+00  3.32217E+00  3.14094E+00  2.98527E+00  2.84063E+00  2.69014E+00  2.51855E+00  2.31596E+00  2.08066E+00  1.81999E+00  1.54924E+00  1.28852E+00  1.05826E+00  8.74546E-01  7.45134E-01  6.67422E-01  6.28759E-01  6.09179E-01  5.85966E-01  5.38987E-01  4.55554E-01  3.33680E-01  1.82957E-01  2.28811E-02 -1.20952E-01 -2.21887E-01 -2.57319E-01 -2.12769E-01 -8.40993E-02  1.22425E-01  3.92073E-01  7.04926E-01  1.03966E+00  1.37697E+00  1.70197E+00  2.00527E+00  2.28280E+00  2.53467E+00  2.76363E+00  2.97364E+00
  2.66548E+00  2.78671E+00  2.91667E+00  3.05854E+00  3.21381E+00  3.38279E+00  3.56471E+00  3.75747E+00  3.95706E+00  4.15695E+00  4.34788E+00  4.51816E+00  4.65461E+00  4.74413E+00  4.77555E+00  4.74144E+00  4.63957E+00  4.47366E+00  4.25323E+00  3.99249E+00  3.70860E+00  3.41927E+00  3.14030E+00  2.88340E+00  2.65461E+00  2.45370E+00  2.27463E+00  2.10712E+00  1.93905E+00  1.75937E+00  1.56078E+00  1.34190E+00  1.10809E+00  8.70911E-01  6.45992E-01  4.49823E-01  2.95995E-01  1.91782E-01  1.35887E-01  1.17982E-01  1.20322E-01  1.21214E-01  9.96948E-02  4.03955E-02 -6.24853E-02 -2.03075E-01 -3.64139E-01 -5.19849E-01 -6.40456E-01 -6.97900E-01 -6.71156E-01 -5.50178E-01 -3.37641E-01 -4.81900E-02  2.94539E-01  6.62378E-01  1.02754E+00  1.36698E+00  1.66529E+00  1.91588E+00  2.12028E+00  2.28616E+00  2.42460E+00  2.54751E+00  2.66548E+00
  2.17956E+00  2.30261E+00  2.45856E+00  2.64515E+00  2.85701E+00  3.08663E+00  3.32492E+00  3.56161E+00  3.78527E+00  3.98355E+00  4.14362E+00  4.25307E+00  4.30119E+00  4.28049E+00  4.18814E+00  4.02692E+00  3.80546E+00  3.53751E+00  3.24028E+00  2.93212E+00  2.62984E+00  2.34632E+00  2.08869E+00  1.85769E+00  1.64824E+00  1.45111E+00  1.25557E+00  1.05232E+00  8.36084E-01  6.07477E-01  3.73431E-01  1.46226E-01 -5.88749E-02 -2.26903E-01 -3.46714E-01 -4.13998E-01 -4.33057E-01 -4.16839E-01 -3.85087E-01 -3.60828E-01 -3.65844E-01 -4.16006E-01 -5.17434E-01 -6.64366E-01 -8.39244E-01 -1.01515E+00 -1.16016E+00 -1.24291E+00 -1.23815E+00 -1.13136E+00 -9.21446E-01 -6.21019E-01 -2.54214E-01  1.47408E-01  5.50101E-01  9.23249E-01  1.24378E+00  1.49893E+00  1.68700E+00  1.81617E+00  1.90182E+00  1.96310E+00  2.01941E+00  2.08748E+00  2.17956E+00
  1.79059E+00  1.99867E+00  2.25053E+00  2.53456E+00  2.83581E+00  3.13740E+00  3.42166E+00  3.67134E+00  3.87060E+00  4.00601E+00  4.06749E+00  4.04917E+00  3.95007E+00  3.77444E+00  3.53161E+00  3.23533E+00  2.90245E+00  2.55117E+00  2.19890E+00  1.86019E+00  1.54497E+00  1.25756E+00  9.96573E-01  7.56005E-01  5.27211E-01  3.01533E-01  7.30112E-02 -1.59431E-01 -3.90884E-01 -6.10813E-01 -8.04953E-01 -9.58433E-01 -1.05953E+00 -1.10319E+00 -1.09343E+00 -1.04397E+00 -9.76688E-01 -9.18002E-01 -8.93906E-01 -9.24497E-01 -1.01924E+00 -1.17403E+00 -1.37073E+00 -1.57956E+00 -1.76378E+00 -1.88599E+00 -1.91468E+00 -1.82991E+00 -1.62688E+00 -1.31679E+00 -9.24924E-01 -4.86372E-01 -4.02365E-02  3.76481E-01  7.34254E-01  1.01477E+00  1.21254E+00  1.33436E+00  1.39690E+00  1.42317E+00  1.43847E+00  1.46667E+00  1.52718E+00  1.63314E+00  1.79059E+00
  1.73065E+00  2.06725E+00  2.43134E+00  2.80195E+00  3.15649E+00  3.47219E+00  3.72769E+00  3.90468E+00  3.98952E+00  3.97456E+00  3.85900E+00  3.64906E+00  3.35727E+00  3.00104E+00  2.60072E+00  2.17726E+00  1.75004E+00  1.33502E+00  9.43499E-01  5.81691E-01  2.50995E-01 -5.09951E-02 -3.28971E-01 -5.88109E-01 -8.32272E-01 -1.06252E+00 -1.27628E+00 -1.46733E+00 -1.62679E+00 -1.74512E+00 -1.81463E+00 -1.83225E+00 -1.80175E+00 -1.73495E+00 -1.65113E+00 -1.57475E+00 -1.53143E+00 -1.54306E+00 -1.62267E+00 -1.77060E+00 -1.97260E+00 -2.20075E+00 -2.41716E+00 -2.58002E+00 -2.65082E+00 -2.60137E+00 -2.41924E+00 -2.11040E+00 -1.69852E+00 -1.22112E+00 -7.23258E-01 -2.50089E-01  1.60222E-01  4.82011E-01  7.05079E-01  8.34816E-01  8.89764E-01  8.97352E-01  8.88817E-01  8.94297E-01  9.38895E-01  1.04013E+00  1.20686E+00  1.43943E+00  1.73065E+00
  2.03957E+00  2.47443E+00  2.89070E+00  3.26276E+00  3.56684E+00  3.78212E+00  3.89199E+00  3.88547E+00  3.75865E+00  3.51559E+00  3.16844E+00  2.73655E+00  2.24441E+00  1.71882E+00  1.18570E+00  6.67162E-01  1.79435E-01 -2.68020E-01 -6.72084E-01 -1.03443E+00 -1.35927E+00 -1.65102E+00 -1.91229E+00 -2.14274E+00 -2.33894E+00 -2.49524E+00 -2.60539E+00 -2.66459E+00 -2.67153E+00 -2.63008E+00 -2.55010E+00 -2.44742E+00 -2.34254E+00 -2.25832E+00 -2.21681E+00 -2.23551E+00 -2.32379E+00 -2.47998E+00 -2.68988E+00 -2.92721E+00 -3.15624E+00 -3.33644E+00 -3.42856E+00 -3.40122E+00 -3.23669E+00 -2.93481E+00 -2.51405E+00 -2.00931E+00 -1.46684E+00 -9.36937E-01 -4.65945E-01 -8.89586E-02  1.75355E-01  3.26918E-01  3.83105E-01  3.74712E-01  3.39991E-01  3.18030E-01  3.42749E-01  4.38494E-01  6.17777E-01  8.81125E-01  1.21862E+00  1.61243E+00  2.03957E+00
  2.48564E+00  2.91173E+00  3.25472E+00  3.49255E+00  3.60918E+00  3.59480E+00  3.44616E+00  3.16691E+00  2.76797E+00  2.26733E+00  1.68919E+00  1.06216E+00  4.16585E-01 -2.18637E-01 -8.19068E-01 -1.36706E+00 -1.85283E+00 -2.27396E+00 -2.63365E+00 -2.93790E+00 -3.19263E+00 -3.40127E+00 -3.56357E+00 -3.67597E+00 -3.73330E+00 -3.73150E+00 -3.67062E+00 -3.55723E+00 -3.40562E+00 -3.23729E+00 -3.07877E+00 -2.95798E+00 -2.89978E+00 -2.92156E+00 -3.02952E+00 -3.21652E+00 -3.46184E+00 -3.73302E+00 -3.98960E+00 -4.18837E+00 -4.28938E+00 -4.26180E+00 -4.08886E+00 -3.77103E+00 -3.32674E+00 -2.79051E+00 -2.20858E+00 -1.63254E+00 -1.11192E+00 -6.87017E-01 -3.82916E-01 -2.06006E-01 -1.43409E-01 -1.65521E-01 -2.31161E-01 -2.94382E-01 -3.11709E-01 -2.48535E-01 -8.36556E-02  1.88667E-01  5.59165E-01  1.00613E+00  1.49928E+00  2.00408E+00  2.48564E+00
  2.60524E+00  2.87129E+00  2.99338E+00  2.96175E+00  2.77590E+00  2.44370E+00  1.98023E+00  1.40663E+00  7.48865E-01  3.62858E-02 -7.00085E-01 -1.42958E+00 -2.12414E+00 -2.76045E+00 -3.32158E+00 -3.79791E+00 -4.18676E+00 -4.49117E+00 -4.71763E+00 -4.87370E+00 -4.96583E+00 -4.99818E+00 -4.97268E+00 -4.89046E+00 -4.75423E+00 -4.57102E+00 -4.35427E+00 -4.12468E+00 -3.90913E+00 -3.73765E+00 -3.63878E+00 -3.63418E+00 -3.73364E+00 -3.93143E+00 -4.20519E+00 -4.51756E+00 -4.82066E+00 -5.06265E+00 -5.19545E+00 -5.18219E+00 -5.00316E+00 -4.65931E+00 -4.17252E+00 -3.58285E+00 -2.94292E+00 -2.31057E+00 -1.74080E+00 -1.27820E+00 -9.51042E-01 -7.67873E-01 -7.16910E-01 -7.68370E-01 -8.79233E-01 -9.99694E-01 -1.08031E+00 -1.07881E+00 -9.65566E-01 -7.27074E-01 -3.67078E-01  9.46909E-02  6.25716E-01  1.18520E+00  1.72909E+00  2.21482E+00  2.60524E+00
  1.85801E+00  1.82573E+00  1.61679E+00  1.23957E+00  7.12684E-01  6.28854E-02 -6.77410E-01 -1.47276E+00 -2.28729E+00 -3.08702E+00 -3.84180E+00 -4.52680E+00 -5.12342E+00 -5.61959E+00 -6.00954E+00 -6.29305E+00 -6.47430E+00 -6.56050E+00 -6.56056E+00 -6.48406E+00 -6.34076E+00 -6.14070E+00 -5.89497E+00 -5.61688E+00 -5.32306E+00 -5.03408E+00 -4.77407E+00 -4.56901E+00 -4.44366E+00 -4.41749E+00 -4.50021E+00 -4.68799E+00 -4.96124E+00 -5.28474E+00 -5.61073E+00 -5.88455E+00 -6.05234E+00 -6.06946E+00 -5.90809E+00 -5.56271E+00 -5.05216E+00 -4.41780E+00 -3.71801E+00 -3.01976E+00 -2.38886E+00 -1.88034E+00 -1.53070E+00 -1.35318E+00 -1.33675E+00 -1.44871E+00 -1.64031E+00 -1.85441E+00 -2.03365E+00 -2.12816E+00 -2.10161E+00 -1.93498E+00 -1.62787E+00 -1.19755E+00 -6.75980E-01 -1.05642E-01  4.65351E-01  9.88186E-01  1.41786E+00  1.71689E+00  1.85801E+00
 -1.59489E-01 -5.55509E-01 -1.11568E+00 -1.81281E+00 -2.61159E+00 -3.47145E+00 -4.34976E+00 -5.20527E+00 -6.00117E+00 -6.70759E+00 -7.30303E+00 -7.77470E+00 -8.11784E+00 -8.33425E+00 -8.43050E+00 -8.41613E+00 -8.30238E+00 -8.10146E+00 -7.82654E+00 -7.49230E+00 -7.11565E+00 -6.71640E+00 -6.31745E+00 -5.94423E+00 -5.62335E+00 -5.38031E+00 -5.23658E+00 -5.20631E+00 -5.29322E+00 -5.48817E+00 -5.76802E+00 -6.09628E+00 -6.42582E+00 -6.70361E+00 -6.87711E+00 -6.90162E+00 -6.74729E+00 -6.40490E+00 -5.88894E+00 -5.23736E+00 -4.50763E+00 -3.76946E+00 -3.09524E+00 -2.54958E+00 -2.17983E+00 -2.00909E+00 -2.03301E+00 -2.22084E+00 -2.52054E+00 -2.86697E+00 -3.19168E+00 -3.43263E+00 -3.54238E+00 -3.49345E+00 -3.28053E+00 -2.91949E+00 -2.44378E+00 -1.89924E+00 -1.33829E+00 -8.14204E-01 -3.76351E-01 -6.64385E-02  8.40570E-02  5.54431E-02 -1.59489E-01
 -3.52821E+00 -4.24231E+00 -5.06025E+00 -5.94124E+00 -6.84118E+00 -7.71554E+00 -8.52252E+00 -9.22609E+00 -9.79864E+00 -1.02226E+01 -1.04908E+01 -1.06057E+01 -1.05776E+01 -1.04219E+01 -1.01570E+01 -9.80204E+00 -9.37605E+00 -8.89803E+00 -8.38774E+00 -7.86680E+00 -7.35955E+00 -6.89301E+00 -6.49560E+00 -6.19460E+00 -6.01261E+00 -5.96356E+00 -6.04913E+00 -6.25625E+00 -6.55642E+00 -6.90726E+00 -7.25629E+00 -7.54657E+00 -7.72364E+00 -7.74286E+00 -7.57598E+00 -7.21611E+00 -6.68007E+00 -6.00774E+00 -5.25816E+00 -4.50271E+00 -3.81621E+00 -3.26710E+00 -2.90801E+00 -2.76837E+00 -2.84999E+00 -3.12665E+00 -3.54766E+00 -4.04501E+00 -4.54301E+00 -4.96875E+00 -5.26200E+00 -5.38273E+00 -5.31547E+00 -5.06991E+00 -4.67807E+00 -4.18870E+00 -3.66024E+00 -3.15342E+00 -2.72474E+00 -2.42144E+00 -2.27837E+00 -2.31657E+00 -2.54329E+00 -2.95288E+00 -3.52821E+00
 -7.92787E+00 -8.80324E+00 -9.68803E+00 -1.05376E+01 -1.13099E+01 -1.19682E+01 -1.24827E+01 -1.28330E+01 -1.30085E+01 -1.30093E+01 -1.28453E+01 -1.25342E+01 -1.20995E+01 -1.15681E+01 -1.09678E+01 -1.03261E+01 -9.66933E+00 -9.02309E+00 -8.41252E+00 -7.86293E+00 -7.39954E+00 -7.04617E+00 -6.82275E+00 -6.74194E+00 -6.80543E+00 -7.00086E+00 -7.30021E+00 -7.66041E+00 -8.02663E+00 -8.33795E+00 -8.53492E+00 -8.56792E+00 -8.40489E+00 -8.03724E+00 -7.48274E+00 -6.78481E+00 -6.00803E+00 -5.23050E+00 -4.53397E+00 -3.99318E+00 -3.66593E+00 -3.58529E+00 -3.75522E+00 -4.14994E+00 -4.71744E+00 -5.38648E+00 -6.07593E+00 -6.70538E+00 -7.20526E+00 -7.52527E+00 -7.63981E+00 -7.55007E+00 -7.28243E+00 -6.88382E+00 -6.41484E+00 -5.94180E+00 -5.52896E+00 -5.23182E+00 -5.09233E+00 -5.13628E+00 -5.37272E+00 -5.79504E+00 -6.38328E+00 -7.10693E+00 -7.92787E+00
 -1.27016E+01 -1.35104E+01 -1.42259E+01 -1.48107E+01 -1.52358E+01 -1.54817E+01 -1.55392E+01 -1.54091E+01 -1.51019E+01 -1.46366E+01 -1.40386E+01 -1.33381E+01 -1.25681E+01 -1.17624E+01 -1.09543E+01 -1.01755E+01 -9.45568E+00 -8.82177E+00 -8.29755E+00 -7.90273E+00 -7.65146E+00 -7.55033E+00 -7.59610E+00 -7.77366E+00 -8.05471E+00 -8.39804E+00 -8.75173E+00 -9.05755E+00 -9.25731E+00 -9.30051E+00 -9.15212E+00 -8.79924E+00 -8.25537E+00 -7.56112E+00 -6.78101E+00 -5.99644E+00 -5.29564E+00 -4.76201E+00 -4.46271E+00 -4.43910E+00 -4.70080E+00 -5.22406E+00 -5.95492E+00 -6.81645E+00 -7.71911E+00 -8.57237E+00 -9.29615E+00 -9.83023E+00 -1.01405E+01 -1.02217E+01 -1.00959E+01 -9.80806E+00 -9.41920E+00 -8.99825E+00 -8.61385E+00 -8.32723E+00 -8.18655E+00 -8.22347E+00 -8.45165E+00 -8.86720E+00 -9.45061E+00 -1.01696E+01 -1.09828E+01 -1.18431E+01 -1.27016E+01
 -1.70428E+01 -1.75534E+01 -1.78886E+01 -1.80282E+01 -1.79634E+01 -1.76971E+01 -1.72430E+01 -1.66237E+01 -1.58690E+01 -1.50130E+01 -1.40923E+01 -1.31443E+01 -1.22052E+01 -1.13096E+01 -1.04896E+01 -9.77372E+00 -9.18645E+00 -8.74660E+00 -8.46576E+00 -8.34647E+00 -8.38052E+00 -8.54777E+00 -8.81593E+00 -9.14163E+00 -9.47314E+00 -9.75463E+00 -9.93180E+00 -9.95843E+00 -9.80290E+00 -9.45396E+00 -8.92451E+00 -8.25278E+00 -7.50004E+00 -6.74501E+00 -6.07514E+00 -5.57593E+00 -5.31956E+00 -5.35468E+00 -5.69888E+00 -6.33514E+00 -7.21313E+00 -8.25523E+00 -9.36635E+00 -1.04463E+01 -1.14025E+01 -1.21617E+01 -1.26779E+01 -1.29369E+01 -1.29556E+01 -1.27780E+01 -1.24672E+01 -1.20965E+01 -1.17401E+01 -1.14645E+01 -1.13224E+01 -1.13491E+01 -1.15607E+01 -1.19551E+01 -1.25136E+01 -1.32047E+01 -1.39866E+01 -1.48114E+01 -1.56286E+01 -1.63879E+01 -1.70428E+01
 -2.02346E+01 -2.02824E+01 -2.01167E+01 -1.97391E+01 -1.91633E+01 -1.84136E+01 -1.75229E+01 -1.65304E+01 -1.54780E+01 -1.44079E+01 -1.33603E+01 -1.23720E+01 -1.14752E+01 -1.06974E+01 -1.00608E+01 -9.58153E+00 -9.26879E+00 -9.12303E+00 -9.13435E+00 -9.28124E+00 -9.53016E+00 -9.83667E+00 -1.01482E+01 -1.04088E+01 -1.05646E+01 -1.05713E+01 -1.03997E+01 -1.00417E+01 -9.51308E+00 -8.85438E+00 -8.12787E+00 -7.41201E+00 -6.79311E+00 -6.35536E+00 -6.17030E+00 -6.28734E+00 -6.72636E+00 -7.47389E+00 -8.48329E+00 -9.67944E+00 -1.09672E+01 -1.22427E+01 -1.34062E+01 -1.43738E+01 -1.50877E+01 -1.55220E+01 -1.56848E+01 -1.56148E+01 -1.53747E+01 -1.50415E+01 -1.46961E+01 -1.44133E+01 -1.42534E+01 -1.42573E+01 -1.44443E+01 -1.48125E+01 -1.53420E+01 -1.59989E+01 -1.67394E+01 -1.75146E+01 -1.82739E+01 -1.89678E+01 -1.95508E+01 -1.99836E+01 -2.02346E+01
 -2.18547E+01 -2.13921E+01 -2.07309E+01 -1.98940E+01 -1.89136E+01 -1.78289E+01 -1.66837E+01 -1.55235E+01 -1.43928E+01 -1.33319E+01 -1.23757E+01 -1.15520E+01 -1.08813E+01 -1.03762E+01 -1.00412E+01 -9.87238E+00 -9.85692E+00 -9.97209E+00 -1.01853E+01 -1.04545E+01 -1.07307E+01 -1.09610E+01 -1.10945E+01 -1.10878E+01 -1.09123E+01 -1.05591E+01 -1.00435E+01 -9.40549E+00 -8.70752E+00 -8.02893E+00 -7.45735E+00 -7.07842E+00 -6.96498E+00 -7.16732E+00 -7.70582E+00 -8.56704E+00 -9.70412E+00 -1.10412E+01 -1.24818E+01 -1.39197E+01 -1.52510E+01 -1.63865E+01 -1.72611E+01 -1.78410E+01 -1.81264E+01 -1.81496E+01 -1.79696E+01 -1.76631E+01 -1.73147E+01 -1.70054E+01 -1.68039E+01 -1.67594E+01 -1.68980E+01 -1.72220E+01 -1.77123E+01 -1.83330E+01 -1.90364E+01 -1.97693E+01 -2.04776E+01 -2.11102E+01 -2.16221E+01 -2.19759E+01 -2.21434E+01 -2.21058E+01 -2.18547E+01
 -2.18738E+01 -2.09822E+01 -1.99530E+01 -1.88241E+01 -1.76379E+01 -1.64382E+01 -1.52690E+01 -1.41710E+01 -1.31803E+01 -1.23261E+01 -1.16293E+01 -1.11022E+01 -1.07473E+01 -1.05578E+01 -1.05173E+01 -1.06006E+01 -1.07738E+01 -1.09966E+01 -1.12233E+01 -1.14067E+01 -1.15019E+01 -1.14713E+01 -1.12899E+01 -1.09504E+01 -1.04664E+01 -9.87444E+00 -9.23236E+00 -8.61492E+00 -8.10648E+00 -7.79138E+00 -7.74331E+00 -8.01514E+00 -8.63066E+00 -9.57976E+00 -1.08177E+01 -1.22691E+01 -1.38356E+01 -1.54072E+01 -1.68751E+01 -1.81435E+01 -1.91411E+01 -1.98280E+01 -2.01990E+01 -2.02826E+01 -2.01356E+01 -1.98346E+01 -1.94659E+01 -1.91144E+01 -1.88545E+01 -1.87418E+01 -1.88091E+01 -1.90646E+01 -1.94934E+01 -2.00612E+01 -2.07199E+01 -2.14135E+01 -2.20838E+01 -2.26756E+01 -2.31407E+01 -2.34402E+01 -2.35464E+01 -2.34427E+01 -2.31239E+01 -2.25958E+01 -2.18738E+01
 -2.06222E+01 -1.94823E+01 -1.82917E+01 -1.70933E+01 -1.59288E+01 -1.48366E+01 -1.38497E+01 -1.29951E+01 -1.22923E+01 -1.17527E+01 -1.13786E+01 -1.11633E+01 -1.10908E+01 -1.11359E+01 -1.12655E+01 -1.14403E+01 -1.16170E+01 -1.17517E+01 -1.18045E+01 -1.17432E+01 -1.15483E+01 -1.12168E+01 -1.07644E+01 -1.02267E+01 -9.65785E+00 -9.12645E+00 -8.70951E+00 -8.48434E+00 -8.51932E+00 -8.86478E+00 -9.54520E+00 -1.05538E+01 -1.18510E+01 -1.33664E+01 -1.50055E+01 -1.66594E+01 -1.82172E+01 -1.95782E+01 -2.06640E+01 -2.14269E+01 -2.18546E+01 -2.19704E+01 -2.18284E+01 -2.15056E+01 -2.10911E+01 -2.06745E+01 -2.03360E+01 -2.01372E+01 -2.01166E+01 -2.02870E+01 -2.06372E+01 -2.11353E+01 -2.17344E+01 -2.23786E+01 -2.30087E+01 -2.35678E+01 -2.40054E+01 -2.42800E+01 -2.43616E+01 -2.42325E+01 -2.38870E+01 -2.33317E+01 -2.25835E+01 -2.16690E+01 -2.06222E+01
 -1.86482E+01 -1.74809E+01 -1.63488E+01 -1.52895E+01 -1.43343E+01 -1.35073E+01 -1.28246E+01 -1.22940E+01 -1.19154E+01 -1.16812E+01 -1.15757E+01 -1.15765E+01 -1.16540E+01 -1.17735E+01 -1.18964E+01 -1.19838E+01 -1.19998E+01 -1.19160E+01 -1.17158E+01 -1.13984E+01 -1.09807E+01 -1.04984E+01 -1.00037E+01 -9.56147E+00 -9.24311E+00 -9.11901E+00 -9.25030E+00 -9.68086E+00 -1.04307E+01 -1.14916E+01 -1.28253E+01 -1.43660E+01 -1.60249E+01 -1.76992E+01 -1.92819E+01 -2.06741E+01 -2.17953E+01 -2.25925E+01 -2.30465E+01 -2.31729E+01 -2.30196E+01 -2.26601E+01 -2.21835E+01 -2.16828E+01 -2.12442E+01 -2.09371E+01 -2.08071E+01 -2.08736E+01 -2.11297E+01 -2.15459E+01 -2.20760E+01 -2.26637E+01 -2.32492E+01 -2.37749E+01 -2.41899E+01 -2.44526E+01 -2.45326E+01 -2.44112E+01 -2.40814E+01 -2.35477E+01 -2.28250E+01 -2.19381E+01 -2.09198E+01 -1.98090E+01 -1.86482E+01
 -1.65293E+01 -1.55281E+01 -1.46234E+01 -1.38391E+01 -1.31905E+01 -1.26837E+01 -1.23163E+01 -1.20782E+01 -1.19529E+01 -1.19182E+01 -1.19477E+01 -1.20116E+01 -1.20783E+01 -1.21160E+01 -1.20960E+01 -1.19952E+01 -1.18005E+01 -1.15117E+01 -1.11447E+01 -1.07316E+01 -1.03202E+01 -9.97028E+00 -9.74761E+00 -9.71700E+00 -9.93415E+00 -1.04380E+01 -1.12446E+01 -1.23429E+01 -1.36943E+01 -1.52341E+01 -1.68773E+01 -1.85263E+01 -2.00800E+01 -2.14444E+01 -2.25423E+01 -2.33212E+01 -2.37590E+01 -2.38661E+01 -2.36838E+01 -2.32792E+01 -2.27367E+01 -2.21482E+01 -2.16018E+01 -2.11724E+01 -2.09137E+01 -2.08532E+01 -2.09919E+01 -2.13060E+01 -2.17524E+01 -2.22755E+01 -2.28145E+01 -2.33099E+01 -2.37093E+01 -2.39701E+01 -2.40622E+01 -2.39672E+01 -2.36787E+01 -2.32004E+01 -2.25456E+01 -2.17357E+01 -2.07994E+01 -1.97711E+01 -1.86895E+01 -1.75955E+01 -1.65293E+01
 -1.47084E+01 -1.39878E+01 -1.33868E+01 -1.29126E+01 -1.25639E+01 -1.23309E+01 -1.21973E+01 -1.21415E+01 -1.21383E+01 -1.21612E+01 -1.21834E+01 -1.21798E+01 -1.21289E+01 -1.20149E+01 -1.18300E+01 -1.15769E+01 -1.12706E+01 -1.09396E+01 -1.06250E+01 -1.03782E+01 -1.02561E+01 -1.03155E+01 -1.06053E+01 -1.11597E+01 -1.19922E+01 -1.30916E+01 -1.44205E+01 -1.59175E+01 -1.75019E+01 -1.90811E+01 -2.05598E+01 -2.18496E+01 -2.28774E+01 -2.35935E+01 -2.39762E+01 -2.40336E+01 -2.38025E+01 -2.33438E+01 -2.27357E+01 -2.20649E+01 -2.14172E+01 -2.08681E+01 -2.04755E+01 -2.02741E+01 -2.02738E+01 -2.04596E+01 -2.07961E+01 -2.12328E+01 -2.17114E+01 -2.21723E+01 -2.25612E+01 -2.28331E+01 -2.29554E+01 -2.29084E+01 -2.26848E+01 -2.22880E+01 -2.17306E+01 -2.10320E+01 -2.02176E+01 -1.93172E+01 -1.83636E+01 -1.73918E+01 -1.64370E+01 -1.55327E+01 -1.47084E+01
 -1.34071E+01 -1.29837E+01 -1.26656E+01 -1.24463E+01 -1.23123E+01 -1.22451E+01 -1.22227E+01 -1.22215E+01 -1.22183E+01 -1.21926E+01 -1.21279E+01 -1.20138E+01 -1.18473E+01 -1.16344E+01 -1.13911E+01 -1.11434E+01 -1.09270E+01 -1.07848E+01 -1.07640E+01 -1.09104E+01 -1.12637E+01 -1.18508E+01 -1.26811E+01 -1.37428E+01 -1.50011E+01 -1.64002E+01 -1.78667E+01 -1.93163E+01 -2.06620E+01 -2.18229E+01 -2.27321E+01 -2.33438E+01 -2.36377E+01 -2.36207E+01 -2.33260E+01 -2.28088E+01 -2.21403E+01 -2.14002E+01 -2.06683E+01 -2.00167E+01 -1.95029E+01 -1.91650E+01 -1.90193E+01 -1.90598E+01 -1.92610E+01 -1.95820E+01 -1.99721E+01 -2.03768E+01 -2.07437E+01 -2.10273E+01 -2.11925E+01 -2.12159E+01 -2.10863E+01 -2.08038E+01 -2.03777E+01 -1.98247E+01 -1.91670E+01 -1.84303E+01 -1.76427E+01 -1.68335E+01 -1.60317E+01 -1.52654E+01 -1.45596E+01 -1.39351E+01 -1.34071E+01
 -1.26324E+01 -1.24431E+01 -1.23211E+01 -1.22528E+01 -1.22213E+01 -1.22081E+01 -1.21947E+01 -1.21648E+01 -1.21056E+01 -1.20098E+01 -1.18769E+01 -1.17142E+01 -1.15376E+01 -1.13708E+01 -1.12449E+01 -1.11960E+01 -1.12623E+01 -1.14800E+01 -1.18786E+01 -1.24768E+01 -1.32781E+01 -1.42682E+01 -1.54139E+01 -1.66646E+01 -1.79553E+01 -1.92125E+01 -2.03606E+01 -2.13294E+01 -2.20616E+01 -2.25180E+01 -2.26820E+01 -2.25609E+01 -2.21849E+01 -2.16035E+01 -2.08803E+01 -2.00864E+01 -1.92934E+01 -1.85664E+01 -1.79586E+01 -1.75072E+01 -1.72311E+01 -1.71305E+01 -1.71889E+01 -1.73761E+01 -1.76522E+01 -1.79727E+01 -1.82926E+01 -1.85709E+01 -1.87734E+01 -1.88749E+01 -1.88601E+01 -1.87229E+01 -1.84665E+01 -1.81010E+01 -1.76424E+01 -1.71105E+01 -1.65281E+01 -1.59189E+01 -1.53068E+01 -1.47145E+01 -1.41625E+01 -1.36681E+01 -1.32441E+01 -1.28982E+01 -1.26324E+01
 -1.22566E+01 -1.22023E+01 -1.21732E+01 -1.21573E+01 -1.21422E+01 -1.21172E+01 -1.20739E+01 -1.20080E+01 -1.19202E+01 -1.18173E+01 -1.17125E+01 -1.16258E+01 -1.15823E+01 -1.16114E+01 -1.17431E+01 -1.20051E+01 -1.24189E+01 -1.29957E+01 -1.37335E+01 -1.46155E+01 -1.56089E+01 -1.66674E+01 -1.77338E+01 -1.87451E+01 -1.96382E+01 -2.03562E+01 -2.08536E+01 -2.11014E+01 -2.10895E+01 -2.08279E+01 -2.03454E+01 -1.96866E+01 -1.89071E+01 -1.80687E+01 -1.72327E+01 -1.64552E+01 -1.57824E+01 -1.52473E+01 -1.48681E+01 -1.46482E+01 -1.45777E+01 -1.46355E+01 -1.47927E+01 -1.50161E+01 -1.52713E+01 -1.55259E+01 -1.57513E+01 -1.59246E+01 -1.60289E+01 -1.60538E+01 -1.59952E+01 -1.58546E+01 -1.56385E+01 -1.53576E+01 -1.50260E+01 -1.46600E+01 -1.42773E+01 -1.38956E+01 -1.35315E+01 -1.31993E+01 -1.29100E+01 -1.26705E+01 -1.24835E+01 -1.23475E+01 -1.22566E+01
 -1.21210E+01 -1.21150E+01 -1.21061E+01 -1.20892E+01 -1.20618E+01 -1.20236E+01 -1.19777E+01 -1.19307E+01 -1.18932E+01 -1.18798E+01 -1.19086E+01 -1.20002E+01 -1.21758E+01 -1.24545E+01 -1.28500E+01 -1.33678E+01 -1.40023E+01 -1.47350E+01 -1.55352E+01 -1.63607E+01 -1.71617E+01 -1.78849E+01 -1.84791E+01 -1.89003E+01 -1.91162E+01 -1.91093E+01 -1.88788E+01 -1.84403E+01 -1.78236E+01 -1.70700E+01 -1.62281E+01 -1.53491E+01 -1.44831E+01 -1.36745E+01 -1.29601E+01 -1.23662E+01 -1.19085E+01 -1.15919E+01 -1.14116E+01 -1.13549E+01 -1.14035E+01 -1.15355E+01 -1.17278E+01 -1.19575E+01 -1.22037E+01 -1.24479E+01 -1.26743E+01 -1.28704E+01 -1.30265E+01 -1.31360E+01 -1.31952E+01 -1.32040E+01 -1.31653E+01 -1.30854E+01 -1.29732E+01 -1.28399E+01 -1.26977E+01 -1.25582E+01 -1.24315E+01 -1.23251E+01 -1.22428E+01 -1.21852E+01 -1.21493E+01 -1.21301E+01 -1.21210E+01
 -1.21136E+01 -1.21135E+01 -1.21031E+01 -1.20862E+01 -1.20688E+01 -1.20589E+01 -1.20662E+01 -1.21020E+01 -1.21782E+01 -1.23075E+01 -1.25014E+01 -1.27695E+01 -1.31169E+01 -1.35429E+01 -1.40382E+01 -1.45843E+01 -1.51532E+01 -1.57089E+01 -1.62097E+01 -1.66126E+01 -1.68778E+01 -1.69732E+01 -1.68784E+01 -1.65873E+01 -1.61085E+01 -1.54644E+01 -1.46884E+01 -1.38210E+01 -1.29059E+01 -1.19856E+01 -1.10985E+01 -1.02763E+01 -9.54339E+00 -8.91632E+00 -8.40472E+00 -8.01239E+00 -7.73847E+00 -7.57870E+00 -7.52625E+00 -7.57245E+00 -7.70718E+00 -7.91909E+00 -8.19572E+00 -8.52357E+00 -8.88824E+00 -9.27469E+00 -9.66764E+00 -1.00522E+01 -1.04147E+01 -1.07434E+01 -1.10300E+01 -1.12694E+01 -1.14608E+01 -1.16075E+01 -1.17158E+01 -1.17942E+01 -1.18520E+01 -1.18977E+01 -1.19378E+01 -1.19763E+01 -1.20139E+01 -1.20495E+01 -1.20800E+01 -1.21022E+01 -1.21136E+01
 -1.21887E+01 -1.21951E+01 -1.21999E+01 -1.22114E+01 -1.22385E+01 -1.22903E+01 -1.23754E+01 -1.25011E+01 -1.26724E+01 -1.28912E+01 -1.31554E+01 -1.34577E+01 -1.37848E+01 -1.41171E+01 -1.44289E+01 -1.46899E+01 -1.48672E+01 -1.49288E+01 -1.48469E+01 -1.46018E+01 -1.41847E+01 -1.35997E+01 -1.28636E+01 -1.20046E+01 -1.10591E+01 -1.00676E+01 -9.07047E+00 -8.10378E+00 -7.19658E+00 -6.36943E+00 -5.63459E+00 -4.99747E+00 -4.45899E+00 -4.01819E+00 -3.67448E+00 -3.42910E+00 -3.28557E+00 -3.24902E+00 -3.32474E+00 -3.51630E+00 -3.82356E+00 -4.24126E+00 -4.75815E+00 -5.35710E+00 -6.01602E+00 -6.70957E+00 -7.41122E+00 -8.09560E+00 -8.74061E+00 -9.32911E+00 -9.84996E+00 -1.02983E+01 -1.06750E+01 -1.09858E+01 -1.12393E+01 -1.14454E+01 -1.16141E+01 -1.17535E+01 -1.18694E+01 -1.19656E+01 -1.20435E+01 -1.21038E+01 -1.21470E+01 -1.21743E+01 -1.21887E+01
 -1.23227E+01 -1.23489E+01 -1.23832E+01 -1.24310E+01 -1.24963E+01 -1.25819E+01 -1.26879E+01 -1.28118E+01 -1.29474E+01 -1.30844E+01 -1.32082E+01 -1.32991E+01 -1.33342E+01 -1.32877E+01 -1.31342E+01 -1.28508E+01 -1.24208E+01 -1.18360E+01 -1.10993E+01 -1.02249E+01 -9.23792E+00 -8.17206E+00 -7.06603E+00 -5.95936E+00 -4.88822E+00 -3.88185E+00 -2.96042E+00 -2.13435E+00 -1.40550E+00 -7.69657E-01 -2.19968E-01  2.49431E-01  6.40322E-01  9.48430E-01  1.16295E+00  1.26766E+00  1.24347E+00  1.07186E+00  7.38696E-01  2.37627E-01 -4.27411E-01 -1.24114E+00 -2.17744E+00 -3.20142E+00 -4.27262E+00 -5.34902E+00 -6.39106E+00 -7.36517E+00 -8.24642E+00 -9.01971E+00 -9.67979E+00 -1.02299E+01 -1.06797E+01 -1.10426E+01 -1.13334E+01 -1.15659E+01 -1.17521E+01 -1.19011E+01 -1.20193E+01 -1.21117E+01 -1.21819E+01 -1.22336E+01 -1.22709E+01 -1.22987E+01 -1.23227E+01
 -1.24356E+01 -1.24633E+01 -1.24927E+01 -1.25201E+01 -1.25397E+01 -1.25432E+01 -1.25204E+01 -1.24592E+01 -1.23458E+01 -1.21642E+01 -1.18973E+01 -1.15270E+01 -1.10363E+01 -1.04118E+01 -9.64581E+00 -8.73922E+00 -7.70339E+00 -6.56054E+00 -5.34263E+00 -4.08853E+00 -2.83987E+00 -1.63620E+00 -5.10376E-01  5.14975E-01  1.42917E+00  2.23305E+00  2.93654E+00  3.55451E+00  4.10192E+00  4.58907E+00  5.01785E+00  5.37968E+00  5.65557E+00  5.81810E+00  5.83516E+00  5.67478E+00  5.31022E+00  4.72464E+00  3.91468E+00  2.89240E+00  1.68534E+00  3.34639E-01 -1.10841E+00 -2.58712E+00 -4.04471E+00 -5.42950E+00 -6.69934E+00 -7.82467E+00 -8.78985E+00 -9.59266E+00 -1.02423E+01 -1.07561E+01 -1.11557E+01 -1.14638E+01 -1.17011E+01 -1.18843E+01 -1.20263E+01 -1.21359E+01 -1.22193E+01 -1.22813E+01 -1.23266E+01 -1.23600E+01 -1.23864E+01 -1.24104E+01 -1.24356E+01
 -1.23230E+01 -1.22687E+01 -1.21845E+01 -1.20569E+01 -1.18701E+01 -1.16079E+01 -1.12541E+01 -1.07945E+01 -1.02172E+01 -9.51325E+00 -8.67738E+00 -7.70868E+00 -6.61179E+00 -5.39816E+00 -4.08715E+00 -2.70641E+00 -1.29104E+00  1.18631E-01  1.48082E+00  2.75697E+00  3.91661E+00  4.94140E+00  5.82734E+00  6.58447E+00  7.23389E+00  7.80248E+00  8.31629E+00  8.79377E+00  9.24030E+00  9.64501E+00  9.98070E+00  1.02068E+01  1.02751E+01  1.01364E+01  9.74871E+00  9.08333E+00  8.13009E+00  6.89956E+00  5.42296E+00  3.74947E+00  1.94171E+00  7.00082E-02 -1.79391E+00 -3.58299E+00 -5.24007E+00 -6.72187E+00 -8.00126E+00 -9.06780E+00 -9.92647E+00 -1.05949E+01 -1.10993E+01 -1.14706E+01 -1.17395E+01 -1.19338E+01 -1.20756E+01 -1.21807E+01 -1.22593E+01 -1.23171E+01 -1.23571E+01 -1.23813E+01 -1.23918E+01 -1.23906E+01 -1.23793E+01 -1.23577E+01 -1.23230E+01
 -1.16429E+01 -1.13569E+01 -1.09899E+01 -1.05240E+01 -9.94116E+00 -9.22550E+00 -8.36542E+00 -7.35543E+00 -6.19741E+00 -4.90115E+00 -3.48438E+00 -1.97218E+00 -3.96157E-01  1.20693E+00  2.79691E+00  4.33259E+00  5.77480E+00  7.08993E+00  8.25358E+00  9.25379E+00  1.00929E+01  1.07874E+01  1.13658E+01  1.18629E+01  1.23139E+01  1.27461E+01  1.31718E+01  1.35837E+01  1.39528E+01  1.42305E+01  1.43546E+01  1.42580E+01  1.38785E+01  1.31695E+01  1.21070E+01  1.06952E+01  8.96651E+00  6.97897E+00  4.80997E+00  2.54800E+00  2.83830E-01 -1.89775E+00 -3.92471E+00 -5.74236E+00 -7.31565E+00 -8.62931E+00 -9.68613E+00 -1.05039E+01 -1.11114E+01 -1.15440E+01 -1.18396E+01 -1.20344E+01 -1.21597E+01 -1.22404E+01 -1.22935E+01 -1.23288E+01 -1.23499E+01 -1.23561E+01 -1.23442E+01 -1.23102E+01 -1.22500E+01 -1.21591E+01 -1.20327E+01 -1.18638E+01 -1.16429E+01
 -9.97965E+00 -9.28590E+00 -8.46029E+00 -7.49116E+00 -6.36973E+00 -5.09226E+00 -3.66233E+00 -2.09266E+00 -4.06052E-01  1.36475E+00  3.17852E+00  4.98817E+00  6.74427E+00  8.39921E+00  9.91149E+00  1.12496E+01  1.23953E+01  1.33455E+01  1.41124E+01  1.47227E+01  1.52131E+01  1.56258E+01  1.60015E+01  1.63721E+01  1.67537E+01  1.71418E+01  1.75081E+01  1.78019E+01  1.79549E+01  1.78889E+01  1.75273E+01  1.68057E+01  1.56832E+01  1.41496E+01  1.22295E+01  9.98117E+00  7.49072E+00  4.86310E+00  2.21064E+00 -3.58576E-01 -2.75092E+00 -4.89466E+00 -6.74390E+00 -8.27905E+00 -9.50411E+00 -1.04420E+01 -1.11285E+01 -1.16068E+01 -1.19215E+01 -1.21150E+01 -1.22243E+01 -1.22790E+01 -1.23010E+01 -1.23039E+01 -1.22939E+01 -1.22709E+01 -1.22298E+01 -1.21617E+01 -1.20558E+01 -1.19005E+01 -1.16839E+01 -1.13947E+01 -1.10219E+01 -1.05542E+01 -9.97965E+00
 -6.97530E+00 -5.73938E+00 -4.34776E+00 -2.80614E+00 -1.12531E+00  6.77695E-01  2.57825E+00  4.54332E+00  6.53151E+00  8.49441E+00  1.03796E+01  1.21349E+01  1.37139E+01  1.50812E+01  1.62171E+01  1.71208E+01  1.78109E+01  1.83232E+01  1.87060E+01  1.90126E+01  1.92933E+01  1.95869E+01  1.99131E+01  2.02673E+01  2.06190E+01  2.09127E+01  2.10741E+01  2.10175E+01  2.06574E+01  1.99196E+01  1.87521E+01  1.71338E+01  1.50803E+01  1.26440E+01  9.91073E+00  6.99160E+00  4.01180E+00  1.09774E+00 -1.63554E+00 -4.09497E+00 -6.21669E+00 -7.96913E+00 -9.35174E+00 -1.03903E+01 -1.11292E+01 -1.16239E+01 -1.19317E+01 -1.21062E+01 -1.21922E+01 -1.22238E+01 -1.22239E+01 -1.22052E+01 -1.21724E+01 -1.21235E+01 -1.20515E+01 -1.19460E+01 -1.17933E+01 -1.15779E+01 -1.12828E+01 -1.08908E+01 -1.03853E+01 -9.75165E+00 -8.97754E+00 -8.05397E+00 -6.97530E+00
 -2.48444E+00 -6.82938E-01  1.24960E+00  3.28425E+00  5.38705E+00  7.51954E+00  9.63929E+00  1.17007E+01  1.36562E+01  1.54588E+01  1.70659E+01  1.84432E+01  1.95699E+01  2.04429E+01  2.10788E+01  2.15137E+01  2.17995E+01  2.19972E+01  2.21672E+01  2.23595E+01  2.26037E+01  2.29018E+01  2.32248E+01  2.35139E+01  2.36868E+01  2.36468E+01  2.32964E+01  2.25498E+01  2.13456E+01  1.96561E+01  1.74929E+01  1.49074E+01  1.19870E+01  8.84705E+00  5.61957E+00  2.44067E+00 -5.62388E-01 -3.28248E+00 -5.64123E+00 -7.59394E+00 -9.13038E+00 -1.02717E+01 -1.10638E+01 -1.15692E+01 -1.18568E+01 -1.19939E+01 -1.20382E+01 -1.20338E+01 -1.20091E+01 -1.19772E+01 -1.19390E+01 -1.18860E+01 -1.18043E+01 -1.16772E+01 -1.14868E+01 -1.12154E+01 -1.08448E+01 -1.03573E+01 -9.73516E+00 -8.96155E+00 -8.02204E+00 -6.90611E+00 -5.60879E+00 -4.13186E+00 -2.48444E+00
  3.30889E+00  5.55002E+00  7.84412E+00  1.01424E+01  1.23939E+01  1.45479E+01  1.65565E+01  1.83769E+01  1.99735E+01  2.13210E+01  2.24061E+01  2.32305E+01  2.38125E+01  2.41867E+01  2.44026E+01  2.45190E+01  2.45976E+01  2.46927E+01  2.48422E+01  2.50578E+01  2.53199E+01  2.55758E+01  2.57435E+01  2.57209E+01  2.53993E+01  2.46779E+01  2.34797E+01  2.17638E+01  1.95332E+01  1.68366E+01  1.37649E+01  1.04419E+01  7.01085E+00  3.62032E+00  4.09255E-01 -2.50524E+00 -5.03694E+00 -7.13533E+00 -8.78631E+00 -1.00089E+01 -1.08490E+01 -1.13712E+01 -1.16493E+01 -1.17577E+01 -1.17633E+01 -1.17196E+01 -1.16633E+01 -1.16129E+01 -1.15705E+01 -1.15248E+01 -1.14548E+01 -1.13345E+01 -1.11369E+01 -1.08363E+01 -1.04103E+01 -9.83962E+00 -9.10857E+00 -8.20396E+00 -7.11529E+00 -5.83512E+00 -4.36032E+00 -2.69370E+00 -8.45625E-01  1.16470E+00  3.30889E+00
  9.86769E+00  1.22875E+01  1.46455E+01  1.68858E+01  1.89549E+01  2.08061E+01  2.24029E+01  2.37221E+01  2.47562E+01  2.55142E+01  2.60219E+01  2.63201E+01  2.64614E+01  2.65053E+01  2.65118E+01  2.65335E+01  2.66077E+01  2.67488E+01  2.69425E+01  2.71431E+01  2.72759E+01  2.72433E+01  2.69360E+01  2.62472E+01  2.50880E+01  2.34021E+01  2.11767E+01  1.84478E+01  1.52997E+01  1.18568E+01  8.27085E+00  4.70437E+00  1.31327E+00 -1.76893E+00 -4.44293E+00 -6.65043E+00 -8.37514E+00 -9.63886E+00 -1.04935E+01 -1.10110E+01 -1.12725E+01 -1.13583E+01 -1.13399E+01 -1.12745E+01 -1.12012E+01 -1.11411E+01 -1.10977E+01 -1.10594E+01 -1.10037E+01 -1.09003E+01 -1.07155E+01 -1.04155E+01 -9.96970E+00 -9.35253E+00 -8.54464E+00 -7.53328E+00 -6.31210E+00 -4.88058E+00 -3.24372E+00 -1.41191E+00  5.98713E-01  2.76555E+00  5.05882E+00  7.44113E+00  9.86769E+00
  1.63970E+01  1.86673E+01  2.07583E+01  2.26241E+01  2.42269E+01  2.55406E+01  2.65541E+01  2.72745E+01  2.77274E+01  2.79562E+01  2.80181E+01  2.79780E+01  2.79014E+01  2.78447E+01  2.78479E+01  2.79261E+01  2.80658E+01  2.82224E+01  2.83231E+01  2.82732E+01  2.79660E+01  2.72958E+01  2.61718E+01  2.45318E+01  2.23530E+01  1.96592E+01  1.65221E+01  1.30564E+01  9.40949E+00  5.74639E+00  2.23240E+00 -9.84322E-01 -3.78758E+00 -6.10340E+00 -7.90428E+00 -9.20731E+00 -1.00667E+01 -1.05624E+01 -1.07872E+01 -1.08334E+01 -1.07825E+01 -1.06977E+01 -1.06200E+01 -1.05685E+01 -1.05426E+01 -1.05263E+01 -1.04926E+01 -1.04081E+01 -1.02367E+01 -9.94249E+00 -9.49189E+00 -8.85544E+00 -8.00939E+00 -6.93698E+00 -5.62960E+00 -4.08748E+00 -2.31998E+00 -3.45137E-01  1.81108E+00  4.11598E+00  6.53137E+00  9.01462E+00  1.15196E+01  1.39973E+01  1.63970E+01
  2.20383E+01  2.38617E+01  2.54236E+01  2.67041E+01  2.76939E+01  2.83972E+01  2.88332E+01  2.90375E+01  2.90606E+01  2.89645E+01  2.88153E+01  2.86751E+01  2.85916E+01  2.85895E+01  2.86632E+01  2.87739E+01  2.88513E+01  2.88005E+01  2.85124E+01  2.78778E+01  2.68020E+01  2.52187E+01  2.31010E+01  2.04677E+01  1.73843E+01  1.39589E+01  1.03324E+01  6.66489E+00  3.11993E+00 -1.51786E-01 -3.02701E+00 -5.42111E+00 -7.29433E+00 -8.65250E+00 -9.54222E+00 -1.00413E+01 -1.02463E+01 -1.02581E+01 -1.01697E+01 -1.00553E+01 -9.96426E+00 -9.91908E+00 -9.91730E+00 -9.93671E+00 -9.94192E+00 -9.89119E+00 -9.74214E+00 -9.45574E+00 -8.99843E+00 -8.34284E+00 -7.46771E+00 -6.35774E+00 -5.00404E+00 -3.40502E+00 -1.56786E+00  4.90275E-01  2.74154E+00  5.14786E+00  7.66256E+00  1.02330E+01  1.28038E+01  1.53196E+01  1.77283E+01  1.99819E+01  2.20383E+01
  2.61009E+01  2.73019E+01  2.82218E+01  2.88730E+01  2.92778E+01  2.94684E+01  2.94865E+01  2.93823E+01  2.92113E+01  2.90287E+01  2.88818E+01  2.88016E+01  2.87940E+01  2.88345E+01  2.88663E+01  2.88036E+01  2.85409E+01  2.79660E+01  2.69764E+01  2.54949E+01  2.34832E+01  2.09507E+01  1.79563E+01  1.46046E+01  1.10354E+01  7.40911E+00  3.88986E+00  6.29063E-01 -2.24916E+00 -4.65855E+00 -6.55635E+00 -7.94393E+00 -8.86235E+00 -9.38398E+00 -9.60132E+00 -9.61434E+00 -9.51817E+00 -9.39243E+00 -9.29344E+00 -9.25026E+00 -9.26459E+00 -9.31442E+00 -9.36025E+00 -9.35285E+00 -9.24097E+00 -8.97767E+00 -8.52468E+00 -7.85423E+00 -6.94883E+00 -5.79980E+00 -4.40539E+00 -2.76961E+00 -9.02014E-01  1.18129E+00  3.45604E+00  5.88828E+00  8.43377E+00  1.10389E+01  1.36436E+01  1.61848E+01  1.86018E+01  2.08403E+01  2.28559E+01  2.46161E+01  2.61009E+01
  2.82508E+01  2.88231E+01  2.91610E+01  2.93041E+01  2.92963E+01  2.91843E+01  2.90145E+01  2.88306E+01  2.86695E+01  2.85560E+01  2.84971E+01  2.84767E+01  2.84521E+01  2.83545E+01  2.80931E+01  2.75653E+01  2.66698E+01  2.53223E+01  2.34707E+01  2.11068E+01  1.82726E+01  1.50593E+01  1.15992E+01  8.05146E+00  4.58433E+00  1.35596E+00 -1.50230E+00 -3.89852E+00 -5.78688E+00 -7.16804E+00 -8.08392E+00 -8.60801E+00 -8.83318E+00 -8.85873E+00 -8.77837E+00 -8.67025E+00 -8.59008E+00 -8.56745E+00 -8.60562E+00 -8.68418E+00 -8.76423E+00 -8.79509E+00 -8.72166E+00 -8.49138E+00 -8.05993E+00 -7.39497E+00 -6.47758E+00 -5.30175E+00 -3.87228E+00 -2.20212E+00 -3.09991E-01  1.78112E+00  4.04409E+00  6.44677E+00  8.95059E+00  1.15095E+01  1.40701E+01  1.65734E+01  1.89584E+01  2.11664E+01  2.31466E+01  2.48605E+01  2.62846E+01  2.74119E+01  2.82508E+01
  2.85845E+01  2.86754E+01  2.86238E+01  2.84804E+01  2.82926E+01  2.81015E+01  2.79380E+01  2.78199E+01  2.77486E+01  2.77064E+01  2.76551E+01  2.75358E+01  2.72719E+01  2.67752E+01  2.59558E+01  2.47343E+01  2.30547E+01  2.08966E+01  1.82838E+01  1.52865E+01  1.20182E+01  8.62438E+00  5.26747E+00  2.10761E+00 -7.15696E-01 -3.09904E+00 -4.98514E+00 -6.36593E+00 -7.27886E+00 -7.79724E+00 -8.01692E+00 -8.04143E+00 -7.96811E+00 -7.87686E+00 -7.82291E+00 -7.83357E+00 -7.90905E+00 -8.02609E+00 -8.14386E+00 -8.21069E+00 -8.17101E+00 -7.97163E+00 -7.56697E+00 -6.92274E+00 -6.01806E+00 -4.84588E+00 -3.41207E+00 -1.73334E+00  1.65253E-01  2.25287E+00  4.49480E+00  6.85354E+00  9.28903E+00  1.17582E+01  1.42148E+01  1.66090E+01  1.88890E+01  2.10034E+01  2.29047E+01  2.45532E+01  2.59215E+01  2.69971E+01  2.77839E+01  2.83019E+01  2.85845E+01
  2.75607E+01  2.73996E+01  2.71951E+01  2.69889E+01  2.68123E+01  2.66832E+01  2.66026E+01  2.65531E+01  2.64983E+01  2.63834E+01  2.61391E+01  2.56864E+01  2.49450E+01  2.38430E+01  2.23276E+01  2.03750E+01  1.79988E+01  1.52537E+01  1.22335E+01  9.06469E+00  5.89391E+00  2.87185E+00  1.36190E-01 -2.20430E+00 -4.08162E+00 -5.47463E+00 -6.40836E+00 -6.94696E+00 -7.18162E+00 -7.21574E+00 -7.14974E+00 -7.06800E+00 -7.02964E+00 -7.06391E+00 -7.17049E+00 -7.32358E+00 -7.47877E+00 -7.58108E+00 -7.57285E+00 -7.40048E+00 -7.01947E+00 -6.39750E+00 -5.51572E+00 -4.36869E+00 -2.96323E+00 -1.31673E+00  5.44826E-01  2.58882E+00  4.77773E+00  7.07057E+00  9.42396E+00  1.17929E+01  1.41315E+01  1.63934E+01  1.85332E+01  2.05076E+01  2.22778E+01  2.38114E+01  2.50855E+01  2.60889E+01  2.68234E+01  2.73046E+01  2.75607E+01  2.76307E+01  2.75607E+01
  2.58150E+01  2.56168E+01  2.54424E+01  2.53087E+01  2.52182E+01  2.51573E+01  2.50954E+01  2.49852E+01  2.47655E+01  2.43656E+01  2.37120E+01  2.27377E+01  2.13912E+01  1.96461E+01  1.75090E+01  1.50227E+01  1.22667E+01  9.35144E+00  6.40793E+00  3.57438E+00  9.80506E-01 -1.26720E+00 -3.09739E+00 -4.48096E+00 -5.43213E+00 -6.00363E+00 -6.27663E+00 -6.34740E+00 -6.31279E+00 -6.25685E+00 -6.24056E+00 -6.29598E+00 -6.42509E+00 -6.60310E+00 -6.78506E+00 -6.91431E+00 -6.93124E+00 -6.78100E+00 -6.41934E+00 -5.81598E+00 -4.95563E+00 -3.83727E+00 -2.47197E+00 -8.80368E-01  9.09969E-01  2.86659E+00  4.95361E+00  7.13253E+00  9.36267E+00  1.16014E+01  1.38047E+01  1.59278E+01  1.79271E+01  1.97618E+01  2.13960E+01  2.28019E+01  2.39612E+01  2.48671E+01  2.55249E+01  2.59518E+01  2.61753E+01  2.62315E+01  2.61616E+01  2.60088E+01  2.58150E+01
  2.39314E+01  2.38145E+01  2.37333E+01  2.36741E+01  2.36098E+01  2.35005E+01  2.32952E+01  2.29345E+01  2.23558E+01  2.14997E+01  2.03177E+01  1.87812E+01  1.68881E+01  1.46690E+01  1.21875E+01  9.53766E+00  6.83558E+00  4.20769E+00  1.77632E+00 -3.54638E-01 -2.11200E+00 -3.46127E+00 -4.40901E+00 -4.99936E+00 -5.30520E+00 -5.41573E+00 -5.42246E+00 -5.40603E+00 -5.42573E+00 -5.51320E+00 -5.67079E+00 -5.87437E+00 -6.07955E+00 -6.22997E+00 -6.26618E+00 -6.13361E+00 -5.78876E+00 -5.20299E+00 -4.36382E+00 -3.27410E+00 -1.94960E+00 -4.15738E-01  1.29582E+00  3.15011E+00  5.11104E+00  7.14253E+00  9.20875E+00  1.12738E+01  1.33013E+01  1.52540E+01  1.70941E+01  1.87850E+01  2.02927E+01  2.15895E+01  2.26558E+01  2.34835E+01  2.40766E+01  2.44520E+01  2.46378E+01  2.46704E+01  2.45912E+01  2.44424E+01  2.42628E+01  2.40848E+01  2.39314E+01
  2.22584E+01  2.22108E+01  2.21564E+01  2.20574E+01  2.18682E+01  2.15382E+01  2.10155E+01  2.02513E+01  1.92056E+01  1.78526E+01  1.61870E+01  1.42291E+01  1.20265E+01  9.65447E+00  7.20989E+00  4.80316E+00  2.54604E+00  5.38444E-01 -1.14398E+00 -2.45926E+00 -3.40364E+00 -4.01046E+00 -4.34323E+00 -4.48447E+00 -4.52191E+00 -4.53481E+00 -4.58261E+00 -4.69755E+00 -4.88233E+00 -5.11254E+00 -5.34310E+00 -5.51691E+00 -5.57423E+00 -5.46108E+00 -5.13552E+00 -4.57138E+00 -3.75928E+00 -2.70545E+00 -1.42906E+00  4.12386E-02  1.67089E+00  3.42258E+00  5.25874E+00  7.14315E+00  9.04173E+00  1.09227E+01  1.27560E+01  1.45129E+01  1.61654E+01  1.76862E+01  1.90495E+01  2.02322E+01  2.12161E+01  2.19906E+01  2.25545E+01  2.29177E+01  2.31015E+01  2.31370E+01  2.30621E+01  2.29181E+01  2.27444E+01  2.25743E+01  2.24313E+01  2.23268E+01  2.22584E+01
  2.08385E+01  2.07429E+01  2.05673E+01  2.02652E+01  1.97902E+01  1.91006E+01  1.81630E+01  1.69574E+01  1.54804E+01  1.37488E+01  1.18008E+01  9.69637E+00  7.51364E+00  5.34360E+00  3.28141E+00  1.41612E+00 -1.79876E-01 -1.46015E+00 -2.41023E+00 -3.04907E+00 -3.42545E+00 -3.60956E+00 -3.68128E+00 -3.71698E+00 -3.77749E+00 -3.89913E+00 -4.08933E+00 -4.32749E+00 -4.57044E+00 -4.76108E+00 -4.83854E+00 -4.74766E+00 -4.44635E+00 -3.90987E+00 -3.13184E+00 -2.12240E+00 -9.04614E-01  4.89905E-01  2.02514E+00  3.66393E+00  5.37013E+00  7.10967E+00  8.85090E+00  1.05645E+01  1.22232E+01  1.38021E+01  1.52779E+01  1.66300E+01  1.78404E+01  1.88940E+01  1.97797E+01  2.04911E+01  2.10279E+01  2.13960E+01  2.16093E+01  2.16889E+01  2.16625E+01  2.15620E+01  2.14209E+01  2.12699E+01  2.11337E+01  2.10266E+01  2.09512E+01  2.08964E+01  2.08385E+01
  1.94703E+01  1.91726E+01  1.87261E+01  1.80931E+01  1.72435E+01  1.61590E+01  1.48366E+01  1.32909E+01  1.15552E+01  9.68076E+00  7.73331E+00  5.78878E+00  3.92651E+00  2.22150E+00  7.36410E-01 -4.85732E-01 -1.42673E+00 -2.09539E+00 -2.52596E+00 -2.77265E+00 -2.90106E+00 -2.97761E+00 -3.05882E+00 -3.18232E+00 -3.36116E+00 -3.58245E+00 -3.81049E+00 -3.99375E+00 -4.07409E+00 -3.99655E+00 -3.71786E+00 -3.21207E+00 -2.47282E+00 -1.51211E+00 -3.56343E-01  9.59017E-01  2.39496E+00  3.91344E+00  5.48014E+00  7.06547E+00  8.64400E+00  1.01931E+01  1.16914E+01  1.31181E+01  1.44525E+01  1.56750E+01  1.67683E+01  1.77192E+01  1.85191E+01  1.91658E+01  1.96628E+01  2.00192E+01  2.02493E+01  2.03711E+01  2.04055E+01  2.03750E+01  2.03022E+01  2.02078E+01  2.01094E+01  2.00184E+01  1.99385E+01  1.98643E+01  1.97798E+01  1.96598E+01  1.94703E+01
  1.78648E+01  1.72531E+01  1.64591E+01  1.54664E+01  1.42704E+01  1.28810E+01  1.13246E+01  9.64353E+00  7.89401E+00  6.14163E+00  4.45536E+00  2.90048E+00  1.53148E+00  3.85974E-01 -5.19461E-01 -1.19079E+00 -1.65493E+00 -1.95523E+00 -2.14454E+00 -2.27682E+00 -2.39871E+00 -2.54217E+00 -2.71962E+00 -2.92224E+00 -3.12175E+00 -3.27540E+00 -3.33321E+00 -3.24616E+00 -2.97396E+00 -2.49102E+00 -1.78966E+00 -8.80250E-01  2.11548E-01  1.44956E+00  2.79284E+00  4.20115E+00  5.63909E+00  7.07829E+00  8.49754E+00  9.88127E+00  1.12170E+01  1.24929E+01  1.36958E+01  1.48107E+01  1.58215E+01  1.67129E+01  1.74728E+01  1.80946E+01  1.85786E+01  1.89327E+01  1.91715E+01  1.93143E+01  1.93829E+01  1.93990E+01  1.93817E+01  1.93459E+01  1.93011E+01  1.92511E+01  1.91936E+01  1.91204E+01  1.90177E+01  1.88664E+01  1.86425E+01  1.83184E+01  1.78648E+01
  1.58183E+01  1.48777E+01  1.37703E+01  1.25040E+01  1.10986E+01  9.58615E+00  8.01077E+00  6.42600E+00  4.89050E+00  3.46204E+00  2.19075E+00  1.11292E+00  2.46245E-01 -4.12233E-01 -8.85052E-01 -1.21015E+00 -1.43418E+00 -1.60449E+00 -1.76113E+00 -1.93026E+00 -2.12014E+00 -2.32019E+00 -2.50336E+00 -2.63099E+00 -2.65943E+00 -2.54713E+00 -2.26095E+00 -1.78087E+00 -1.10236E+00 -2.36306E-01  7.93237E-01  1.95291E+00  3.20470E+00  4.51055E+00  5.83625E+00  7.15390E+00  8.44294E+00  9.68962E+00  1.08852E+01  1.20239E+01  1.31000E+01  1.41066E+01  1.50343E+01  1.58720E+01  1.66079E+01  1.72320E+01  1.77382E+01  1.81265E+01  1.84037E+01  1.85833E+01  1.86841E+01  1.87272E+01  1.87331E+01  1.87187E+01  1.86945E+01  1.86638E+01  1.86217E+01  1.85567E+01  1.84517E+01  1.82864E+01  1.80390E+01  1.76876E+01  1.72117E+01  1.65933E+01  1.58183E+01
  1.33271E+01  1.21478E+01  1.08583E+01  9.48533E+00  8.06301E+00  6.63228E+00  5.23868E+00  3.92887E+00  2.74593E+00  1.72417E+00  8.84227E-01  2.29784E-01 -2.53287E-01 -5.94739E-01 -8.34840E-01 -1.01711E+00 -1.18022E+00 -1.35069E+00 -1.53781E+00 -1.73191E+00 -1.90630E+00 -2.02237E+00 -2.03686E+00 -1.90969E+00 -1.61076E+00 -1.12460E+00 -4.52048E-01  3.90921E-01  1.37674E+00  2.47106E+00  3.63779E+00  4.84329E+00  6.05925E+00  7.26381E+00  8.44139E+00  9.58142E+00  1.06766E+01  1.17214E+01  1.27102E+01  1.36374E+01  1.44961E+01  1.52792E+01  1.59791E+01  1.65895E+01  1.71054E+01  1.75246E+01  1.78485E+01  1.80828E+01  1.82371E+01  1.83242E+01  1.83590E+01  1.83560E+01  1.83270E+01  1.82789E+01  1.82121E+01  1.81196E+01  1.79880E+01  1.77986E+01  1.75302E+01  1.71614E+01  1.66733E+01  1.60514E+01  1.52868E+01  1.43772E+01  1.33271E+01
  1.05945E+01  9.33470E+00  8.03961E+00  6.74299E+00  5.48067E+00  4.28850E+00  3.19972E+00  2.24195E+00  1.43401E+00  7.83141E-01  2.83467E-01 -8.37581E-02 -3.47634E-01 -5.42907E-01 -7.03702E-01 -8.56797E-01 -1.01585E+00 -1.17788E+00 -1.32303E+00 -1.41778E+00 -1.42107E+00 -1.29222E+00 -9.98791E-01 -5.22855E-01  1.35756E-01  9.59740E-01  1.91795E+00  2.97132E+00  4.07964E+00  5.20751E+00  6.32846E+00  7.42620E+00  8.49347E+00  9.52896E+00  1.05334E+01  1.15061E+01  1.24429E+01  1.33351E+01  1.41712E+01  1.49385E+01  1.56257E+01  1.62249E+01  1.67326E+01  1.71501E+01  1.74821E+01  1.77360E+01  1.79203E+01  1.80434E+01  1.81130E+01  1.81355E+01  1.81155E+01  1.80560E+01  1.79571E+01  1.78158E+01  1.76258E+01  1.73769E+01  1.70557E+01  1.66473E+01  1.61368E+01  1.55114E+01  1.47628E+01  1.38885E+01  1.28933E+01  1.17891E+01  1.05945E+01
  7.94100E+00  6.76566E+00  5.62115E+00  4.53722E+00  3.54094E+00  2.65441E+00  1.89267E+00  1.26215E+00  7.59873E-01  3.73740E-01  8.40702E-02 -1.33543E-01 -3.04248E-01 -4.49329E-01 -5.81761E-01 -7.02828E-01 -8.00683E-01 -8.51401E-01 -8.22632E-01 -6.79325E-01 -3.90495E-01  6.43665E-02  6.90629E-01  1.47671E+00  2.39557E+00  3.40923E+00  4.47534E+00  5.55419E+00  6.61472E+00  7.63812E+00  8.61828E+00  9.55931E+00  1.04708E+01  1.13625E+01  1.22391E+01  1.30974E+01  1.39261E+01  1.47073E+01  1.54207E+01  1.60479E+01  1.65763E+01  1.70015E+01  1.73274E+01  1.75650E+01  1.77287E+01  1.78334E+01  1.78912E+01  1.79091E+01  1.78886E+01  1.78265E+01  1.77159E+01  1.75484E+01  1.73155E+01  1.70093E+01  1.66232E+01  1.61515E+01  1.55895E+01  1.49334E+01  1.41808E+01  1.33317E+01  1.23898E+01  1.13634E+01  1.02661E+01  9.11717E+00  7.94100E+00
  5.66666E+00  4.69222E+00  3.78753E+00  2.97179E+00  2.25925E+00  1.65739E+00  1.16586E+00  7.76702E-01  4.75627E-01  2.44515E-01  6.46636E-02 -7.96493E-02 -1.97868E-01 -2.90747E-01 -3.49345E-01 -3.55746E-01 -2.85560E-01 -1.11917E-01  1.89664E-01  6.36397E-01  1.23428E+00  1.97591E+00  2.84072E+00  3.79747E+00  4.80896E+00  5.83768E+00  6.85147E+00  7.82800E+00  8.75689E+00  9.63932E+00  1.04850E+01  1.13073E+01  1.21181E+01  1.29228E+01  1.37178E+01  1.44896E+01  1.52175E+01  1.58774E+01  1.64466E+01  1.69089E+01  1.72577E+01  1.74964E+01  1.76378E+01  1.77002E+01  1.77031E+01  1.76629E+01  1.75896E+01  1.74852E+01  1.73436E+01  1.71534E+01  1.69004E+01  1.65706E+01  1.61537E+01  1.56437E+01  1.50400E+01  1.43465E+01  1.35703E+01  1.27201E+01  1.18060E+01  1.08383E+01  9.82843E+00  8.78944E+00  7.73684E+00  6.68896E+00  5.66666E+00
  3.93852E+00  3.20686E+00  2.55338E+00  1.98632E+00  1.50941E+00  1.12088E+00  8.13470E-01  5.75639E-01  3.93929E-01  2.55989E-01  1.53710E-01  8.57246E-02  5.86700E-02  8.68088E-02  1.89957E-01  3.90028E-01  7.06816E-01  1.15383E+00  1.73505E+00  2.44321E+00  3.26010E+00  4.15878E+00  5.10739E+00  6.07368E+00  7.02960E+00  7.95488E+00  8.83892E+00  9.68078E+00  1.04872E+01  1.12689E+01  1.20369E+01  1.27980E+01  1.35518E+01  1.42898E+01  1.49959E+01  1.56487E+01  1.62253E+01  1.67054E+01  1.70750E+01  1.73290E+01  1.74716E+01  1.75151E+01  1.74771E+01  1.73768E+01  1.72308E+01  1.70502E+01  1.68384E+01  1.65908E+01  1.62970E+01  1.59430E+01  1.55147E+01  1.50013E+01  1.43973E+01  1.37042E+01  1.29299E+01  1.20873E+01  1.11924E+01  1.02622E+01  9.31286E+00  8.35887E+00  7.41288E+00  6.48639E+00  5.59062E+00  4.73723E+00  3.93852E+00
  2.75296E+00  2.24183E+00  1.79730E+00  1.42063E+00  1.11079E+00  8.64285E-01  6.75631E-01  5.38734E-01  4.48810E-01  4.04460E-01  4.09275E-01  4.72417E-01  6.07825E-01  8.31990E-01  1.16067E+00  1.60519E+00  2.16919E+00  2.84657E+00  3.62130E+00  4.46914E+00  5.36109E+00  6.26770E+00  7.16354E+00  8.03067E+00  8.86039E+00  9.65309E+00  1.04160E+01  1.11597E+01  1.18940E+01  1.26241E+01  1.33485E+01  1.40575E+01  1.47348E+01  1.53597E+01  1.59103E+01  1.63676E+01  1.67180E+01  1.69555E+01  1.70819E+01  1.71063E+01  1.70426E+01  1.69068E+01  1.67144E+01  1.64774E+01  1.62030E+01  1.58928E+01  1.55428E+01  1.51455E+01  1.46912E+01  1.41709E+01  1.35783E+01  1.29116E+01  1.21745E+01  1.13764E+01  1.05309E+01  9.65502E+00  8.76680E+00  7.88344E+00  7.01996E+00  6.18837E+00  5.39761E+00  4.65416E+00  3.96286E+00  3.32783E+00  2.75296E+00
  1.98308E+00  1.64166E+00  1.35149E+00  1.11191E+00  9.22437E-01  7.83037E-01  6.94626E-01  6.59724E-01  6.83067E-01  7.71899E-01  9.35665E-01  1.18493E+00  1.52956E+00  1.97636E+00  2.52679E+00  3.17515E+00  3.90801E+00  4.70500E+00  5.54117E+00  6.39042E+00  7.22945E+00  8.04112E+00  8.81674E+00  9.55639E+00  1.02673E+01  1.09607E+01  1.16475E+01  1.23341E+01  1.30197E+01  1.36946E+01  1.43412E+01  1.49366E+01  1.54566E+01  1.58800E+01  1.61920E+01  1.63867E+01  1.64673E+01  1.64449E+01  1.63356E+01  1.61572E+01  1.59258E+01  1.56533E+01  1.53462E+01  1.50052E+01  1.46269E+01  1.42050E+01  1.37326E+01  1.32043E+01  1.26174E+01  1.19727E+01  1.12750E+01  1.05326E+01  9.75657E+00  8.96006E+00  8.15702E+00  7.36136E+00  6.58597E+00  5.84201E+00  5.13835E+00  4.48143E+00  3.87534E+00  3.32219E+00  2.82265E+00  2.37649E+00  1.98308E+00
  1.47604E+00  1.26317E+00  1.09501E+00  9.72027E-01  8.96260E-01  8.71795E-01  9.04919E-01  1.00384E+00  1.17789E+00  1.43623E+00  1.78620E+00  2.23157E+00  2.77094E+00  3.39679E+00  4.09536E+00  4.84763E+00  5.63127E+00  6.42345E+00  7.20392E+00  7.95775E+00  8.67720E+00  9.36212E+00  1.00188E+01  1.06574E+01  1.12883E+01  1.19183E+01  1.25479E+01  1.31689E+01  1.37653E+01  1.43149E+01  1.47930E+01  1.51765E+01  1.54482E+01  1.55999E+01  1.56333E+01  1.55593E+01  1.53959E+01  1.51641E+01  1.48839E+01  1.45712E+01  1.42352E+01  1.38779E+01  1.34953E+01  1.30793E+01  1.26210E+01  1.21132E+01  1.15525E+01  1.09406E+01  1.02841E+01  9.59355E+00  8.88171E+00  8.16210E+00  7.44735E+00  6.74820E+00  6.07313E+00  5.42844E+00  4.81867E+00  4.24716E+00  3.71649E+00  3.22879E+00  2.78576E+00  2.38866E+00  2.03811E+00  1.73409E+00  1.47604E+00
  1.14185E+00  1.04655E+00  1.00087E+00  1.00631E+00  1.06581E+00  1.18436E+00  1.36876E+00  1.62681E+00  1.96575E+00  2.39027E+00  2.90054E+00  3.49083E+00  4.14896E+00  4.85706E+00  5.59352E+00  6.33585E+00  7.06391E+00  7.76285E+00  8.42504E+00  9.05057E+00  9.64604E+00  1.02219E+01  1.07890E+01  1.13547E+01  1.19197E+01  1.24767E+01  1.30105E+01  1.34994E+01  1.39195E+01  1.42481E+01  1.44681E+01  1.45707E+01  1.45572E+01  1.44382E+01  1.42315E+01  1.39588E+01  1.36415E+01  1.32977E+01  1.29390E+01  1.25699E+01  1.21880E+01  1.17862E+01  1.13551E+01  1.08858E+01  1.03730E+01  9.81598E+00  9.21970E+00  8.59377E+00  7.95110E+00  7.30590E+00  6.67158E+00  6.05911E+00  5.47606E+00  4.92645E+00  4.41125E+00  3.92949E+00  3.47957E+00  3.06036E+00  2.67203E+00  2.31632E+00  1.99626E+00  1.71555E+00  1.47781E+00  1.28595E+00  1.14185E+00
  9.84760E-01  1.02030E+00  1.11480E+00  1.26847E+00  1.48198E+00  1.75690E+00  2.09556E+00  2.50029E+00  2.97194E+00  3.50831E+00  4.10274E+00  4.74348E+00  5.41425E+00  6.09590E+00  6.76909E+00  7.41740E+00  8.02999E+00  8.60326E+00  9.14084E+00  9.65178E+00  1.01474E+01  1.06371E+01  1.11250E+01  1.16070E+01  1.20700E+01  1.24938E+01  1.28541E+01  1.31271E+01  1.32944E+01  1.33461E+01  1.32834E+01  1.31180E+01  1.28698E+01  1.25628E+01  1.22208E+01  1.18633E+01  1.15026E+01  1.11429E+01  1.07807E+01  1.04076E+01  1.00129E+01  9.58723E+00  9.12465E+00  8.62460E+00  8.09192E+00  7.53600E+00  6.96915E+00  6.40453E+00  5.85424E+00  5.32785E+00  4.83151E+00  4.36786E+00  3.93647E+00  3.53479E+00  3.15933E+00  2.80690E+00  2.47565E+00  2.16580E+00  1.87992E+00  1.62269E+00  1.40034E+00  1.21966E+00  1.08703E+00  1.00759E+00  9.84760E-01
