 0.10000E+01	 0.00000E+00	 0.00000E+00	 0.10218E+00	 0.94462E+00	 0.94462E+00	 0.15463E-03	 0.15463E-03	 0.17185E-03	 0.17185E-03	 0.45723E+01	 0.10005E+04	 0.21891E+06	 0.23666E-12	 0.20140E+00	-0.52410E+00	 0.00000E+00	-0.11250E+02	 0.65801E+00
 0.10000E+00	 0.00000E+00	 0.00000E+00	 0.10218E+00	 0.10044E+00	 0.10044E+00	 0.18399E-02	 0.18399E-02	 0.41754E-01	 0.41754E-01	 0.45723E+01	 0.10005E+04	 0.21891E+06	 0.50764E-13	 0.20140E+00	-0.52410E+00	 0.00000E+00	-0.11250E+02	 0.65801E+00
 0.10000E+02	 0.00000E+00	 0.00000E+00	 0.10218E+00	 0.94365E+01	 0.94365E+01	 0.16883E-05	 0.16883E-05	 0.18657E-06	 0.18657E-06	 0.45723E+01	 0.10005E+04	 0.21891E+06	 0.27145E-10	 0.20140E+00	-0.52410E+00	 0.00000E+00	-0.11250E+02	 0.65801E+00
 0.10000E-01	 0.00000E+00	 0.00000E+00	 0.10218E+00	 0.35539E-01	 0.35539E-01	-0.91763E-01	-0.91763E-01	 0.42353E+01	 0.42353E+01	 0.45723E+01	 0.10005E+04	 0.21891E+06	 0.13238E-12	 0.20140E+00	-0.52410E+00	 0.00000E+00	-0.11250E+02	 0.65801E+00
 0.10000E+03	 0.00000E+00	 0.00000E+00	 0.10218E+00	 0.94364E+02	 0.94364E+02	 0.16899E-07	 0.16899E-07	 0.18673E-09	 0.18673E-09	 0.45723E+01	 0.10005E+04	 0.21891E+06	 0.12491E-08	 0.20140E+00	-0.52410E+00	 0.00000E+00	-0.11250E+02	 0.65801E+00
 0.10000E-02	 0.00000E+00	 0.00000E+00	 0.10218E+00	 0.37786E-01	 0.37778E-01	-0.10353E+01	-0.10353E+01	 0.14092E+03	 0.14091E+03	 0.45723E+01	 0.10005E+04	 0.21891E+06	 0.84255E-11	 0.20140E+00	-0.52410E+00	 0.00000E+00	-0.11250E+02	 0.65801E+00
 0.10000E-03	 0.00000E+00	 0.00000E+00	 0.10218E+00	 0.67065E-01	 0.59118E-01	-0.29872E+01	-0.29589E+01	 0.21258E+04	 0.20671E+04	 0.45723E+01	 0.10005E+04	 0.21891E+06	 0.39983E-09	 0.20140E+00	-0.52410E+00	 0.00000E+00	-0.11250E+02	 0.65801E+00
 0.10000E-04	 0.00000E+00	 0.00000E+00	 0.10218E+00	 0.53824E+00	 0.27462E+00	-0.37154E+01	-0.33375E+01	 0.25687E+05	 0.22290E+05	 0.45723E+01	 0.10005E+04	 0.21891E+06	 0.58933E-07	 0.20140E+00	-0.52410E+00	 0.00000E+00	-0.11250E+02	 0.65801E+00
 0.10000E-05	 0.00000E+00	 0.00000E+00	 0.10218E+00	 0.53644E+01	 0.83603E+00	-0.13308E+01	-0.42604E+01	 0.30154E+06	 0.22369E+06	 0.45723E+01	 0.10005E+04	 0.21891E+06	 0.75456E-05	 0.20140E+00	-0.52410E+00	 0.00000E+00	-0.11250E+02	 0.65801E+00
 0.30000E+01	 0.00000E+00	 0.00000E+00	 0.10218E+00	 0.28313E+01	 0.28313E+01	 0.18583E-04	 0.18583E-04	 0.68484E-05	 0.68484E-05	 0.45723E+01	 0.10005E+04	 0.21891E+06	 0.18744E-11	 0.20140E+00	-0.52410E+00	 0.00000E+00	-0.11250E+02	 0.65801E+00
 0.30000E+00	 0.00000E+00	 0.00000E+00	 0.10218E+00	 0.28576E+00	 0.28576E+00	 0.96405E-03	 0.96405E-03	 0.38941E-02	 0.38941E-02	 0.45723E+01	 0.10005E+04	 0.21891E+06	 0.16299E-13	 0.20140E+00	-0.52410E+00	 0.00000E+00	-0.11250E+02	 0.65801E+00
 0.30000E+02	 0.00000E+00	 0.00000E+00	 0.10218E+00	 0.28309E+02	 0.28309E+02	 0.18775E-06	 0.18775E-06	 0.69153E-08	 0.69153E-08	 0.45723E+01	 0.10005E+04	 0.21891E+06	 0.71728E-10	 0.20140E+00	-0.52410E+00	 0.00000E+00	-0.11250E+02	 0.65801E+00
 0.30000E-01	 0.00000E+00	 0.00000E+00	 0.10218E+00	 0.43919E-01	 0.43919E-01	-0.10763E-01	-0.10763E-01	 0.49845E+00	 0.49845E+00	 0.45723E+01	 0.10005E+04	 0.21891E+06	 0.10675E-12	 0.20140E+00	-0.52410E+00	 0.00000E+00	-0.11250E+02	 0.65801E+00
 0.30000E+03	 0.00000E+00	 0.00000E+00	 0.10218E+00	 0.28309E+03	 0.28309E+03	 0.18777E-08	 0.18777E-08	 0.69160E-11	 0.69160E-11	 0.45723E+01	 0.10005E+04	 0.21891E+06	 0.13417E-07	 0.20140E+00	-0.52410E+00	 0.00000E+00	-0.11250E+02	 0.65801E+00
 0.30000E-02	 0.00000E+00	 0.00000E+00	 0.10218E+00	 0.35224E-01	 0.35224E-01	-0.37952E+00	-0.37952E+00	 0.31062E+02	 0.31062E+02	 0.45723E+01	 0.10005E+04	 0.21891E+06	 0.60612E-12	 0.20140E+00	-0.52410E+00	 0.00000E+00	-0.11250E+02	 0.65801E+00
 0.30000E-03	 0.00000E+00	 0.00000E+00	 0.10218E+00	 0.42544E-01	 0.41814E-01	-0.21596E+01	-0.21589E+01	 0.61580E+03	 0.61269E+03	 0.45723E+01	 0.10005E+04	 0.21891E+06	 0.10216E-09	 0.20140E+00	-0.52410E+00	 0.00000E+00	-0.11250E+02	 0.65801E+00
 0.30000E-04	 0.00000E+00	 0.00000E+00	 0.10218E+00	 0.18385E+00	 0.12929E+00	-0.35221E+01	-0.33299E+01	 0.78847E+04	 0.73121E+04	 0.45723E+01	 0.10005E+04	 0.21891E+06	 0.92616E-08	 0.20140E+00	-0.52410E+00	 0.00000E+00	-0.11250E+02	 0.65801E+00
 0.30000E-05	 0.00000E+00	 0.00000E+00	 0.10218E+00	 0.17887E+01	 0.57692E+00	-0.31787E+01	-0.35179E+01	 0.93169E+05	 0.74534E+05	 0.45723E+01	 0.10005E+04	 0.21891E+06	 0.26985E-06	 0.20140E+00	-0.52410E+00	 0.00000E+00	-0.11250E+02	 0.65801E+00
 0.10000E+01	 0.10000E+00	-0.19080E+00	 0.10218E+00	 0.21914E-02	 0.21914E-02	 0.19982E-03	 0.19982E-03	 0.20179E-03	 0.20179E-03	 0.45723E+01	 0.10005E+04	 0.21891E+06	 0.64290E-12	 0.20140E+00	-0.52410E+00	 0.00000E+00	-0.11250E+02	 0.65801E+00
 0.10000E+00	 0.10000E+00	-0.19080E+00	 0.10218E+00	 0.26972E-02	 0.26972E-02	 0.40661E-02	 0.40661E-02	 0.44126E-01	 0.44126E-01	 0.45723E+01	 0.10005E+04	 0.21891E+06	 0.10665E-12	 0.20140E+00	-0.52410E+00	 0.00000E+00	-0.11250E+02	 0.65801E+00
 0.10000E+02	 0.10000E+00	-0.19080E+00	 0.10218E+00	 0.30784E-02	 0.30784E-02	 0.61793E-05	 0.61793E-05	 0.23095E-06	 0.23095E-06	 0.45723E+01	 0.10005E+04	 0.21891E+06	 0.99978E-12	 0.20140E+00	-0.52410E+00	 0.00000E+00	-0.11250E+02	 0.65801E+00
 0.10000E-01	 0.10000E+00	-0.19080E+00	 0.10218E+00	 0.14811E-02	 0.14811E-02	 0.50084E-01	 0.50084E-01	 0.34185E+01	 0.34185E+01	 0.45723E+01	 0.10005E+04	 0.21891E+06	 0.10082E-11	 0.20140E+00	-0.52410E+00	 0.00000E+00	-0.11250E+02	 0.65801E+00
 0.10000E+03	 0.10000E+00	-0.19080E+00	 0.10218E+00	 0.39169E-03	 0.39169E-03	 0.72789E-07	 0.72789E-07	 0.23270E-09	 0.23270E-09	 0.45723E+01	 0.10005E+04	 0.21891E+06	 0.31623E-11	 0.20140E+00	-0.52410E+00	 0.00000E+00	-0.11250E+02	 0.65801E+00
 0.10000E-02	 0.10000E+00	-0.19080E+00	 0.10218E+00	 0.32856E-03	 0.32851E-03	 0.14417E+00	 0.14415E+00	 0.97325E+02	 0.97312E+02	 0.45723E+01	 0.10005E+04	 0.21891E+06	 0.13795E-10	 0.20140E+00	-0.52410E+00	 0.00000E+00	-0.11250E+02	 0.65801E+00
 0.10000E-03	 0.10000E+00	-0.19080E+00	 0.10218E+00	 0.72396E-04	 0.62524E-04	 0.17622E+00	 0.16592E+00	 0.14268E+04	 0.13282E+04	 0.45723E+01	 0.10005E+04	 0.21891E+06	 0.17555E-08	 0.20140E+00	-0.52410E+00	 0.00000E+00	-0.11250E+02	 0.65801E+00
 0.10000E-04	 0.10000E+00	-0.19080E+00	 0.10218E+00	 0.74132E-04	 0.74806E-05	 0.16559E+00	 0.16233E+00	 0.18184E+05	 0.14069E+05	 0.45723E+01	 0.10005E+04	 0.21891E+06	 0.14641E-06	 0.20140E+00	-0.52410E+00	 0.00000E+00	-0.11250E+02	 0.65801E+00
 0.10000E-05	 0.10000E+00	-0.19080E+00	 0.10218E+00	 0.56627E-03	 0.75040E-06	-0.23992E+00	 0.16223E+00	 0.24178E+06	 0.14086E+06	 0.45723E+01	 0.10005E+04	 0.21891E+06	 0.18862E-04	 0.20140E+00	-0.52410E+00	 0.00000E+00	-0.11250E+02	 0.65801E+00
 0.30000E+01	 0.10000E+00	-0.19080E+00	 0.10218E+00	 0.35413E-02	 0.35413E-02	 0.37758E-04	 0.37758E-04	 0.83079E-05	 0.83079E-05	 0.45723E+01	 0.10005E+04	 0.21891E+06	 0.28155E-12	 0.20140E+00	-0.52410E+00	 0.00000E+00	-0.11250E+02	 0.65801E+00
 0.30000E+00	 0.10000E+00	-0.19080E+00	 0.10218E+00	 0.22423E-02	 0.22423E-02	 0.10341E-02	 0.10341E-02	 0.43792E-02	 0.43792E-02	 0.45723E+01	 0.10005E+04	 0.21891E+06	 0.30675E-12	 0.20140E+00	-0.52410E+00	 0.00000E+00	-0.11250E+02	 0.65801E+00
 0.30000E+02	 0.10000E+00	-0.19080E+00	 0.10218E+00	 0.12674E-02	 0.12674E-02	 0.79257E-06	 0.79257E-06	 0.86105E-08	 0.86105E-08	 0.45723E+01	 0.10005E+04	 0.21891E+06	 0.31473E-11	 0.20140E+00	-0.52410E+00	 0.00000E+00	-0.11250E+02	 0.65801E+00
 0.30000E-01	 0.10000E+00	-0.19080E+00	 0.10218E+00	 0.23406E-02	 0.23406E-02	 0.17600E-01	 0.17600E-01	 0.44925E+00	 0.44925E+00	 0.45723E+01	 0.10005E+04	 0.21891E+06	 0.39492E-12	 0.20140E+00	-0.52410E+00	 0.00000E+00	-0.11250E+02	 0.65801E+00
 0.30000E+03	 0.10000E+00	-0.19080E+00	 0.10218E+00	 0.13092E-03	 0.13092E-03	 0.81025E-08	 0.81025E-08	 0.86194E-11	 0.86194E-11	 0.45723E+01	 0.10005E+04	 0.21891E+06	 0.23028E-08	 0.20140E+00	-0.52410E+00	 0.00000E+00	-0.11250E+02	 0.65801E+00
 0.30000E-02	 0.10000E+00	-0.19080E+00	 0.10218E+00	 0.73991E-03	 0.73991E-03	 0.10580E+00	 0.10580E+00	 0.23357E+02	 0.23357E+02	 0.45723E+01	 0.10005E+04	 0.21891E+06	 0.94803E-12	 0.20140E+00	-0.52410E+00	 0.00000E+00	-0.11250E+02	 0.65801E+00
 0.30000E-03	 0.10000E+00	-0.19080E+00	 0.10218E+00	 0.13923E-03	 0.13724E-03	 0.16639E+00	 0.16442E+00	 0.40224E+03	 0.39748E+03	 0.45723E+01	 0.10005E+04	 0.21891E+06	 0.15485E-09	 0.20140E+00	-0.52410E+00	 0.00000E+00	-0.11250E+02	 0.65801E+00
 0.30000E-04	 0.10000E+00	-0.19080E+00	 0.10218E+00	 0.51680E-04	 0.21923E-04	 0.18156E+00	 0.16301E+00	 0.54909E+04	 0.46513E+04	 0.45723E+01	 0.10005E+04	 0.21891E+06	 0.15628E-07	 0.20140E+00	-0.52410E+00	 0.00000E+00	-0.11250E+02	 0.65801E+00
 0.30000E-05	 0.10000E+00	-0.19080E+00	 0.10218E+00	 0.19719E-03	 0.22506E-05	 0.59125E-01	 0.16224E+00	 0.68838E+05	 0.46947E+05	 0.45723E+01	 0.10005E+04	 0.21891E+06	 0.43219E-05	 0.20140E+00	-0.52410E+00	 0.00000E+00	-0.11250E+02	 0.65801E+00
 0.10000E+01	 0.10000E-01	-0.19080E-01	 0.10218E+00	 0.32537E-01	 0.32537E-01	 0.16848E-03	 0.16848E-03	 0.17215E-03	 0.17215E-03	 0.45723E+01	 0.10005E+04	 0.21891E+06	 0.82258E-14	 0.20140E+00	-0.52410E+00	 0.00000E+00	-0.11250E+02	 0.65801E+00
 0.10000E+00	 0.10000E-01	-0.19080E-01	 0.10218E+00	 0.86693E-01	 0.86693E-01	 0.64797E-03	 0.64797E-03	 0.41921E-01	 0.41921E-01	 0.45723E+01	 0.10005E+04	 0.21891E+06	 0.11162E-12	 0.20140E+00	-0.52410E+00	 0.00000E+00	-0.11250E+02	 0.65801E+00
 0.10000E+02	 0.10000E-01	-0.19080E-01	 0.10218E+00	 0.16287E-01	 0.16287E-01	 0.20832E-05	 0.20832E-05	 0.18695E-06	 0.18695E-06	 0.45723E+01	 0.10005E+04	 0.21891E+06	 0.26465E-12	 0.20140E+00	-0.52410E+00	 0.00000E+00	-0.11250E+02	 0.65801E+00
 0.10000E-01	 0.10000E-01	-0.19080E-01	 0.10218E+00	 0.36155E-01	 0.36155E-01	-0.82488E-01	-0.82488E-01	 0.41425E+01	 0.41425E+01	 0.45723E+01	 0.10005E+04	 0.21891E+06	 0.24602E-12	 0.20140E+00	-0.52410E+00	 0.00000E+00	-0.11250E+02	 0.65801E+00
 0.10000E+03	 0.10000E-01	-0.19080E-01	 0.10218E+00	 0.29943E-01	 0.29943E-01	 0.60499E-07	 0.60499E-07	 0.18717E-09	 0.18717E-09	 0.45723E+01	 0.10005E+04	 0.21891E+06	 0.90567E-11	 0.20140E+00	-0.52410E+00	 0.00000E+00	-0.11250E+02	 0.65801E+00
 0.10000E-02	 0.10000E-01	-0.19080E-01	 0.10218E+00	 0.22078E-01	 0.22075E-01	-0.67035E+00	-0.67042E+00	 0.13322E+03	 0.13321E+03	 0.45723E+01	 0.10005E+04	 0.21891E+06	 0.87633E-11	 0.20140E+00	-0.52410E+00	 0.00000E+00	-0.11250E+02	 0.65801E+00
 0.10000E-03	 0.10000E-01	-0.19080E-01	 0.10218E+00	 0.60502E-02	 0.55904E-02	-0.19085E+01	-0.18832E+01	 0.23265E+04	 0.22472E+04	 0.45723E+01	 0.10005E+04	 0.21891E+06	 0.11605E-08	 0.20140E+00	-0.52410E+00	 0.00000E+00	-0.11250E+02	 0.65801E+00
 0.10000E-04	 0.10000E-01	-0.19080E-01	 0.10218E+00	 0.11968E-02	 0.66584E-03	-0.25151E+01	-0.22072E+01	 0.29027E+05	 0.24559E+05	 0.45723E+01	 0.10005E+04	 0.21891E+06	 0.30823E-06	 0.20140E+00	-0.52410E+00	 0.00000E+00	-0.11250E+02	 0.65801E+00
 0.10000E-05	 0.10000E-01	-0.19080E-01	 0.10218E+00	 0.19644E-03	 0.66846E-04	-0.28311E+01	-0.22150E+01	 0.33474E+06	 0.24606E+06	 0.45723E+01	 0.10005E+04	 0.21891E+06	 0.55934E-04	 0.20140E+00	-0.52410E+00	 0.00000E+00	-0.11250E+02	 0.65801E+00
 0.30000E+01	 0.10000E-01	-0.19080E-01	 0.10218E+00	 0.14724E-01	 0.14724E-01	 0.21032E-04	 0.21032E-04	 0.68623E-05	 0.68623E-05	 0.45723E+01	 0.10005E+04	 0.21891E+06	 0.10444E-12	 0.20140E+00	-0.52410E+00	 0.00000E+00	-0.11250E+02	 0.65801E+00
 0.30000E+00	 0.10000E-01	-0.19080E-01	 0.10218E+00	 0.81397E-01	 0.81397E-01	 0.83130E-03	 0.83130E-03	 0.39014E-02	 0.39014E-02	 0.45723E+01	 0.10005E+04	 0.21891E+06	 0.18673E-13	 0.20140E+00	-0.52410E+00	 0.00000E+00	-0.11250E+02	 0.65801E+00
 0.30000E+02	 0.10000E-01	-0.19080E-01	 0.10218E+00	 0.31637E-01	 0.31637E-01	 0.35425E-06	 0.35425E-06	 0.69302E-08	 0.69302E-08	 0.45723E+01	 0.10005E+04	 0.21891E+06	 0.23236E-11	 0.20140E+00	-0.52410E+00	 0.00000E+00	-0.11250E+02	 0.65801E+00
 0.30000E-01	 0.10000E-01	-0.19080E-01	 0.10218E+00	 0.47504E-01	 0.47504E-01	-0.12575E-01	-0.12575E-01	 0.49836E+00	 0.49836E+00	 0.45723E+01	 0.10005E+04	 0.21891E+06	 0.36742E-13	 0.20140E+00	-0.52410E+00	 0.00000E+00	-0.11250E+02	 0.65801E+00
 0.30000E+03	 0.10000E-01	-0.19080E-01	 0.10218E+00	 0.12598E-01	 0.12598E-01	 0.79022E-08	 0.79022E-08	 0.69329E-11	 0.69329E-11	 0.45723E+01	 0.10005E+04	 0.21891E+06	 0.90321E-11	 0.20140E+00	-0.52410E+00	 0.00000E+00	-0.11250E+02	 0.65801E+00
 0.30000E-02	 0.10000E-01	-0.19080E-01	 0.10218E+00	 0.30300E-01	 0.30300E-01	-0.29297E+00	-0.29297E+00	 0.29567E+02	 0.29567E+02	 0.45723E+01	 0.10005E+04	 0.21891E+06	 0.56922E-12	 0.20140E+00	-0.52410E+00	 0.00000E+00	-0.11250E+02	 0.65801E+00
 0.30000E-03	 0.10000E-01	-0.19080E-01	 0.10218E+00	 0.12281E-01	 0.12171E-01	-0.13425E+01	-0.13435E+01	 0.62965E+03	 0.62562E+03	 0.45723E+01	 0.10005E+04	 0.21891E+06	 0.72091E-10	 0.20140E+00	-0.52410E+00	 0.00000E+00	-0.11250E+02	 0.65801E+00
 0.30000E-04	 0.10000E-01	-0.19080E-01	 0.10218E+00	 0.26631E-02	 0.19441E-02	-0.23227E+01	-0.21548E+01	 0.88844E+04	 0.80780E+04	 0.45723E+01	 0.10005E+04	 0.21891E+06	 0.11469E-07	 0.20140E+00	-0.52410E+00	 0.00000E+00	-0.11250E+02	 0.65801E+00
 0.30000E-05	 0.10000E-01	-0.19080E-01	 0.10218E+00	 0.45798E-03	 0.20047E-03	-0.26806E+01	-0.22143E+01	 0.10452E+06	 0.82006E+05	 0.45723E+01	 0.10005E+04	 0.21891E+06	 0.95501E-05	 0.20140E+00	-0.52410E+00	 0.00000E+00	-0.11250E+02	 0.65801E+00
 0.10000E+01	 0.10000E-02	-0.19080E-02	 0.10218E+00	 0.72828E+00	 0.72828E+00	 0.15773E-03	 0.15773E-03	 0.17185E-03	 0.17185E-03	 0.45723E+01	 0.10005E+04	 0.21891E+06	 0.22770E-12	 0.20140E+00	-0.52410E+00	 0.00000E+00	-0.11250E+02	 0.65801E+00
 0.10000E+00	 0.10000E-02	-0.19080E-02	 0.10218E+00	 0.10029E+00	 0.10029E+00	 0.18256E-02	 0.18256E-02	 0.41755E-01	 0.41755E-01	 0.45723E+01	 0.10005E+04	 0.21891E+06	 0.58863E-13	 0.20140E+00	-0.52410E+00	 0.00000E+00	-0.11250E+02	 0.65801E+00
 0.10000E+02	 0.10000E-02	-0.19080E-02	 0.10218E+00	 0.31963E+00	 0.31963E+00	 0.18931E-05	 0.18931E-05	 0.18657E-06	 0.18657E-06	 0.45723E+01	 0.10005E+04	 0.21891E+06	 0.59078E-12	 0.20140E+00	-0.52410E+00	 0.00000E+00	-0.11250E+02	 0.65801E+00
 0.10000E-01	 0.10000E-02	-0.19080E-02	 0.10218E+00	 0.35542E-01	 0.35542E-01	-0.91653E-01	-0.91653E-01	 0.42343E+01	 0.42343E+01	 0.45723E+01	 0.10005E+04	 0.21891E+06	 0.11219E-12	 0.20140E+00	-0.52410E+00	 0.00000E+00	-0.11250E+02	 0.65801E+00
 0.10000E+03	 0.10000E-02	-0.19080E-02	 0.10218E+00	 0.16229E+00	 0.16229E+00	 0.20836E-07	 0.20836E-07	 0.18673E-09	 0.18673E-09	 0.45723E+01	 0.10005E+04	 0.21891E+06	 0.63334E-10	 0.20140E+00	-0.52410E+00	 0.00000E+00	-0.11250E+02	 0.65801E+00
 0.10000E-02	 0.10000E-02	-0.19080E-02	 0.10218E+00	 0.37196E-01	 0.37188E-01	-0.10204E+01	-0.10204E+01	 0.14055E+03	 0.14054E+03	 0.45723E+01	 0.10005E+04	 0.21891E+06	 0.85016E-11	 0.20140E+00	-0.52410E+00	 0.00000E+00	-0.11250E+02	 0.65801E+00
 0.10000E-03	 0.10000E-02	-0.19080E-02	 0.10218E+00	 0.44184E-01	 0.39355E-01	-0.23968E+01	-0.23712E+01	 0.21033E+04	 0.20416E+04	 0.45723E+01	 0.10005E+04	 0.21891E+06	 0.39709E-09	 0.20140E+00	-0.52410E+00	 0.00000E+00	-0.11250E+02	 0.65801E+00
 0.10000E-04	 0.10000E-02	-0.19080E-02	 0.10218E+00	 0.23069E-01	 0.10506E-01	-0.23609E+01	-0.17841E+01	 0.25602E+05	 0.21983E+05	 0.45723E+01	 0.10005E+04	 0.21891E+06	 0.34369E-06	 0.20140E+00	-0.52410E+00	 0.00000E+00	-0.11250E+02	 0.65801E+00
 0.10000E-05	 0.10000E-02	-0.19080E-02	 0.10218E+00	 0.74890E-02	 0.11170E-02	-0.25474E+01	-0.16966E+01	 0.30141E+06	 0.22041E+06	 0.45723E+01	 0.10005E+04	 0.21891E+06	 0.42815E-03	 0.20140E+00	-0.52410E+00	 0.00000E+00	-0.11250E+02	 0.65801E+00
 0.30000E+01	 0.10000E-02	-0.19080E-02	 0.10218E+00	 0.77108E+00	 0.77108E+00	 0.20194E-04	 0.20194E-04	 0.68486E-05	 0.68486E-05	 0.45723E+01	 0.10005E+04	 0.21891E+06	 0.16592E-12	 0.20140E+00	-0.52410E+00	 0.00000E+00	-0.11250E+02	 0.65801E+00
 0.30000E+00	 0.10000E-02	-0.19080E-02	 0.10218E+00	 0.27869E+00	 0.27869E+00	 0.95931E-03	 0.95931E-03	 0.38942E-02	 0.38942E-02	 0.45723E+01	 0.10005E+04	 0.21891E+06	 0.21656E-13	 0.20140E+00	-0.52410E+00	 0.00000E+00	-0.11250E+02	 0.65801E+00
 0.30000E+02	 0.10000E-02	-0.19080E-02	 0.10218E+00	 0.14563E+00	 0.14563E+00	 0.21300E-06	 0.21300E-06	 0.69154E-08	 0.69154E-08	 0.45723E+01	 0.10005E+04	 0.21891E+06	 0.50929E-11	 0.20140E+00	-0.52410E+00	 0.00000E+00	-0.11250E+02	 0.65801E+00
 0.30000E-01	 0.10000E-02	-0.19080E-02	 0.10218E+00	 0.43954E-01	 0.43954E-01	-0.10780E-01	-0.10780E-01	 0.49844E+00	 0.49844E+00	 0.45723E+01	 0.10005E+04	 0.21891E+06	 0.13631E-12	 0.20140E+00	-0.52410E+00	 0.00000E+00	-0.11250E+02	 0.65801E+00
 0.30000E+03	 0.10000E-02	-0.19080E-02	 0.10218E+00	 0.31600E+00	 0.31600E+00	 0.35401E-08	 0.35401E-08	 0.69161E-11	 0.69161E-11	 0.45723E+01	 0.10005E+04	 0.21891E+06	 0.22120E-09	 0.20140E+00	-0.52410E+00	 0.00000E+00	-0.11250E+02	 0.65801E+00
 0.30000E-02	 0.10000E-02	-0.19080E-02	 0.10218E+00	 0.35125E-01	 0.35125E-01	-0.37795E+00	-0.37795E+00	 0.31037E+02	 0.31037E+02	 0.45723E+01	 0.10005E+04	 0.21891E+06	 0.92769E-12	 0.20140E+00	-0.52410E+00	 0.00000E+00	-0.11250E+02	 0.65801E+00
 0.30000E-03	 0.10000E-02	-0.19080E-02	 0.10218E+00	 0.39105E-01	 0.38443E-01	-0.20312E+01	-0.20307E+01	 0.61108E+03	 0.60790E+03	 0.45723E+01	 0.10005E+04	 0.21891E+06	 0.11270E-09	 0.20140E+00	-0.52410E+00	 0.00000E+00	-0.11250E+02	 0.65801E+00
 0.30000E-04	 0.10000E-02	-0.19080E-02	 0.10218E+00	 0.35105E-01	 0.25405E-01	-0.22422E+01	-0.20170E+01	 0.78315E+04	 0.72217E+04	 0.45723E+01	 0.10005E+04	 0.21891E+06	 0.89522E-08	 0.20140E+00	-0.52410E+00	 0.00000E+00	-0.11250E+02	 0.65801E+00
 0.30000E-05	 0.10000E-02	-0.19080E-02	 0.10218E+00	 0.14387E-01	 0.33306E-02	-0.24917E+01	-0.17057E+01	 0.93052E+05	 0.73452E+05	 0.45723E+01	 0.10005E+04	 0.21891E+06	 0.26067E-04	 0.20140E+00	-0.52410E+00	 0.00000E+00	-0.11250E+02	 0.65801E+00
 0.10000E+01	 0.10000E-03	-0.19080E-03	 0.10218E+00	 0.94182E+00	 0.94182E+00	 0.15467E-03	 0.15467E-03	 0.17185E-03	 0.17185E-03	 0.45723E+01	 0.10005E+04	 0.21891E+06	 0.32513E-12	 0.20140E+00	-0.52410E+00	 0.00000E+00	-0.11250E+02	 0.65801E+00
 0.10000E+00	 0.10000E-03	-0.19080E-03	 0.10218E+00	 0.10044E+00	 0.10044E+00	 0.18397E-02	 0.18397E-02	 0.41754E-01	 0.41754E-01	 0.45723E+01	 0.10005E+04	 0.21891E+06	 0.36645E-13	 0.20140E+00	-0.52410E+00	 0.00000E+00	-0.11250E+02	 0.65801E+00
 0.10000E+02	 0.10000E-03	-0.19080E-03	 0.10218E+00	 0.72667E+01	 0.72667E+01	 0.17354E-05	 0.17354E-05	 0.18657E-06	 0.18657E-06	 0.45723E+01	 0.10005E+04	 0.21891E+06	 0.19134E-10	 0.20140E+00	-0.52410E+00	 0.00000E+00	-0.11250E+02	 0.65801E+00
 0.10000E-01	 0.10000E-03	-0.19080E-03	 0.10218E+00	 0.35539E-01	 0.35539E-01	-0.91761E-01	-0.91761E-01	 0.42353E+01	 0.42353E+01	 0.45723E+01	 0.10005E+04	 0.21891E+06	 0.13167E-12	 0.20140E+00	-0.52410E+00	 0.00000E+00	-0.11250E+02	 0.65801E+00
 0.10000E+03	 0.10000E-03	-0.19080E-03	 0.10218E+00	 0.31956E+01	 0.31956E+01	 0.18954E-07	 0.18954E-07	 0.18673E-09	 0.18673E-09	 0.45723E+01	 0.10005E+04	 0.21891E+06	 0.22715E-10	 0.20140E+00	-0.52410E+00	 0.00000E+00	-0.11250E+02	 0.65801E+00
 0.10000E-02	 0.10000E-03	-0.19080E-03	 0.10218E+00	 0.37780E-01	 0.37772E-01	-0.10351E+01	-0.10352E+01	 0.14092E+03	 0.14091E+03	 0.45723E+01	 0.10005E+04	 0.21891E+06	 0.61286E-11	 0.20140E+00	-0.52410E+00	 0.00000E+00	-0.11250E+02	 0.65801E+00
 0.10000E-03	 0.10000E-03	-0.19080E-03	 0.10218E+00	 0.66689E-01	 0.58792E-01	-0.29760E+01	-0.29475E+01	 0.21253E+04	 0.20665E+04	 0.45723E+01	 0.10005E+04	 0.21891E+06	 0.72708E-09	 0.20140E+00	-0.52410E+00	 0.00000E+00	-0.11250E+02	 0.65801E+00
 0.10000E-04	 0.10000E-03	-0.19080E-03	 0.10218E+00	 0.38127E+00	 0.20254E+00	-0.32768E+01	-0.27504E+01	 0.25656E+05	 0.22235E+05	 0.45723E+01	 0.10005E+04	 0.21891E+06	 0.64999E-07	 0.20140E+00	-0.52410E+00	 0.00000E+00	-0.11250E+02	 0.65801E+00
 0.10000E-05	 0.10000E-03	-0.19080E-03	 0.10218E+00	 0.32172E+00	 0.59629E-01	-0.24407E+01	-0.16881E+01	 0.30143E+06	 0.22294E+06	 0.45723E+01	 0.10005E+04	 0.21891E+06	 0.11561E-02	 0.20140E+00	-0.52410E+00	 0.00000E+00	-0.11250E+02	 0.65801E+00
 0.30000E+01	 0.10000E-03	-0.19080E-03	 0.10218E+00	 0.27571E+01	 0.27571E+01	 0.18640E-04	 0.18640E-04	 0.68484E-05	 0.68484E-05	 0.45723E+01	 0.10005E+04	 0.21891E+06	 0.14630E-11	 0.20140E+00	-0.52410E+00	 0.00000E+00	-0.11250E+02	 0.65801E+00
 0.30000E+00	 0.10000E-03	-0.19080E-03	 0.10218E+00	 0.28568E+00	 0.28568E+00	 0.96400E-03	 0.96400E-03	 0.38941E-02	 0.38941E-02	 0.45723E+01	 0.10005E+04	 0.21891E+06	 0.17855E-13	 0.20140E+00	-0.52410E+00	 0.00000E+00	-0.11250E+02	 0.65801E+00
 0.30000E+02	 0.10000E-03	-0.19080E-03	 0.10218E+00	 0.77060E+01	 0.77060E+01	 0.20456E-06	 0.20456E-06	 0.69153E-08	 0.69153E-08	 0.45723E+01	 0.10005E+04	 0.21891E+06	 0.42725E-10	 0.20140E+00	-0.52410E+00	 0.00000E+00	-0.11250E+02	 0.65801E+00
 0.30000E-01	 0.10000E-03	-0.19080E-03	 0.10218E+00	 0.43919E-01	 0.43919E-01	-0.10763E-01	-0.10763E-01	 0.49845E+00	 0.49845E+00	 0.45723E+01	 0.10005E+04	 0.21891E+06	 0.60209E-13	 0.20140E+00	-0.52410E+00	 0.00000E+00	-0.11250E+02	 0.65801E+00
 0.30000E+03	 0.10000E-03	-0.19080E-03	 0.10218E+00	 0.14561E+01	 0.14561E+01	 0.21302E-08	 0.21302E-08	 0.69160E-11	 0.69160E-11	 0.45723E+01	 0.10005E+04	 0.21891E+06	 0.63710E-09	 0.20140E+00	-0.52410E+00	 0.00000E+00	-0.11250E+02	 0.65801E+00
 0.30000E-02	 0.10000E-03	-0.19080E-03	 0.10218E+00	 0.35223E-01	 0.35223E-01	-0.37950E+00	-0.37951E+00	 0.31062E+02	 0.31062E+02	 0.45723E+01	 0.10005E+04	 0.21891E+06	 0.79194E-12	 0.20140E+00	-0.52410E+00	 0.00000E+00	-0.11250E+02	 0.65801E+00
 0.30000E-03	 0.10000E-03	-0.19080E-03	 0.10218E+00	 0.42505E-01	 0.41776E-01	-0.21582E+01	-0.21574E+01	 0.61575E+03	 0.61264E+03	 0.45723E+01	 0.10005E+04	 0.21891E+06	 0.53835E-10	 0.20140E+00	-0.52410E+00	 0.00000E+00	-0.11250E+02	 0.65801E+00
 0.30000E-04	 0.10000E-03	-0.19080E-03	 0.10218E+00	 0.17468E+00	 0.12317E+00	-0.34163E+01	-0.32196E+01	 0.78769E+04	 0.73028E+04	 0.45723E+01	 0.10005E+04	 0.21891E+06	 0.51369E-08	 0.20140E+00	-0.52410E+00	 0.00000E+00	-0.11250E+02	 0.65801E+00
 0.30000E-05	 0.10000E-03	-0.19080E-03	 0.10218E+00	 0.41260E+00	 0.14887E+00	-0.28689E+01	-0.19363E+01	 0.93108E+05	 0.74294E+05	 0.45723E+01	 0.10005E+04	 0.21891E+06	 0.29007E-05	 0.20140E+00	-0.52410E+00	 0.00000E+00	-0.11250E+02	 0.65801E+00
 0.10000E+01	 0.10000E-04	-0.19080E-04	 0.10218E+00	 0.94459E+00	 0.94459E+00	 0.15463E-03	 0.15463E-03	 0.17185E-03	 0.17185E-03	 0.45723E+01	 0.10005E+04	 0.21891E+06	 0.19744E-12	 0.20140E+00	-0.52410E+00	 0.00000E+00	-0.11250E+02	 0.65801E+00
 0.10000E+00	 0.10000E-04	-0.19080E-04	 0.10218E+00	 0.10044E+00	 0.10044E+00	 0.18399E-02	 0.18399E-02	 0.41754E-01	 0.41754E-01	 0.45723E+01	 0.10005E+04	 0.21891E+06	 0.43426E-13	 0.20140E+00	-0.52410E+00	 0.00000E+00	-0.11250E+02	 0.65801E+00
 0.10000E+02	 0.10000E-04	-0.19080E-04	 0.10218E+00	 0.94084E+01	 0.94084E+01	 0.16889E-05	 0.16889E-05	 0.18657E-06	 0.18657E-06	 0.45723E+01	 0.10005E+04	 0.21891E+06	 0.26009E-10	 0.20140E+00	-0.52410E+00	 0.00000E+00	-0.11250E+02	 0.65801E+00
 0.10000E-01	 0.10000E-04	-0.19080E-04	 0.10218E+00	 0.35539E-01	 0.35539E-01	-0.91763E-01	-0.91763E-01	 0.42353E+01	 0.42353E+01	 0.45723E+01	 0.10005E+04	 0.21891E+06	 0.98154E-13	 0.20140E+00	-0.52410E+00	 0.00000E+00	-0.11250E+02	 0.65801E+00
 0.10000E+03	 0.10000E-04	-0.19080E-04	 0.10218E+00	 0.72666E+02	 0.72666E+02	 0.17372E-07	 0.17372E-07	 0.18673E-09	 0.18673E-09	 0.45723E+01	 0.10005E+04	 0.21891E+06	 0.67953E-09	 0.20140E+00	-0.52410E+00	 0.00000E+00	-0.11250E+02	 0.65801E+00
 0.10000E-02	 0.10000E-04	-0.19080E-04	 0.10218E+00	 0.37786E-01	 0.37778E-01	-0.10353E+01	-0.10353E+01	 0.14092E+03	 0.14091E+03	 0.45723E+01	 0.10005E+04	 0.21891E+06	 0.84153E-11	 0.20140E+00	-0.52410E+00	 0.00000E+00	-0.11250E+02	 0.65801E+00
 0.10000E-03	 0.10000E-04	-0.19080E-04	 0.10218E+00	 0.67061E-01	 0.59115E-01	-0.29871E+01	-0.29587E+01	 0.21258E+04	 0.20671E+04	 0.45723E+01	 0.10005E+04	 0.21891E+06	 0.44300E-09	 0.20140E+00	-0.52410E+00	 0.00000E+00	-0.11250E+02	 0.65801E+00
 0.10000E-04	 0.10000E-04	-0.19080E-04	 0.10218E+00	 0.53596E+00	 0.27356E+00	-0.37063E+01	-0.33243E+01	 0.25687E+05	 0.22288E+05	 0.45723E+01	 0.10005E+04	 0.21891E+06	 0.30816E-07	 0.20140E+00	-0.52410E+00	 0.00000E+00	-0.11250E+02	 0.65801E+00
 0.10000E-05	 0.10000E-04	-0.19080E-04	 0.10218E+00	 0.41269E+01	 0.70780E+00	-0.16225E+01	-0.35728E+01	 0.30153E+06	 0.22365E+06	 0.45723E+01	 0.10005E+04	 0.21891E+06	 0.36818E-03	 0.20140E+00	-0.52410E+00	 0.00000E+00	-0.11250E+02	 0.65801E+00
 0.30000E+01	 0.10000E-04	-0.19080E-04	 0.10218E+00	 0.28305E+01	 0.28305E+01	 0.18584E-04	 0.18584E-04	 0.68484E-05	 0.68484E-05	 0.45723E+01	 0.10005E+04	 0.21891E+06	 0.14213E-11	 0.20140E+00	-0.52410E+00	 0.00000E+00	-0.11250E+02	 0.65801E+00
 0.30000E+00	 0.10000E-04	-0.19080E-04	 0.10218E+00	 0.28576E+00	 0.28576E+00	 0.96405E-03	 0.96405E-03	 0.38941E-02	 0.38941E-02	 0.45723E+01	 0.10005E+04	 0.21891E+06	 0.96905E-14	 0.20140E+00	-0.52410E+00	 0.00000E+00	-0.11250E+02	 0.65801E+00
 0.30000E+02	 0.10000E-04	-0.19080E-04	 0.10218E+00	 0.27568E+02	 0.27568E+02	 0.18834E-06	 0.18834E-06	 0.69153E-08	 0.69153E-08	 0.45723E+01	 0.10005E+04	 0.21891E+06	 0.13494E-09	 0.20140E+00	-0.52410E+00	 0.00000E+00	-0.11250E+02	 0.65801E+00
 0.30000E-01	 0.10000E-04	-0.19080E-04	 0.10218E+00	 0.43919E-01	 0.43919E-01	-0.10763E-01	-0.10763E-01	 0.49845E+00	 0.49845E+00	 0.45723E+01	 0.10005E+04	 0.21891E+06	 0.91724E-13	 0.20140E+00	-0.52410E+00	 0.00000E+00	-0.11250E+02	 0.65801E+00
 0.30000E+03	 0.10000E-04	-0.19080E-04	 0.10218E+00	 0.77059E+02	 0.77059E+02	 0.20458E-08	 0.20458E-08	 0.69160E-11	 0.69160E-11	 0.45723E+01	 0.10005E+04	 0.21891E+06	 0.25108E-08	 0.20140E+00	-0.52410E+00	 0.00000E+00	-0.11250E+02	 0.65801E+00
 0.30000E-02	 0.10000E-04	-0.19080E-04	 0.10218E+00	 0.35224E-01	 0.35224E-01	-0.37952E+00	-0.37952E+00	 0.31062E+02	 0.31062E+02	 0.45723E+01	 0.10005E+04	 0.21891E+06	 0.10500E-11	 0.20140E+00	-0.52410E+00	 0.00000E+00	-0.11250E+02	 0.65801E+00
 0.30000E-03	 0.10000E-04	-0.19080E-04	 0.10218E+00	 0.42543E-01	 0.41814E-01	-0.21596E+01	-0.21589E+01	 0.61580E+03	 0.61269E+03	 0.45723E+01	 0.10005E+04	 0.21891E+06	 0.11699E-09	 0.20140E+00	-0.52410E+00	 0.00000E+00	-0.11250E+02	 0.65801E+00
 0.30000E-04	 0.10000E-04	-0.19080E-04	 0.10218E+00	 0.18375E+00	 0.12923E+00	-0.35209E+01	-0.33286E+01	 0.78846E+04	 0.73120E+04	 0.45723E+01	 0.10005E+04	 0.21891E+06	 0.87668E-08	 0.20140E+00	-0.52410E+00	 0.00000E+00	-0.11250E+02	 0.65801E+00
 0.30000E-05	 0.10000E-04	-0.19080E-04	 0.10218E+00	 0.17187E+01	 0.55619E+00	-0.31473E+01	-0.33760E+01	 0.93167E+05	 0.74524E+05	 0.45723E+01	 0.10005E+04	 0.21891E+06	 0.83173E-06	 0.20140E+00	-0.52410E+00	 0.00000E+00	-0.11250E+02	 0.65801E+00
 0.10000E+01	 0.30000E-01	-0.57241E-01	 0.10218E+00	 0.53072E-02	 0.53072E-02	 0.17141E-03	 0.17141E-03	 0.17459E-03	 0.17459E-03	 0.45723E+01	 0.10005E+04	 0.21891E+06	 0.34091E-12	 0.20140E+00	-0.52410E+00	 0.00000E+00	-0.11250E+02	 0.65801E+00
 0.10000E+00	 0.30000E-01	-0.57241E-01	 0.10218E+00	 0.33792E-01	 0.33792E-01	-0.11296E-02	-0.11296E-02	 0.43208E-01	 0.43208E-01	 0.45723E+01	 0.10005E+04	 0.21891E+06	 0.15942E-12	 0.20140E+00	-0.52410E+00	 0.00000E+00	-0.11250E+02	 0.65801E+00
 0.10000E+02	 0.30000E-01	-0.57241E-01	 0.10218E+00	 0.10644E-01	 0.10644E-01	 0.32058E-05	 0.32058E-05	 0.19018E-06	 0.19018E-06	 0.45723E+01	 0.10005E+04	 0.21891E+06	 0.55436E-12	 0.20140E+00	-0.52410E+00	 0.00000E+00	-0.11250E+02	 0.65801E+00
 0.10000E-01	 0.30000E-01	-0.57241E-01	 0.10218E+00	 0.57990E-01	 0.57990E-01	-0.65043E-01	-0.65043E-01	 0.38209E+01	 0.38209E+01	 0.45723E+01	 0.10005E+04	 0.21891E+06	 0.10230E-12	 0.20140E+00	-0.52410E+00	 0.00000E+00	-0.11250E+02	 0.65801E+00
 0.10000E+03	 0.30000E-01	-0.57241E-01	 0.10218E+00	 0.42015E-02	 0.42015E-02	 0.71138E-07	 0.71138E-07	 0.19085E-09	 0.19085E-09	 0.45723E+01	 0.10005E+04	 0.21891E+06	 0.20523E-11	 0.20140E+00	-0.52410E+00	 0.00000E+00	-0.11250E+02	 0.65801E+00
 0.10000E-02	 0.30000E-01	-0.57241E-01	 0.10218E+00	 0.40924E-01	 0.40923E-01	-0.94021E+00	-0.94018E+00	 0.12850E+03	 0.12848E+03	 0.45723E+01	 0.10005E+04	 0.21891E+06	 0.81907E-11	 0.20140E+00	-0.52410E+00	 0.00000E+00	-0.11250E+02	 0.65801E+00
 0.10000E-03	 0.30000E-01	-0.57241E-01	 0.10218E+00	 0.10770E-01	 0.10759E-01	-0.27255E+01	-0.27398E+01	 0.21751E+04	 0.20696E+04	 0.45723E+01	 0.10005E+04	 0.21891E+06	 0.94073E-09	 0.20140E+00	-0.52410E+00	 0.00000E+00	-0.11250E+02	 0.65801E+00
 0.10000E-04	 0.30000E-01	-0.57241E-01	 0.10218E+00	 0.14455E-02	 0.13239E-02	-0.36048E+01	-0.33863E+01	 0.28615E+05	 0.22693E+05	 0.45723E+01	 0.10005E+04	 0.21891E+06	 0.10877E-06	 0.20140E+00	-0.52410E+00	 0.00000E+00	-0.11250E+02	 0.65801E+00
 0.10000E-05	 0.30000E-01	-0.57241E-01	 0.10218E+00	 0.19254E-03	 0.13369E-03	-0.43227E+01	-0.34197E+01	 0.35745E+06	 0.22783E+06	 0.45723E+01	 0.10005E+04	 0.21891E+06	 0.69470E-04	 0.20140E+00	-0.52410E+00	 0.00000E+00	-0.11250E+02	 0.65801E+00
 0.30000E+01	 0.30000E-01	-0.57241E-01	 0.10218E+00	 0.53058E-02	 0.53058E-02	 0.22675E-04	 0.22675E-04	 0.69735E-05	 0.69735E-05	 0.45723E+01	 0.10005E+04	 0.21891E+06	 0.31695E-12	 0.20140E+00	-0.52410E+00	 0.00000E+00	-0.11250E+02	 0.65801E+00
 0.30000E+00	 0.30000E-01	-0.57241E-01	 0.10218E+00	 0.12951E-01	 0.12951E-01	 0.81642E-03	 0.81642E-03	 0.39583E-02	 0.39583E-02	 0.45723E+01	 0.10005E+04	 0.21891E+06	 0.11082E-13	 0.20140E+00	-0.52410E+00	 0.00000E+00	-0.11250E+02	 0.65801E+00
 0.30000E+02	 0.30000E-01	-0.57241E-01	 0.10218E+00	 0.10563E-01	 0.10563E-01	 0.65057E-06	 0.65057E-06	 0.70619E-08	 0.70619E-08	 0.45723E+01	 0.10005E+04	 0.21891E+06	 0.99154E-12	 0.20140E+00	-0.52410E+00	 0.00000E+00	-0.11250E+02	 0.65801E+00
 0.30000E-01	 0.30000E-01	-0.57241E-01	 0.10218E+00	 0.66008E-01	 0.66008E-01	-0.22368E-01	-0.22368E-01	 0.49784E+00	 0.49784E+00	 0.45723E+01	 0.10005E+04	 0.21891E+06	 0.71877E-13	 0.20140E+00	-0.52410E+00	 0.00000E+00	-0.11250E+02	 0.65801E+00
 0.30000E+03	 0.30000E-01	-0.57241E-01	 0.10218E+00	 0.14458E-02	 0.14458E-02	 0.80812E-08	 0.80812E-08	 0.70692E-11	 0.70692E-11	 0.45723E+01	 0.10005E+04	 0.21891E+06	 0.37912E-10	 0.20140E+00	-0.52410E+00	 0.00000E+00	-0.11250E+02	 0.65801E+00
 0.30000E-02	 0.30000E-01	-0.57241E-01	 0.10218E+00	 0.48689E-01	 0.48689E-01	-0.28301E+00	-0.28301E+00	 0.27191E+02	 0.27191E+02	 0.45723E+01	 0.10005E+04	 0.21891E+06	 0.91150E-12	 0.20140E+00	-0.52410E+00	 0.00000E+00	-0.11250E+02	 0.65801E+00
 0.30000E-03	 0.30000E-01	-0.57241E-01	 0.10218E+00	 0.24027E-01	 0.24024E-01	-0.20042E+01	-0.20060E+01	 0.59968E+03	 0.59420E+03	 0.45723E+01	 0.10005E+04	 0.21891E+06	 0.88284E-10	 0.20140E+00	-0.52410E+00	 0.00000E+00	-0.11250E+02	 0.65801E+00
 0.30000E-04	 0.30000E-01	-0.57241E-01	 0.10218E+00	 0.38536E-02	 0.37833E-02	-0.32291E+01	-0.32241E+01	 0.84454E+04	 0.74124E+04	 0.45723E+01	 0.10005E+04	 0.21891E+06	 0.15641E-07	 0.20140E+00	-0.52410E+00	 0.00000E+00	-0.11250E+02	 0.65801E+00
 0.30000E-05	 0.30000E-01	-0.57241E-01	 0.10218E+00	 0.48478E-03	 0.40072E-03	-0.39481E+01	-0.34167E+01	 0.10689E+06	 0.75917E+05	 0.45723E+01	 0.10005E+04	 0.21891E+06	 0.22390E-05	 0.20140E+00	-0.52410E+00	 0.00000E+00	-0.11250E+02	 0.65801E+00
 0.10000E+01	 0.30000E-02	-0.57241E-02	 0.10218E+00	 0.25830E+00	 0.25830E+00	 0.16464E-03	 0.16464E-03	 0.17187E-03	 0.17187E-03	 0.45723E+01	 0.10005E+04	 0.21891E+06	 0.40700E-13	 0.20140E+00	-0.52410E+00	 0.00000E+00	-0.11250E+02	 0.65801E+00
 0.10000E+00	 0.30000E-02	-0.57241E-02	 0.10218E+00	 0.99095E-01	 0.99095E-01	 0.17130E-02	 0.17130E-02	 0.41768E-01	 0.41768E-01	 0.45723E+01	 0.10005E+04	 0.21891E+06	 0.44152E-13	 0.20140E+00	-0.52410E+00	 0.00000E+00	-0.11250E+02	 0.65801E+00
 0.10000E+02	 0.30000E-02	-0.57241E-02	 0.10218E+00	 0.48587E-01	 0.48587E-01	 0.19150E-05	 0.19150E-05	 0.18660E-06	 0.18660E-06	 0.45723E+01	 0.10005E+04	 0.21891E+06	 0.44104E-12	 0.20140E+00	-0.52410E+00	 0.00000E+00	-0.11250E+02	 0.65801E+00
 0.10000E-01	 0.30000E-02	-0.57241E-02	 0.10218E+00	 0.35569E-01	 0.35569E-01	-0.90792E-01	-0.90792E-01	 0.42259E+01	 0.42259E+01	 0.45723E+01	 0.10005E+04	 0.21891E+06	 0.11093E-12	 0.20140E+00	-0.52410E+00	 0.00000E+00	-0.11250E+02	 0.65801E+00
 0.10000E+03	 0.30000E-02	-0.57241E-02	 0.10218E+00	 0.10534E+00	 0.10534E+00	 0.31863E-07	 0.31863E-07	 0.18677E-09	 0.18677E-09	 0.45723E+01	 0.10005E+04	 0.21891E+06	 0.16526E-10	 0.20140E+00	-0.52410E+00	 0.00000E+00	-0.11250E+02	 0.65801E+00
 0.10000E-02	 0.30000E-02	-0.57241E-02	 0.10218E+00	 0.33383E-01	 0.33377E-01	-0.92433E+00	-0.92441E+00	 0.13819E+03	 0.13818E+03	 0.45723E+01	 0.10005E+04	 0.21891E+06	 0.93515E-11	 0.20140E+00	-0.52410E+00	 0.00000E+00	-0.11250E+02	 0.65801E+00
 0.10000E-03	 0.30000E-02	-0.57241E-02	 0.10218E+00	 0.14961E-01	 0.13483E-01	-0.17307E+01	-0.17032E+01	 0.20949E+04	 0.20276E+04	 0.45723E+01	 0.10005E+04	 0.21891E+06	 0.96025E-09	 0.20140E+00	-0.52410E+00	 0.00000E+00	-0.11250E+02	 0.65801E+00
 0.10000E-04	 0.30000E-02	-0.57241E-02	 0.10218E+00	 0.47192E-02	 0.18573E-02	-0.21058E+01	-0.17022E+01	 0.25798E+05	 0.21896E+05	 0.45723E+01	 0.10005E+04	 0.21891E+06	 0.73047E-06	 0.20140E+00	-0.52410E+00	 0.00000E+00	-0.11250E+02	 0.65801E+00
 0.10000E-05	 0.30000E-02	-0.57241E-02	 0.10218E+00	 0.10688E-02	 0.18807E-03	-0.23519E+01	-0.16973E+01	 0.30396E+06	 0.21940E+06	 0.45723E+01	 0.10005E+04	 0.21891E+06	 0.26518E-03	 0.20140E+00	-0.52410E+00	 0.00000E+00	-0.11250E+02	 0.65801E+00
 0.30000E+01	 0.30000E-02	-0.57241E-02	 0.10218E+00	 0.11675E+00	 0.11675E+00	 0.20753E-04	 0.20753E-04	 0.68497E-05	 0.68497E-05	 0.45723E+01	 0.10005E+04	 0.21891E+06	 0.11569E-12	 0.20140E+00	-0.52410E+00	 0.00000E+00	-0.11250E+02	 0.65801E+00
 0.30000E+00	 0.30000E-02	-0.57241E-02	 0.10218E+00	 0.23267E+00	 0.23267E+00	 0.92861E-03	 0.92861E-03	 0.38947E-02	 0.38947E-02	 0.45723E+01	 0.10005E+04	 0.21891E+06	 0.18407E-13	 0.20140E+00	-0.52410E+00	 0.00000E+00	-0.11250E+02	 0.65801E+00
 0.30000E+02	 0.30000E-02	-0.57241E-02	 0.10218E+00	 0.51198E-01	 0.51198E-01	 0.22775E-06	 0.22775E-06	 0.69166E-08	 0.69166E-08	 0.45723E+01	 0.10005E+04	 0.21891E+06	 0.29518E-11	 0.20140E+00	-0.52410E+00	 0.00000E+00	-0.11250E+02	 0.65801E+00
 0.30000E-01	 0.30000E-02	-0.57241E-02	 0.10218E+00	 0.44234E-01	 0.44234E-01	-0.10920E-01	-0.10920E-01	 0.49843E+00	 0.49843E+00	 0.45723E+01	 0.10005E+04	 0.21891E+06	 0.98900E-13	 0.20140E+00	-0.52410E+00	 0.00000E+00	-0.11250E+02	 0.65801E+00
 0.30000E+03	 0.30000E-02	-0.57241E-02	 0.10218E+00	 0.10532E+00	 0.10532E+00	 0.64906E-08	 0.64906E-08	 0.69174E-11	 0.69174E-11	 0.45723E+01	 0.10005E+04	 0.21891E+06	 0.38823E-10	 0.20140E+00	-0.52410E+00	 0.00000E+00	-0.11250E+02	 0.65801E+00
 0.30000E-02	 0.30000E-02	-0.57241E-02	 0.10218E+00	 0.34384E-01	 0.34384E-01	-0.36622E+00	-0.36622E+00	 0.30848E+02	 0.30848E+02	 0.45723E+01	 0.10005E+04	 0.21891E+06	 0.84865E-12	 0.20140E+00	-0.52410E+00	 0.00000E+00	-0.11250E+02	 0.65801E+00
 0.30000E-03	 0.30000E-02	-0.57241E-02	 0.10218E+00	 0.25497E-01	 0.25122E-01	-0.15531E+01	-0.15540E+01	 0.59634E+03	 0.59288E+03	 0.45723E+01	 0.10005E+04	 0.21891E+06	 0.10797E-09	 0.20140E+00	-0.52410E+00	 0.00000E+00	-0.11250E+02	 0.65801E+00
 0.30000E-04	 0.30000E-02	-0.57241E-02	 0.10218E+00	 0.78427E-02	 0.51794E-02	-0.19298E+01	-0.17226E+01	 0.78745E+04	 0.72029E+04	 0.45723E+01	 0.10005E+04	 0.21891E+06	 0.41331E-07	 0.20140E+00	-0.52410E+00	 0.00000E+00	-0.11250E+02	 0.65801E+00
 0.30000E-05	 0.30000E-02	-0.57241E-02	 0.10218E+00	 0.23346E-02	 0.56362E-03	-0.22339E+01	-0.16977E+01	 0.93846E+05	 0.73121E+05	 0.45723E+01	 0.10005E+04	 0.21891E+06	 0.11738E-04	 0.20140E+00	-0.52410E+00	 0.00000E+00	-0.11250E+02	 0.65801E+00
 0.10000E+01	 0.30000E-03	-0.57241E-03	 0.10218E+00	 0.92001E+00	 0.92001E+00	 0.15498E-03	 0.15498E-03	 0.17185E-03	 0.17185E-03	 0.45723E+01	 0.10005E+04	 0.21891E+06	 0.22997E-12	 0.20140E+00	-0.52410E+00	 0.00000E+00	-0.11250E+02	 0.65801E+00
 0.10000E+00	 0.30000E-03	-0.57241E-03	 0.10218E+00	 0.10043E+00	 0.10043E+00	 0.18386E-02	 0.18386E-02	 0.41754E-01	 0.41754E-01	 0.45723E+01	 0.10005E+04	 0.21891E+06	 0.73019E-13	 0.20140E+00	-0.52410E+00	 0.00000E+00	-0.11250E+02	 0.65801E+00
 0.10000E+02	 0.30000E-03	-0.57241E-03	 0.10218E+00	 0.25688E+01	 0.25688E+01	 0.18391E-05	 0.18391E-05	 0.18657E-06	 0.18657E-06	 0.45723E+01	 0.10005E+04	 0.21891E+06	 0.84820E-11	 0.20140E+00	-0.52410E+00	 0.00000E+00	-0.11250E+02	 0.65801E+00
 0.10000E-01	 0.30000E-03	-0.57241E-03	 0.10218E+00	 0.35540E-01	 0.35540E-01	-0.91753E-01	-0.91753E-01	 0.42352E+01	 0.42352E+01	 0.45723E+01	 0.10005E+04	 0.21891E+06	 0.12104E-12	 0.20140E+00	-0.52410E+00	 0.00000E+00	-0.11250E+02	 0.65801E+00
 0.10000E+03	 0.30000E-03	-0.57241E-03	 0.10218E+00	 0.48538E+00	 0.48538E+00	 0.19172E-07	 0.19172E-07	 0.18673E-09	 0.18673E-09	 0.45723E+01	 0.10005E+04	 0.21891E+06	 0.44238E-10	 0.20140E+00	-0.52410E+00	 0.00000E+00	-0.11250E+02	 0.65801E+00
 0.10000E-02	 0.30000E-03	-0.57241E-03	 0.10218E+00	 0.37731E-01	 0.37724E-01	-0.10339E+01	-0.10340E+01	 0.14089E+03	 0.14088E+03	 0.45723E+01	 0.10005E+04	 0.21891E+06	 0.41610E-11	 0.20140E+00	-0.52410E+00	 0.00000E+00	-0.11250E+02	 0.65801E+00
 0.10000E-03	 0.30000E-03	-0.57241E-03	 0.10218E+00	 0.63863E-01	 0.56348E-01	-0.28946E+01	-0.28657E+01	 0.21213E+04	 0.20621E+04	 0.45723E+01	 0.10005E+04	 0.21891E+06	 0.34035E-09	 0.20140E+00	-0.52410E+00	 0.00000E+00	-0.11250E+02	 0.65801E+00
 0.10000E-04	 0.30000E-03	-0.57241E-03	 0.10218E+00	 0.12721E+00	 0.71040E-01	-0.27521E+01	-0.21786E+01	 0.25631E+05	 0.22176E+05	 0.45723E+01	 0.10005E+04	 0.21891E+06	 0.90778E-07	 0.20140E+00	-0.52410E+00	 0.00000E+00	-0.11250E+02	 0.65801E+00
 0.10000E-05	 0.30000E-03	-0.57241E-03	 0.10218E+00	 0.60103E-01	 0.87510E-02	-0.27810E+01	-0.19385E+01	 0.30132E+06	 0.22238E+06	 0.45723E+01	 0.10005E+04	 0.21891E+06	 0.56661E-03	 0.20140E+00	-0.52410E+00	 0.00000E+00	-0.11250E+02	 0.65801E+00
 0.30000E+01	 0.30000E-03	-0.57241E-03	 0.10218E+00	 0.22800E+01	 0.22800E+01	 0.19009E-04	 0.19009E-04	 0.68485E-05	 0.68485E-05	 0.45723E+01	 0.10005E+04	 0.21891E+06	 0.16311E-11	 0.20140E+00	-0.52410E+00	 0.00000E+00	-0.11250E+02	 0.65801E+00
 0.30000E+00	 0.30000E-03	-0.57241E-03	 0.10218E+00	 0.28511E+00	 0.28511E+00	 0.96361E-03	 0.96361E-03	 0.38941E-02	 0.38941E-02	 0.45723E+01	 0.10005E+04	 0.21891E+06	 0.51225E-13	 0.20140E+00	-0.52410E+00	 0.00000E+00	-0.11250E+02	 0.65801E+00
 0.30000E+02	 0.30000E-03	-0.57241E-03	 0.10218E+00	 0.11654E+01	 0.11654E+01	 0.21035E-06	 0.21035E-06	 0.69153E-08	 0.69153E-08	 0.45723E+01	 0.10005E+04	 0.21891E+06	 0.58667E-11	 0.20140E+00	-0.52410E+00	 0.00000E+00	-0.11250E+02	 0.65801E+00
 0.30000E-01	 0.30000E-03	-0.57241E-03	 0.10218E+00	 0.43922E-01	 0.43922E-01	-0.10764E-01	-0.10764E-01	 0.49845E+00	 0.49845E+00	 0.45723E+01	 0.10005E+04	 0.21891E+06	 0.18521E-12	 0.20140E+00	-0.52410E+00	 0.00000E+00	-0.11250E+02	 0.65801E+00
 0.30000E+03	 0.30000E-03	-0.57241E-03	 0.10218E+00	 0.51179E+00	 0.51179E+00	 0.22776E-08	 0.22776E-08	 0.69160E-11	 0.69160E-11	 0.45723E+01	 0.10005E+04	 0.21891E+06	 0.43945E-09	 0.20140E+00	-0.52410E+00	 0.00000E+00	-0.11250E+02	 0.65801E+00
 0.30000E-02	 0.30000E-03	-0.57241E-03	 0.10218E+00	 0.35215E-01	 0.35215E-01	-0.37938E+00	-0.37938E+00	 0.31060E+02	 0.31060E+02	 0.45723E+01	 0.10005E+04	 0.21891E+06	 0.12987E-11	 0.20140E+00	-0.52410E+00	 0.00000E+00	-0.11250E+02	 0.65801E+00
 0.30000E-03	 0.30000E-03	-0.57241E-03	 0.10218E+00	 0.42199E-01	 0.41476E-01	-0.21466E+01	-0.21458E+01	 0.61531E+03	 0.61219E+03	 0.45723E+01	 0.10005E+04	 0.21891E+06	 0.89505E-10	 0.20140E+00	-0.52410E+00	 0.00000E+00	-0.11250E+02	 0.65801E+00
 0.30000E-04	 0.30000E-03	-0.57241E-03	 0.10218E+00	 0.12639E+00	 0.90855E-01	-0.29725E+01	-0.27678E+01	 0.78574E+04	 0.72770E+04	 0.45723E+01	 0.10005E+04	 0.21891E+06	 0.59692E-08	 0.20140E+00	-0.52410E+00	 0.00000E+00	-0.11250E+02	 0.65801E+00
 0.30000E-05	 0.30000E-03	-0.57241E-03	 0.10218E+00	 0.92927E-01	 0.25761E-01	-0.27830E+01	-0.19622E+01	 0.93056E+05	 0.74111E+05	 0.45723E+01	 0.10005E+04	 0.21891E+06	 0.18404E-04	 0.20140E+00	-0.52410E+00	 0.00000E+00	-0.11250E+02	 0.65801E+00
 0.10000E+01	 0.30000E-04	-0.57241E-04	 0.10218E+00	 0.94437E+00	 0.94437E+00	 0.15463E-03	 0.15463E-03	 0.17185E-03	 0.17185E-03	 0.45723E+01	 0.10005E+04	 0.21891E+06	 0.19833E-12	 0.20140E+00	-0.52410E+00	 0.00000E+00	-0.11250E+02	 0.65801E+00
 0.10000E+00	 0.30000E-04	-0.57241E-04	 0.10218E+00	 0.10044E+00	 0.10044E+00	 0.18399E-02	 0.18399E-02	 0.41754E-01	 0.41754E-01	 0.45723E+01	 0.10005E+04	 0.21891E+06	 0.33110E-13	 0.20140E+00	-0.52410E+00	 0.00000E+00	-0.11250E+02	 0.65801E+00
 0.10000E+02	 0.30000E-04	-0.57241E-04	 0.10218E+00	 0.91894E+01	 0.91894E+01	 0.16937E-05	 0.16937E-05	 0.18657E-06	 0.18657E-06	 0.45723E+01	 0.10005E+04	 0.21891E+06	 0.17995E-10	 0.20140E+00	-0.52410E+00	 0.00000E+00	-0.11250E+02	 0.65801E+00
 0.10000E-01	 0.30000E-04	-0.57241E-04	 0.10218E+00	 0.35539E-01	 0.35539E-01	-0.91762E-01	-0.91762E-01	 0.42353E+01	 0.42353E+01	 0.45723E+01	 0.10005E+04	 0.21891E+06	 0.12188E-12	 0.20140E+00	-0.52410E+00	 0.00000E+00	-0.11250E+02	 0.65801E+00
 0.10000E+03	 0.30000E-04	-0.57241E-04	 0.10218E+00	 0.25686E+02	 0.25686E+02	 0.18412E-07	 0.18412E-07	 0.18673E-09	 0.18673E-09	 0.45723E+01	 0.10005E+04	 0.21891E+06	 0.40698E-09	 0.20140E+00	-0.52410E+00	 0.00000E+00	-0.11250E+02	 0.65801E+00
 0.10000E-02	 0.30000E-04	-0.57241E-04	 0.10218E+00	 0.37785E-01	 0.37777E-01	-0.10353E+01	-0.10353E+01	 0.14092E+03	 0.14091E+03	 0.45723E+01	 0.10005E+04	 0.21891E+06	 0.11134E-10	 0.20140E+00	-0.52410E+00	 0.00000E+00	-0.11250E+02	 0.65801E+00
 0.10000E-03	 0.30000E-04	-0.57241E-04	 0.10218E+00	 0.67031E-01	 0.59089E-01	-0.29862E+01	-0.29578E+01	 0.21258E+04	 0.20671E+04	 0.45723E+01	 0.10005E+04	 0.21891E+06	 0.84143E-09	 0.20140E+00	-0.52410E+00	 0.00000E+00	-0.11250E+02	 0.65801E+00
 0.10000E-04	 0.30000E-04	-0.57241E-04	 0.10218E+00	 0.51842E+00	 0.26546E+00	-0.36414E+01	-0.32311E+01	 0.25681E+05	 0.22278E+05	 0.45723E+01	 0.10005E+04	 0.21891E+06	 0.42054E-07	 0.20140E+00	-0.52410E+00	 0.00000E+00	-0.11250E+02	 0.65801E+00
 0.10000E-05	 0.30000E-04	-0.57241E-04	 0.10218E+00	 0.15861E+01	 0.33449E+00	-0.22143E+01	-0.18303E+01	 0.30151E+06	 0.22345E+06	 0.45723E+01	 0.10005E+04	 0.21891E+06	 0.78464E-03	 0.20140E+00	-0.52410E+00	 0.00000E+00	-0.11250E+02	 0.65801E+00
 0.30000E+01	 0.30000E-04	-0.57241E-04	 0.10218E+00	 0.28244E+01	 0.28244E+01	 0.18588E-04	 0.18588E-04	 0.68484E-05	 0.68484E-05	 0.45723E+01	 0.10005E+04	 0.21891E+06	 0.92774E-12	 0.20140E+00	-0.52410E+00	 0.00000E+00	-0.11250E+02	 0.65801E+00
 0.30000E+00	 0.30000E-04	-0.57241E-04	 0.10218E+00	 0.28575E+00	 0.28575E+00	 0.96404E-03	 0.96404E-03	 0.38941E-02	 0.38941E-02	 0.45723E+01	 0.10005E+04	 0.21891E+06	 0.92578E-14	 0.20140E+00	-0.52410E+00	 0.00000E+00	-0.11250E+02	 0.65801E+00
 0.30000E+02	 0.30000E-04	-0.57241E-04	 0.10218E+00	 0.22795E+02	 0.22795E+02	 0.19219E-06	 0.19219E-06	 0.69153E-08	 0.69153E-08	 0.45723E+01	 0.10005E+04	 0.21891E+06	 0.15978E-09	 0.20140E+00	-0.52410E+00	 0.00000E+00	-0.11250E+02	 0.65801E+00
 0.30000E-01	 0.30000E-04	-0.57241E-04	 0.10218E+00	 0.43919E-01	 0.43919E-01	-0.10763E-01	-0.10763E-01	 0.49845E+00	 0.49845E+00	 0.45723E+01	 0.10005E+04	 0.21891E+06	 0.95746E-13	 0.20140E+00	-0.52410E+00	 0.00000E+00	-0.11250E+02	 0.65801E+00
 0.30000E+03	 0.30000E-04	-0.57241E-04	 0.10218E+00	 0.11653E+02	 0.11653E+02	 0.21038E-08	 0.21038E-08	 0.69160E-11	 0.69160E-11	 0.45723E+01	 0.10005E+04	 0.21891E+06	 0.63257E-09	 0.20140E+00	-0.52410E+00	 0.00000E+00	-0.11250E+02	 0.65801E+00
 0.30000E-02	 0.30000E-04	-0.57241E-04	 0.10218E+00	 0.35224E-01	 0.35224E-01	-0.37952E+00	-0.37952E+00	 0.31062E+02	 0.31062E+02	 0.45723E+01	 0.10005E+04	 0.21891E+06	 0.70497E-12	 0.20140E+00	-0.52410E+00	 0.00000E+00	-0.11250E+02	 0.65801E+00
 0.30000E-03	 0.30000E-04	-0.57241E-04	 0.10218E+00	 0.42540E-01	 0.41811E-01	-0.21595E+01	-0.21588E+01	 0.61580E+03	 0.61269E+03	 0.45723E+01	 0.10005E+04	 0.21891E+06	 0.13485E-09	 0.20140E+00	-0.52410E+00	 0.00000E+00	-0.11250E+02	 0.65801E+00
 0.30000E-04	 0.30000E-04	-0.57241E-04	 0.10218E+00	 0.18298E+00	 0.12871E+00	-0.35114E+01	-0.33187E+01	 0.78838E+04	 0.73110E+04	 0.45723E+01	 0.10005E+04	 0.21891E+06	 0.31041E-08	 0.20140E+00	-0.52410E+00	 0.00000E+00	-0.11250E+02	 0.65801E+00
 0.30000E-05	 0.30000E-04	-0.57241E-04	 0.10218E+00	 0.13167E+01	 0.43837E+00	-0.30140E+01	-0.26768E+01	 0.93153E+05	 0.74462E+05	 0.45723E+01	 0.10005E+04	 0.21891E+06	 0.23477E-05	 0.20140E+00	-0.52410E+00	 0.00000E+00	-0.11250E+02	 0.65801E+00
